1719750012122.00, 0, -595570, -15 
1719750012143.00, 0, -595570, -15 
1719750012164.00, 0, -595570, -15 
1719750012186.00, 0, -595570, -15 
1719750012207.00, 0, -595570, -17 
1719750012228.00, 0, -595569, -19 
1719750012249.00, 0, -595569, -20 
1719750012271.00, 0, -595571, -23 
1719750012292.00, 0, -595570, -25 
1719750012314.00, -46, -595571, -29 
1719750012335.00, 0, -595570, -34 
1719750012355.00, 0, -595572, -39 
1719750012376.00, 4, -595570, -45 
1719750012397.00, 0, -595571, -48 
1719750012419.00, 0, -595572, -52 
1719750012440.00, 0, -595572, -54 
1719750012461.00, 0, -595572, -56 
1719750012483.00, 0, -595571, -56 
1719750012503.00, 0, -595572, -57 
1719750012525.00, 0, -595572, -58 
1719750012546.00, 0, -595572, -58 
1719750012568.00, 0, -595572, -54 
1719750012588.00, 0, -595571, -51 
1719750012610.00, 0, -595571, -53 
1719750012631.00, 0, -595571, -54 
1719750012654.00, 0, -595571, -51 
1719750012673.00, 0, -595572, -47 
1719750012694.00, 0, -595571, -46 
1719750012716.00, 0, -595572, -45 
1719750012737.00, 0, -595573, -43 
1719750012758.00, 0, -595572, -41 
1719750012779.00, 0, -595571, -41 
1719750012801.00, 0, -595571, -41 
1719750012822.00, 0, -595571, -40 
1719750012843.00, 0, -595571, -39 
1719750012864.00, 0, -595572, -39 
1719750012886.00, 0, -595571, -39 
1719750012907.00, 0, -595571, -39 
1719750012928.00, 0, -595571, -39 
1719750012949.00, 0, -595571, -38 
1719750012970.00, 0, -595570, -37 
1719750012991.00, 52, -595571, -37 
1719750013013.00, 0, -595571, -37 
1719750013034.00, 0, -595571, -36 
1719750013055.00, 0, -595571, -36 
1719750013076.00, 0, -595571, -35 
1719750013098.00, 0, -595571, -34 
1719750013119.00, 0, -595571, -34 
1719750013140.00, 0, -595571, -33 
1719750013161.00, 0, -595571, -33 
1719750013182.00, 0, -595571, -32 
1719750013204.00, 4, -595571, -30 
1719750013225.00, 0, -595570, -29 
1719750013246.00, 0, -595570, -28 
1719750013267.00, 0, -595570, -27 
1719750013289.00, 0, -595571, -27 
1719750013312.00, 0, -595570, -27 
1719750013330.00, 0, -595571, -26 
1719750013352.00, 0, -595570, -25 
1719750013373.00, 0, -595570, -26 
1719750013395.00, 0, -595571, -26 
1719750013416.00, 0, -595570, -26 
1719750013437.00, 0, -595571, -25 
1719750013458.00, 0, -595571, -25 
1719750013480.00, 0, -595570, -26 
1719750013500.00, 0, -595570, -26 
1719750013522.00, 0, -595571, -25 
1719750013543.00, 0, -595570, -24 
1719750013564.00, 0, -595570, -24 
1719750013585.00, 0, -595571, -25 
1719750013607.00, 0, -595569, -24 
1719750013628.00, 0, -595571, -24 
1719750013648.00, 0, -595570, -23 
1719750013670.00, 0, -595570, -23 
1719750013691.00, 0, -595571, -24 
1719750013713.00, 0, -595571, -23 
1719750013733.00, 0, -595570, -23 
1719750013754.00, 0, -595571, -24 
1719750013776.00, 0, -595571, -24 
1719750013797.00, 0, -595570, -23 
1719750013819.00, 0, -595571, -24 
1719750013840.00, 0, -595571, -24 
1719750013860.00, 0, -595570, -23 
1719750013881.00, 0, -595571, -23 
1719750013903.00, 0, -595571, -24 
1719750013925.00, 0, -595570, -24 
1719750013946.00, 0, -595570, -24 
1719750013972.00, 0, -595570, -24 
1719750013989.00, 0, -595570, -24 
1719750014010.00, 0, -595570, -24 
1719750014030.00, 0, -595570, -24 
1719750014052.00, 0, -595570, -24 
1719750014076.00, 0, -595572, -24 
1719750014095.00, 0, -595571, -24 
1719750014115.00, 0, -595570, -24 
1719750014137.00, 0, -595570, -23 
1719750014158.00, 0, -595571, -23 
1719750014179.00, 0, -595570, -23 
1719750014200.00, 0, -595571, -23 
1719750014221.00, 0, -595570, -23 
1719750014242.00, 0, -595570, -23 
1719750014264.00, 0, -595571, -23 
1719750014285.00, 0, -595571, -23 
1719750014306.00, 0, -595571, -24 
1719750014327.00, 0, -595570, -23 
1719750014348.00, 0, -595570, -22 
1719750014369.00, 0, -595570, -22 
1719750014391.00, 0, -595571, -23 
1719750014414.00, 0, -595571, -23 
1719750014433.00, 0, -595570, -22 
1719750014455.00, 0, -595570, -22 
1719750014476.00, 0, -595571, -23 
1719750014497.00, 0, -595569, -23 
1719750014517.00, 0, -595570, -23 
1719750014539.00, 0, -595571, -23 
1719750014559.00, 0, -595569, -23 
1719750014582.00, 0, -595570, -22 
1719750014602.00, 0, -595571, -22 
1719750014624.00, 0, -595571, -22 
1719750014645.00, 0, -595571, -22 
1719750014667.00, 0, -595570, -21 
1719750014688.00, 0, -595571, -21 
1719750014709.00, 0, -595571, -21 
1719750014730.00, 0, -595570, -22 
1719750014751.00, 0, -595572, -21 
1719750014773.00, 0, -595570, -20 
1719750014793.00, 0, -595570, -21 
1719750014814.00, 0, -595570, -21 
1719750014836.00, -54, -595571, -20 
1719750014857.00, 0, -595570, -18 
1719750014879.00, 0, -595570, -18 
1719750014900.00, 0, -595571, -17 
1719750014921.00, 0, -595570, -16 
1719750014942.00, 0, -595570, -16 
1719750014963.00, 0, -595571, -17 
1719750014984.00, 0, -595570, -17 
1719750015006.00, 0, -595570, -16 
1719750015027.00, 0, -595570, -16 
1719750015048.00, 0, -595570, -16 
1719750015069.00, 0, -595570, -15 
1719750015090.00, 0, -595570, -14 
1719750015112.00, 0, -595571, -14 
1719750015132.00, 0, -595571, -13 
1719750015153.00, 0, -595570, -12 
1719750015175.00, 0, -595571, -12 
1719750015197.00, 0, -595569, -13 
1719750015218.00, 0, -595570, -14 
1719750015239.00, 0, -595569, -14 
1719750015260.00, 0, -595570, -14 
1719750015283.00, 0, -595570, -16 
1719750015302.00, 0, -595569, -20 
1719750015324.00, -3, -595571, -24 
1719750015345.00, 5, -595570, -28 
1719750015366.00, 0, -595570, -33 
1719750015387.00, 0, -595571, -37 
1719750015408.00, 0, -595570, -48 
1719750015429.00, 0, -595572, -51 
1719750015451.00, 0, -595571, -54 
1719750015472.00, 60, -595571, -55 
1719750015494.00, 0, -595572, -55 
1719750015515.00, 0, -595571, -53 
1719750015535.00, 0, -595572, -51 
1719750015557.00, 0, -595572, -54 
1719750015578.00, 0, -595573, -57 
1719750015599.00, 0, -595572, -61 
1719750015621.00, 0, -595573, -64 
1719750015642.00, 0, -595572, -65 
1719750015663.00, 0, -595572, -61 
1719750015684.00, 0, -595573, -62 
1719750015706.00, 0, -595572, -63 
1719750015726.00, 0, -595572, -61 
1719750015747.00, 0, -595572, -56 
1719750015770.00, 39, -595571, -49 
1719750015791.00, -7, -595572, -40 
1719750015812.00, 6, -595571, -32 
1719750015832.00, 0, -595571, -27 
1719750015854.00, 0, -595571, -23 
1719750015875.00, 0, -595571, -20 
1719750015897.00, 0, -595571, -20 
1719750015918.00, 0, -595571, -24 
1719750015939.00, 0, -595572, -28 
1719750015959.00, 0, -595571, -40 
1719750015982.00, -28, -595572, -54 
1719750016003.00, 0, -595573, -70 
1719750016026.00, 0, -595572, -74 
1719750016050.00, 0, -595573, -66 
1719750016067.00, 0, -595573, -67 
1719750016088.00, 0, -595572, -81 
1719750016110.00, -3, -595573, -82 
1719750016131.00, 0, -595572, -64 
1719750016152.00, 0, -595572, -56 
1719750016173.00, 0, -595573, -61 
1719750016194.00, 0, -595573, -70 
1719750016215.00, 0, -595573, -62 
1719750016237.00, 0, -595572, -47 
1719750016262.00, 0, -595572, -37 
1719750016279.00, -1, -595570, -26 
1719750016300.00, 0, -595571, -15 
1719750016321.00, 0, -595570, -13 
1719750016343.00, 2, -595570, -11 
1719750016364.00, 0, -595569, 1 
1719750016385.00, 0, -595569, 8 
1719750016406.00, 0, -595569, 7 
1719750016427.00, 0, -595569, 11 
1719750016449.00, 386, -595568, 16 
1719750016470.00, 1225, -595563, 16 
1719750016491.00, 1738, -595539, 18 
1719750016512.00, 2134, -595502, 17 
1719750016534.00, 2275, -595456, 15 
1719750016556.00, 2226, -595407, 16 
1719750016577.00, 2280, -595359, 13 
1719750016599.00, 2206, -595312, 12 
1719750016620.00, 2003, -595265, 8 
1719750016641.00, 1108, -595222, 6 
1719750016662.00, 620, -595195, 15 
1719750016684.00, 1363, -595180, 32 
1719750016706.00, 2867, -595149, 72 
1719750016727.00, 6183, -595085, 126 
1719750016749.00, 11606, -594938, 223 
1719750016770.00, 20386, -594684, 334 
1719750016792.00, 32292, -594245, 396 
1719750016814.00, 42919, -593534, 644 
1719750016835.00, 64465, -592612, 646 
1719750016857.00, 77518, -591223, 705 
1719750016879.00, 88613, -589536, 794 
1719750016901.00, 100498, -587613, 849 
1719750016922.00, 110843, -585423, 904 
1719750016944.00, 120196, -582996, 938 
1719750016966.00, 127695, -580367, 940 
1719750016987.00, 132214, -577578, 964 
1719750017009.00, 136205, -574713, 984 
1719750017033.00, 139688, -571744, 1012 
1719750017051.00, 143419, -568693, 1024 
1719750017075.00, 146235, -565559, 999 
1719750017095.00, 146372, -562375, 1025 
1719750017116.00, 147868, -559171, 1035 
1719750017139.00, 149490, -555943, 1037 
1719750017160.00, 150224, -552678, 1055 
1719750017182.00, 151788, -549388, 1038 
1719750017204.00, 151594, -546072, 1032 
1719750017226.00, 150959, -542760, 1083 
1719750017248.00, 153752, -539459, 1086 
1719750017269.00, 155571, -536104, 1079 
1719750017291.00, 156243, -532691, 1103 
1719750017313.00, 157978, -529282, 1124 
1719750017335.00, 160127, -525830, 1112 
1719750017357.00, 160530, -522332, 1083 
1719750017378.00, 159098, -518821, 1086 
1719750017400.00, 158289, -515341, 1125 
1719750017422.00, 160037, -511879, 1103 
1719750017444.00, 159853, -508385, 1066 
1719750017465.00, 157364, -504902, 1081 
1719750017487.00, 156530, -501464, 1112 
1719750017509.00, 157907, -498039, 1068 
1719750017531.00, 156142, -494595, 1057 
1719750017553.00, 154409, -491180, 1062 
1719750017575.00, 153493, -487800, 1084 
1719750017596.00, 154189, -484455, 1058 
1719750017618.00, 153123, -481079, 1024 
1719750017640.00, 150400, -477739, 1030 
1719750017662.00, 149159, -474450, 1036 
1719750017684.00, 148659, -471191, 1053 
1719750017705.00, 149405, -467947, 1017 
1719750017728.00, 147561, -464681, 974 
1719750017750.00, 143954, -461463, 977 
1719750017771.00, 141783, -458334, 1004 
1719750017794.00, 142107, -455241, 954 
1719750017816.00, 139645, -452149, 934 
1719750017837.00, 136864, -449102, 979 
1719750017859.00, 137539, -446125, 997 
1719750017880.00, 139223, -443134, 901 
1719750017903.00, 134684, -440119, 798 
1719750017924.00, 125602, -437198, 818 
1719750017945.00, 121131, -434474, 774 
1719750017967.00, 115807, -431848, 660 
1719750017989.00, 65214, -429349, 541 
1719750018015.00, 35538, -427931, 503 
1719750018033.00, 18176, -427136, 483 
1719750018054.00, 8025, -426723, 457 
1719750018076.00, 2139, -426547, 332 
1719750018097.00, -800, -426505, 184 
1719750018119.00, -2802, -426536, -11 
1719750018140.00, -4835, -426601, -124 
1719750018161.00, -13014, -426717, -317 
1719750018183.00, -29012, -427001, -538 
1719750018205.00, -51857, -427616, -581 
1719750018227.00, -68094, -428722, -647 
1719750018249.00, -81588, -430193, -705 
1719750018270.00, -92928, -431973, -754 
1719750018291.00, -102273, -433987, -792 
1719750018313.00, -110126, -436225, -802 
1719750018335.00, -115311, -438631, -807 
1719750018357.00, -118389, -441138, -821 
1719750018379.00, -121032, -443719, -837 
1719750018400.00, -123586, -446356, -853 
1719750018422.00, -125880, -449036, -869 
1719750018454.00, -128201, -451805, -888 
1719750018465.00, -130441, -454589, -906 
1719750018487.00, -132777, -457425, -915 
1719750018509.00, -134557, -460327, -913 
1719750018531.00, -135527, -463244, -934 
1719750018553.00, -137226, -466200, -948 
1719750018573.00, -139023, -469188, -920 
1719750018595.00, -138218, -472212, -895 
1719750018617.00, -136228, -475225, -916 
1719750018639.00, -136170, -478191, -905 
1719750018661.00, -135472, -481149, -889 
1719750018683.00, -134071, -484109, -929 
1719750018705.00, -135485, -487031, -934 
1719750018726.00, -136602, -489963, -923 
1719750018748.00, -136538, -492940, -953 
1719750018770.00, -138289, -495907, -959 
1719750018790.00, -139637, -498909, -1002 
1719750018812.00, -142834, -501968, -1018 
1719750018834.00, -145741, -505095, -1029 
1719750018856.00, -147929, -508289, -1018 
1719750018878.00, -148579, -511521, -1015 
1719750018899.00, -148561, -514749, -1025 
1719750018921.00, -149253, -518013, -1028 
1719750018943.00, -149704, -521272, -1039 
1719750018965.00, -150695, -524539, -1039 
1719750018987.00, -151188, -527833, -1040 
1719750019008.00, -151466, -531129, -1032 
1719750019031.00, -151295, -534433, -963 
1719750019053.00, -146742, -537718, -996 
1719750019075.00, -145920, -540911, -985 
1719750019097.00, -144779, -544079, -935 
1719750019118.00, -140844, -547218, -975 
1719750019140.00, -140770, -550293, -951 
1719750019162.00, -139519, -553350, -901 
1719750019183.00, -135700, -556385, -927 
1719750019205.00, -134592, -559330, -940 
1719750019227.00, -134863, -562253, -883 
1719750019249.00, -131414, -565187, -870 
1719750019270.00, -128766, -568046, -878 
1719750019292.00, -127567, -570830, -862 
1719750019313.00, -126010, -573609, -831 
1719750019335.00, -123013, -576350, -864 
1719750019357.00, -122955, -579023, -852 
1719750019379.00, -122588, -581703, -822 
1719750019400.00, -120429, -584366, -807 
1719750019422.00, -118194, -586976, -816 
1719750019444.00, -117235, -589537, -776 
1719750019465.00, -114074, -592092, -714 
1719750019487.00, -108486, -594568, -664 
1719750019509.00, -61582, -596901, -586 
1719750019530.00, -33472, -598251, -480 
1719750019552.00, -17219, -598997, -308 
1719750019573.00, -7656, -599374, -164 
1719750019595.00, -2324, -599549, -80 
1719750019617.00, 124, -599599, 14 
1719750019638.00, 2848, -599592, 114 
1719750019664.00, 10155, -599525, 259 
1719750019682.00, 23696, -599302, 372 
1719750019703.00, 37939, -598795, 653 
1719750019724.00, 63490, -597976, 729 
1719750019746.00, 83498, -596600, 772 
1719750019771.00, 97781, -594790, 887 
1719750019789.00, 113140, -592649, 977 
1719750019810.00, 127405, -590169, 1006 
1719750019837.00, 137562, -587386, 1024 
1719750019860.00, 144584, -584362, 1048 
1719750019876.00, 149910, -581198, 1066 
1719750019898.00, 154147, -577915, 1076 
1719750019919.00, 156906, -574542, 1106 
1719750019941.00, 160498, -571098, 1326 
1719750019962.00, 171144, -567584, 1201 
1719750019988.00, 174535, -563843, 1315 
1719750020007.00, 174886, -560030, 1298 
1719750020029.00, 174807, -556207, 1379 
1719750020050.00, 174752, -552385, 1384 
1719750020072.00, 174731, -548573, 1383 
1719750020097.00, 174472, -544740, 1391 
1719750020116.00, 174600, -540932, 1422 
1719750020137.00, 174602, -537116, 1392 
1719750020159.00, 174724, -533305, 1385 
1719750020181.00, 174739, -529490, 1409 
1719750020203.00, 174608, -525672, 1405 
1719750020224.00, 174832, -521850, 1383 
1719750020247.00, 174587, -518024, 1409 
1719750020268.00, 174454, -514210, 1441 
1719750020290.00, 174590, -510405, 1421 
1719750020312.00, 174886, -506591, 1432 
1719750020333.00, 174867, -502763, 1488 
1719750020355.00, 174654, -498945, 1495 
1719750020378.00, 174789, -495128, 1442 
1719750020399.00, 174592, -491313, 1479 
1719750020422.00, 174555, -487499, 1518 
1719750020443.00, 174689, -483681, 1507 
1719750020464.00, 174745, -479863, 1485 
1719750020487.00, 174588, -476034, 1530 
1719750020508.00, 174485, -472223, 1528 
1719750020530.00, 174568, -468416, 1451 
1719750020551.00, 174693, -464610, 1422 
1719750020573.00, 174630, -460794, 1426 
1719750020595.00, 174788, -456989, 1401 
1719750020617.00, 174712, -453177, 1302 
1719750020639.00, 174408, -449351, 1298 
1719750020661.00, 174371, -445534, 1300 
1719750020683.00, 174467, -441735, 1236 
1719750020704.00, 173865, -437932, 1131 
1719750020726.00, 167122, -434141, 1066 
1719750020749.00, 158947, -430499, 911 
1719750020770.00, 87401, -427086, 696 
1719750020793.00, 45952, -425179, 519 
1719750020814.00, 22291, -424172, 338 
1719750020836.00, 8921, -423676, 158 
1719750020858.00, 988, -423487, 36 
1719750020878.00, -3043, -423471, -127 
1719750020900.00, -13120, -423541, -298 
1719750020922.00, -29434, -423814, -317 
1719750020944.00, -40239, -424451, -577 
1719750020966.00, -62127, -425328, -673 
1719750020987.00, -80718, -426664, -697 
1719750021008.00, -93339, -428429, -760 
1719750021030.00, -104482, -430448, -798 
1719750021052.00, -113082, -432726, -807 
1719750021074.00, -118722, -435206, -803 
1719750021095.00, -121583, -437797, -813 
1719750021117.00, -123676, -440434, -826 
1719750021139.00, -125599, -443134, -838 
1719750021161.00, -127264, -445867, -858 
1719750021182.00, -129568, -448637, -884 
1719750021203.00, -132227, -451473, -923 
1719750021225.00, -135887, -454354, -936 
1719750021247.00, -138771, -457305, -896 
1719750021269.00, -138079, -460333, -920 
1719750021291.00, -139060, -463323, -924 
1719750021312.00, -139768, -466342, -906 
1719750021335.00, -138857, -469388, -901 
1719750021356.00, -137835, -472402, -936 
1719750021378.00, -139194, -475413, -948 
1719750021405.00, -140776, -478440, -863 
1719750021422.00, -136469, -481487, -897 
1719750021442.00, -135770, -484481, -974 
1719750021464.00, -140017, -487429, -948 
1719750021486.00, -141007, -490465, -854 
1719750021507.00, -135938, -493543, -969 
1719750021528.00, -139297, -496481, -1027 
1719750021551.00, -144938, -499524, -952 
1719750021574.00, -143653, -502694, -993 
1719750021594.00, -145218, -505803, -1039 
1719750021616.00, -148675, -508991, -1055 
1719750021638.00, -151861, -512245, -989 
1719750021660.00, -149630, -515541, -987 
1719750021682.00, -148239, -518796, -967 
1719750021703.00, -146118, -522006, -925 
1719750021726.00, -142103, -525189, -980 
1719750021747.00, -143103, -528282, -976 
1719750021769.00, -143254, -531379, -938 
1719750021791.00, -141045, -534504, -974 
1719750021812.00, -141856, -537568, -963 
1719750021834.00, -141465, -540653, -949 
1719750021856.00, -140277, -543735, -957 
1719750021878.00, -139945, -546782, -956 
1719750021900.00, -139920, -549839, -929 
1719750021921.00, -137859, -552873, -906 
1719750021942.00, -135114, -555874, -956 
1719750021964.00, -136664, -558820, -916 
1719750021986.00, -134983, -561781, -842 
1719750022007.00, -129692, -564709, -894 
1719750022030.00, -129368, -567532, -919 
1719750022051.00, -130910, -570348, -882 
1719750022073.00, -129465, -573192, -851 
1719750022094.00, -126782, -576021, -872 
1719750022117.00, -126246, -578759, -829 
1719750022138.00, -123519, -581505, -774 
1719750022160.00, -118431, -584191, -772 
1719750022182.00, -115271, -586747, -722 
1719750022203.00, -110395, -589250, -672 
1719750022225.00, -104544, -591647, -622 
1719750022247.00, -97545, -593899, -539 
1719750022269.00, -55311, -595985, -406 
1719750022290.00, -30469, -597195, -243 
1719750022312.00, -15823, -597878, -129 
1719750022333.00, -7298, -598235, -72 
1719750022355.00, -2315, -598407, -71 
1719750022376.00, 68, -598459, 41 
1719750022398.00, 4004, -598449, 196 
1719750022419.00, 15566, -598358, 345 
1719750022442.00, 31621, -598023, 400 
1719750022462.00, 44360, -597338, 630 
1719750022484.00, 65688, -596377, 719 
1719750022507.00, 83682, -594962, 767 
1719750022527.00, 97397, -593130, 837 
1719750022549.00, 109476, -591009, 893 
1719750022571.00, 120011, -588627, 944 
1719750022592.00, 129066, -586000, 1002 
1719750022613.00, 137786, -583143, 1076 
1719750022635.00, 147558, -580121, 1152 
1719750022657.00, 157670, -576877, 1103 
1719750022679.00, 160911, -573425, 1224 
1719750022701.00, 169820, -569911, 1200 
1719750022723.00, 173719, -566197, 1280 
1719750022744.00, 174908, -562397, 1311 
1719750022765.00, 174746, -558572, 1319 
1719750022788.00, 174646, -554759, 1336 
1719750022809.00, 174843, -550933, 1370 
1719750022832.00, 174640, -547122, 1395 
1719750022853.00, 174717, -543299, 1392 
1719750022874.00, 174878, -539479, 1420 
1719750022897.00, 174870, -535657, 1451 
1719750022919.00, 174465, -531843, 1459 
1719750022943.00, 174544, -528019, 1466 
1719750022962.00, 174530, -524207, 1487 
1719750022984.00, 174506, -520398, 1509 
1719750023006.00, 174706, -516581, 1487 
1719750023028.00, 174686, -512764, 1500 
1719750023051.00, 174763, -508936, 1510 
1719750023071.00, 174698, -505131, 1514 
1719750023093.00, 174641, -501308, 1506 
1719750023115.00, 174622, -497488, 1509 
1719750023136.00, 174692, -493690, 1518 
1719750023163.00, 174740, -489872, 1517 
1719750023180.00, 174769, -486044, 1513 
1719750023203.00, 174783, -482217, 1513 
1719750023224.00, 174539, -478408, 1517 
1719750023246.00, 174616, -474598, 1479 
1719750023270.00, 174706, -470782, 1494 
1719750023289.00, 174654, -466961, 1508 
1719750023311.00, 174534, -463140, 1451 
1719750023333.00, 174477, -459333, 1421 
1719750023355.00, 174495, -455516, 1392 
1719750023377.00, 174395, -451714, 1372 
1719750023399.00, 174568, -447908, 1269 
1719750023421.00, 174896, -444091, 1300 
1719750023442.00, 174603, -440286, 1261 
1719750023464.00, 174361, -436478, 1164 
1719750023486.00, 169237, -432673, 974 
1719750023509.00, 154704, -428995, 842 
1719750023530.00, 85055, -425658, 724 
1719750023552.00, 44936, -423800, 662 
1719750023574.00, 21828, -422828, 470 
1719750023598.00, 8569, -422351, 273 
1719750023617.00, 688, -422177, 46 
1719750023638.00, -3089, -422174, -217 
1719750023660.00, -18687, -422245, -351 
1719750023681.00, -35831, -422646, -564 
1719750023703.00, -58784, -423411, -657 
1719750023726.00, -77877, -424674, -681 
1719750023746.00, -90494, -426376, -736 
1719750023768.00, -101251, -428350, -775 
1719750023790.00, -109836, -430555, -781 
1719750023811.00, -115257, -432955, -797 
1719750023833.00, -119279, -435486, -817 
1719750023854.00, -122643, -438086, -849 
1719750023876.00, -126738, -440751, -904 
1719750023897.00, -132178, -443528, -1116 
1719750023922.00, -148156, -446422, -971 
1719750023941.00, -148798, -449639, -1037 
1719750023962.00, -152818, -452899, -1037 
1719750023985.00, -155093, -456239, -1028 
1719750024007.00, -155911, -459631, -982 
1719750024030.00, -153496, -463010, -991 
1719750024051.00, -152260, -466345, -993 
1719750024073.00, -151582, -469655, -945 
1719750024094.00, -148120, -472943, -897 
1719750024116.00, -143166, -476166, -909 
1719750024139.00, -140854, -479275, -918 
1719750024159.00, -139921, -482334, -919 
1719750024181.00, -139132, -485389, -948 
1719750024202.00, -140401, -488410, -951 
1719750024225.00, -141419, -491473, -944 
1719750024248.00, -141242, -494548, -995 
1719750024268.00, -143995, -497610, -975 
1719750024289.00, -144314, -500760, -940 
1719750024311.00, -142256, -503900, -932 
1719750024333.00, -140641, -507003, -967 
1719750024359.00, -141733, -510068, -961 
1719750024377.00, -141540, -513136, -898 
1719750024399.00, -137885, -516223, -867 
1719750024420.00, -133866, -519234, -920 
1719750024442.00, -134489, -522117, -934 
1719750024468.00, -135779, -525054, -866 
1719750024485.00, -132349, -528002, -908 
1719750024507.00, -132633, -530884, -919 
1719750024528.00, -133553, -533783, -879 
1719750024551.00, -131603, -536695, -880 
1719750024576.00, -130408, -539548, -868 
1719750024594.00, -128648, -542393, -867 
1719750024616.00, -127795, -545178, -860 
1719750024637.00, -126978, -547950, -874 
1719750024659.00, -127218, -550723, -906 
1719750024684.00, -129211, -553485, -851 
1719750024703.00, -126866, -556298, -813 
1719750024725.00, -123248, -559064, -808 
1719750024746.00, -120712, -561734, -782 
1719750024768.00, -117508, -564338, -793 
1719750024789.00, -116176, -566909, -812 
1719750024811.00, -116561, -569436, -780 
1719750024832.00, -114968, -571966, -755 
1719750024855.00, -112454, -574469, -794 
1719750024876.00, -113340, -576908, -796 
1719750024898.00, -113844, -579365, -755 
1719750024920.00, -111668, -581847, -752 
1719750024941.00, -110193, -584268, -767 
1719750024964.00, -110060, -586654, -719 
1719750024985.00, -106986, -589046, -670 
1719750025007.00, -102158, -591367, -619 
1719750025029.00, -96206, -593584, -576 
1719750025050.00, -55099, -595646, -461 
1719750025071.00, -30442, -596833, -332 
1719750025092.00, -15594, -597520, -216 
1719750025114.00, -7581, -597876, -127 
1719750025136.00, -2715, -598047, -140 
1719750025157.00, 68, -598102, -33 
1719750025179.00, 1370, -598099, 100 
1719750025201.00, 8725, -598067, 226 
1719750025222.00, 20169, -597884, 354 
1719750025244.00, 35008, -597454, 375 
1719750025266.00, 44778, -596699, 584 
1719750025287.00, 63156, -595740, 663 
1719750025309.00, 78854, -594369, 714 
1719750025331.00, 91184, -592653, 790 
1719750025352.00, 102687, -590667, 853 
1719750025374.00, 113417, -588433, 886 
1719750025395.00, 121613, -585944, 915 
1719750025417.00, 128119, -583278, 940 
1719750025439.00, 133579, -580485, 971 
1719750025460.00, 138269, -577574, 1016 
1719750025481.00, 143803, -574538, 1209 
1719750025503.00, 158688, -571384, 1070 
1719750025525.00, 159075, -567904, 1187 
1719750025547.00, 166231, -564417, 1160 
1719750025568.00, 168717, -560772, 1193 
1719750025590.00, 172117, -557093, 1236 
1719750025612.00, 174971, -553330, 1221 
1719750025634.00, 174852, -549508, 1262 
1719750025656.00, 174861, -545688, 1293 
1719750025679.00, 174684, -541859, 1296 
1719750025700.00, 174833, -538058, 1261 
1719750025722.00, 174667, -534233, 1257 
1719750025743.00, 174780, -530422, 1268 
1719750025765.00, 174914, -526612, 1301 
1719750025789.00, 174838, -522795, 1313 
1719750025809.00, 174845, -518976, 1296 
1719750025830.00, 174729, -515146, 1319 
1719750025852.00, 174710, -511328, 1338 
1719750025873.00, 174804, -507515, 1351 
1719750025900.00, 174885, -503694, 1394 
1719750025918.00, 174862, -499874, 1417 
1719750025940.00, 174694, -496046, 1417 
1719750025961.00, 174692, -492228, 1428 
1719750025983.00, 174718, -488417, 1452 
1719750026005.00, 174612, -484593, 1450 
1719750026027.00, 174629, -480794, 1463 
1719750026048.00, 174648, -476971, 1439 
1719750026070.00, 174810, -473147, 1395 
1719750026092.00, 174614, -469335, 1415 
1719750026114.00, 174545, -465525, 1405 
1719750026136.00, 174579, -461705, 1372 
1719750026158.00, 174691, -457901, 1347 
1719750026180.00, 174600, -454087, 1369 
1719750026201.00, 174575, -450267, 1358 
1719750026223.00, 174473, -446451, 1255 
1719750026246.00, 174599, -442644, 1189 
1719750026267.00, 171019, -438832, 1228 
1719750026289.00, 171352, -435109, 1143 
1719750026310.00, 166210, -431370, 1047 
1719750026333.00, 91659, -427763, 888 
1719750026355.00, 48461, -425756, 862 
1719750026377.00, 23743, -424708, 744 
1719750026398.00, 9754, -424168, 712 
1719750026419.00, 1498, -423949, 661 
1719750026441.00, -3041, -423922, 400 
1719750026462.00, -5939, -423996, 24 
1719750026484.00, -7538, -424144, -189 
1719750026505.00, -19367, -424312, -358 
1719750026527.00, -36580, -424737, -480 
1719750026549.00, -54049, -425517, -571 
1719750026570.00, -69786, -426669, -585 
1719750026592.00, -79919, -428194, -653 
1719750026614.00, -90140, -429929, -698 
1719750026635.00, -98516, -431882, -708 
1719750026657.00, -103757, -434018, -726 
1719750026678.00, -107861, -436292, -744 
1719750026701.00, -111480, -438646, -747 
1719750026722.00, -113590, -441072, -749 
1719750026746.00, -114836, -443540, -778 
1719750026765.00, -117131, -446051, -803 
1719750026787.00, -119795, -448598, -833 
1719750026809.00, -123349, -451226, -858 
1719750026831.00, -126484, -453906, -894 
1719750026853.00, -130789, -456651, -845 
1719750026874.00, -130110, -459504, -887 
1719750026896.00, -132184, -462338, -900 
1719750026918.00, -133983, -465210, -910 
1719750026940.00, -135637, -468143, -881 
1719750026961.00, -134742, -471092, -852 
1719750026983.00, -132203, -474023, -890 
1719750027005.00, -132902, -476897, -862 
1719750027027.00, -131685, -479784, -847 
1719750027048.00, -130015, -482648, -934 
1719750027070.00, -133932, -485485, -984 
1719750027092.00, -139368, -488397, -932 
1719750027113.00, -139404, -491441, -945 
1719750027134.00, -139923, -494479, -1007 
1719750027156.00, -143925, -497539, -1014 
1719750027179.00, -146638, -500695, -980 
1719750027203.00, -146210, -503885, -982 
1719750027222.00, -146072, -507066, -983 
1719750027245.00, -145819, -510252, -996 
1719750027265.00, -146094, -513414, -999 
1719750027287.00, -146686, -516601, -963 
1719750027312.00, -144792, -519804, -978 
1719750027330.00, -144304, -522943, -1004 
1719750027352.00, -145759, -526097, -934 
1719750027374.00, -142039, -529251, -887 
1719750027396.00, -137038, -532350, -919 
1719750027420.00, -136118, -535321, -872 
1719750027439.00, -132684, -538269, -806 
1719750027461.00, -126535, -541155, -820 
1719750027482.00, -123550, -543906, -806 
1719750027504.00, -120825, -546584, -788 
1719750027527.00, -118273, -549224, -782 
1719750027548.00, -116495, -551791, -790 
1719750027569.00, -115808, -554311, -796 
1719750027591.00, -115501, -556835, -828 
1719750027613.00, -117114, -559351, -829 
1719750027635.00, -118319, -561898, -781 
1719750027657.00, -116246, -564458, -789 
1719750027678.00, -115280, -566999, -821 
1719750027700.00, -116607, -569512, -825 
1719750027722.00, -117661, -572037, -798 
1719750027746.00, -116729, -574600, -799 
1719750027766.00, -115988, -577133, -797 
1719750027788.00, -115371, -579642, -752 
1719750027809.00, -111963, -582162, -683 
1719750027831.00, -105982, -584591, -613 
1719750027853.00, -98195, -586875, -553 
1719750027874.00, -89604, -588998, -447 
1719750027896.00, -78238, -590931, -311 
1719750027917.00, -63136, -592618, -210 
1719750027939.00, -48284, -593986, -155 
1719750027961.00, -26678, -595033, -124 
1719750027982.00, -13956, -595638, -62 
1719750028003.00, -6406, -595943, 13 
1719750028025.00, -1146, -596083, 89 
1719750028046.00, 5783, -596108, 174 
1719750028068.00, 15483, -595993, 289 
1719750028090.00, 27716, -595670, 376 
1719750028110.00, 40649, -595070, 451 
1719750028134.00, 52792, -594188, 648 
1719750028154.00, 71696, -593042, 680 
1719750028176.00, 84978, -591492, 727 
1719750028197.00, 95462, -589634, 813 
1719750028219.00, 106749, -587562, 868 
1719750028241.00, 116604, -585233, 892 
1719750028263.00, 123940, -582678, 921 
1719750028284.00, 130086, -579968, 948 
1719750028306.00, 135133, -577131, 975 
1719750028327.00, 139854, -574189, 1009 
1719750028348.00, 144358, -571126, 1219 
1719750028370.00, 159710, -567963, 1080 
1719750028392.00, 160506, -564461, 1156 
1719750028414.00, 165119, -560952, 1181 
1719750028436.00, 169471, -557328, 1225 
1719750028457.00, 174465, -553628, 1258 
1719750028480.00, 174769, -549806, 1269 
1719750028501.00, 174798, -545998, 1309 
1719750028523.00, 174760, -542169, 1335 
1719750028545.00, 174563, -538358, 1310 
1719750028567.00, 174724, -534531, 1310 
1719750028589.00, 174607, -530715, 1331 
1719750028610.00, 174588, -526903, 1358 
1719750028632.00, 174732, -523096, 1346 
1719750028654.00, 174733, -519269, 1354 
1719750028676.00, 174699, -515445, 1372 
1719750028698.00, 174701, -511633, 1348 
1719750028719.00, 174516, -507809, 1355 
1719750028741.00, 174540, -504010, 1362 
1719750028763.00, 174661, -500186, 1373 
1719750028785.00, 174705, -496372, 1359 
1719750028806.00, 174733, -492557, 1318 
1719750028828.00, 174835, -488744, 1287 
1719750028850.00, 174575, -484921, 1288 
1719750028872.00, 174584, -481111, 1283 
1719750028894.00, 174619, -477294, 1260 
1719750028915.00, 174446, -473495, 1185 
1719750028938.00, 170747, -469674, 1148 
1719750028959.00, 166275, -465943, 1171 
1719750028981.00, 164869, -462322, 1135 
1719750029003.00, 161965, -458723, 1039 
1719750029025.00, 154539, -455193, 1064 
1719750029047.00, 151481, -451820, 1080 
1719750029068.00, 150820, -448520, 1037 
1719750029090.00, 147746, -445219, 1012 
1719750029112.00, 144354, -442001, 1057 
1719750029135.00, 145125, -438850, 994 
1719750029156.00, 141861, -435694, 921 
1719750029178.00, 135500, -432616, 867 
1719750029200.00, 128326, -429678, 751 
1719750029221.00, 70648, -426912, 584 
1719750029244.00, 36763, -425382, 472 
1719750029265.00, 17434, -424568, 329 
1719750029288.00, 6388, -424182, 193 
1719750029308.00, -38, -424045, 97 
1719750029329.00, -3713, -424047, -21 
1719750029351.00, -7084, -424129, -129 
1719750029373.00, -15210, -424292, -272 
1719750029394.00, -28671, -424622, -309 
1719750029416.00, -38892, -425253, -528 
1719750029437.00, -58344, -426088, -521 
1719750029459.00, -69271, -427338, -531 
1719750029481.00, -76211, -428852, -599 
1719750029502.00, -84211, -430499, -653 
1719750029524.00, -92299, -432333, -659 
1719750029546.00, -97380, -434340, -663 
1719750029567.00, -100198, -436446, -709 
1719750029588.00, -104768, -438648, -754 
1719750029613.00, -109986, -440907, -756 
1719750029632.00, -113016, -443314, -753 
1719750029654.00, -114634, -445773, -753 
1719750029675.00, -115474, -448268, -747 
1719750029697.00, -115636, -450782, -746 
1719750029720.00, -115242, -453289, -746 
1719750029741.00, -115078, -455788, -766 
1719750029762.00, -115788, -458305, -785 
1719750029784.00, -117378, -460827, -795 
1719750029806.00, -118909, -463377, -792 
1719750029830.00, -119663, -465958, -805 
1719750029849.00, -120635, -468578, -812 
1719750029871.00, -121337, -471205, -803 
1719750029893.00, -121440, -473843, -805 
1719750029915.00, -121545, -476491, -804 
1719750029937.00, -121213, -479121, -815 
1719750029958.00, -121586, -481758, -832 
1719750029979.00, -122939, -484429, -826 
1719750030001.00, -123318, -487106, -828 
1719750030023.00, -123585, -489774, -842 
1719750030045.00, -124767, -492468, -857 
1719750030067.00, -125581, -495182, -991 
1719750030088.00, -134280, -497910, -859 
1719750030110.00, -131712, -500858, -950 
1719750030132.00, -135500, -503729, -901 
1719750030161.00, -134464, -506668, -872 
1719750030175.00, -132254, -509600, -881 
1719750030197.00, -131347, -512462, -932 
1719750030219.00, -134013, -515319, -872 
1719750030241.00, -132038, -518237, -887 
1719750030266.00, -131543, -521110, -980 
1719750030284.00, -136823, -523976, -966 
1719750030306.00, -138734, -526960, -941 
1719750030327.00, -138357, -529972, -962 
1719750030349.00, -139223, -532989, -944 
1719750030371.00, -138752, -536029, -905 
1719750030393.00, -135903, -539028, -915 
1719750030415.00, -134967, -541992, -933 
1719750030436.00, -135441, -544917, -901 
1719750030458.00, -133910, -547861, -887 
1719750030479.00, -132007, -550782, -922 
1719750030502.00, -132679, -553644, -929 
1719750030523.00, -133488, -556536, -879 
1719750030546.00, -130778, -559438, -874 
1719750030567.00, -129096, -562288, -874 
1719750030588.00, -127815, -565092, -859 
1719750030610.00, -126319, -567874, -842 
1719750030631.00, -124204, -570606, -819 
1719750030654.00, -121472, -573317, -791 
1719750030675.00, -118338, -575962, -752 
1719750030699.00, -114226, -578521, -714 
1719750030718.00, -109149, -580985, -652 
1719750030740.00, -102358, -583353, -600 
1719750030762.00, -94871, -585581, -535 
1719750030784.00, -86649, -587621, -415 
1719750030806.00, -74656, -589483, -308 
1719750030827.00, -60801, -591103, -236 
1719750030848.00, -48473, -592415, -139 
1719750030870.00, -35360, -593453, -47 
1719750030892.00, -19329, -594230, 5 
1719750030915.00, -9634, -594656, 53 
1719750030935.00, -604, -594870, 104 
1719750030956.00, 7298, -594895, 190 
1719750030978.00, 17203, -594748, 289 
1719750030999.00, 29052, -594379, 366 
1719750031021.00, 40927, -593755, 384 
1719750031042.00, 48998, -592868, 604 
1719750031064.00, 67058, -591815, 642 
1719750031085.00, 80051, -590354, 647 
1719750031107.00, 87730, -588626, 715 
1719750031129.00, 96284, -586711, 786 
1719750031151.00, 105492, -584618, 817 
1719750031173.00, 112988, -582313, 838 
1719750031194.00, 118687, -579851, 865 
1719750031216.00, 123354, -577260, 893 
1719750031237.00, 127734, -574568, 929 
1719750031259.00, 132286, -571791, 977 
1719750031280.00, 137758, -568877, 1362 
1719750031301.00, 157627, -565859, 1107 
1719750031324.00, 160703, -562398, 1313 
1719750031345.00, 171073, -558880, 1221 
1719750031367.00, 174973, -555140, 1276 
1719750031389.00, 174592, -551304, 1277 
1719750031411.00, 174726, -547480, 1280 
1719750031432.00, 174637, -543663, 1317 
1719750031454.00, 174697, -539855, 1319 
1719750031476.00, 174778, -536041, 1337 
1719750031498.00, 174675, -532209, 1337 
1719750031519.00, 174838, -528391, 1330 
1719750031542.00, 174667, -524576, 1348 
1719750031563.00, 174556, -520765, 1354 
1719750031585.00, 174701, -516945, 1365 
1719750031606.00, 174801, -513130, 1390 
1719750031629.00, 174531, -509302, 1412 
1719750031651.00, 174755, -505495, 1405 
1719750031672.00, 174779, -501668, 1416 
1719750031694.00, 174555, -497854, 1416 
1719750031716.00, 174788, -494048, 1403 
1719750031738.00, 174697, -490223, 1392 
1719750031759.00, 174459, -486406, 1354 
1719750031781.00, 174683, -482590, 1283 
1719750031805.00, 174621, -478765, 1310 
1719750031825.00, 174645, -474960, 1317 
1719750031847.00, 174780, -471151, 1301 
1719750031868.00, 174816, -467325, 1309 
1719750031890.00, 175037, -463503, 1328 
1719750031916.00, 174524, -459687, 1321 
1719750031934.00, 174445, -455882, 1287 
1719750031956.00, 174489, -452067, 1241 
1719750031977.00, 174690, -448251, 1181 
1719750031999.00, 174714, -444442, 1154 
1719750032021.00, 173145, -440639, 1084 
1719750032044.00, 167853, -436848, 1016 
1719750032066.00, 160326, -433201, 914 
1719750032088.00, 149567, -429724, 797 
1719750032109.00, 86446, -426496, 619 
1719750032131.00, 49816, -424624, 524 
1719750032152.00, 28519, -423550, 367 
1719750032175.00, 16050, -422921, 263 
1719750032196.00, 8858, -422573, 140 
1719750032217.00, 4590, -422405, -59 
1719750032241.00, -852, -422319, -233 
1719750032261.00, -15187, -422337, -342 
1719750032282.00, -30171, -422657, -506 
1719750032304.00, -48797, -423300, -625 
1719750032326.00, -67003, -424343, -677 
1719750032349.00, -81030, -425808, -725 
1719750032369.00, -92239, -427573, -778 
1719750032391.00, -101753, -429575, -789 
1719750032412.00, -108202, -431806, -792 
1719750032434.00, -112121, -434164, -808 
1719750032456.00, -115238, -436611, -831 
1719750032477.00, -118667, -439125, -847 
1719750032499.00, -121530, -441715, -847 
1719750032521.00, -123106, -444366, -844 
1719750032544.00, -123871, -447033, -851 
1719750032564.00, -124602, -449727, -850 
1719750032586.00, -124929, -452449, -854 
1719750032608.00, -125473, -455169, -855 
1719750032630.00, -125532, -457893, -857 
1719750032651.00, -125818, -460623, -795 
1719750032673.00, -122187, -463344, -820 
1719750032695.00, -121219, -465997, -857 
1719750032716.00, -122688, -468656, -871 
1719750032738.00, -124690, -471320, -768 
1719750032760.00, -119594, -474030, -818 
1719750032781.00, -119552, -476637, -846 
1719750032804.00, -121056, -479230, -801 
1719750032825.00, -119004, -481855, -843 
1719750032847.00, -120497, -484473, -865 
1719750032868.00, -122624, -487092, -876 
1719750032891.00, -124561, -489742, -888 
1719750032911.00, -126403, -492466, -890 
1719750032933.00, -128124, -495219, -892 
1719750032955.00, -128443, -497996, -1115 
1719750032977.00, -142168, -500832, -972 
1719750032999.00, -141737, -503925, -995 
1719750033020.00, -142624, -507008, -966 
1719750033043.00, -141431, -510119, -972 
1719750033064.00, -140870, -513185, -966 
1719750033084.00, -140121, -516265, -1007 
1719750033107.00, -142406, -519330, -1006 
1719750033129.00, -143694, -522425, -1027 
1719750033150.00, -145597, -525576, -1043 
1719750033172.00, -147796, -528752, -1023 
1719750033194.00, -147739, -531973, -1009 
1719750033216.00, -146911, -535212, -1008 
1719750033238.00, -146316, -538403, -987 
1719750033259.00, -144519, -541591, -1038 
1719750033281.00, -146441, -544739, -1018 
1719750033305.00, -146341, -547937, -987 
1719750033324.00, -144382, -551137, -1041 
1719750033346.00, -146310, -554285, -1048 
1719750033369.00, -148078, -557479, -966 
1719750033391.00, -144168, -560705, -965 
1719750033413.00, -141490, -563819, -971 
1719750033441.00, -140372, -566901, -934 
1719750033456.00, -137487, -569952, -891 
1719750033478.00, -132983, -572930, -849 
1719750033500.00, -127748, -575828, -774 
1719750033521.00, -120155, -578585, -697 
1719750033544.00, -110957, -581181, -636 
1719750033565.00, -101842, -583579, -570 
1719750033586.00, -92230, -585781, -459 
1719750033608.00, -79729, -587763, -339 
1719750033630.00, -65020, -589476, -253 
1719750033651.00, -51385, -590884, -150 
1719750033672.00, -36967, -591992, -77 
1719750033694.00, -23854, -592792, 2 
1719750033716.00, -11876, -593304, 125 
1719750033737.00, 2299, -593564, 236 
1719750033759.00, 17663, -593533, 343 
1719750033780.00, 33630, -593164, 396 
1719750033802.00, 45973, -592447, 640 
1719750033824.00, 67845, -591461, 661 
1719750033845.00, 82245, -589983, 698 
1719750033867.00, 92893, -588200, 797 
1719750033889.00, 104884, -586174, 895 
1719750033911.00, 117916, -583877, 942 
1719750033933.00, 128269, -581300, 983 
1719750033953.00, 136809, -578495, 1016 
1719750033978.00, 143873, -575490, 1061 
1719750033997.00, 150553, -572340, 1149 
1719750034018.00, 159926, -569046, 1163 
1719750034040.00, 166231, -565535, 1201 
1719750034062.00, 171984, -561901, 1234 
1719750034084.00, 174786, -558135, 1225 
1719750034106.00, 174764, -554306, 1284 
1719750034127.00, 174683, -550497, 1290 
1719750034149.00, 174651, -546673, 1317 
1719750034171.00, 174761, -542860, 1361 
1719750034193.00, 174790, -539043, 1394 
1719750034215.00, 174746, -535221, 1388 
1719750034237.00, 174762, -531403, 1395 
1719750034258.00, 174741, -527578, 1411 
1719750034280.00, 174696, -523765, 1444 
1719750034302.00, 174818, -519954, 1440 
1719750034324.00, 174833, -516127, 1454 
1719750034345.00, 174478, -512305, 1491 
1719750034367.00, 174730, -508481, 1486 
1719750034389.00, 174697, -504669, 1479 
1719750034411.00, 174768, -500853, 1498 
1719750034432.00, 174671, -497046, 1516 
1719750034454.00, 174771, -493228, 1508 
1719750034476.00, 175002, -489401, 1507 
1719750034498.00, 174597, -485589, 1527 
1719750034519.00, 174518, -481770, 1525 
1719750034541.00, 174601, -477947, 1502 
1719750034563.00, 174796, -474148, 1494 
1719750034586.00, 174924, -470321, 1485 
1719750034607.00, 174716, -466502, 1473 
1719750034629.00, 174632, -462679, 1459 
1719750034651.00, 174424, -458880, 1384 
1719750034672.00, 174576, -455066, 1331 
1719750034694.00, 174570, -451255, 1322 
1719750034715.00, 174646, -447450, 1235 
1719750034738.00, 173765, -443635, 1180 
1719750034767.00, 169658, -439842, 1135 
1719750034783.00, 164477, -436152, 992 
1719750034805.00, 152859, -432590, 711 
1719750034827.00, 129081, -429274, 577 
1719750034847.00, 70960, -426499, 492 
1719750034869.00, 36883, -424961, 456 
1719750034891.00, 17216, -424149, 282 
1719750034912.00, 5563, -423773, 78 
1719750034934.00, -491, -423655, -113 
1719750034956.00, -10889, -423672, -325 
1719750034977.00, -29688, -423908, -447 
1719750034999.00, -48136, -424544, -618 
1719750035020.00, -69282, -425581, -675 
1719750035042.00, -85009, -427079, -688 
1719750035064.00, -95374, -428940, -730 
1719750035089.00, -104320, -431009, -764 
1719750035106.00, -110410, -433302, -1127 
1719750035129.00, -136697, -435730, -777 
1719750035151.00, -130688, -438712, -951 
1719750035172.00, -137473, -441562, -887 
1719750035199.00, -137578, -444562, -930 
1719750035216.00, -140087, -447542, -907 
1719750035239.00, -140101, -450594, -931 
1719750035259.00, -141251, -453639, -925 
1719750035281.00, -141607, -456707, -927 
1719750035303.00, -141905, -459798, -908 
1719750035325.00, -140619, -462866, -915 
1719750035346.00, -140187, -465923, -941 
1719750035368.00, -141307, -468978, -953 
1719750035390.00, -142704, -472056, -948 
1719750035411.00, -142988, -475160, -981 
1719750035433.00, -144945, -478276, -983 
1719750035455.00, -146058, -481424, -988 
1719750035477.00, -146989, -484627, -994 
1719750035499.00, -147739, -487814, -990 
1719750035520.00, -147903, -491043, -985 
1719750035541.00, -147560, -494263, -1003 
1719750035564.00, -148379, -497478, -1003 
1719750035585.00, -148821, -500739, -982 
1719750035605.00, -147794, -503976, -1024 
1719750035628.00, -149382, -507206, -1050 
1719750035651.00, -151919, -510475, -987 
1719750035671.00, -149503, -513770, -1001 
1719750035693.00, -148764, -517061, -1049 
1719750035714.00, -151193, -520299, -1021 
1719750035738.00, -151017, -523606, -982 
1719750035758.00, -148456, -526892, -1015 
1719750035781.00, -148757, -530132, -1000 
1719750035802.00, -147968, -533390, -1009 
1719750035825.00, -147973, -536628, -999 
1719750035847.00, -147381, -539848, -993 
1719750035868.00, -146435, -543053, -993 
1719750035890.00, -145788, -546240, -989 
1719750035912.00, -145181, -549426, -998 
1719750035934.00, -145376, -552587, -975 
1719750035955.00, -144126, -555738, -995 
1719750035977.00, -144472, -558875, -997 
1719750035999.00, -144849, -562014, -998 
1719750036020.00, -144868, -565159, -982 
1719750036042.00, -143893, -568316, -928 
1719750036064.00, -139722, -571420, -853 
1719750036085.00, -132883, -574477, -808 
1719750036108.00, -126091, -577351, -731 
1719750036129.00, -117300, -580076, -605 
1719750036151.00, -104433, -582621, -478 
1719750036173.00, -89133, -584871, -333 
1719750036194.00, -71226, -586773, -229 
1719750036216.00, -54452, -588313, -147 
1719750036238.00, -39702, -589476, -75 
1719750036259.00, -26494, -590336, -18 
1719750036280.00, -14978, -590911, 65 
1719750036302.00, -3187, -591238, 207 
1719750036324.00, 11831, -591313, 329 
1719750036345.00, 28688, -591083, 388 
1719750036367.00, 41672, -590469, 627 
1719750036388.00, 64066, -589575, 668 
1719750036410.00, 79900, -588198, 717 
1719750036431.00, 92111, -586444, 840 
1719750036454.00, 106402, -584441, 973 
1719750036474.00, 122899, -582120, 1011 
1719750036496.00, 134959, -579412, 1018 
1719750036518.00, 142590, -576446, 1037 
1719750036539.00, 147883, -573326, 1065 
1719750036561.00, 152758, -570082, 1094 
1719750036583.00, 157277, -566738, 1129 
1719750036605.00, 162167, -563293, 1165 
1719750036628.00, 166833, -559736, 1422 
1719750036649.00, 174622, -556112, 1236 
1719750036671.00, 174805, -552277, 1367 
1719750036692.00, 174926, -548457, 1359 
1719750036714.00, 174839, -544621, 1400 
1719750036736.00, 174649, -540816, 1416 
1719750036758.00, 174771, -536997, 1436 
1719750036779.00, 174789, -533176, 1443 
1719750036801.00, 174776, -529364, 1462 
1719750036823.00, 174775, -525535, 1478 
1719750036845.00, 174850, -521714, 1476 
1719750036866.00, 174729, -517909, 1466 
1719750036889.00, 174553, -514085, 1481 
1719750036910.00, 174851, -510279, 1525 
1719750036932.00, 174959, -506459, 1523 
1719750036954.00, 174738, -502632, 1522 
1719750036976.00, 174681, -498817, 1535 
1719750036998.00, 174687, -494997, 1539 
1719750037019.00, 174795, -491174, 1527 
1719750037041.00, 174803, -487365, 1544 
1719750037063.00, 174863, -483556, 1561 
1719750037084.00, 174907, -479727, 1566 
1719750037106.00, 174539, -475903, 1531 
1719750037129.00, 174705, -472103, 1501 
1719750037150.00, 174808, -468286, 1503 
1719750037176.00, 174779, -464469, 1495 
1719750037194.00, 174922, -460657, 1464 
1719750037215.00, 174791, -456847, 1460 
1719750037238.00, 174619, -453025, 1442 
1719750037259.00, 174633, -449217, 1403 
1719750037287.00, 174749, -445395, 1329 
1719750037303.00, 174860, -441583, 1281 
1719750037325.00, 174400, -437771, 1218 
1719750037346.00, 174440, -433959, 1089 
1719750037370.00, 169019, -430158, 921 
1719750037393.00, 97648, -426503, 800 
1719750037413.00, 56082, -424378, 748 
1719750037434.00, 32437, -423169, 555 
1719750037456.00, 18829, -422461, 442 
1719750037478.00, 10559, -422054, 263 
1719750037499.00, 5770, -421840, 52 
1719750037521.00, 3062, -421730, -149 
1719750037542.00, -6721, -421674, -280 
1719750037564.00, -21092, -421808, -329 
1719750037586.00, -32798, -422263, -575 
1719750037607.00, -54186, -422963, -694 
1719750037629.00, -74270, -424115, -697 
1719750037651.00, -86170, -425740, -713 
1719750037672.00, -94067, -427611, -728 
1719750037694.00, -99712, -429660, -760 
1719750037716.00, -105413, -431827, -792 
1719750037738.00, -109913, -434128, -913 
1719750037759.00, -120034, -436526, -922 
1719750037780.00, -126781, -439153, -904 
1719750037802.00, -129489, -441918, -878 
1719750037829.00, -129509, -444736, -908 
1719750037846.00, -131152, -447549, -887 
1719750037868.00, -130804, -450404, -891 
1719750037889.00, -130869, -453251, -882 
1719750037911.00, -130203, -456086, -896 
1719750037932.00, -130493, -458932, -917 
1719750037955.00, -131970, -461779, -915 
1719750037977.00, -132544, -464643, -916 
1719750037998.00, -132932, -467542, -910 
1719750038020.00, -132733, -470432, -925 
1719750038042.00, -133590, -473304, -959 
1719750038064.00, -136142, -476234, -981 
1719750038085.00, -138929, -479191, -979 
1719750038107.00, -140301, -482211, -994 
1719750038129.00, -142022, -485267, -985 
1719750038151.00, -142383, -488366, -992 
1719750038172.00, -143143, -491465, -967 
1719750038193.00, -141923, -494581, -962 
1719750038215.00, -140790, -497658, -984 
1719750038237.00, -141364, -500730, -978 
1719750038262.00, -141318, -503810, -920 
1719750038281.00, -137821, -506881, -950 
1719750038302.00, -137206, -509885, -994 
1719750038324.00, -139582, -512866, -971 
1719750038346.00, -139777, -515897, -934 
1719750038372.00, -137686, -518938, -936 
1719750038389.00, -136529, -521919, -930 
1719750038411.00, -135477, -524893, -865 
1719750038432.00, -130811, -527828, -799 
1719750038454.00, -124046, -530654, -781 
1719750038477.00, -118532, -533364, -780 
1719750038498.00, -115387, -535947, -738 
1719750038519.00, -111017, -538433, -798 
1719750038541.00, -111993, -540853, -871 
1719750038563.00, -116963, -543308, -823 
1719750038586.00, -117019, -545838, -807 
1719750038606.00, -116086, -548391, -875 
1719750038629.00, -119603, -550918, -887 
1719750038650.00, -122342, -553522, -791 
1719750038671.00, -118205, -556182, -774 
1719750038696.00, -114662, -558753, -831 
1719750038715.00, -115940, -561238, -801 
1719750038736.00, -114873, -563757, -794 
1719750038759.00, -113750, -566268, -821 
1719750038780.00, -114886, -568747, -808 
1719750038802.00, -114877, -571227, -771 
1719750038824.00, -112487, -573730, -783 
1719750038845.00, -111686, -576181, -765 
1719750038867.00, -110371, -578598, -687 
1719750038889.00, -104557, -580979, -643 
1719750038912.00, -98385, -583253, -591 
1719750038932.00, -91883, -585382, -470 
1719750038954.00, -80447, -587340, -349 
1719750038975.00, -66472, -589076, -274 
1719750038997.00, -53424, -590497, -144 
1719750039018.00, -37951, -591652, -69 
1719750039040.00, -24172, -592475, 15 
1719750039062.00, -10812, -592995, 127 
1719750039083.00, 2952, -593231, 304 
1719750039105.00, 22309, -593183, 398 
1719750039126.00, 39487, -592712, 645 
1719750039148.00, 64572, -591882, 702 
1719750039169.00, 82680, -590481, 739 
1719750039191.00, 95553, -588685, 844 
1719750039213.00, 109363, -586595, 938 
1719750039235.00, 123172, -584202, 966 
1719750039255.00, 132981, -581505, 1000 
1719750039277.00, 140599, -578599, 1046 
1719750039299.00, 147914, -575509, 1091 
1719750039321.00, 154733, -572258, 1338 
1719750039342.00, 168361, -568869, 1194 
1719750039365.00, 172882, -565176, 1323 
1719750039386.00, 174974, -561385, 1304 
1719750039408.00, 174920, -557565, 1353 
1719750039430.00, 174680, -553756, 1376 
1719750039451.00, 174792, -549929, 1398 
1719750039473.00, 174907, -546128, 1425 
1719750039495.00, 174806, -542300, 1448 
1719750039517.00, 174811, -538485, 1458 
1719750039538.00, 174842, -534668, 1450 
1719750039562.00, 174705, -530845, 1461 
1719750039582.00, 174620, -527030, 1495 
1719750039604.00, 174792, -523220, 1508 
1719750039626.00, 175054, -519403, 1500 
1719750039647.00, 174602, -515570, 1498 
1719750039670.00, 174714, -511756, 1513 
1719750039691.00, 174752, -507943, 1513 
1719750039713.00, 174756, -504124, 1514 
1719750039735.00, 174817, -500317, 1529 
1719750039757.00, 174836, -496491, 1545 
1719750039778.00, 174884, -492672, 1543 
1719750039801.00, 174618, -488860, 1536 
1719750039822.00, 174656, -485035, 1542 
1719750039844.00, 174842, -481222, 1543 
1719750039866.00, 174739, -477413, 1522 
1719750039887.00, 174853, -473589, 1505 
1719750039910.00, 174738, -469764, 1510 
1719750039932.00, 174669, -465954, 1475 
1719750039953.00, 174646, -462129, 1438 
1719750039975.00, 174723, -458318, 1424 
1719750039996.00, 174806, -454514, 1381 
1719750040018.00, 174576, -450691, 1326 
1719750040040.00, 174497, -446887, 1273 
1719750040062.00, 174373, -443067, 1244 
1719750040084.00, 174146, -439265, 1139 
1719750040106.00, 167560, -435471, 1034 
1719750040129.00, 157299, -431832, 851 
1719750040150.00, 86422, -428442, 643 
1719750040172.00, 45561, -426546, 525 
1719750040194.00, 22195, -425561, 368 
1719750040215.00, 8514, -425070, 228 
1719750040237.00, 750, -424883, 76 
1719750040258.00, -3146, -424872, -95 
1719750040280.00, -11255, -424950, -286 
1719750040301.00, -27754, -425196, -382 
1719750040323.00, -42957, -425793, -662 
1719750040344.00, -68760, -426713, -719 
1719750040365.00, -87351, -428205, -711 
1719750040388.00, -98032, -430103, -731 
1719750040410.00, -105413, -432233, -736 
1719750040430.00, -110069, -434541, -769 
1719750040453.00, -114622, -436937, -807 
1719750040475.00, -118859, -439439, -893 
1719750040497.00, -126716, -442043, -909 
1719750040518.00, -132623, -444817, -881 
1719750040539.00, -134257, -447698, -893 
1719750040561.00, -135871, -450617, -923 
1719750040584.00, -138468, -453574, -912 
1719750040604.00, -139026, -456575, -932 
1719750040627.00, -140468, -459607, -919 
1719750040648.00, -140528, -462659, -903 
1719750040670.00, -139321, -465705, -902 
1719750040692.00, -138505, -468756, -918 
1719750040714.00, -138674, -471769, -926 
1719750040736.00, -139365, -474784, -881 
1719750040757.00, -136947, -477824, -900 
1719750040780.00, -135963, -480790, -912 
1719750040801.00, -136466, -483759, -865 
1719750040822.00, -133830, -486730, -901 
1719750040844.00, -134489, -489627, -939 
1719750040866.00, -137096, -492559, -970 
1719750040888.00, -140306, -495543, -1004 
1719750040908.00, -144313, -498607, -1035 
1719750040929.00, -148326, -501768, -1003 
1719750040953.00, -148864, -505010, -980 
1719750040973.00, -147563, -508257, -1006 
1719750040997.00, -148315, -511477, -979 
1719750041018.00, -146935, -514689, -927 
1719750041040.00, -142983, -517889, -932 
1719750041061.00, -140723, -520993, -966 
1719750041084.00, -141276, -524064, -969 
1719750041108.00, -141701, -527144, -953 
1719750041127.00, -140986, -530223, -970 
1719750041149.00, -141342, -533306, -995 
1719750041170.00, -143213, -536392, -967 
1719750041192.00, -142679, -539495, -987 
1719750041216.00, -143417, -542609, -988 
1719750041235.00, -143942, -545713, -921 
1719750041257.00, -140045, -548854, -953 
1719750041279.00, -139399, -551896, -970 
1719750041301.00, -140234, -554913, -889 
1719750041323.00, -135827, -557970, -860 
1719750041344.00, -131406, -560916, -890 
1719750041366.00, -130523, -563764, -904 
1719750041388.00, -130624, -566619, -873 
1719750041409.00, -128951, -569461, -873 
1719750041437.00, -127746, -572248, -850 
1719750041453.00, -125732, -575035, -772 
1719750041475.00, -119758, -577753, -744 
1719750041496.00, -114400, -580344, -694 
1719750041518.00, -108199, -582829, -610 
1719750041542.00, -99344, -585174, -549 
1719750041561.00, -90305, -587310, -496 
1719750041582.00, -81597, -589261, -411 
1719750041605.00, -71249, -591017, -273 
1719750041626.00, -56883, -592561, -219 
1719750041648.00, -44970, -593790, -130 
1719750041669.00, -24770, -594764, -68 
1719750041690.00, -12940, -595322, 21 
1719750041712.00, -4432, -595604, 106 
1719750041734.00, 4971, -595697, 249 
1719750041755.00, 19122, -595606, 356 
1719750041777.00, 34278, -595197, 435 
1719750041798.00, 48050, -594455, 624 
1719750041821.00, 67671, -593416, 667 
1719750041842.00, 81766, -591955, 734 
1719750041864.00, 93982, -590162, 822 
1719750041885.00, 106383, -588130, 873 
1719750041907.00, 116730, -585797, 898 
1719750041929.00, 124493, -583237, 934 
1719750041950.00, 131714, -580516, 977 
1719750041971.00, 137619, -577632, 1315 
1719750041994.00, 157894, -574620, 1072 
1719750042015.00, 159317, -571168, 1208 
1719750042036.00, 167963, -567682, 1251 
1719750042059.00, 175314, -563989, 1242 
1719750042080.00, 174857, -560160, 1304 
1719750042103.00, 174812, -556359, 1300 
1719750042123.00, 174898, -552535, 1349 
1719750042146.00, 174684, -548714, 1355 
1719750042167.00, 174747, -544894, 1348 
1719750042189.00, 174707, -541068, 1331 
1719750042211.00, 174568, -537259, 1314 
1719750042233.00, 174634, -533437, 1345 
1719750042255.00, 174914, -529636, 1331 
1719750042276.00, 174904, -525809, 1344 
1719750042298.00, 174652, -521985, 1340 
1719750042320.00, 174757, -518177, 1354 
1719750042342.00, 174674, -514361, 1367 
1719750042364.00, 174728, -510542, 1363 
1719750042386.00, 174768, -506730, 1377 
1719750042407.00, 174754, -502912, 1397 
1719750042429.00, 174743, -499087, 1403 
1719750042451.00, 174650, -495267, 1381 
1719750042473.00, 174666, -491443, 1364 
1719750042495.00, 174778, -487638, 1383 
1719750042517.00, 174855, -483817, 1410 
1719750042538.00, 174553, -479994, 1418 
1719750042560.00, 174763, -476175, 1422 
1719750042582.00, 174560, -472356, 1413 
1719750042603.00, 174607, -468551, 1380 
1719750042625.00, 174617, -464742, 1357 
1719750042647.00, 174683, -460923, 1340 
1719750042669.00, 174793, -457122, 1315 
1719750042690.00, 174648, -453296, 1296 
1719750042713.00, 174498, -449476, 1245 
1719750042735.00, 174477, -445672, 1161 
1719750042756.00, 173597, -441869, 1079 
1719750042780.00, 168084, -438090, 967 
1719750042801.00, 158098, -434430, 829 
1719750042823.00, 143637, -431024, 691 
1719750042845.00, 83502, -427936, 533 
1719750042866.00, 48277, -426121, 382 
1719750042888.00, 28065, -425089, 237 
1719750042909.00, 15841, -424471, 96 
1719750042931.00, 8665, -424133, -38 
1719750042952.00, 2654, -423955, -268 
1719750042974.00, -14425, -423911, -378 
1719750042995.00, -31597, -424218, -625 
1719750043017.00, -56672, -424893, -691 
1719750043039.00, -75522, -426104, -721 
1719750043060.00, -88419, -427748, -756 
1719750043082.00, -98136, -429669, -762 
1719750043104.00, -104339, -431809, -759 
1719750043125.00, -107750, -434085, -778 
1719750043147.00, -110935, -436433, -807 
1719750043169.00, -114292, -438858, -828 
1719750043196.00, -117490, -441352, -826 
1719750043213.00, -119411, -443905, -814 
1719750043234.00, -119902, -446502, -828 
1719750043256.00, -120738, -449102, -835 
1719750043278.00, -121429, -451748, -841 
1719750043304.00, -122350, -454398, -853 
1719750043321.00, -123603, -457040, -861 
1719750043343.00, -124676, -459740, -863 
1719750043365.00, -125468, -462447, -877 
1719750043386.00, -126711, -465174, -907 
1719750043408.00, -128796, -467960, -960 
1719750043430.00, -133531, -470767, -910 
1719750043451.00, -133413, -473659, -932 
1719750043473.00, -134633, -476574, -956 
1719750043495.00, -136728, -479497, -982 
1719750043521.00, -139277, -482463, -1000 
1719750043539.00, -141873, -485517, -990 
1719750043561.00, -142785, -488606, -994 
1719750043581.00, -143452, -491725, -1023 
1719750043603.00, -145648, -494860, -1015 
1719750043628.00, -146328, -498025, -999 
1719750043646.00, -145673, -501223, -1023 
1719750043668.00, -146658, -504411, -1046 
1719750043690.00, -148471, -507615, -1032 
1719750043712.00, -148679, -510865, -1015 
1719750043736.00, -147845, -514100, -1024 
1719750043755.00, -147838, -517352, -1020 
1719750043776.00, -147405, -520573, -1015 
1719750043799.00, -147040, -523796, -1031 
1719750043820.00, -147575, -527005, -1005 
1719750043848.00, -146344, -530228, -982 
1719750043864.00, -144070, -533426, -1014 
1719750043887.00, -144391, -536572, -980 
1719750043909.00, -142765, -539709, -855 
1719750043931.00, -134402, -542805, -794 
1719750043953.00, -125282, -545716, -846 
1719750043974.00, -123331, -548434, -790 
1719750043996.00, -119027, -551118, -749 
1719750044017.00, -113679, -553700, -826 
1719750044039.00, -114934, -556178, -839 
1719750044061.00, -116863, -558682, -768 
1719750044083.00, -113725, -561208, -810 
1719750044104.00, -114190, -563678, -840 
1719750044126.00, -116109, -566167, -789 
1719750044147.00, -114362, -568700, -769 
1719750044170.00, -112082, -571170, -790 
1719750044192.00, -111891, -573611, -744 
1719750044213.00, -108879, -576048, -680 
1719750044235.00, -103319, -578401, -657 
1719750044256.00, -98628, -580639, -623 
1719750044279.00, -93616, -582774, -541 
1719750044299.00, -85764, -584800, -456 
1719750044321.00, -75929, -586640, -420 
1719750044343.00, -67942, -588286, -324 
1719750044365.00, -57432, -589739, -206 
1719750044389.00, -44163, -590983, -122 
1719750044408.00, -31071, -591938, -3 
1719750044429.00, -15973, -592602, 134 
1719750044451.00, 216, -592951, 288 
1719750044472.00, 19685, -592967, 376 
1719750044493.00, 36531, -592556, 586 
1719750044516.00, 59197, -591781, 692 
1719750044537.00, 78934, -590500, 735 
1719750044561.00, 93073, -588794, 775 
1719750044581.00, 103868, -586754, 850 
1719750044602.00, 114484, -584491, 899 
1719750044624.00, 123718, -581991, 928 
1719750044646.00, 131101, -579287, 974 
1719750044666.00, 137553, -576416, 1046 
1719750044688.00, 145985, -573391, 1155 
1719750044710.00, 157640, -570193, 1100 
1719750044732.00, 160968, -566742, 1220 
1719750044753.00, 170179, -563217, 1213 
1719750044775.00, 174880, -559505, 1277 
1719750044797.00, 174694, -555684, 1315 
1719750044819.00, 174898, -551850, 1325 
1719750044840.00, 174800, -548031, 1362 
1719750044863.00, 174680, -544210, 1380 
1719750044884.00, 174868, -540397, 1399 
1719750044906.00, 174797, -536588, 1417 
1719750044928.00, 174816, -532760, 1435 
1719750044949.00, 174899, -528951, 1458 
1719750044971.00, 174886, -525121, 1474 
1719750044993.00, 174611, -521302, 1477 
1719750045015.00, 174706, -517494, 1494 
1719750045038.00, 174998, -513681, 1512 
1719750045058.00, 174755, -509860, 1519 
1719750045081.00, 174878, -506045, 1539 
1719750045103.00, 174767, -502224, 1559 
1719750045124.00, 174778, -498397, 1559 
1719750045146.00, 174720, -494582, 1559 
1719750045168.00, 174782, -490771, 1550 
1719750045190.00, 174969, -486951, 1539 
1719750045211.00, 174663, -483130, 1530 
1719750045233.00, 174671, -479316, 1504 
1719750045255.00, 174748, -475498, 1514 
1719750045277.00, 174644, -471679, 1492 
1719750045299.00, 174758, -467864, 1495 
1719750045320.00, 174690, -464054, 1495 
1719750045342.00, 174829, -460239, 1457 
1719750045366.00, 174732, -456433, 1418 
1719750045386.00, 174582, -452607, 1371 
1719750045408.00, 174490, -448806, 1286 
1719750045430.00, 174559, -444997, 1205 
1719750045451.00, 172026, -441198, 1123 
1719750045473.00, 165557, -437440, 1000 
1719750045496.00, 154191, -433845, 828 
1719750045518.00, 137152, -430516, 692 
1719750045540.00, 75550, -427569, 550 
1719750045561.00, 39319, -425922, 468 
1719750045583.00, 18542, -425069, 310 
1719750045604.00, 6681, -424652, 154 
1719750045626.00, -9, -424507, 39 
1719750045647.00, -3892, -424519, -202 
1719750045669.00, -18584, -424613, -358 
1719750045690.00, -36168, -425013, -552 
1719750045712.00, -58307, -425785, -623 
1719750045733.00, -75686, -427039, -697 
1719750045756.00, -90268, -428693, -742 
1719750045777.00, -101490, -430649, -752 
1719750045798.00, -108746, -432863, -758 
1719750045820.00, -113253, -435250, -789 
1719750045842.00, -117628, -437713, -821 
1719750045864.00, -122114, -440269, -855 
1719750045886.00, -126411, -442938, -974 
1719750045907.00, -136109, -445701, -863 
1719750045929.00, -135349, -448654, -893 
1719750045950.00, -136176, -451620, -913 
1719750045973.00, -137768, -454585, -917 
1719750045994.00, -139084, -457576, -931 
1719750046016.00, -140487, -460604, -962 
1719750046038.00, -142927, -463655, -947 
1719750046059.00, -143558, -466764, -943 
1719750046081.00, -143479, -469893, -953 
1719750046103.00, -143819, -473005, -972 
1719750046125.00, -145171, -476134, -945 
1719750046146.00, -144245, -479294, -952 
1719750046168.00, -143816, -482428, -988 
1719750046189.00, -145797, -485564, -1009 
1719750046211.00, -147991, -488751, -1011 
1719750046232.00, -149398, -491993, -1013 
1719750046254.00, -150216, -495253, -1014 
1719750046275.00, -150783, -498526, -1026 
1719750046298.00, -151680, -501823, -1045 
1719750046319.00, -153415, -505129, -1022 
1719750046343.00, -153123, -508486, -963 
1719750046364.00, -148995, -511813, -992 
1719750046384.00, -148302, -515041, -1019 
1719750046407.00, -149247, -518278, -960 
1719750046429.00, -146488, -521519, -910 
1719750046451.00, -141558, -524705, -992 
1719750046474.00, -143164, -527783, -1017 
1719750046495.00, -145776, -530901, -902 
1719750046516.00, -140408, -534096, -932 
1719750046537.00, -138705, -537149, -1013 
1719750046560.00, -142409, -540175, -968 
1719750046582.00, -142070, -543279, -879 
1719750046603.00, -136336, -546360, -903 
1719750046625.00, -134259, -549336, -894 
1719750046647.00, -132725, -552260, -846 
1719750046668.00, -128705, -555121, -820 
1719750046691.00, -124758, -557919, -799 
1719750046711.00, -121030, -560623, -780 
1719750046733.00, -117557, -563247, -740 
1719750046755.00, -112952, -565820, -698 
1719750046777.00, -108042, -568271, -672 
1719750046799.00, -103517, -570597, -677 
1719750046820.00, -100712, -572847, -664 
1719750046843.00, -98440, -575046, -624 
1719750046863.00, -94729, -577165, -622 
1719750046886.00, -92119, -579212, -619 
1719750046907.00, -90470, -581211, -553 
1719750046929.00, -85815, -583166, -527 
1719750046950.00, -81141, -585024, -480 
1719750046972.00, -75350, -586764, -420 
1719750046994.00, -68354, -588401, -365 
1719750047016.00, -61039, -589870, -281 
1719750047037.00, -51380, -591189, -243 
1719750047058.00, -43326, -592301, -172 
1719750047080.00, -34571, -593236, -97 
1719750047102.00, -19096, -593988, -33 
1719750047123.00, -9648, -594412, 8 
1719750047144.00, -3816, -594631, 46 
1719750047166.00, 1496, -594706, 185 
1719750047188.00, 13097, -594676, 357 
1719750047209.00, 30515, -594393, 457 
1719750047231.00, 47251, -593741, 527 
1719750047252.00, 61174, -592730, 609 
1719750047275.00, 74498, -591400, 716 
1719750047296.00, 88540, -589777, 797 
1719750047318.00, 101742, -587855, 838 
1719750047343.00, 111862, -585634, 864 
1719750047361.00, 119530, -583178, 887 
1719750047383.00, 125485, -580578, 925 
1719750047404.00, 130626, -577816, 1160 
1719750047425.00, 148344, -574960, 1198 
1719750047447.00, 161252, -571715, 1095 
1719750047469.00, 162218, -568181, 1269 
1719750047491.00, 171974, -564618, 1227 
1719750047512.00, 174917, -560840, 1319 
1719750047534.00, 174725, -557021, 1319 
1719750047556.00, 174762, -553219, 1345 
1719750047578.00, 174747, -549395, 1379 
1719750047600.00, 174737, -545568, 1390 
1719750047621.00, 174590, -541757, 1383 
1719750047643.00, 174758, -537936, 1378 
1719750047670.00, 174683, -534112, 1353 
1719750047687.00, 174711, -530313, 1330 
1719750047708.00, 174767, -526504, 1332 
1719750047730.00, 174790, -522681, 1345 
1719750047752.00, 174483, -518857, 1365 
1719750047773.00, 174706, -515035, 1366 
1719750047796.00, 174588, -511212, 1378 
1719750047817.00, 174615, -507397, 1414 
1719750047840.00, 174770, -503580, 1447 
1719750047861.00, 174684, -499759, 1451 
1719750047883.00, 174736, -495950, 1431 
1719750047904.00, 174619, -492127, 1415 
1719750047927.00, 174627, -488307, 1378 
1719750047949.00, 174669, -484503, 1368 
1719750047971.00, 174798, -480685, 1393 
1719750048000.00, 174822, -476869, 1371 
1719750048014.00, 174701, -473053, 1351 
1719750048036.00, 174709, -469229, 1333 
1719750048059.00, 174456, -465412, 1320 
1719750048079.00, 174538, -461600, 1249 
1719750048103.00, 174720, -457796, 1218 
1719750048123.00, 174642, -453981, 1183 
1719750048145.00, 174622, -450175, 1138 
1719750048167.00, 172079, -446363, 1078 
1719750048189.00, 166921, -442603, 1036 
1719750048211.00, 161114, -438962, 957 
1719750048233.00, 152972, -435475, 885 
1719750048255.00, 143551, -432161, 815 
1719750048277.00, 82994, -429054, 755 
1719750048298.00, 47844, -427252, 735 
1719750048320.00, 27538, -426217, 619 
1719750048341.00, 15705, -425611, 522 
1719750048363.00, 8564, -425272, 399 
1719750048385.00, 4057, -425096, 227 
1719750048406.00, 1534, -425019, 43 
1719750048427.00, 1, -424998, -153 
1719750048449.00, -9659, -425008, -364 
1719750048470.00, -28038, -425208, -503 
1719750048491.00, -47425, -425796, -610 
1719750048514.00, -65286, -426807, -661 
1719750048535.00, -79088, -428232, -704 
1719750048556.00, -89910, -429941, -739 
1719750048579.00, -98196, -431896, -745 
1719750048601.00, -103304, -434020, -748 
1719750048622.00, -106658, -436285, -775 
1719750048644.00, -110152, -438620, -804 
1719750048665.00, -113789, -441005, -827 
1719750048687.00, -117405, -443490, -842 
1719750048709.00, -120390, -446052, -864 
1719750048731.00, -123142, -448663, -872 
1719750048752.00, -125465, -451372, -873 
1719750048774.00, -126928, -454096, -873 
1719750048796.00, -127623, -456835, -887 
1719750048817.00, -128691, -459627, -904 
1719750048840.00, -130379, -462416, -902 
1719750048861.00, -131229, -465249, -876 
1719750048882.00, -130162, -468130, -904 
1719750048905.00, -131144, -470960, -931 
1719750048926.00, -133120, -473794, -929 
1719750048948.00, -134223, -476696, -926 
1719750048969.00, -134696, -479616, -948 
1719750048991.00, -136154, -482539, -977 
1719750049013.00, -138758, -485516, -975 
1719750049035.00, -140164, -488536, -943 
1719750049057.00, -139095, -491586, -945 
1719750049078.00, -138266, -494616, -954 
1719750049100.00, -138303, -497620, -908 
1719750049122.00, -135436, -500631, -880 
1719750049143.00, -132040, -503582, -922 
1719750049165.00, -132330, -506439, -921 
1719750049187.00, -132649, -509332, -939 
1719750049208.00, -133973, -512217, -975 
1719750049230.00, -136983, -515125, -966 
1719750049252.00, -138206, -518115, -962 
1719750049273.00, -138431, -521113, -966 
1719750049295.00, -138678, -524141, -960 
1719750049317.00, -138430, -527159, -919 
1719750049339.00, -135900, -530166, -879 
1719750049361.00, -131758, -533129, -928 
1719750049383.00, -132242, -535995, -917 
1719750049404.00, -131912, -538852, -895 
1719750049426.00, -130379, -541730, -931 
1719750049448.00, -131601, -544568, -929 
1719750049470.00, -132164, -547425, -903 
1719750049491.00, -130905, -550325, -896 
1719750049513.00, -129830, -553167, -867 
1719750049535.00, -127219, -555979, -817 
1719750049556.00, -122477, -558749, -815 
1719750049578.00, -119712, -561407, -814 
1719750049599.00, -118167, -563999, -787 
1719750049621.00, -115438, -566578, -761 
1719750049645.00, -112319, -569091, -753 
1719750049665.00, -109968, -571503, -743 
1719750049687.00, -107907, -573906, -718 
1719750049708.00, -105231, -576255, -688 
1719750049730.00, -101605, -578531, -648 
1719750049751.00, -97287, -580735, -644 
1719750049773.00, -94373, -582843, -623 
1719750049795.00, -91163, -584884, -525 
1719750049817.00, -83375, -586841, -462 
1719750049838.00, -74828, -588652, -402 
1719750049861.00, -66216, -590261, -300 
1719750049882.00, -55120, -591697, -231 
1719750049902.00, -44222, -592872, -147 
1719750049925.00, -24033, -593838, -96 
1719750049946.00, -11784, -594373, -1 
1719750049969.00, -4404, -594630, 113 
1719750049989.00, 5833, -594723, 282 
1719750050011.00, 22639, -594610, 387 
1719750050033.00, 38962, -594131, 560 
1719750050054.00, 58885, -593299, 690 
1719750050080.00, 78558, -592034, 758 
1719750050097.00, 94215, -590311, 814 
1719750050119.00, 106704, -588272, 869 
1719750050141.00, 117496, -585938, 906 
1719750050163.00, 126354, -583367, 963 
1719750050185.00, 133985, -580597, 1105 
1719750050205.00, 147544, -577664, 1036 
1719750050227.00, 151261, -574426, 1073 
1719750050249.00, 155444, -571124, 1144 
1719750050270.00, 162140, -567719, 1091 
1719750050293.00, 162959, -564167, 1155 
1719750050314.00, 167150, -560601, 1161 
1719750050335.00, 169720, -556959, 1180 
1719750050357.00, 172321, -553248, 1186 
1719750050379.00, 174175, -549483, 1216 
1719750050409.00, 174913, -545667, 1226 
1719750050422.00, 174771, -541854, 1234 
1719750050444.00, 174844, -538028, 1255 
1719750050467.00, 174645, -534204, 1264 
1719750050488.00, 174658, -530399, 1289 
1719750050514.00, 174834, -526581, 1311 
1719750050532.00, 174824, -522767, 1328 
1719750050554.00, 174707, -518945, 1339 
1719750050576.00, 174798, -515116, 1336 
1719750050597.00, 174632, -511302, 1333 
1719750050625.00, 174731, -507493, 1352 
1719750050641.00, 174782, -503670, 1373 
1719750050662.00, 174857, -499861, 1394 
1719750050685.00, 174654, -496032, 1407 
1719750050707.00, 174788, -492213, 1403 
1719750050732.00, 174547, -488401, 1409 
1719750050750.00, 174586, -484577, 1406 
1719750050772.00, 174786, -480772, 1387 
1719750050794.00, 174864, -476953, 1376 
1719750050815.00, 174745, -473137, 1365 
1719750050841.00, 174727, -469316, 1369 
1719750050859.00, 174629, -465500, 1339 
1719750050881.00, 174570, -461684, 1307 
1719750050903.00, 174608, -457880, 1260 
1719750050925.00, 174406, -454068, 1200 
1719750050949.00, 174664, -450244, 1135 
1719750050968.00, 171873, -446437, 1062 
1719750050991.00, 165629, -442690, 978 
1719750051013.00, 156795, -439088, 915 
1719750051034.00, 147730, -435684, 822 
1719750051059.00, 136611, -432499, 725 
1719750051078.00, 79192, -429544, 621 
1719750051099.00, 45769, -427827, 556 
1719750051121.00, 26121, -426835, 450 
1719750051143.00, 14557, -426256, 348 
1719750051165.00, 7996, -425930, 263 
1719750051186.00, 4066, -425768, 111 
1719750051208.00, 1692, -425696, -23 
1719750051229.00, -379, -425668, -125 
1719750051251.00, -7999, -425679, -214 
1719750051272.00, -17885, -425853, -333 
1719750051295.00, -31338, -426241, -406 
1719750051315.00, -43767, -426915, -598 
1719750051337.00, -62427, -427859, -647 
1719750051359.00, -76474, -429205, -676 
1719750051381.00, -86612, -430867, -709 
1719750051402.00, -94351, -432748, -721 
1719750051423.00, -99755, -434806, -705 
1719750051445.00, -102057, -436965, -697 
1719750051467.00, -102654, -439178, -681 
1719750051489.00, -101887, -441417, -664 
1719750051511.00, -100599, -443641, -695 
1719750051533.00, -101655, -445824, -707 
1719750051554.00, -102803, -448033, -705 
1719750051576.00, -103307, -450265, -702 
1719750051598.00, -103440, -452525, -716 
1719750051619.00, -104270, -454783, -747 
1719750051641.00, -106567, -457037, -779 
1719750051663.00, -110003, -459370, -808 
1719750051684.00, -113104, -461777, -986 
1719750051706.00, -126120, -464236, -821 
1719750051728.00, -123869, -466990, -897 
1719750051750.00, -126927, -469690, -904 
1719750051771.00, -129079, -472445, -901 
1719750051794.00, -130067, -475261, -887 
1719750051815.00, -129841, -478113, -912 
1719750051837.00, -130854, -480922, -896 
1719750051859.00, -130808, -483787, -862 
1719750051880.00, -128618, -486629, -871 
1719750051902.00, -128111, -489410, -905 
1719750051923.00, -129482, -492207, -914 
1719750051945.00, -130819, -495019, -881 
1719750051967.00, -129548, -497861, -906 
1719750051989.00, -130110, -500698, -893 
1719750052010.00, -129630, -503538, -883 
1719750052032.00, -128866, -506351, -884 
1719750052055.00, -128514, -509151, -909 
1719750052076.00, -129786, -511948, -910 
1719750052097.00, -130492, -514768, -916 
1719750052119.00, -131285, -517614, -926 
1719750052140.00, -132211, -520469, -874 
1719750052163.00, -129697, -523346, -849 
1719750052185.00, -126517, -526165, -857 
1719750052206.00, -125056, -528904, -825 
1719750052227.00, -122488, -531613, -799 
1719750052249.00, -119250, -534282, -810 
1719750052271.00, -117685, -536873, -792 
1719750052293.00, -115489, -539425, -739 
1719750052315.00, -111285, -541946, -742 
1719750052336.00, -108959, -544363, -794 
1719750052358.00, -110495, -546732, -775 
1719750052379.00, -110339, -549149, -736 
1719750052401.00, -107952, -551542, -751 
1719750052423.00, -107501, -553889, -756 
1719750052445.00, -107430, -556231, -698 
1719750052466.00, -103974, -558558, -656 
1719750052488.00, -99336, -560813, -690 
1719750052509.00, -98246, -562961, -656 
1719750052532.00, -95910, -565089, -580 
1719750052553.00, -89905, -567165, -606 
1719750052575.00, -87843, -569125, -618 
1719750052598.00, -87382, -571003, -579 
1719750052618.00, -84749, -572904, -590 
1719750052640.00, -83730, -574743, -585 
1719750052661.00, -83035, -576554, -551 
1719750052683.00, -80543, -578348, -490 
1719750052707.00, -75338, -580077, -465 
1719750052726.00, -70768, -581715, -429 
1719750052748.00, -65917, -583233, -353 
1719750052770.00, -58116, -584662, -308 
1719750052791.00, -50913, -585918, -262 
1719750052814.00, -43867, -587011, -200 
1719750052835.00, -35903, -587973, -140 
1719750052856.00, -27591, -588755, -70 
1719750052878.00, -18573, -589352, -2 
1719750052899.00, -8947, -589747, 77 
1719750052920.00, 715, -589940, 169 
1719750052942.00, 12327, -589935, 303 
1719750052964.00, 27208, -589677, 412 
1719750052985.00, 43067, -589104, 430 
1719750053007.00, 53156, -588178, 630 
1719750053030.00, 71236, -587018, 722 
1719750053050.00, 87517, -585478, 746 
1719750053071.00, 98413, -583569, 790 
1719750053093.00, 107396, -581432, 838 
1719750053115.00, 115663, -579087, 863 
1719750053142.00, 121912, -576550, 895 
1719750053158.00, 127804, -573892, 936 
1719750053179.00, 133030, -571095, 1082 
1719750053202.00, 145196, -568190, 990 
1719750053222.00, 146893, -565027, 1032 
1719750053249.00, 150094, -561814, 1106 
1719750053267.00, 156312, -558520, 1094 
1719750053288.00, 159198, -555108, 1162 
1719750053309.00, 165169, -551616, 1175 
1719750053332.00, 169179, -548008, 1192 
1719750053355.00, 172499, -544296, 1209 
1719750053376.00, 175035, -540537, 1213 
1719750053397.00, 174657, -536723, 1231 
1719750053419.00, 174720, -532896, 1263 
1719750053441.00, 174702, -529077, 1269 
1719750053463.00, 174559, -525260, 1275 
1719750053485.00, 174555, -521439, 1275 
1719750053506.00, 174547, -517626, 1297 
1719750053528.00, 174616, -513817, 1303 
1719750053549.00, 174684, -509999, 1326 
1719750053578.00, 174773, -506184, 1340 
1719750053594.00, 175014, -502362, 1341 
1719750053615.00, 174758, -498531, 1356 
1719750053637.00, 174425, -494720, 1349 
1719750053659.00, 174441, -490908, 1350 
1719750053681.00, 174664, -487093, 1340 
1719750053703.00, 174828, -483284, 1327 
1719750053725.00, 174737, -479468, 1320 
1719750053746.00, 174669, -475642, 1300 
1719750053768.00, 174452, -471832, 1272 
1719750053790.00, 174498, -468021, 1233 
1719750053811.00, 173737, -464214, 1198 
1719750053833.00, 171086, -460413, 1146 
1719750053855.00, 166404, -456684, 1118 
1719750053877.00, 161822, -453057, 1069 
1719750053898.00, 156356, -449530, 1021 
1719750053922.00, 150077, -446118, 974 
1719750053943.00, 143581, -442858, 943 
1719750053965.00, 137742, -439754, 917 
1719750053987.00, 132902, -436768, 846 
1719750054009.00, 125965, -433885, 765 
1719750054031.00, 116630, -431172, 677 
1719750054052.00, 63959, -428656, 591 
1719750054074.00, 33179, -427256, 534 
1719750054095.00, 15175, -426517, 473 
1719750054117.00, 4947, -426178, 360 
1719750054138.00, -575, -426070, 250 
1719750054160.00, -4262, -426087, 89 
1719750054181.00, -6387, -426189, -70 
1719750054203.00, -11663, -426332, -186 
1719750054226.00, -21497, -426587, -290 
1719750054246.00, -33955, -427048, -343 
1719750054268.00, -44081, -427790, -570 
1719750054290.00, -63822, -428743, -605 
1719750054311.00, -77862, -430112, -611 
1719750054332.00, -86130, -431805, -648 
1719750054354.00, -93099, -433666, -661 
1719750054376.00, -97895, -435697, -654 
1719750054398.00, -100241, -437822, -654 
1719750054419.00, -101418, -439986, -661 
1719750054441.00, -102268, -442200, -647 
1719750054463.00, -101995, -444437, -637 
1719750054485.00, -101210, -446648, -656 
1719750054507.00, -101573, -448834, -665 
1719750054528.00, -102311, -451065, -655 
1719750054550.00, -102221, -453288, -658 
1719750054571.00, -101849, -455502, -675 
1719750054593.00, -102688, -457723, -682 
1719750054615.00, -103425, -459961, -686 
1719750054637.00, -104111, -462212, -691 
1719750054658.00, -104748, -464479, -693 
1719750054680.00, -105004, -466757, -691 
1719750054702.00, -105045, -469050, -695 
1719750054723.00, -105181, -471335, -696 
1719750054745.00, -105289, -473616, -700 
1719750054767.00, -105509, -475916, -712 
1719750054789.00, -106449, -478216, -717 
1719750054810.00, -107199, -480530, -725 
1719750054832.00, -107985, -482859, -740 
1719750054854.00, -109158, -485215, -761 
1719750054876.00, -111098, -487594, -783 
1719750054897.00, -113564, -490007, -802 
1719750054919.00, -116006, -492488, -814 
1719750054941.00, -118206, -495010, -821 
1719750054963.00, -120110, -497589, -859 
1719750054983.00, -123007, -500220, -1015 
1719750055005.00, -134157, -502907, -918 
1719750055028.00, -135067, -505821, -975 
1719750055049.00, -139016, -508766, -977 
1719750055071.00, -141425, -511796, -990 
1719750055092.00, -143342, -514867, -1005 
1719750055114.00, -145445, -518014, -1039 
1719750055136.00, -148445, -521181, -1042 
1719750055157.00, -150440, -524429, -1018 
1719750055179.00, -149942, -527713, -1046 
1719750055201.00, -151405, -530990, -1039 
1719750055224.00, -151781, -534300, -974 
1719750055246.00, -148115, -537590, -957 
1719750055267.00, -144649, -540816, -970 
1719750055289.00, -143440, -543964, -938 
1719750055311.00, -140570, -547062, -908 
1719750055332.00, -136998, -550137, -885 
1719750055354.00, -133461, -553111, -862 
1719750055376.00, -129919, -556000, -826 
1719750055398.00, -125515, -558827, -792 
1719750055419.00, -121006, -561542, -775 
1719750055441.00, -117184, -564163, -770 
1719750055462.00, -114491, -566718, -748 
1719750055484.00, -111308, -569212, -734 
1719750055506.00, -108808, -571613, -683 
1719750055528.00, -104255, -573984, -671 
1719750055550.00, -100692, -576253, -654 
1719750055570.00, -97501, -578432, -611 
1719750055592.00, -93002, -580535, -582 
1719750055615.00, -88406, -582552, -526 
1719750055636.00, -82482, -584458, -431 
1719750055662.00, -73194, -586236, -372 
1719750055680.00, -64097, -587817, -288 
1719750055701.00, -53857, -589200, -246 
1719750055722.00, -45085, -590357, -192 
1719750055745.00, -36567, -591337, -140 
1719750055769.00, -28594, -592136, -93 
1719750055787.00, -20920, -592753, -49 
1719750055808.00, -10720, -593207, 1 
1719750055831.00, -4546, -593443, 49 
1719750055851.00, 1309, -593543, 129 
1719750055876.00, 10030, -593522, 235 
1719750055895.00, 21587, -593310, 321 
1719750055917.00, 33793, -592851, 397 
1719750055938.00, 45578, -592132, 519 
1719750055960.00, 59837, -591148, 609 
1719750055983.00, 73571, -589854, 631 
1719750056004.00, 83019, -588261, 693 
1719750056025.00, 92238, -586446, 763 
1719750056046.00, 101835, -584450, 811 
1719750056068.00, 110302, -582225, 842 
1719750056095.00, 117309, -579816, 868 
1719750056112.00, 122748, -577246, 890 
1719750056133.00, 127255, -574572, 922 
1719750056155.00, 132011, -571809, 963 
1719750056176.00, 136661, -568914, 1127 
1719750056198.00, 149575, -565924, 1097 
1719750056219.00, 155330, -562645, 1137 
1719750056241.00, 160981, -559249, 1205 
1719750056263.00, 168439, -555720, 1198 
1719750056285.00, 172226, -552031, 1230 
1719750056307.00, 174748, -548261, 1235 
1719750056329.00, 174864, -544426, 1249 
1719750056350.00, 174710, -540612, 1251 
1719750056372.00, 174684, -536812, 1266 
1719750056393.00, 174715, -532990, 1261 
1719750056420.00, 174767, -529172, 1258 
1719750056437.00, 174432, -525355, 1251 
1719750056459.00, 174718, -521543, 1253 
1719750056481.00, 174555, -517720, 1260 
1719750056503.00, 174606, -513907, 1259 
1719750056525.00, 174693, -510100, 1278 
1719750056546.00, 174622, -506285, 1272 
1719750056568.00, 174808, -502464, 1267 
1719750056590.00, 174663, -498637, 1277 
1719750056612.00, 174581, -494814, 1270 
1719750056636.00, 174442, -491004, 1260 
1719750056656.00, 174633, -487197, 1257 
1719750056678.00, 174643, -483380, 1262 
1719750056699.00, 174720, -479563, 1255 
1719750056721.00, 174840, -475737, 1252 
1719750056746.00, 174584, -471928, 1239 
1719750056765.00, 173991, -468104, 1212 
1719750056786.00, 172045, -464319, 1192 
1719750056808.00, 169827, -460556, 1165 
1719750056830.00, 167049, -456850, 1125 
1719750056856.00, 162746, -453211, 1102 
1719750056873.00, 158699, -449664, 1072 
1719750056895.00, 154466, -446201, 1042 
1719750056919.00, 150275, -442829, 988 
1719750056940.00, 144558, -439577, 948 
1719750056965.00, 138607, -436445, 906 
1719750056984.00, 132579, -433431, 821 
1719750057005.00, 123976, -430555, 692 
1719750057027.00, 68197, -427904, 568 
1719750057049.00, 35521, -426415, 471 
1719750057076.00, 16593, -425630, 392 
1719750057091.00, 5600, -425258, 291 
1719750057113.00, -229, -425142, 164 
1719750057134.00, -4018, -425156, -16 
1719750057157.00, -7162, -425254, -213 
1719750057178.00, -20849, -425418, -384 
1719750057199.00, -38991, -425868, -588 
1719750057221.00, -62076, -426694, -682 
1719750057242.00, -81385, -428037, -683 
1719750057265.00, -92764, -429798, -726 
1719750057287.00, -101917, -431815, -745 
1719750057307.00, -108182, -434037, -746 
1719750057330.00, -111982, -436400, -741 
1719750057351.00, -113855, -438853, -747 
1719750057373.00, -115279, -441321, -767 
1719750057397.00, -117065, -443840, -790 
1719750057417.00, -119408, -446378, -807 
1719750057438.00, -121628, -448972, -828 
1719750057459.00, -124105, -451649, -832 
1719750057481.00, -125695, -454344, -844 
1719750057503.00, -127394, -457070, -843 
1719750057525.00, -128018, -459846, -842 
1719750057547.00, -128254, -462632, -848 
1719750057569.00, -128668, -465410, -853 
1719750057590.00, -129201, -468233, -859 
1719750057612.00, -129366, -471040, -803 
1719750057634.00, -126354, -473846, -755 
1719750057655.00, -121694, -476591, -722 
1719750057677.00, -116603, -479227, -721 
1719750057699.00, -113463, -481747, -696 
1719750057720.00, -110062, -484238, -688 
1719750057742.00, -107422, -486618, -736 
1719750057764.00, -108559, -488944, -758 
1719750057786.00, -110670, -491321, -753 
1719750057808.00, -111543, -493733, -779 
1719750057829.00, -113599, -496153, -828 
1719750057851.00, -117529, -498623, -836 
1719750057872.00, -120276, -501197, -838 
1719750057894.00, -122029, -503823, -849 
1719750057917.00, -123708, -506470, -838 
1719750057938.00, -124004, -509168, -863 
1719750057960.00, -125531, -511858, -875 
1719750057981.00, -127098, -514581, -858 
1719750058003.00, -126928, -517365, -836 
1719750058025.00, -125480, -520132, -845 
1719750058046.00, -124979, -522853, -841 
1719750058068.00, -124430, -525558, -796 
1719750058090.00, -121367, -528264, -835 
1719750058112.00, -121627, -530900, -887 
1719750058133.00, -124865, -533574, -856 
1719750058155.00, -124986, -536292, -813 
1719750058177.00, -122430, -538998, -834 
1719750058199.00, -122126, -541662, -843 
1719750058221.00, -122499, -544313, -807 
1719750058243.00, -120498, -546965, -805 
1719750058263.00, -118985, -549609, -810 
1719750058287.00, -118391, -552195, -756 
1719750058307.00, -114770, -554749, -725 
1719750058328.00, -110677, -557246, -754 
1719750058351.00, -109793, -559658, -724 
1719750058372.00, -107671, -562040, -652 
1719750058395.00, -102082, -564365, -680 
1719750058416.00, -100411, -566595, -697 
1719750058438.00, -100047, -568781, -631 
1719750058459.00, -96198, -570939, -624 
1719750058481.00, -93308, -573030, -658 
1719750058503.00, -93619, -575055, -616 
1719750058524.00, -91384, -577077, -608 
1719750058546.00, -89550, -579057, -631 
1719750058568.00, -89599, -580986, -567 
1719750058588.00, -85859, -582936, -558 
1719750058611.00, -83126, -584795, -519 
1719750058632.00, -79080, -586581, -487 
1719750058654.00, -74613, -588291, -426 
1719750058676.00, -68501, -589899, -353 
1719750058697.00, -60242, -591382, -304 
1719750058722.00, -52248, -592679, -239 
1719750058740.00, -43604, -593809, -172 
1719750058762.00, -23925, -594759, -117 
1719750058784.00, -12181, -595307, -65 
1719750058804.00, -5498, -595584, -4 
1719750058828.00, -1615, -595698, 83 
1719750058848.00, 5031, -595731, 178 
1719750058869.00, 15049, -595633, 303 
1719750058891.00, 28727, -595313, 405 
1719750058913.00, 42877, -594697, 508 
1719750058938.00, 57420, -593772, 652 
1719750058956.00, 74511, -592525, 736 
1719750058978.00, 89802, -590897, 789 
1719750059000.00, 101933, -588954, 847 
1719750059021.00, 112454, -586719, 883 
1719750059046.00, 121399, -584256, 946 
1719750059063.00, 129680, -581592, 1245 
1719750059085.00, 153096, -578761, 1089 
1719750059107.00, 157481, -575404, 1159 
1719750059129.00, 164077, -571960, 1226 
1719750059159.00, 171695, -568361, 1185 
1719750059172.00, 173559, -564599, 1244 
1719750059194.00, 174818, -560804, 1223 
1719750059216.00, 174747, -556989, 1246 
1719750059238.00, 174619, -553175, 1271 
1719750059264.00, 174721, -549352, 1294 
1719750059281.00, 174734, -545544, 1294 
1719750059303.00, 174716, -541725, 1299 
1719750059325.00, 174786, -537905, 1311 
1719750059346.00, 174736, -534087, 1313 
1719750059374.00, 174665, -530267, 1300 
1719750059391.00, 174773, -526460, 1308 
1719750059412.00, 174770, -522649, 1325 
1719750059434.00, 174498, -518816, 1324 
1719750059456.00, 174521, -514994, 1318 
1719750059477.00, 174476, -511185, 1310 
1719750059499.00, 174668, -507377, 1309 
1719750059521.00, 174698, -503565, 1298 
1719750059543.00, 174695, -499745, 1281 
1719750059565.00, 174863, -495927, 1262 
1719750059591.00, 174663, -492111, 1249 
1719750059608.00, 174438, -488290, 1255 
1719750059631.00, 174458, -484481, 1239 
1719750059652.00, 174165, -480675, 1223 
1719750059674.00, 172966, -476862, 1217 
1719750059696.00, 171883, -473087, 1213 
1719750059718.00, 170855, -469343, 1205 
1719750059739.00, 169798, -465607, 1175 
1719750059761.00, 167283, -461903, 1138 
1719750059783.00, 163582, -458247, 1105 
1719750059805.00, 159469, -454688, 1059 
1719750059826.00, 154169, -451212, 1011 
1719750059850.00, 148146, -447846, 959 
1719750059872.00, 141490, -444636, 911 
1719750059893.00, 134633, -441561, 866 
1719750059915.00, 127567, -438644, 794 
1719750059937.00, 119414, -435878, 694 
1719750059959.00, 108592, -433293, 602 
1719750059980.00, 96464, -430948, 525 
1719750060001.00, 52727, -428884, 435 
1719750060026.00, 26796, -427736, 361 
1719750060045.00, 11989, -427133, 246 
1719750060067.00, 2959, -426876, 123 
1719750060088.00, -1699, -426817, 26 
1719750060110.00, -4799, -426858, -134 
1719750060131.00, -14389, -426971, -293 
1719750060153.00, -29957, -427278, -364 
1719750060174.00, -43192, -427921, -466 
1719750060196.00, -57041, -428850, -571 
1719750060218.00, -71306, -430076, -588 
1719750060240.00, -80906, -431639, -631 
1719750060261.00, -89130, -433388, -687 
1719750060283.00, -97258, -435339, -709 
1719750060304.00, -103126, -437444, -708 
1719750060326.00, -106291, -439691, -714 
1719750060347.00, -108598, -442017, -717 
1719750060369.00, -110104, -444383, -712 
1719750060391.00, -110450, -446770, -718 
1719750060412.00, -110918, -449170, -735 
1719750060435.00, -112255, -451606, -767 
1719750060456.00, -114747, -454045, -786 
1719750060478.00, -117337, -456530, -802 
1719750060500.00, -119633, -459096, -813 
1719750060521.00, -121597, -461705, -825 
1719750060543.00, -123492, -464351, -823 
1719750060565.00, -124246, -467033, -810 
1719750060586.00, -123915, -469731, -819 
1719750060608.00, -123981, -472422, -823 
1719750060630.00, -124201, -475127, -841 
1719750060651.00, -125382, -477835, -832 
1719750060673.00, -125460, -480554, -826 
1719750060695.00, -125070, -483285, -846 
1719750060717.00, -125984, -486001, -856 
1719750060739.00, -126968, -488740, -846 
1719750060760.00, -126730, -491503, -822 
1719750060781.00, -125267, -494272, -799 
1719750060804.00, -122746, -496981, -758 
1719750060825.00, -118897, -499647, -729 
1719750060847.00, -114601, -502229, -755 
1719750060869.00, -113443, -504727, -790 
1719750060891.00, -115062, -507194, -760 
1719750060914.00, -114006, -509700, -747 
1719750060934.00, -112649, -512168, -784 
1719750060956.00, -113939, -514611, -781 
1719750060977.00, -114437, -517112, -741 
1719750060999.00, -112222, -519597, -739 
1719750061022.00, -110830, -522017, -747 
1719750061042.00, -110534, -524434, -731 
1719750061064.00, -109246, -526843, -707 
1719750061086.00, -106878, -529212, -697 
1719750061108.00, -104837, -531525, -702 
1719750061129.00, -103641, -533813, -689 
1719750061152.00, -102372, -536086, -684 
1719750061173.00, -101411, -538281, -697 
1719750061195.00, -101221, -540496, -684 
1719750061217.00, -100453, -542710, -659 
1719750061238.00, -98528, -544882, -686 
1719750061260.00, -98697, -547018, -693 
1719750061281.00, -99344, -549175, -640 
1719750061303.00, -96835, -551313, -631 
1719750061324.00, -94421, -553413, -655 
1719750061347.00, -94443, -555451, -590 
1719750061368.00, -90490, -557488, -580 
1719750061390.00, -87435, -559462, -591 
1719750061412.00, -86369, -561346, -549 
1719750061433.00, -82951, -563211, -558 
1719750061457.00, -81630, -565015, -511 
1719750061476.00, -78026, -566780, -496 
1719750061498.00, -74899, -568477, -475 
1719750061519.00, -71779, -570087, -453 
1719750061541.00, -68485, -571642, -423 
1719750061563.00, -64593, -573129, -411 
1719750061584.00, -61839, -574537, -388 
1719750061606.00, -58788, -575872, -381 
1719750061627.00, -56646, -577138, -357 
1719750061649.00, -53810, -578369, -346 
1719750061675.00, -51561, -579527, -340 
1719750061693.00, -49664, -580639, -327 
1719750061714.00, -47823, -581730, -326 
1719750061735.00, -46836, -582764, -318 
1719750061758.00, -45858, -583774, -307 
1719750061784.00, -44428, -584771, -311 
1719750061801.00, -43855, -585731, -306 
1719750061822.00, -43143, -586673, -300 
1719750061844.00, -42303, -587614, -294 
1719750061865.00, -41625, -588536, -298 
1719750061887.00, -41600, -589430, -289 
1719750061909.00, -40847, -590323, -263 
1719750061931.00, -38930, -591213, -267 
1719750061951.00, -37843, -592059, -248 
1719750061973.00, -36406, -592875, -246 
1719750061995.00, -20548, -593658, -211 
1719750062017.00, -10993, -594123, -204 
1719750062039.00, -5151, -594373, -199 
1719750062060.00, -1736, -594488, -163 
1719750062081.00, 60, -594530, -175 
1719750062103.00, 748, -594533, -154 
1719750062125.00, 1378, -594523, -137 
1719750062146.00, 1861, -594495, -123 
1719750062167.00, 2149, -594455, -94 
1719750062189.00, 2329, -594407, -85 
1719750062210.00, 2412, -594357, -72 
1719750062233.00, 2388, -594302, -41 
1719750062254.00, 2413, -594248, -24 
1719750062276.00, 2474, -594196, -16 
1719750062296.00, 2488, -594141, 9 
1719750062318.00, 2392, -594083, 80 
1719750062340.00, 7228, -594035, 46 
1719750062362.00, 8057, -593885, 57 
1719750062383.00, 8968, -593714, 64 
1719750062405.00, 10086, -593518, 76 
1719750062426.00, 11342, -593304, 74 
1719750062447.00, 11717, -593061, 68 
1719750062469.00, 11576, -592804, 75 
1719750062523.00, 12384, -592555, 75 
1719750062524.00, 12295, -592295, 66 
1719750062532.00, 11749, -592033, 52 
1719750062555.00, -6, -591770, -111 
1719750062577.00, 0, -591730, -119 
1719750062598.00, 0, -591730, -129 
1719750062619.00, 0, -591732, -131 
1719750062640.00, 0, -591731, -121 
1719750062661.00, -19, -591730, -113 
1719750062682.00, -3, -591731, -120 
1719750062703.00, 0, -591732, -124 
1719750062724.00, -1, -591729, -110 
1719750062745.00, 21, -591730, -124 
1719750062767.00, 5, -591732, -126 
1719750062788.00, 4, -591730, -115 
1719750062809.00, -5, -591731, -120 
1719750062830.00, 3, -591730, -121 
1719750062851.00, 0, -591731, -122 
1719750062872.00, 0, -591730, -114 
1719750062893.00, 0, -591732, -123 
1719750062915.00, 0, -591730, -124 
1719750062936.00, 0, -591731, -114 
1719750062957.00, 0, -591731, -123 
1719750062978.00, 0, -591731, -121 
1719750063000.00, 24, -591731, -120 
1719750063020.00, 4, -591732, -119 
1719750063042.00, 25, -591731, -121 
1719750063063.00, -49, -591731, -123 
1719750063084.00, 28, -591730, -116 
1719750063106.00, 1, -591732, -123 
1719750063127.00, 3, -591732, -120 
1719750063148.00, -60, -591731, -119 
1719750063168.00, 0, -591731, -121 
1719750063190.00, -4, -591732, -119 
1719750063211.00, 3, -591731, -122 
1719750063233.00, 0, -591732, -117 
1719750063254.00, 0, -591732, -122 
1719750063274.00, -28, -591731, -121 
1719750063296.00, 34, -591731, -118 
1719750063317.00, 0, -591732, -122 
1719750063338.00, 44, -591731, -121 
1719750063360.00, -3, -591732, -119 
1719750063381.00, 24, -591731, -121 
1719750063402.00, -23, -591732, -119 
1719750063424.00, 59, -591732, -121 
1719750063445.00, -31, -591732, -120 
1719750063467.00, 6, -591732, -120 
1719750063487.00, -34, -591731, -121 
1719750063508.00, 5, -591732, -119 
1719750063529.00, 0, -591730, -121 
1719750063551.00, 0, -591732, -119 
1719750063571.00, 0, -591732, -120 
1719750063592.00, 0, -591732, -120 
1719750063613.00, 0, -591732, -120 
1719750063635.00, -13, -591732, -121 
1719750063656.00, -65, -591732, -119 
1719750063677.00, 0, -591732, -121 
1719750063699.00, 0, -591732, -120 
1719750063720.00, 19, -591732, -120 
1719750063741.00, -19, -591732, -121 
1719750063762.00, 12, -591732, -119 
1719750063783.00, 8, -591732, -121 
1719750063805.00, 6, -591731, -120 
1719750063826.00, 0, -591731, -120 
1719750063847.00, -20, -591731, -120 
1719750063868.00, 0, -591732, -120 
1719750063889.00, -36, -591731, -121 
1719750063910.00, 57, -591732, -120 
1719750063932.00, 40, -591733, -121 
1719750063953.00, 0, -591731, -120 
1719750063974.00, 2, -591731, -120 
1719750063995.00, 0, -591731, -120 
1719750064017.00, 0, -591733, -120 
1719750064038.00, 34, -591732, -121 
1719750064059.00, 0, -591732, -120 
1719750064080.00, -22, -591732, -120 
1719750064100.00, -60, -591732, -120 
1719750064122.00, 0, -591732, -120 
1719750064143.00, 0, -591732, -121 
1719750064164.00, 4, -591733, -120 
1719750064186.00, 0, -591732, -121 
1719750064207.00, 0, -591731, -120 
1719750064228.00, 42, -591732, -120 
1719750064250.00, 0, -591731, -120 
1719750064270.00, 0, -591731, -120 
1719750064292.00, -15, -591732, -121 
1719750064313.00, 0, -591733, -120 
1719750064334.00, -59, -591732, -120 
1719750064355.00, -37, -591733, -120 
1719750064377.00, 58, -591732, -120 
1719750064398.00, 1, -591732, -120 
1719750064418.00, -31, -591732, -120 
1719750064440.00, -1, -591731, -120 
1719750064461.00, 9, -591732, -120 
1719750064482.00, 11, -591732, -120 
1719750064504.00, 4, -591731, -120 
1719750064524.00, 0, -591733, -120 
1719750064546.00, -65, -591733, -120 
1719750064567.00, -15, -591732, -120 
1719750064588.00, 0, -591731, -120 
1719750064609.00, -4, -591732, -120 
1719750064631.00, 0, -591732, -120 
1719750064651.00, 0, -591732, -120 
1719750064672.00, 0, -591732, -120 
1719750064694.00, 0, -591732, -120 
1719750064714.00, 0, -591732, -120 
1719750064736.00, 0, -591732, -120 
1719750064757.00, 0, -591732, -120 
1719750064778.00, 4, -591732, -120 
1719750064800.00, 0, -591731, -120 
1719750064820.00, 0, -591732, -120 
1719750064842.00, -4, -591732, -120 
1719750064863.00, 3, -591731, -120 
1719750064884.00, -34, -591732, -120 
1719750064905.00, -36, -591732, -120 
1719750064927.00, 24, -591733, -120 
1719750064948.00, 1, -591732, -120 
1719750064969.00, 2, -591732, -120 
1719750064990.00, 26, -591731, -120 
1719750065011.00, 0, -591732, -120 
1719750065032.00, 18, -591732, -120 
1719750065054.00, 0, -591732, -120 
1719750065075.00, 0, -591731, -120 
1719750065096.00, 1, -591731, -120 
1719750065117.00, 37, -591732, -120 
1719750065138.00, -8, -591733, -120 
1719750065160.00, -2, -591732, -120 
1719750065181.00, 4, -591731, -120 
1719750065202.00, 8, -591732, -120 
1719750065223.00, -3, -591732, -120 
1719750065244.00, 0, -591732, -120 
1719750065265.00, 1, -591732, -120 
1719750065287.00, -26, -591732, -120 
1719750065308.00, 0, -591732, -120 
1719750065329.00, -2, -591732, -120 
1719750065350.00, -15, -591731, -120 
1719750065371.00, 0, -591732, -120 
1719750065392.00, 0, -591733, -120 
1719750065414.00, -50, -591732, -120 
1719750065435.00, -27, -591732, -120 
1719750065456.00, 0, -591732, -120 
