1719910389170.00, 0, -592693, 9 
1719910389192.00, 0, -592693, 9 
1719910389212.00, 0, -592693, 9 
1719910389233.00, 0, -592693, 9 
1719910389254.00, 0, -592694, 9 
1719910389283.00, 0, -592693, 9 
1719910389297.00, 0, -592693, 9 
1719910389317.00, 53, -592693, 9 
1719910389339.00, 0, -592692, 9 
1719910389360.00, 0, -592694, 9 
1719910389383.00, 2, -592694, 9 
1719910389402.00, 0, -592693, 9 
1719910389423.00, 0, -592693, 9 
1719910389444.00, 0, -592693, 9 
1719910389465.00, 4, -592693, 9 
1719910389486.00, 0, -592694, 9 
1719910389507.00, 0, -592692, 9 
1719910389529.00, -32, -592693, 9 
1719910389549.00, 0, -592692, 9 
1719910389570.00, 0, -592692, 9 
1719910389590.00, 0, -592693, 10 
1719910389613.00, 0, -592693, 10 
1719910389634.00, 0, -592693, 10 
1719910389655.00, 0, -592693, 10 
1719910389676.00, 0, -592693, 10 
1719910389696.00, 56, -592693, 11 
1719910389718.00, 795, -592693, 11 
1719910389740.00, 1154, -592681, 9 
1719910389761.00, 658, -592656, 8 
1719910389783.00, 330, -592643, 11 
1719910389803.00, 855, -592634, 10 
1719910389825.00, 0, -592615, 8 
1719910389846.00, -14, -592613, 10 
1719910389868.00, 48, -592612, 10 
1719910389889.00, 0, -592613, 9 
1719910389909.00, 7, -592613, 8 
1719910389930.00, 0, -592612, 9 
1719910389951.00, 0, -592612, 9 
1719910389972.00, 30, -592612, 9 
1719910389993.00, 0, -592612, 10 
1719910390015.00, 0, -592612, 10 
1719910390041.00, 0, -592613, 10 
1719910390057.00, 0, -592612, 10 
1719910390078.00, 0, -592612, 9 
1719910390099.00, 0, -592612, 9 
1719910390121.00, 63, -592611, 9 
1719910390141.00, 0, -592612, 9 
1719910390162.00, 0, -592612, 9 
1719910390183.00, -1, -592611, 10 
1719910390204.00, 0, -592612, 10 
1719910390226.00, 0, -592611, 10 
1719910390247.00, 0, -592611, 10 
1719910390268.00, -3, -592612, 9 
1719910390289.00, 0, -592612, 9 
1719910390309.00, 0, -592611, 9 
1719910390331.00, -3, -592612, 10 
1719910390352.00, 0, -592611, 10 
1719910390374.00, 0, -592611, 10 
1719910390394.00, 0, -592611, 10 
1719910390415.00, 0, -592611, 10 
1719910390436.00, 51, -592612, 10 
1719910390457.00, 0, -592611, 10 
1719910390479.00, 0, -592611, 10 
1719910390500.00, 0, -592611, 10 
1719910390521.00, -2, -592612, 10 
1719910390542.00, 0, -592610, 10 
1719910390564.00, 0, -592611, 11 
1719910390587.00, 669, -592612, 11 
1719910390606.00, 1136, -592601, 9 
1719910390631.00, 680, -592578, 8 
1719910390649.00, 387, -592562, 11 
1719910390670.00, 905, -592554, 11 
1719910390691.00, 1189, -592535, 8 
1719910390713.00, 679, -592511, 8 
1719910390734.00, 370, -592495, 10 
1719910390756.00, 0, -592487, 10 
1719910390776.00, 63, -592486, 9 
1719910390797.00, 1, -592485, 8 
1719910390818.00, 0, -592485, 9 
1719910390840.00, 0, -592484, 9 
1719910390861.00, 51, -592484, 10 
1719910390882.00, 0, -592485, 9 
1719910390903.00, 0, -592485, 9 
1719910390924.00, 0, -592485, 10 
1719910390945.00, 0, -592485, 10 
1719910390966.00, 0, -592484, 10 
1719910390988.00, 0, -592483, 11 
1719910391008.00, 675, -592483, 11 
1719910391035.00, 1078, -592473, 10 
1719910391052.00, 0, -592450, 10 
1719910391073.00, 0, -592447, 13 
1719910391093.00, 738, -592447, 12 
1719910391115.00, 1219, -592433, 8 
1719910391137.00, 787, -592408, 8 
1719910391158.00, 491, -592391, 10 
1719910391179.00, 59, -592381, 9 
1719910391201.00, 2, -592379, 9 
1719910391221.00, -1, -592378, 9 
1719910391243.00, 24, -592378, 8 
1719910391264.00, 24, -592377, 8 
1719910391285.00, 0, -592376, 9 
1719910391306.00, 17, -592376, 9 
1719910391328.00, 64, -592377, 9 
1719910391348.00, 12, -592376, 9 
1719910391369.00, 32, -592376, 10 
1719910391390.00, 0, -592375, 10 
1719910391412.00, 0, -592375, 10 
1719910391433.00, 0, -592375, 10 
1719910391454.00, 0, -592375, 10 
1719910391475.00, 0, -592375, 10 
1719910391496.00, 0, -592375, 10 
1719910391517.00, 0, -592375, 10 
1719910391538.00, 0, -592373, 10 
1719910391559.00, 0, -592375, 10 
1719910391581.00, 0, -592374, 10 
1719910391601.00, 1, -592375, 10 
1719910391622.00, 0, -592374, 10 
1719910391644.00, 0, -592375, 10 
1719910391664.00, 0, -592375, 10 
1719910391687.00, 0, -592375, 10 
1719910391707.00, 0, -592373, 10 
1719910391729.00, 0, -592374, 11 
1719910391750.00, 697, -592373, 11 
1719910391771.00, 1046, -592363, 9 
1719910391792.00, 573, -592340, 9 
1719910391814.00, 306, -592326, 11 
1719910391835.00, 843, -592319, 11 
1719910391856.00, 1166, -592301, 8 
1719910391878.00, 659, -592276, 8 
1719910391904.00, 351, -592260, 10 
1719910391920.00, 0, -592252, 9 
1719910391941.00, 10, -592250, 8 
1719910391963.00, 0, -592250, 8 
1719910391984.00, 0, -592250, 8 
1719910392005.00, 0, -592250, 8 
1719910392025.00, 0, -592250, 8 
1719910392047.00, 0, -592251, 8 
1719910392068.00, 0, -592249, 8 
1719910392089.00, 1, -592250, 8 
1719910392110.00, 0, -592249, 8 
1719910392130.00, 0, -592250, 8 
1719910392152.00, 0, -592249, 8 
1719910392173.00, 22, -592249, 8 
1719910392194.00, 0, -592249, 8 
1719910392215.00, 0, -592249, 8 
1719910392236.00, 0, -592250, 8 
1719910392257.00, 0, -592249, 8 
1719910392278.00, 0, -592249, 8 
1719910392299.00, -4, -592250, 8 
1719910392320.00, 0, -592249, 9 
1719910392343.00, 0, -592250, 9 
1719910392362.00, 0, -592249, 9 
1719910392383.00, 0, -592249, 9 
1719910392404.00, 0, -592248, 9 
1719910392425.00, 0, -592248, 9 
1719910392446.00, 6, -592248, 9 
1719910392467.00, 0, -592248, 9 
1719910392489.00, -2, -592250, 9 
1719910392511.00, 0, -592248, 9 
1719910392532.00, 1, -592247, 9 
1719910392557.00, 0, -592249, 10 
1719910392574.00, 0, -592249, 10 
1719910392595.00, 0, -592249, 10 
1719910392616.00, 0, -592249, 10 
1719910392637.00, 0, -592249, 10 
1719910392660.00, 0, -592249, 10 
1719910392680.00, 0, -592249, 10 
1719910392700.00, 0, -592249, 10 
1719910392722.00, 0, -592248, 10 
1719910392742.00, 1, -592249, 10 
1719910392764.00, 0, -592248, 10 
1719910392785.00, 0, -592248, 10 
1719910392806.00, 67, -592249, 10 
1719910392827.00, 0, -592249, 9 
1719910392849.00, 0, -592248, 9 
1719910392869.00, 0, -592249, 10 
1719910392890.00, 0, -592249, 10 
1719910392912.00, 0, -592250, 10 
1719910392933.00, 0, -592249, 10 
1719910392954.00, 0, -592248, 10 
1719910392974.00, 0, -592248, 9 
1719910393003.00, 0, -592248, 9 
1719910393017.00, 0, -592249, 10 
1719910393037.00, 0, -592248, 10 
1719910393059.00, 0, -592249, 10 
1719910393080.00, 0, -592248, 10 
1719910393101.00, 0, -592248, 9 
1719910393122.00, 0, -592249, 9 
1719910393143.00, 0, -592248, 9 
1719910393164.00, 0, -592249, 9 
1719910393185.00, 0, -592248, 9 
1719910393207.00, 0, -592248, 9 
1719910393227.00, 0, -592249, 9 
1719910393249.00, 0, -592248, 8 
1719910393270.00, 0, -592248, 8 
1719910393291.00, 0, -592247, 8 
1719910393311.00, 0, -592248, 8 
1719910393333.00, 63, -592248, 8 
1719910393353.00, 0, -592248, 7 
1719910393374.00, 0, -592248, 7 
1719910393396.00, 0, -592248, 7 
1719910393417.00, 0, -592248, 8 
1719910393445.00, 0, -592248, 8 
1719910393459.00, 0, -592249, 7 
1719910393480.00, 0, -592248, 6 
1719910393501.00, 0, -592248, 5 
1719910393522.00, 0, -592248, 1 
1719910393548.00, 32, -592249, -3 
1719910393564.00, 0, -592249, -13 
1719910393585.00, -106, -592251, -25 
1719910393607.00, -1560, -592252, -40 
1719910393628.00, -3335, -592278, -47 
1719910393651.00, -4774, -592348, -68 
1719910393672.00, -7045, -592452, -85 
1719910393693.00, -9504, -592600, -103 
1719910393715.00, -12095, -592798, -119 
1719910393736.00, -7184, -593051, -134 
1719910393763.00, -4184, -593214, -159 
1719910393780.00, -2527, -593312, -179 
1719910393801.00, -1444, -593369, -196 
1719910393822.00, -801, -593403, -234 
1719910393843.00, -381, -593422, -250 
1719910393868.00, -180, -593433, -262 
1719910393887.00, -54, -593436, -271 
1719910393907.00, 0, -593437, -260 
1719910393929.00, 28, -593436, -234 
1719910393951.00, 46, -593434, -177 
1719910393973.00, -1, -593428, -88 
1719910393993.00, 0, -593418, 26 
1719910394015.00, 1624, -593397, 187 
1719910394036.00, 12722, -593355, 390 
1719910394058.00, 31184, -593083, 640 
1719910394080.00, 57193, -592421, 818 
1719910394101.00, 83843, -591187, 874 
1719910394121.00, 102977, -589364, 1075 
1719910394144.00, 126417, -587106, 1141 
1719910394165.00, 144018, -584320, 1161 
1719910394187.00, 155593, -581159, 1257 
1719910394209.00, 167475, -577748, 1273 
1719910394231.00, 174489, -574088, 1289 
1719910394252.00, 174810, -570275, 1311 
1719910394274.00, 174884, -566455, 1341 
1719910394296.00, 174718, -562638, 1343 
1719910394317.00, 174724, -558821, 1371 
1719910394339.00, 174691, -555009, 1367 
1719910394362.00, 174626, -551199, 1384 
1719910394384.00, 174579, -547373, 1379 
1719910394405.00, 174502, -543559, 1367 
1719910394426.00, 174635, -539756, 1372 
1719910394449.00, 174701, -535942, 1397 
1719910394471.00, 174675, -532122, 1388 
1719910394493.00, 174975, -528307, 1382 
1719910394514.00, 174608, -524483, 1386 
1719910394536.00, 174446, -520674, 1400 
1719910394558.00, 174484, -516861, 1417 
1719910394579.00, 174705, -513043, 1425 
1719910394601.00, 174829, -509222, 1475 
1719910394624.00, 174832, -505407, 1491 
1719910394645.00, 174673, -501592, 1494 
1719910394667.00, 174469, -497773, 1487 
1719910394688.00, 174633, -493962, 1514 
1719910394711.00, 174894, -490145, 1538 
1719910394733.00, 174687, -486319, 1544 
1719910394754.00, 174708, -482499, 1541 
1719910394776.00, 174778, -478685, 1525 
1719910394798.00, 174791, -474863, 1518 
1719910394820.00, 174721, -471069, 1483 
1719910394842.00, 174652, -467242, 1446 
1719910394863.00, 174601, -463422, 1406 
1719910394885.00, 174634, -459606, 1333 
1719910394906.00, 174380, -455813, 1265 
1719910394929.00, 174331, -452001, 1178 
1719910394951.00, 170216, -448191, 1147 
1719910394972.00, 165975, -444494, 1097 
1719910394994.00, 160205, -440872, 1064 
1719910395016.00, 154930, -437371, 1019 
1719910395038.00, 149160, -433995, 975 
1719910395061.00, 142950, -430764, 835 
1719910395082.00, 78856, -427684, 760 
1719910395103.00, 41282, -425965, 719 
1719910395125.00, 19595, -425065, 542 
1719910395147.00, 7116, -424630, 289 
1719910395168.00, -4, -424475, 95 
1719910395190.00, -3853, -424489, -211 
1719910395211.00, -15338, -424586, -396 
1719910395233.00, -33021, -424922, -692 
1719910395255.00, -61298, -425619, -757 
1719910395276.00, -82157, -426925, -836 
1719910395298.00, -99078, -428729, -929 
1719910395320.00, -114850, -430873, -955 
1719910395341.00, -125725, -433380, -960 
1719910395363.00, -132163, -436136, -991 
1719910395405.00, -137911, -439019, -990 
1719910395413.00, -141104, -442022, -982 
1719910395428.00, -142427, -445106, -996 
1719910395449.00, -143758, -448202, -1016 
1719910395471.00, -145656, -451360, -1004 
1719910395493.00, -146433, -454544, -1019 
1719910395518.00, -147444, -457742, -1032 
1719910395537.00, -149032, -460963, -987 
1719910395558.00, -147111, -464183, -977 
1719910395580.00, -145174, -467401, -988 
1719910395601.00, -144757, -470561, -1016 
1719910395635.00, -146119, -473702, -1057 
1719910395645.00, -149459, -476905, -1043 
1719910395667.00, -150395, -480166, -1062 
1719910395688.00, -152079, -483458, -1076 
1719910395710.00, -153806, -486780, -1069 
1719910395731.00, -154135, -490140, -1031 
1719910395754.00, -151853, -493519, -1036 
1719910395776.00, -150976, -496844, -1056 
1719910395797.00, -151690, -500146, -1063 
1719910395819.00, -152451, -503461, -1066 
1719910395841.00, -152981, -506790, -1051 
1719910395863.00, -152414, -510139, -1057 
1719910395885.00, -152617, -513460, -1033 
1719910395906.00, -151064, -516807, -1043 
1719910395928.00, -150575, -520091, -1013 
1719910395951.00, -148524, -523382, -988 
1719910395972.00, -145746, -526621, -1064 
1719910395993.00, -148692, -529790, -1048 
1719910396016.00, -149369, -533045, -970 
1719910396037.00, -145079, -536299, -1006 
1719910396059.00, -144626, -539459, -1032 
1719910396082.00, -145860, -542628, -913 
1719910396104.00, -139474, -545776, -910 
1719910396126.00, -135261, -548814, -920 
1719910396147.00, -133576, -551759, -869 
1719910396169.00, -129370, -554650, -864 
1719910396190.00, -126531, -557470, -892 
1719910396213.00, -126524, -560213, -833 
1719910396234.00, -123019, -562959, -776 
1719910396256.00, -117447, -565645, -786 
1719910396277.00, -114862, -568190, -767 
1719910396299.00, -112143, -570664, -710 
1719910396321.00, -106966, -573108, -736 
1719910396343.00, -105488, -575441, -770 
1719910396364.00, -106651, -577717, -741 
1719910396386.00, -105680, -580034, -757 
1719910396408.00, -105881, -582343, -776 
1719910396429.00, -107078, -584643, -752 
1719910396452.00, -106555, -586970, -743 
1719910396473.00, -105707, -589283, -725 
1719910396497.00, -103904, -591580, -638 
1719910396516.00, -97519, -593824, -555 
1719910396538.00, -54744, -595910, -440 
1719910396560.00, -29238, -597105, -275 
1719910396581.00, -14272, -597768, -184 
1719910396603.00, -5767, -598093, -119 
1719910396625.00, -679, -598228, -72 
1719910396646.00, 1741, -598243, 68 
1719910396667.00, 7723, -598204, 239 
1719910396689.00, 20888, -598037, 424 
1719910396713.00, 40353, -597587, 491 
1719910396732.00, 55966, -596724, 712 
1719910396753.00, 78221, -595513, 885 
1719910396776.00, 101858, -593811, 934 
1719910396796.00, 118672, -591582, 1031 
1719910396817.00, 134378, -588979, 1086 
1719910396840.00, 147019, -586023, 1107 
1719910396862.00, 155566, -582792, 1157 
1719910396883.00, 163437, -579390, 1171 
1719910396905.00, 168949, -575817, 1206 
1719910396927.00, 174140, -572116, 1214 
1719910396948.00, 174753, -568316, 1225 
1719910396970.00, 174634, -564487, 1238 
1719910396992.00, 174881, -560672, 1252 
1719910397014.00, 174792, -556861, 1263 
1719910397036.00, 174469, -553049, 1286 
1719910397058.00, 174550, -549229, 1297 
1719910397080.00, 174714, -545407, 1283 
1719910397102.00, 174873, -541590, 1286 
1719910397123.00, 174557, -537780, 1306 
1719910397145.00, 174583, -533961, 1304 
1719910397166.00, 174710, -530155, 1276 
1719910397189.00, 174839, -526332, 1291 
1719910397211.00, 174886, -522523, 1290 
1719910397232.00, 174913, -518699, 1282 
1719910397263.00, 174554, -514879, 1318 
1719910397276.00, 174713, -511070, 1276 
1719910397297.00, 174864, -507249, 1261 
1719910397319.00, 174670, -503426, 1293 
1719910397341.00, 174776, -499609, 1213 
1719910397363.00, 174865, -495795, 1206 
1719910397385.00, 174834, -491972, 1263 
1719910397407.00, 174406, -488164, 1273 
1719910397429.00, 174764, -484345, 1193 
1719910397451.00, 175050, -480530, 1229 
1719910397472.00, 174656, -476704, 1213 
1719910397493.00, 174712, -472899, 1162 
1719910397516.00, 174317, -469073, 1194 
1719910397538.00, 174756, -465264, 1206 
1719910397560.00, 174676, -461455, 1179 
1719910397581.00, 174818, -457649, 1160 
1719910397603.00, 173979, -453821, 1143 
1719910397626.00, 172153, -450030, 1083 
1719910397647.00, 167143, -446262, 1092 
1719910397669.00, 164595, -442617, 1083 
1719910397691.00, 162579, -439024, 1050 
1719910397712.00, 159144, -435477, 1030 
1719910397735.00, 155723, -432017, 893 
1719910397757.00, 89804, -428650, 691 
1719910397779.00, 51474, -426688, 655 
1719910397799.00, 28713, -425590, 427 
1719910397822.00, 16377, -424961, 180 
1719910397843.00, 8897, -424618, 0 
1719910397864.00, 3862, -424441, -280 
1719910397887.00, -14443, -424366, -507 
1719910397909.00, -39472, -424679, -720 
1719910397929.00, -67494, -425514, -796 
1719910397951.00, -88820, -426970, -879 
1719910397973.00, -106308, -428914, -956 
1719910397994.00, -121469, -431232, -1002 
1719910398015.00, -132976, -433898, -1007 
1719910398037.00, -139970, -436817, -1007 
1719910398059.00, -143994, -439878, -1023 
1719910398080.00, -147414, -443031, -1031 
1719910398103.00, -149758, -446248, -1019 
1719910398125.00, -150452, -449510, -995 
1719910398146.00, -149078, -452786, -1039 
1719910398169.00, -150849, -456030, -988 
1719910398191.00, -148696, -459324, -974 
1719910398213.00, -146659, -462554, -940 
1719910398234.00, -143202, -465731, -976 
1719910398256.00, -143184, -468854, -986 
1719910398277.00, -143802, -471970, -1007 
1719910398298.00, -145289, -475114, -1051 
1719910398320.00, -148726, -478291, -1064 
1719910398342.00, -151550, -481523, -1069 
1719910398364.00, -153525, -484862, -1083 
1719910398386.00, -155455, -488217, -1077 
1719910398407.00, -156370, -491604, -1081 
1719910398429.00, -156880, -495025, -1128 
1719910398451.00, -160015, -498436, -1080 
1719910398473.00, -159150, -501944, -1053 
1719910398495.00, -156827, -505401, -1132 
1719910398517.00, -159859, -508838, -1142 
1719910398538.00, -162341, -512330, -1083 
1719910398560.00, -160129, -515883, -1139 
1719910398582.00, -162148, -519391, -1185 
1719910398604.00, -165963, -522922, -1108 
1719910398625.00, -163434, -526552, -1128 
1719910398647.00, -163028, -530126, -1098 
1719910398669.00, -161198, -533691, -1037 
1719910398691.00, -156238, -537212, -1100 
1719910398712.00, -157040, -540615, -1113 
1719910398735.00, -158366, -544049, -1042 
1719910398757.00, -155103, -547493, -1036 
1719910398778.00, -152598, -550888, -1075 
1719910398800.00, -153299, -554201, -1008 
1719910398823.00, -149681, -557554, -960 
1719910398843.00, -144480, -560811, -1005 
1719910398866.00, -144221, -563944, -995 
1719910398888.00, -143397, -567096, -931 
1719910398909.00, -139076, -570200, -935 
1719910398931.00, -136519, -573217, -902 
1719910398953.00, -132859, -576191, -829 
1719910398975.00, -126471, -579066, -763 
1719910398997.00, -118631, -581810, -691 
1719910399019.00, -109590, -584377, -608 
1719910399040.00, -99189, -586734, -564 
1719910399062.00, -90261, -588884, -515 
1719910399084.00, -81953, -590825, -439 
1719910399105.00, -72511, -592599, -438 
1719910399127.00, -66593, -594168, -410 
1719910399149.00, -36764, -595598, -313 
1719910399170.00, -19306, -596411, -219 
1719910399191.00, -8478, -596847, -178 
1719910399213.00, -2376, -597046, -117 
1719910399234.00, 460, -597105, -85 
1719910399256.00, 2510, -597101, 17 
1719910399277.00, 4793, -597032, 163 
1719910399299.00, 15040, -596917, 329 
1719910399321.00, 31120, -596600, 451 
1719910399345.00, 47818, -595944, 559 
1719910399366.00, 64048, -594919, 751 
1719910399386.00, 85243, -593518, 824 
1719910399408.00, 102295, -591666, 912 
1719910399428.00, 117537, -589428, 1032 
1719910399450.00, 133664, -586850, 1032 
1719910399471.00, 143137, -583913, 1081 
1719910399494.00, 151545, -580772, 1181 
1719910399515.00, 162572, -577444, 1151 
1719910399536.00, 167019, -573880, 1213 
1719910399566.00, 173347, -570228, 1234 
1719910399581.00, 174866, -566449, 1255 
1719910399602.00, 174627, -562626, 1300 
1719910399624.00, 174777, -558800, 1298 
1719910399646.00, 174780, -554987, 1317 
1719910399668.00, 174754, -551182, 1334 
1719910399690.00, 174592, -547358, 1352 
1719910399712.00, 174636, -543537, 1356 
1719910399733.00, 174821, -539727, 1372 
1719910399755.00, 174869, -535910, 1404 
1719910399779.00, 174732, -532088, 1416 
1719910399799.00, 174981, -528261, 1424 
1719910399821.00, 174671, -524455, 1444 
1719910399843.00, 174509, -520637, 1456 
1719910399865.00, 174630, -516813, 1471 
1719910399887.00, 174841, -513006, 1491 
1719910399908.00, 174816, -509175, 1510 
1719910399930.00, 174835, -505353, 1506 
1719910399952.00, 174788, -501547, 1512 
1719910399973.00, 174585, -497725, 1529 
1719910399995.00, 174586, -493917, 1527 
1719910400017.00, 174960, -490101, 1501 
1719910400039.00, 174828, -486272, 1526 
1719910400061.00, 174533, -482459, 1540 
1719910400083.00, 174675, -478637, 1511 
1719910400108.00, 174916, -474814, 1492 
1719910400126.00, 174721, -471007, 1503 
1719910400148.00, 174912, -467192, 1477 
1719910400169.00, 174836, -463370, 1482 
1719910400192.00, 174751, -459547, 1483 
1719910400213.00, 174614, -455748, 1463 
1719910400235.00, 174649, -451929, 1452 
1719910400257.00, 174838, -448117, 1440 
1719910400279.00, 174639, -444306, 1393 
1719910400301.00, 174595, -440491, 1338 
1719910400324.00, 174496, -436687, 1295 
1719910400344.00, 174344, -432871, 1175 
1719910400367.00, 169716, -429069, 947 
1719910400389.00, 93415, -425425, 687 
1719910400410.00, 49482, -423372, 580 
1719910400437.00, 23853, -422301, 331 
1719910400454.00, 9403, -421790, 70 
1719910400475.00, 1631, -421588, -152 
1719910400497.00, -11810, -421565, -308 
1719910400518.00, -29121, -421825, -660 
1719910400541.00, -60704, -422446, -754 
1719910400562.00, -85165, -423729, -786 
1719910400583.00, -101469, -425596, -898 
1719910400605.00, -117832, -427823, -926 
1719910400627.00, -129114, -430389, -949 
1719910400652.00, -136992, -433207, -988 
1719910400670.00, -143786, -436199, -991 
1719910400692.00, -147722, -439335, -984 
1719910400712.00, -149524, -442557, -1005 
1719910400734.00, -151642, -445830, -1011 
1719910400757.00, -153025, -449137, -1009 
1719910400778.00, -153684, -452494, -1009 
1719910400800.00, -154142, -455843, -1025 
1719910400822.00, -155150, -459217, -1015 
1719910400844.00, -155059, -462603, -1024 
1719910400868.00, -155440, -465988, -1034 
1719910400887.00, -156009, -469388, -1040 
1719910400909.00, -156592, -472783, -1020 
1719910400931.00, -155721, -476210, -1012 
1719910400952.00, -154507, -479604, -1043 
1719910400979.00, -155378, -482977, -1027 
1719910400997.00, -155001, -486381, -963 
1719910401018.00, -150973, -489731, -1017 
1719910401040.00, -151538, -493044, -1056 
1719910401062.00, -154135, -496343, -1028 
1719910401085.00, -153940, -499719, -999 
1719910401105.00, -151839, -503064, -1045 
1719910401127.00, -152929, -506376, -1041 
1719910401150.00, -153567, -509736, -983 
1719910401172.00, -150483, -513069, -979 
1719910401195.00, -148083, -516337, -948 
1719910401214.00, -144575, -519565, -929 
1719910401236.00, -141324, -522699, -964 
1719910401258.00, -141538, -525787, -977 
1719910401280.00, -142745, -528857, -928 
1719910401306.00, -140221, -531963, -953 
1719910401323.00, -140001, -535017, -991 
1719910401345.00, -142466, -538055, -965 
1719910401367.00, -142080, -541162, -953 
1719910401388.00, -141135, -544246, -970 
1719910401411.00, -141363, -547306, -951 
1719910401432.00, -140207, -550402, -950 
1719910401454.00, -139474, -553454, -952 
1719910401476.00, -138930, -556483, -940 
1719910401498.00, -138088, -559514, -906 
1719910401519.00, -135408, -562510, -935 
1719910401541.00, -135377, -565459, -903 
1719910401563.00, -133515, -568402, -847 
1719910401584.00, -128841, -571289, -831 
1719910401606.00, -125123, -574099, -808 
1719910401628.00, -121522, -576816, -762 
1719910401650.00, -116634, -579443, -697 
1719910401671.00, -109863, -581984, -668 
1719910401693.00, -103968, -584362, -666 
1719910401714.00, -100180, -586613, -682 
1719910401739.00, -98803, -588797, -665 
1719910401758.00, -97209, -590934, -616 
1719910401779.00, -93047, -593035, -582 
1719910401801.00, -53052, -595033, -489 
1719910401823.00, -29252, -596183, -405 
1719910401844.00, -14941, -596838, -259 
1719910401866.00, -7074, -597172, -116 
1719910401887.00, -2294, -597329, -46 
1719910401909.00, 108, -597367, 87 
1719910401931.00, 6748, -597358, 323 
1719910401952.00, 24724, -597214, 490 
1719910401973.00, 45810, -596679, 755 
1719910401995.00, 74306, -595705, 892 
1719910402017.00, 99467, -594088, 985 
1719910402038.00, 120004, -591924, 1060 
1719910402060.00, 136694, -589276, 1162 
1719910402082.00, 152706, -586278, 1144 
1719910402103.00, 160757, -582935, 1205 
1719910402125.00, 169001, -579423, 1233 
1719910402147.00, 174983, -575720, 1249 
1719910402169.00, 174843, -571893, 1276 
1719910402190.00, 174776, -568063, 1293 
1719910402212.00, 174463, -564243, 1310 
1719910402234.00, 174749, -560428, 1324 
1719910402256.00, 174680, -556609, 1334 
1719910402278.00, 174715, -552807, 1369 
1719910402299.00, 174742, -548978, 1376 
1719910402321.00, 174788, -545148, 1407 
1719910402342.00, 174810, -541339, 1409 
1719910402364.00, 174705, -537529, 1409 
1719910402387.00, 174585, -533713, 1438 
1719910402408.00, 174662, -529896, 1461 
1719910402430.00, 174805, -526078, 1469 
1719910402452.00, 174805, -522266, 1462 
1719910402474.00, 174851, -518442, 1473 
1719910402496.00, 174743, -514621, 1500 
1719910402518.00, 174529, -510799, 1502 
1719910402539.00, 174770, -506989, 1519 
1719910402561.00, 174848, -503169, 1586 
1719910402583.00, 174551, -499337, 1595 
1719910402605.00, 174689, -495520, 1586 
1719910402627.00, 174685, -491712, 1620 
1719910402648.00, 174712, -487891, 1638 
1719910402670.00, 174668, -484071, 1620 
1719910402692.00, 174686, -480266, 1616 
1719910402714.00, 174988, -476445, 1618 
1719910402739.00, 174709, -472626, 1591 
1719910402757.00, 174446, -468811, 1580 
1719910402779.00, 174545, -464996, 1579 
1719910402801.00, 174729, -461181, 1585 
1719910402823.00, 174911, -457379, 1570 
1719910402845.00, 174786, -453546, 1558 
1719910402866.00, 174772, -449723, 1563 
1719910402888.00, 174405, -445917, 1539 
1719910402910.00, 174477, -442104, 1474 
1719910402932.00, 174597, -438298, 1379 
1719910402954.00, 174421, -434485, 1215 
1719910402977.00, 174054, -430694, 937 
1719910402999.00, 100601, -426931, 586 
1719910403020.00, 58474, -424748, 366 
1719910403046.00, 34239, -423504, -34 
1719910403063.00, 17506, -422773, -292 
1719910403085.00, -6240, -422398, -545 
1719910403107.00, -35978, -422516, -668 
1719910403128.00, -61448, -423267, -797 
1719910403149.00, -84442, -424595, -898 
1719910403172.00, -104062, -426433, -932 
1719910403193.00, -117636, -428720, -963 
1719910403215.00, -127600, -431285, -977 
1719910403237.00, -134143, -434063, -985 
1719910403258.00, -138468, -436994, -966 
1719910403281.00, -139880, -440002, -962 
1719910403302.00, -140404, -443059, -992 
1719910403324.00, -142493, -446108, -986 
1719910403346.00, -143143, -449204, -991 
1719910403367.00, -143643, -452339, -997 
1719910403389.00, -144357, -455464, -987 
1719910403410.00, -144197, -458603, -967 
1719910403432.00, -142817, -461745, -977 
1719910403454.00, -142543, -464840, -993 
1719910403475.00, -143265, -467949, -972 
1719910403498.00, -142421, -471064, -967 
1719910403518.00, -141323, -474160, -1028 
1719910403540.00, -144390, -477267, -1078 
1719910403562.00, -149326, -480411, -1066 
1719910403583.00, -151298, -483689, -1104 
1719910403605.00, -154689, -487005, -1134 
1719910403627.00, -158544, -490388, -1152 
1719910403649.00, -162024, -493866, -1151 
1719910403671.00, -163905, -497399, -1138 
1719910403692.00, -164112, -500982, -1126 
1719910403717.00, -163494, -504572, -1140 
1719910403736.00, -163905, -508147, -1142 
1719910403758.00, -164415, -511728, -1119 
1719910403780.00, -163227, -515303, -1124 
1719910403802.00, -162643, -518872, -1149 
1719910403828.00, -163550, -522428, -1175 
1719910403845.00, -165674, -526014, -1152 
1719910403867.00, -165623, -529636, -1086 
1719910403889.00, -161570, -533259, -1114 
1719910403910.00, -160780, -536788, -1167 
1719910403933.00, -163559, -540289, -1082 
1719910403954.00, -160139, -543856, -1064 
1719910403976.00, -157011, -547345, -1125 
1719910403998.00, -158645, -550783, -1125 
1719910404020.00, -159538, -554235, -1034 
1719910404041.00, -154729, -557719, -1006 
1719910404065.00, -150284, -561094, -989 
1719910404085.00, -146308, -564336, -939 
1719910404108.00, -140849, -567520, -872 
1719910404130.00, -133568, -570573, -860 
1719910404151.00, -128410, -573463, -785 
1719910404173.00, -120768, -576261, -767 
1719910404195.00, -115331, -578875, -756 
1719910404216.00, -111259, -581381, -717 
1719910404239.00, -106570, -583791, -659 
1719910404260.00, -100240, -586111, -637 
1719910404282.00, -94898, -588277, -568 
1719910404304.00, -88040, -590322, -503 
1719910404324.00, -79782, -592223, -434 
1719910404346.00, -70674, -593944, -323 
1719910404373.00, -38953, -595456, -233 
1719910404390.00, -20117, -596308, -114 
1719910404411.00, -9090, -596760, -6 
1719910404433.00, -2381, -596951, 110 
1719910404454.00, 7550, -597005, 240 
1719910404477.00, 21199, -596856, 437 
1719910404497.00, 41448, -596405, 492 
1719910404519.00, 56658, -595529, 728 
1719910404541.00, 79837, -594283, 961 
1719910404562.00, 107958, -592545, 979 
1719910404583.00, 125416, -590188, 1041 
1719910404605.00, 139186, -587438, 1129 
1719910404626.00, 152507, -584376, 1170 
1719910404649.00, 162785, -581025, 1193 
1719910404670.00, 170072, -577457, 1218 
1719910404693.00, 175265, -573728, 1210 
1719910404714.00, 174696, -569906, 1239 
1719910404736.00, 174643, -566091, 1262 
1719910404757.00, 174720, -562281, 1284 
1719910404780.00, 174779, -558458, 1323 
1719910404801.00, 174720, -554642, 1336 
1719910404823.00, 174840, -550819, 1342 
1719910404846.00, 174909, -547008, 1360 
1719910404867.00, 174649, -543184, 1405 
1719910404888.00, 174695, -539370, 1427 
1719910404911.00, 174827, -535550, 1427 
1719910404932.00, 174606, -531733, 1445 
1719910404954.00, 174539, -527906, 1465 
1719910404976.00, 174596, -524105, 1469 
1719910404998.00, 174745, -520289, 1468 
1719910405020.00, 174716, -516473, 1492 
1719910405041.00, 174726, -512648, 1504 
1719910405063.00, 174938, -508829, 1510 
1719910405085.00, 174664, -505015, 1527 
1719910405106.00, 174524, -501186, 1540 
1719910405129.00, 174501, -497385, 1552 
1719910405151.00, 174764, -493569, 1571 
1719910405172.00, 174866, -489756, 1583 
1719910405194.00, 174734, -485935, 1600 
1719910405216.00, 174758, -482106, 1623 
1719910405237.00, 174564, -478298, 1660 
1719910405259.00, 174501, -474477, 1673 
1719910405281.00, 174762, -470656, 1675 
1719910405303.00, 174956, -466842, 1660 
1719910405325.00, 174529, -463025, 1659 
1719910405346.00, 174639, -459221, 1631 
1719910405368.00, 174750, -455406, 1589 
1719910405390.00, 174611, -451595, 1559 
1719910405412.00, 174705, -447789, 1534 
1719910405434.00, 174858, -443963, 1508 
1719910405456.00, 174708, -440159, 1446 
1719910405477.00, 174289, -436338, 1375 
1719910405500.00, 174156, -432545, 1254 
1719910405521.00, 174133, -428735, 1058 
1719910405543.00, 95459, -424973, 789 
1719910405566.00, 50211, -422874, 590 
1719910405587.00, 24461, -421818, 137 
1719910405608.00, 9256, -421292, -270 
1719910405630.00, -14313, -421091, -557 
1719910405652.00, -45831, -421383, -700 
1719910405674.00, -73412, -422352, -821 
1719910405695.00, -96665, -423938, -975 
1719910405717.00, -119776, -426053, -997 
1719910405737.00, -134573, -428678, -1004 
1719910405760.00, -143823, -431632, -1004 
1719910405783.00, -148909, -434788, -983 
1719910405804.00, -150562, -438028, -961 
1719910405826.00, -149878, -441308, -988 
1719910405848.00, -150981, -444566, -963 
1719910405869.00, -149987, -447855, -978 
1719910405891.00, -150222, -451128, -997 
1719910405911.00, -151362, -454389, -1001 
1719910405935.00, -151964, -457688, -984 
1719910405955.00, -151254, -461006, -1009 
1719910405977.00, -152101, -464306, -1017 
1719910405999.00, -153078, -467637, -992 
1719910406022.00, -152089, -470972, -974 
1719910406043.00, -150340, -474266, -954 
1719910406065.00, -147942, -477547, -952 
1719910406087.00, -146284, -480758, -971 
1719910406108.00, -146258, -483951, -950 
1719910406131.00, -144622, -487127, -942 
1719910406152.00, -143185, -490269, -969 
1719910406174.00, -143894, -493398, -997 
1719910406195.00, -146098, -496515, -926 
1719910406217.00, -143056, -499701, -967 
1719910406239.00, -143550, -502812, -995 
1719910406261.00, -145530, -505926, -968 
1719910406281.00, -144980, -509108, -1008 
1719910406303.00, -146932, -512262, -1044 
1719910406325.00, -150163, -515478, -1034 
1719910406346.00, -151483, -518765, -1061 
1719910406369.00, -153669, -522072, -1105 
1719910406390.00, -157505, -525440, -1092 
1719910406412.00, -158847, -528876, -1049 
1719910406434.00, -156887, -532359, -1076 
1719910406455.00, -157220, -535792, -1048 
1719910406478.00, -155832, -539212, -936 
1719910406500.00, -148174, -542613, -953 
1719910406522.00, -144360, -545811, -938 
1719910406544.00, -141388, -548955, -857 
1719910406566.00, -134513, -552031, -820 
1719910406587.00, -128324, -554938, -857 
1719910406609.00, -126837, -557728, -881 
1719910406631.00, -127234, -560490, -849 
1719910406653.00, -125502, -563245, -860 
1719910406674.00, -125034, -565989, -867 
1719910406696.00, -125208, -568706, -834 
1719910406718.00, -123305, -571416, -846 
1719910406740.00, -122905, -574109, -841 
1719910406761.00, -122359, -576777, -808 
1719910406783.00, -119890, -579430, -786 
1719910406805.00, -116956, -582045, -770 
1719910406826.00, -114235, -584575, -698 
1719910406848.00, -108280, -587051, -630 
1719910406870.00, -100849, -589402, -587 
1719910406891.00, -93467, -591581, -496 
1719910406913.00, -83619, -593592, -402 
1719910406935.00, -47457, -595388, -298 
1719910406957.00, -26269, -596424, -228 
1719910406978.00, -13381, -597011, -148 
1719910406999.00, -6078, -597304, -20 
1719910407021.00, -1589, -597436, 46 
1719910407042.00, 3264, -597466, 228 
1719910407064.00, 17698, -597404, 459 
1719910407086.00, 39682, -597035, 665 
1719910407107.00, 65208, -596193, 801 
1719910407129.00, 88659, -594775, 933 
1719910407149.00, 110505, -592842, 1053 
1719910407171.00, 130446, -590408, 1114 
1719910407193.00, 145833, -587558, 1204 
1719910407215.00, 160345, -584345, 1201 
1719910407236.00, 168616, -580833, 1248 
1719910407259.00, 174995, -577132, 1256 
1719910407280.00, 174821, -573318, 1229 
1719910407302.00, 174640, -569496, 1286 
1719910407325.00, 174651, -565682, 1272 
1719910407346.00, 174695, -561867, 1298 
1719910407367.00, 174732, -558035, 1331 
1719910407389.00, 174967, -554226, 1351 
1719910407411.00, 174661, -550401, 1361 
1719910407433.00, 174545, -546596, 1381 
1719910407455.00, 174634, -542772, 1420 
1719910407477.00, 174869, -538953, 1430 
1719910407498.00, 174775, -535139, 1438 
1719910407520.00, 174792, -531321, 1437 
1719910407542.00, 174721, -527494, 1468 
1719910407564.00, 174518, -523680, 1465 
1719910407586.00, 174537, -519875, 1479 
1719910407607.00, 174787, -516057, 1493 
1719910407629.00, 174837, -512234, 1514 
1719910407651.00, 174658, -508416, 1513 
1719910407673.00, 174807, -504603, 1527 
1719910407695.00, 174934, -500779, 1559 
1719910407716.00, 174813, -496970, 1594 
1719910407738.00, 174792, -493151, 1623 
1719910407760.00, 174914, -489330, 1669 
1719910407782.00, 174802, -485504, 1714 
1719910407804.00, 174470, -481689, 1725 
1719910407826.00, 174604, -477877, 1713 
1719910407847.00, 174945, -474060, 1739 
1719910407874.00, 174728, -470250, 1757 
1719910407891.00, 174666, -466424, 1714 
1719910407913.00, 174686, -462609, 1703 
1719910407935.00, 174628, -458806, 1677 
1719910407957.00, 174544, -454988, 1645 
1719910407978.00, 174759, -451180, 1639 
1719910408000.00, 174973, -447368, 1616 
1719910408022.00, 174444, -443543, 1528 
1719910408043.00, 174304, -439750, 1459 
1719910408066.00, 174175, -435936, 1326 
1719910408089.00, 173860, -432145, 1118 
1719910408110.00, 95404, -428382, 771 
1719910408132.00, 50327, -426298, 509 
1719910408153.00, 24803, -425241, -5 
1719910408175.00, 9626, -424703, -266 
1719910408197.00, -13692, -424499, -622 
1719910408218.00, -49528, -424777, -661 
1719910408240.00, -73141, -425815, -794 
1719910408262.00, -94955, -427411, -887 
1719910408284.00, -113591, -429483, -929 
1719910408305.00, -126932, -431963, -953 
1719910408327.00, -136033, -434748, -962 
1719910408348.00, -141813, -437715, -965 
1719910408370.00, -145350, -440790, -979 
1719910408392.00, -148169, -443967, -979 
1719910408418.00, -149703, -447180, -976 
1719910408434.00, -150195, -450442, -1003 
1719910408457.00, -151869, -453730, -992 
1719910408479.00, -152046, -457021, -990 
1719910408501.00, -151885, -460337, -976 
1719910408522.00, -150808, -463633, -981 
1719910408544.00, -150435, -466922, -957 
1719910408566.00, -148381, -470189, -932 
1719910408588.00, -145598, -473406, -895 
1719910408609.00, -141601, -476586, -856 
1719910408634.00, -136825, -479648, -842 
1719910408652.00, -132880, -482619, -894 
1719910408674.00, -133715, -485522, -909 
1719910408696.00, -134928, -488432, -922 
1719910408718.00, -136414, -491378, -943 
1719910408742.00, -138472, -494351, -961 
1719910408762.00, -140663, -497365, -995 
1719910408782.00, -143865, -500436, -1017 
1719910408804.00, -147124, -503589, -1019 
1719910408826.00, -149049, -506807, -1046 
1719910408847.00, -151768, -510065, -1058 
1719910408869.00, -154025, -513379, -1068 
1719910408891.00, -155881, -516753, -1062 
1719910408913.00, -156239, -520153, -1044 
1719910408935.00, -155432, -523566, -1059 
1719910408957.00, -155637, -526970, -1031 
1719910408980.00, -154034, -530356, -997 
1719910409001.00, -151223, -533714, -965 
1719910409022.00, -147283, -537006, -963 
1719910409045.00, -144816, -540200, -909 
1719910409068.00, -140199, -543345, -844 
1719910409088.00, -133338, -546381, -841 
1719910409109.00, -128984, -549289, -841 
1719910409131.00, -126316, -552084, -797 
1719910409153.00, -122020, -554811, -749 
1719910409177.00, -116654, -557466, -779 
1719910409196.00, -115100, -560004, -768 
1719910409219.00, -113517, -562496, -701 
1719910409240.00, -108538, -564960, -692 
1719910409261.00, -104930, -567325, -707 
1719910409283.00, -103618, -569606, -675 
1719910409306.00, -100922, -571849, -638 
1719910409327.00, -97096, -574048, -648 
1719910409349.00, -95339, -576154, -650 
1719910409370.00, -94528, -578207, -604 
1719910409392.00, -91288, -580246, -643 
1719910409413.00, -91641, -582237, -659 
1719910409435.00, -92836, -584213, -622 
1719910409456.00, -91325, -586224, -648 
1719910409478.00, -91725, -588196, -647 
1719910409500.00, -92042, -590178, -629 
1719910409522.00, -90942, -592175, -624 
1719910409543.00, -90002, -594145, -585 
1719910409565.00, -51497, -596070, -517 
1719910409586.00, -28583, -597202, -444 
1719910409608.00, -14992, -597841, -334 
1719910409630.00, -7086, -598174, -240 
1719910409651.00, -2399, -598334, -170 
1719910409672.00, 66, -598384, -26 
1719910409694.00, 1361, -598381, 110 
1719910409715.00, 8972, -598346, 279 
1719910409737.00, 23710, -598148, 475 
1719910409759.00, 44040, -597641, 613 
1719910409781.00, 64434, -596698, 754 
1719910409802.00, 85150, -595304, 840 
1719910409824.00, 102430, -593439, 952 
1719910409844.00, 119448, -591199, 1030 
1719910409866.00, 134059, -588583, 1041 
1719910409888.00, 143276, -585636, 1087 
1719910409910.00, 151490, -582490, 1167 
1719910409932.00, 161170, -579178, 1174 
1719910409954.00, 167051, -575654, 1210 
1719910409975.00, 172726, -571991, 1238 
1719910409997.00, 174992, -568214, 1251 
1719910410019.00, 174990, -564384, 1268 
1719910410041.00, 174848, -560575, 1296 
1719910410062.00, 174736, -556754, 1316 
1719910410087.00, 174677, -552953, 1335 
1719910410106.00, 174809, -549132, 1366 
1719910410128.00, 174968, -545306, 1385 
1719910410150.00, 174687, -541487, 1387 
1719910410172.00, 174667, -537677, 1405 
1719910410193.00, 174720, -533861, 1409 
1719910410215.00, 174803, -530055, 1401 
1719910410237.00, 174741, -526230, 1418 
1719910410259.00, 174730, -522417, 1436 
1719910410280.00, 174860, -518598, 1430 
1719910410302.00, 174568, -514780, 1437 
1719910410324.00, 174601, -510967, 1453 
1719910410346.00, 174749, -507152, 1455 
1719910410368.00, 174867, -503339, 1451 
1719910410390.00, 174789, -499515, 1480 
1719910410411.00, 174691, -495699, 1505 
1719910410434.00, 174683, -491884, 1487 
1719910410455.00, 174614, -488065, 1476 
1719910410477.00, 174720, -484252, 1476 
1719910410498.00, 174880, -480434, 1476 
1719910410520.00, 174701, -476614, 1460 
1719910410542.00, 174571, -472799, 1477 
1719910410564.00, 174499, -468981, 1486 
1719910410586.00, 174398, -465165, 1473 
1719910410607.00, 174344, -461362, 1450 
1719910410630.00, 174423, -457552, 1436 
1719910410652.00, 174543, -453737, 1414 
1719910410673.00, 174621, -449919, 1387 
1719910410695.00, 174649, -446111, 1366 
1719910410717.00, 174548, -442292, 1339 
1719910410739.00, 174600, -438487, 1276 
1719910410761.00, 174367, -434681, 1187 
1719910410782.00, 170736, -430865, 1041 
1719910410805.00, 93762, -427172, 858 
1719910410827.00, 49283, -425136, 703 
1719910410848.00, 23497, -424082, 215 
1719910410870.00, 9308, -423568, -131 
1719910410892.00, -6226, -423365, -326 
1719910410913.00, -26777, -423496, -573 
1719910410935.00, -54336, -424069, -670 
1719910410957.00, -76452, -425222, -676 
1719910410977.00, -89920, -426885, -810 
1719910410999.00, -105558, -428842, -869 
1719910411022.00, -118225, -431149, -847 
1719910411043.00, -124338, -433727, -896 
1719910411065.00, -130719, -436452, -909 
1719910411086.00, -135173, -439297, -914 
1719910411108.00, -137866, -442251, -933 
1719910411130.00, -140441, -445260, -922 
1719910411154.00, -140871, -448313, -923 
1719910411174.00, -141376, -451391, -891 
1719910411196.00, -139526, -454467, -855 
1719910411217.00, -136287, -457490, -833 
1719910411239.00, -133041, -460459, -822 
1719910411261.00, -130315, -463334, -857 
1719910411282.00, -130684, -466168, -879 
1719910411303.00, -131948, -469020, -905 
1719910411326.00, -134185, -471892, -924 
1719910411348.00, -136723, -474818, -946 
1719910411369.00, -139361, -477797, -937 
1719910411390.00, -140220, -480820, -923 
1719910411413.00, -139530, -483885, -932 
1719910411435.00, -139744, -486919, -944 
1719910411456.00, -140649, -489952, -927 
1719910411478.00, -139984, -493017, -929 
1719910411499.00, -139678, -496058, -972 
1719910411521.00, -141940, -499096, -989 
1719910411541.00, -144451, -502191, -1001 
1719910411564.00, -146380, -505339, -1083 
1719910411585.00, -152400, -508549, -1092 
1719910411607.00, -156551, -511883, -1051 
1719910411628.00, -156299, -515299, -1077 
1719910411650.00, -157522, -518726, -1086 
1719910411672.00, -158761, -522147, -1030 
1719910411700.00, -156033, -525623, -990 
1719910411718.00, -151620, -529007, -972 
1719910411739.00, -148003, -532310, -937 
1719910411760.00, -143755, -535534, -906 
1719910411782.00, -139389, -538639, -893 
1719910411807.00, -135810, -541669, -871 
1719910411826.00, -132226, -544628, -893 
1719910411848.00, -131282, -547493, -912 
1719910411869.00, -131973, -550367, -881 
1719910411891.00, -130311, -553234, -854 
1719910411916.00, -127924, -556073, -868 
1719910411935.00, -127309, -558853, -876 
1719910411957.00, -127301, -561613, -843 
1719910411978.00, -125337, -564369, -848 
1719910412000.00, -124168, -567101, -888 
1719910412023.00, -126002, -569807, -865 
1719910412043.00, -125509, -572539, -854 
1719910412065.00, -124691, -575284, -867 
1719910412087.00, -124861, -577980, -842 
1719910412108.00, -123294, -580698, -802 
1719910412134.00, -119989, -583377, -759 
1719910412152.00, -115362, -585983, -682 
1719910412173.00, -107961, -588468, -559 
1719910412195.00, -95988, -590804, -454 
1719910412216.00, -82570, -592863, -341 
1719910412240.00, -46577, -594632, -225 
1719910412260.00, -25279, -595662, -160 
1719910412282.00, -13069, -596231, -87 
1719910412303.00, -5948, -596516, -12 
1719910412325.00, -1547, -596650, 13 
1719910412346.00, 1171, -596678, 177 
1719910412368.00, 12942, -596655, 370 
1719910412389.00, 31492, -596384, 489 
1719910412411.00, 49795, -595721, 599 
1719910412433.00, 67160, -594643, 838 
1719910412454.00, 91813, -593181, 878 
1719910412476.00, 109099, -591179, 962 
1719910412496.00, 124149, -588808, 1072 
1719910412519.00, 139701, -586076, 1082 
1719910412540.00, 149419, -583009, 1132 
1719910412562.00, 157932, -579742, 1156 
1719910412584.00, 164238, -576281, 1191 
1719910412606.00, 169934, -572694, 1219 
1719910412628.00, 174996, -568972, 1234 
1719910412650.00, 174790, -565148, 1239 
1719910412671.00, 174783, -561319, 1258 
1719910412693.00, 174976, -557511, 1266 
1719910412715.00, 174568, -553694, 1275 
1719910412736.00, 174746, -549867, 1291 
1719910412758.00, 174926, -546058, 1306 
1719910412780.00, 174843, -542240, 1330 
1719910412802.00, 174822, -538426, 1345 
1719910412823.00, 174884, -534601, 1339 
1719910412845.00, 174620, -530796, 1349 
1719910412867.00, 174711, -526973, 1361 
1719910412890.00, 174828, -523153, 1374 
1719910412910.00, 174845, -519346, 1376 
1719910412932.00, 174523, -515517, 1374 
1719910412955.00, 174770, -511703, 1389 
1719910412977.00, 174612, -507886, 1371 
1719910412998.00, 174651, -504078, 1368 
1719910413021.00, 174729, -500258, 1352 
1719910413042.00, 174717, -496442, 1354 
1719910413063.00, 174754, -492624, 1329 
1719910413086.00, 174664, -488814, 1327 
1719910413107.00, 174575, -484988, 1338 
1719910413129.00, 174508, -481181, 1310 
1719910413151.00, 174593, -477373, 1292 
1719910413173.00, 174475, -473560, 1277 
1719910413195.00, 174592, -469739, 1273 
1719910413216.00, 174531, -465920, 1252 
1719910413238.00, 174539, -462101, 1248 
1719910413260.00, 174637, -458298, 1237 
1719910413282.00, 174025, -454483, 1207 
1719910413304.00, 171736, -450691, 1185 
1719910413326.00, 169133, -446930, 1158 
1719910413347.00, 166010, -443243, 1135 
1719910413369.00, 162688, -439634, 1077 
1719910413393.00, 156947, -436080, 980 
1719910413413.00, 147838, -432679, 863 
1719910413436.00, 135266, -429474, 691 
1719910413457.00, 74487, -426566, 460 
1719910413479.00, 38826, -424978, 275 
1719910413500.00, 17957, -424138, -90 
1719910413522.00, 564, -423737, -318 
1719910413543.00, -22362, -423716, -562 
1719910413565.00, -51201, -424184, -650 
1719910413586.00, -73301, -425268, -684 
1719910413609.00, -88521, -426857, -732 
1719910413630.00, -100121, -428788, -833 
1719910413653.00, -112994, -430976, -824 
1719910413673.00, -119902, -433438, -843 
1719910413696.00, -124942, -436070, -867 
1719910413718.00, -129201, -438795, -867 
1719910413738.00, -131708, -441615, -868 
1719910413761.00, -132987, -444484, -889 
1719910413782.00, -134940, -447375, -898 
1719910413804.00, -136666, -450308, -900 
1719910413826.00, -137500, -453287, -918 
1719910413847.00, -139022, -456274, -927 
1719910413869.00, -140187, -459300, -904 
1719910413891.00, -139401, -462351, -879 
1719910413913.00, -137260, -465373, -862 
1719910413935.00, -135070, -468379, -873 
1719910413956.00, -134134, -471309, -856 
1719910413978.00, -132533, -474235, -869 
1719910413999.00, -132300, -477121, -911 
1719910414021.00, -134448, -479987, -958 
1719910414043.00, -138588, -482919, -962 
1719910414065.00, -141269, -485944, -973 
1719910414087.00, -143272, -489002, -979 
1719910414108.00, -144891, -492141, -995 
1719910414130.00, -146551, -495284, -992 
1719910414151.00, -147310, -498464, -990 
1719910414174.00, -147614, -501683, -989 
1719910414194.00, -147418, -504887, -1004 
1719910414217.00, -148135, -508117, -993 
1719910414238.00, -147916, -511337, -983 
1719910414260.00, -147068, -514539, -993 
1719910414282.00, -147108, -517756, -994 
1719910414303.00, -147042, -520947, -991 
1719910414325.00, -146688, -524149, -975 
1719910414347.00, -145538, -527346, -956 
1719910414369.00, -143432, -530504, -938 
1719910414390.00, -140967, -533635, -927 
1719910414412.00, -138843, -536697, -904 
1719910414436.00, -136210, -539713, -883 
1719910414456.00, -133270, -542686, -884 
1719910414477.00, -131480, -545569, -889 
1719910414499.00, -130845, -548424, -868 
1719910414521.00, -129273, -551273, -854 
1719910414543.00, -127208, -554076, -879 
1719910414564.00, -127320, -556849, -828 
1719910414586.00, -124340, -559621, -787 
1719910414608.00, -120047, -562315, -804 
1719910414630.00, -118571, -564921, -795 
1719910414651.00, -117118, -567501, -763 
1719910414673.00, -114256, -570044, -772 
1719910414695.00, -112861, -572526, -785 
1719910414716.00, -112981, -574994, -748 
1719910414738.00, -110882, -577435, -716 
1719910414763.00, -107662, -579831, -733 
1719910414782.00, -106557, -582186, -663 
1719910414804.00, -101769, -584487, -563 
1719910414825.00, -92703, -586688, -523 
1719910414846.00, -84888, -588683, -416 
1719910414872.00, -73875, -590505, -275 
1719910414890.00, -58658, -592097, -201 
1719910414912.00, -44993, -593359, -114 
1719910414933.00, -24641, -594333, -29 
1719910414954.00, -12674, -594883, 83 
1719910414980.00, -524, -595159, 249 
1719910414998.00, 15769, -595185, 426 
1719910415019.00, 36479, -594859, 514 
1719910415041.00, 54221, -594077, 724 
1719910415062.00, 77283, -592902, 832 
1719910415088.00, 97566, -591222, 914 
1719910415105.00, 114294, -589105, 1032 
1719910415126.00, 131359, -586587, 1059 
1719910415148.00, 143121, -583697, 1085 
1719910415170.00, 151382, -580558, 1171 
1719910415193.00, 161382, -577240, 1166 
1719910415214.00, 166603, -573703, 1194 
1719910415235.00, 171506, -570065, 1212 
1719910415257.00, 174919, -566316, 1228 
1719910415279.00, 174835, -562501, 1239 
1719910415301.00, 174781, -558671, 1268 
1719910415323.00, 174756, -554862, 1275 
1719910415344.00, 174946, -551042, 1281 
1719910415366.00, 174663, -547229, 1299 
1719910415388.00, 174788, -543411, 1296 
1719910415410.00, 174810, -539604, 1315 
1719910415432.00, 174736, -535778, 1318 
1719910415454.00, 174980, -531959, 1319 
1719910415475.00, 174763, -528142, 1317 
1719910415497.00, 174613, -524323, 1302 
1719910415519.00, 174684, -520519, 1296 
1719910415540.00, 174781, -516700, 1302 
1719910415563.00, 174922, -512885, 1290 
1719910415585.00, 174565, -509067, 1288 
1719910415606.00, 174831, -505251, 1290 
1719910415631.00, 174558, -501430, 1298 
1719910415649.00, 174688, -497609, 1287 
1719910415672.00, 174841, -493810, 1293 
1719910415694.00, 174771, -489989, 1314 
1719910415715.00, 174717, -486161, 1313 
1719910415737.00, 174682, -482345, 1306 
1719910415759.00, 174559, -478530, 1299 
1719910415781.00, 174534, -474710, 1284 
1719910415802.00, 174717, -470904, 1278 
1719910415824.00, 174707, -467086, 1283 
1719910415849.00, 174713, -463267, 1292 
1719910415868.00, 174722, -459443, 1319 
1719910415890.00, 174643, -455633, 1329 
1719910415912.00, 174621, -451814, 1316 
1719910415934.00, 174489, -448002, 1292 
1719910415955.00, 174422, -444198, 1235 
1719910415977.00, 173561, -440395, 1149 
1719910415998.00, 167771, -436603, 1051 
1719910416022.00, 158482, -432948, 909 
1719910416044.00, 144345, -429512, 744 
1719910416065.00, 79458, -426405, 574 
1719910416087.00, 41798, -424682, 514 
1719910416108.00, 19955, -423773, 244 
1719910416130.00, 7260, -423344, 63 
1719910416151.00, 144, -423192, -167 
1719910416173.00, -13775, -423186, -265 
1719910416195.00, -27891, -423487, -598 
1719910416216.00, -56329, -424079, -634 
1719910416238.00, -75337, -425282, -700 
1719910416259.00, -90541, -426926, -830 
1719910416281.00, -107145, -428898, -848 
1719910416303.00, -118024, -431230, -847 
1719910416325.00, -124147, -433805, -880 
1719910416347.00, -129591, -436515, -885 
1719910416368.00, -133023, -439345, -885 
1719910416390.00, -134832, -442235, -877 
1719910416412.00, -135273, -445179, -854 
1719910416433.00, -133956, -448109, -840 
1719910416455.00, -132147, -451034, -825 
1719910416477.00, -129991, -453909, -756 
1719910416498.00, -124716, -456721, -754 
1719910416520.00, -121373, -459445, -773 
1719910416542.00, -120109, -462074, -796 
1719910416564.00, -120748, -464686, -815 
1719910416585.00, -122311, -467321, -803 
1719910416607.00, -122398, -469984, -861 
1719910416629.00, -125893, -472634, -918 
1719910416651.00, -131145, -475387, -930 
1719910416672.00, -134915, -478250, -938 
1719910416694.00, -137472, -481177, -945 
1719910416716.00, -139420, -484180, -917 
1719910416738.00, -138398, -487223, -887 
1719910416759.00, -136195, -490221, -874 
1719910416781.00, -133990, -493187, -792 
1719910416803.00, -127857, -496089, -827 
1719910416824.00, -126056, -498860, -871 
1719910416846.00, -127519, -501617, -843 
1719910416868.00, -126687, -504392, -869 
1719910416889.00, -127718, -507154, -908 
1719910416911.00, -130431, -509936, -896 
1719910416932.00, -131389, -512770, -901 
1719910416955.00, -132249, -515626, -938 
1719910416977.00, -134949, -518507, -929 
1719910416998.00, -135831, -521433, -906 
1719910417020.00, -134994, -524408, -940 
1719910417042.00, -136199, -527339, -901 
1719910417063.00, -134598, -530297, -840 
1719910417085.00, -129826, -533233, -879 
1719910417107.00, -129315, -536062, -840 
1719910417129.00, -126703, -538849, -785 
1719910417151.00, -121965, -541615, -804 
1719910417172.00, -119955, -544254, -819 
1719910417194.00, -119705, -546856, -749 
1719910417215.00, -115265, -549477, -738 
1719910417237.00, -111871, -551980, -776 
1719910417260.00, -112175, -554402, -755 
1719910417281.00, -111099, -556846, -750 
1719910417302.00, -110098, -559260, -777 
1719910417324.00, -111078, -561648, -783 
1719910417346.00, -111951, -564066, -805 
1719910417367.00, -113605, -566518, -855 
1719910417390.00, -117800, -568996, -860 
1719910417411.00, -120563, -571539, -822 
1719910417433.00, -119751, -574176, -808 
1719910417454.00, -118346, -576775, -772 
1719910417476.00, -115457, -579340, -728 
1719910417498.00, -111000, -581852, -665 
1719910417519.00, -104477, -584251, -635 
1719910417541.00, -98689, -586515, -605 
1719910417563.00, -93482, -588649, -544 
1719910417585.00, -86436, -590657, -484 
1719910417608.00, -78644, -592535, -466 
1719910417628.00, -72922, -594238, -394 
1719910417650.00, -41413, -595800, -322 
1719910417671.00, -22607, -596709, -274 
1719910417692.00, -11359, -597221, -205 
1719910417715.00, -4818, -597477, -117 
1719910417736.00, -1211, -597587, -56 
1719910417757.00, 513, -597600, 95 
1719910417779.00, 7815, -597583, 300 
1719910417800.00, 24098, -597423, 434 
1719910417822.00, 42110, -596911, 530 
1719910417844.00, 58517, -596011, 729 
1719910417866.00, 80173, -594740, 834 
1719910417886.00, 99222, -593000, 840 
1719910417909.00, 110692, -590831, 969 
1719910417935.00, 125253, -588416, 1022 
1719910417950.00, 137015, -585663, 1034 
1719910417973.00, 144639, -582659, 1077 
1719910417994.00, 151567, -579487, 1082 
1719910418016.00, 155796, -576174, 1128 
1719910418040.00, 161114, -572760, 1151 
1719910418060.00, 165468, -569237, 1179 
1719910418081.00, 169582, -565619, 1190 
1719910418103.00, 172582, -561904, 1222 
1719910418126.00, 174730, -558127, 1237 
1719910418149.00, 174955, -554303, 1250 
1719910418169.00, 174715, -550490, 1279 
1719910418190.00, 174672, -546669, 1297 
1719910418213.00, 174682, -542858, 1313 
1719910418235.00, 174793, -539045, 1316 
1719910418258.00, 174728, -535211, 1335 
1719910418278.00, 174812, -531396, 1322 
1719910418300.00, 174809, -527581, 1326 
1719910418322.00, 174615, -523769, 1344 
1719910418343.00, 174666, -519958, 1363 
1719910418369.00, 174877, -516132, 1351 
1719910418387.00, 174570, -512315, 1345 
1719910418409.00, 174577, -508491, 1350 
1719910418431.00, 174592, -504676, 1354 
1719910418452.00, 174732, -500865, 1347 
1719910418474.00, 174772, -497044, 1360 
1719910418496.00, 174750, -493237, 1360 
1719910418518.00, 174872, -489413, 1355 
1719910418539.00, 174670, -485599, 1340 
1719910418562.00, 174480, -481784, 1342 
1719910418585.00, 174619, -477967, 1333 
1719910418606.00, 174836, -474155, 1317 
1719910418627.00, 174806, -470342, 1317 
1719910418648.00, 174691, -466513, 1320 
1719910418671.00, 174730, -462702, 1291 
1719910418693.00, 174591, -458883, 1279 
1719910418714.00, 174611, -455079, 1279 
1719910418736.00, 174824, -451262, 1244 
1719910418758.00, 174957, -447447, 1212 
1719910418780.00, 174566, -443617, 1174 
1719910418803.00, 174217, -439815, 1106 
1719910418823.00, 169800, -436015, 1005 
1719910418846.00, 160808, -432324, 923 
1719910418868.00, 92570, -428846, 758 
1719910418890.00, 52813, -426831, 611 
1719910418912.00, 29735, -425717, 197 
1719910418932.00, 16810, -425082, -128 
1719910418955.00, 1128, -424717, -318 
1719910418976.00, -18510, -424690, -599 
1719910418998.00, -47403, -425078, -678 
1719910419019.00, -69555, -426071, -713 
1719910419042.00, -84801, -427585, -811 
1719910419063.00, -99642, -429434, -874 
1719910419085.00, -112218, -431597, -851 
1719910419106.00, -118269, -434044, -877 
1719910419128.00, -123161, -436627, -861 
1719910419150.00, -124992, -439311, -880 
1719910419172.00, -126914, -442037, -885 
1719910419193.00, -128704, -444811, -862 
1719910419215.00, -128299, -447600, -866 
1719910419237.00, -128060, -450395, -918 
1719910419259.00, -131091, -453185, -904 
1719910419280.00, -131799, -456031, -908 
1719910419302.00, -132629, -458909, -895 
1719910419324.00, -132101, -461799, -918 
1719910419345.00, -133120, -464673, -929 
1719910419367.00, -134305, -467575, -911 
1719910419389.00, -134021, -470497, -932 
1719910419411.00, -134898, -473399, -953 
1719910419432.00, -136961, -476345, -967 
1719910419454.00, -138777, -479329, -980 
1719910419475.00, -140505, -482339, -989 
1719910419498.00, -142152, -485412, -990 
1719910419517.00, -143129, -488501, -1021 
1719910419539.00, -145261, -491635, -1031 
1719910419562.00, -147128, -494802, -1002 
1719910419585.00, -146305, -498012, -997 
1719910419605.00, -145468, -501218, -1016 
1719910419627.00, -146209, -504395, -1009 
1719910419650.00, -146023, -507580, -994 
1719910419672.00, -145019, -510766, -979 
1719910419693.00, -143334, -513915, -970 
1719910419715.00, -141998, -517054, -952 
1719910419737.00, -140189, -520135, -963 
1719910419758.00, -139666, -523172, -951 
1719910419781.00, -138417, -526215, -939 
1719910419802.00, -136930, -529225, -960 
1719910419824.00, -137342, -532196, -937 
1719910419846.00, -136218, -535190, -897 
1719910419867.00, -133099, -538141, -922 
1719910419889.00, -132576, -541042, -955 
1719910419910.00, -134342, -543931, -918 
1719910419932.00, -133083, -546837, -866 
1719910419954.00, -129100, -549746, -807 
1719910419975.00, -123322, -552549, -758 
1719910419997.00, -116947, -555208, -746 
1719910420019.00, -112341, -557747, -727 
1719910420041.00, -108366, -560180, -681 
1719910420063.00, -103164, -562536, -655 
1719910420085.00, -98655, -564772, -651 
1719910420106.00, -95654, -566906, -639 
1719910420127.00, -92964, -568981, -606 
1719910420149.00, -89542, -570977, -592 
1719910420170.00, -86757, -572924, -596 
1719910420192.00, -85273, -574805, -558 
1719910420214.00, -82112, -576644, -574 
1719910420236.00, -81089, -578421, -524 
1719910420258.00, -77535, -580171, -515 
1719910420279.00, -74901, -581859, -494 
1719910420300.00, -72082, -583474, -463 
1719910420322.00, -68534, -585032, -430 
1719910420344.00, -64419, -586505, -376 
1719910420366.00, -58706, -587897, -337 
1719910420387.00, -53102, -589168, -289 
1719910420409.00, -46586, -590306, -237 
1719910420430.00, -39791, -591319, -172 
1719910420455.00, -31993, -592185, -111 
1719910420473.00, -23529, -592877, -63 
1719910420495.00, -11568, -593386, -1 
1719910420516.00, -4417, -593643, 77 
1719910420538.00, 3498, -593743, 203 
1719910420562.00, 16229, -593676, 351 
1719910420581.00, 32436, -593335, 450 
1719910420603.00, 48480, -592646, 493 
1719910420624.00, 60218, -591605, 718 
1719910420646.00, 80609, -590282, 779 
1719910420668.00, 96780, -588539, 834 
1719910420689.00, 109447, -586424, 936 
1719910420711.00, 122946, -584033, 999 
1719910420731.00, 134463, -581346, 1029 
1719910420753.00, 142968, -578396, 1068 
1719910420777.00, 150313, -575263, 1097 
1719910420797.00, 156311, -571972, 1115 
1719910420819.00, 160889, -568544, 1146 
1719910420841.00, 165303, -565012, 1141 
1719910420862.00, 167476, -561408, 1173 
1719910420886.00, 170426, -557736, 1191 
1719910420906.00, 173355, -554023, 1181 
1719910420928.00, 174358, -550234, 1189 
1719910420950.00, 174639, -546420, 1204 
1719910420971.00, 174826, -542604, 1205 
1719910420995.00, 174821, -538794, 1203 
1719910421015.00, 174660, -534964, 1194 
1719910421037.00, 174768, -531147, 1202 
1719910421059.00, 174605, -527334, 1191 
1719910421081.00, 174717, -523517, 1213 
1719910421103.00, 174754, -519711, 1218 
1719910421124.00, 174744, -515890, 1202 
1719910421146.00, 174855, -512068, 1188 
1719910421168.00, 174593, -508244, 1188 
1719910421189.00, 174527, -504430, 1181 
1719910421214.00, 174111, -500619, 1186 
1719910421233.00, 174096, -496822, 1181 
1719910421255.00, 173632, -493020, 1177 
1719910421277.00, 173088, -489219, 1176 
1719910421299.00, 172584, -485438, 1171 
1719910421323.00, 171728, -481665, 1153 
1719910421342.00, 170109, -477912, 1151 
1719910421364.00, 169047, -474204, 1140 
1719910421386.00, 167824, -470499, 1147 
1719910421408.00, 167266, -466842, 1149 
1719910421432.00, 167124, -463173, 1137 
1719910421451.00, 166164, -459532, 1110 
1719910421473.00, 163958, -455911, 1096 
1719910421495.00, 161730, -452329, 1091 
1719910421517.00, 160091, -448798, 1071 
1719910421544.00, 157693, -445293, 1056 
1719910421560.00, 155292, -441855, 1042 
1719910421582.00, 153007, -438476, 1018 
1719910421606.00, 150233, -435129, 963 
1719910421628.00, 145238, -431874, 871 
1719910421653.00, 82459, -428742, 748 
1719910421670.00, 45850, -426941, 684 
1719910421692.00, 24362, -425956, 431 
1719910421714.00, 12122, -425433, 190 
1719910421735.00, 4760, -425182, -31 
1719910421758.00, -1077, -425095, -294 
1719910421778.00, -20157, -425121, -495 
1719910421800.00, -43605, -425538, -650 
1719910421821.00, -66911, -426452, -705 
1719910421843.00, -83983, -427914, -809 
1719910421865.00, -100431, -429736, -847 
1719910421887.00, -112249, -431934, -867 
1719910421909.00, -120358, -434388, -878 
1719910421931.00, -125766, -437007, -886 
1719910421952.00, -129217, -439742, -914 
1719910421977.00, -132957, -442568, -916 
1719910421996.00, -135207, -445471, -926 
1719910422017.00, -136652, -448413, -961 
1719910422039.00, -139719, -451397, -970 
1719910422061.00, -142132, -454442, -973 
1719910422084.00, -143719, -457529, -987 
1719910422104.00, -145239, -460661, -994 
1719910422125.00, -146563, -463816, -985 
1719910422146.00, -146712, -467002, -1011 
1719910422168.00, -148223, -470215, -1035 
1719910422193.00, -150492, -473441, -1024 
1719910422212.00, -151014, -476738, -1020 
1719910422233.00, -151018, -480033, -1033 
1719910422255.00, -151765, -483341, -1022 
1719910422278.00, -151373, -486648, -996 
1719910422300.00, -149662, -489940, -986 
1719910422320.00, -147772, -493197, -1004 
1719910422343.00, -147700, -496423, -987 
1719910422365.00, -146538, -499632, -970 
1719910422387.00, -144948, -502830, -967 
1719910422409.00, -143685, -505970, -985 
1719910422429.00, -143755, -509104, -1005 
1719910422451.00, -145066, -512242, -1024 
1719910422473.00, -146960, -515408, -1032 
1719910422495.00, -148444, -518630, -1035 
1719910422519.00, -149452, -521874, -1045 
1719910422538.00, -150620, -525136, -1044 
1719910422560.00, -151142, -528437, -1002 
1719910422583.00, -148800, -531726, -936 
1719910422605.00, -143293, -534959, -849 
1719910422626.00, -134809, -538059, -777 
1719910422649.00, -125393, -540990, -723 
1719910422670.00, -116630, -543704, -669 
1719910422691.00, -108254, -546226, -636 
1719910422713.00, -101018, -548572, -645 
1719910422736.00, -97144, -550769, -673 
1719910422757.00, -96654, -552880, -659 
1719910422779.00, -95506, -554961, -656 
1719910422800.00, -94576, -557033, -676 
1719910422821.00, -95265, -559085, -628 
1719910422844.00, -92729, -561144, -614 
1719910422865.00, -90293, -563145, -632 
1719910422887.00, -90007, -565108, -582 
1719910422909.00, -86890, -567054, -607 
1719910422930.00, -86474, -568944, -607 
1719910422952.00, -86203, -570802, -567 
1719910422973.00, -83651, -572675, -572 
1719910422994.00, -82398, -574487, -546 
1719910423017.00, -79876, -576272, -532 
1719910423038.00, -77688, -577998, -501 
1719910423059.00, -74475, -579679, -516 
1719910423082.00, -73468, -581298, -508 
1719910423103.00, -72352, -582891, -502 
1719910423125.00, -71352, -584464, -498 
1719910423146.00, -70379, -586010, -493 
1719910423168.00, -69688, -587534, -460 
1719910423189.00, -67422, -589045, -446 
1719910423212.00, -65088, -590496, -402 
1719910423233.00, -61012, -591905, -360 
1719910423255.00, -56159, -593219, -311 
1719910423276.00, -31371, -594428, -249 
1719910423299.00, -16443, -595134, -199 
1719910423320.00, -7566, -595508, -138 
1719910423340.00, -2499, -595679, -62 
1719910423362.00, 84, -595734, 8 
1719910423383.00, 1661, -595729, 170 
1719910423405.00, 12823, -595687, 362 
1719910423427.00, 31125, -595417, 483 
1719910423448.00, 49182, -594749, 648 
1719910423470.00, 69806, -593688, 797 
1719910423492.00, 91007, -592175, 856 
1719910423516.00, 107103, -590187, 944 
1719910423533.00, 121891, -587854, 1020 
1719910423556.00, 135156, -585176, 1036 
1719910423578.00, 143891, -582211, 1065 
1719910423600.00, 150631, -579065, 1110 
1719910423623.00, 157005, -575767, 1118 
1719910423642.00, 161081, -572318, 1139 
1719910423665.00, 164796, -568787, 1183 
1719910423686.00, 169456, -565179, 1188 
1719910423709.00, 172570, -561468, 1224 
1719910423731.00, 174744, -557696, 1248 
1719910423751.00, 174797, -553879, 1288 
1719910423773.00, 174679, -550057, 1322 
1719910423795.00, 174803, -546242, 1328 
1719910423818.00, 174685, -542423, 1337 
1719910423840.00, 174684, -538613, 1325 
1719910423861.00, 174840, -534792, 1286 
1719910423883.00, 174731, -530971, 1239 
1719910423905.00, 174453, -527159, 1213 
1719910423926.00, 174642, -523353, 1179 
1719910423949.00, 174773, -519538, 1177 
1719910423970.00, 174729, -515716, 1163 
1719910423991.00, 173780, -511904, 1155 
1719910424013.00, 172652, -508102, 1153 
1719910424035.00, 171657, -504336, 1149 
1719910424062.00, 170818, -500582, 1158 
1719910424079.00, 170731, -496859, 1167 
1719910424101.00, 171103, -493133, 1163 
1719910424123.00, 171084, -489395, 1159 
1719910424145.00, 170652, -485661, 1158 
1719910424167.00, 170264, -481924, 1144 
1719910424189.00, 169101, -478206, 1141 
1719910424210.00, 168097, -474519, 1141 
1719910424232.00, 167550, -470854, 1142 
1719910424254.00, 167113, -467193, 1124 
1719910424275.00, 165667, -463543, 1109 
1719910424297.00, 163957, -459927, 1088 
1719910424319.00, 161417, -456351, 1062 
1719910424341.00, 158412, -452837, 1050 
1719910424363.00, 155720, -449377, 1044 
1719910424385.00, 153763, -445970, 1025 
1719910424406.00, 151273, -442611, 1004 
1719910424429.00, 148641, -439321, 995 
1719910424451.00, 146379, -436091, 988 
1719910424473.00, 144527, -432899, 964 
1719910424495.00, 141947, -429758, 911 
1719910424516.00, 80829, -426688, 810 
1719910424538.00, 45099, -424944, 769 
1719910424559.00, 24079, -423963, 532 
1719910424581.00, 11937, -423435, 295 
1719910424606.00, 4755, -423186, 86 
1719910424624.00, 889, -423096, -189 
1719910424646.00, -12352, -423083, -304 
1719910424667.00, -27295, -423355, -643 
1719910424688.00, -56321, -423935, -679 
1719910424716.00, -76050, -425143, -728 
1719910424732.00, -90561, -426801, -847 
1719910424754.00, -106220, -428776, -843 
1719910424776.00, -115092, -431094, -834 
1719910424798.00, -119843, -433602, -830 
1719910424824.00, -122347, -436217, -812 
1719910424840.00, -122464, -438884, -780 
1719910424863.00, -120644, -441551, -770 
1719910424884.00, -118918, -444175, -766 
1719910424906.00, -117433, -446755, -771 
1719910424928.00, -116838, -449299, -773 
1719910424950.00, -116373, -451862, -774 
1719910424972.00, -116271, -454393, -784 
1719910424993.00, -116682, -456905, -789 
1719910425015.00, -117103, -459455, -828 
1719910425036.00, -119559, -462006, -825 
1719910425058.00, -120915, -464610, -827 
1719910425080.00, -121786, -467251, -835 
1719910425102.00, -122638, -469893, -854 
1719910425123.00, -124203, -472560, -865 
1719910425145.00, -125600, -475274, -867 
1719910425167.00, -126642, -478015, -852 
1719910425189.00, -126370, -480765, -853 
1719910425210.00, -126014, -483512, -868 
1719910425232.00, -126725, -486264, -870 
1719910425254.00, -127229, -489010, -884 
1719910425276.00, -128316, -491791, -889 
1719910425297.00, -129197, -494585, -910 
1719910425319.00, -130969, -497394, -918 
1719910425341.00, -132110, -500253, -890 
1719910425363.00, -131422, -503134, -904 
1719910425384.00, -131640, -505973, -912 
1719910425406.00, -132428, -508848, -870 
1719910425428.00, -130083, -511717, -841 
1719910425449.00, -126823, -514539, -812 
1719910425471.00, -123098, -517313, -772 
1719910425493.00, -118091, -519988, -716 
1719910425514.00, -112017, -522544, -711 
1719910425536.00, -108123, -524981, -708 
1719910425558.00, -105419, -527334, -717 
1719910425580.00, -104585, -529632, -680 
1719910425602.00, -101978, -531895, -702 
1719910425622.00, -101444, -534115, -729 
1719910425645.00, -102600, -536334, -687 
1719910425667.00, -101010, -538549, -692 
1719910425689.00, -100315, -540756, -713 
1719910425710.00, -100833, -542939, -687 
1719910425731.00, -99749, -545132, -680 
1719910425753.00, -98709, -547289, -701 
1719910425775.00, -99119, -549442, -659 
1719910425796.00, -97161, -551593, -650 
1719910425818.00, -95403, -553690, -661 
1719910425840.00, -94938, -555761, -645 
1719910425861.00, -93799, -557813, -657 
1719910425883.00, -93868, -559851, -674 
1719910425905.00, -94661, -561875, -667 
1719910425926.00, -94854, -563922, -677 
1719910425948.00, -95432, -565985, -668 
1719910425969.00, -95287, -568051, -637 
1719910425991.00, -93491, -570107, -645 
1719910426013.00, -92769, -572132, -632 
1719910426034.00, -91315, -574142, -626 
1719910426056.00, -90199, -576125, -620 
1719910426078.00, -89137, -578069, -596 
1719910426099.00, -87011, -579997, -626 
1719910426121.00, -87532, -581895, -598 
1719910426143.00, -86388, -583778, -532 
1719910426164.00, -81641, -585648, -514 
1719910426185.00, -77521, -587407, -456 
1719910426207.00, -71646, -589083, -405 
1719910426230.00, -65098, -590626, -350 
1719910426252.00, -57551, -592035, -334 
1719910426272.00, -52445, -593282, -284 
1719910426294.00, -29232, -594410, -235 
1719910426316.00, -15185, -595068, -197 
1719910426337.00, -6899, -595416, -150 
1719910426364.00, -2117, -595572, -93 
1719910426380.00, 102, -595623, -72 
1719910426401.00, 1660, -595623, 11 
1719910426423.00, 3449, -595588, 127 
1719910426445.00, 11439, -595501, 286 
1719910426467.00, 25603, -595250, 431 
1719910426488.00, 42748, -594706, 478 
1719910426510.00, 55662, -593783, 711 
1719910426532.00, 77225, -592570, 814 
1719910426553.00, 96381, -590890, 847 
1719910426579.00, 109925, -588799, 948 
1719910426595.00, 123799, -586389, 1021 
1719910426618.00, 136275, -583668, 1020 
1719910426639.00, 143432, -580685, 1071 
1719910426661.00, 150448, -577538, 1106 
1719910426682.00, 156766, -574247, 1085 
1719910426704.00, 158975, -570824, 1097 
1719910426726.00, 160915, -567337, 1120 
1719910426748.00, 163579, -563821, 1121 
1719910426770.00, 164826, -560246, 1155 
1719910426794.00, 167689, -556647, 1176 
1719910426813.00, 170321, -552990, 1166 
1719910426836.00, 171355, -549251, 1179 
1719910426857.00, 172679, -545509, 1198 
1719910426879.00, 174456, -541720, 1211 
1719910426901.00, 174782, -537925, 1219 
1719910426923.00, 174734, -534098, 1224 
1719910426945.00, 174656, -530288, 1230 
1719910426967.00, 174740, -526468, 1247 
1719910426988.00, 174775, -522657, 1240 
1719910427013.00, 174505, -518831, 1229 
1719910427032.00, 174647, -515019, 1219 
1719910427053.00, 174556, -511202, 1203 
1719910427076.00, 174754, -507385, 1189 
1719910427097.00, 174727, -503564, 1192 
1719910427121.00, 174681, -499751, 1191 
1719910427141.00, 174900, -495934, 1177 
1719910427162.00, 173841, -492115, 1160 
1719910427184.00, 171993, -488323, 1145 
1719910427206.00, 169944, -484566, 1140 
1719910427230.00, 168403, -480856, 1121 
1719910427250.00, 166285, -477177, 1103 
1719910427272.00, 163929, -473552, 1097 
1719910427294.00, 161914, -469960, 1096 
1719910427315.00, 160782, -466422, 1074 
1719910427341.00, 158687, -462915, 1058 
1719910427359.00, 156273, -459453, 1044 
1719910427381.00, 154023, -456043, 1032 
1719910427403.00, 151973, -452676, 1016 
1719910427424.00, 149770, -449370, 1000 
1719910427448.00, 147318, -446093, 968 
1719910427469.00, 143967, -442896, 923 
1719910427491.00, 139256, -439775, 889 
1719910427513.00, 134424, -436750, 868 
1719910427534.00, 129895, -433820, 813 
1719910427556.00, 123991, -431008, 715 
1719910427578.00, 70561, -428346, 581 
1719910427599.00, 39299, -426809, 488 
1719910427621.00, 20623, -425961, 277 
1719910427642.00, 9788, -425523, 43 
1719910427665.00, 3673, -425317, -188 
1719910427685.00, -10731, -425247, -333 
1719910427707.00, -27985, -425479, -609 
1719910427729.00, -55050, -426068, -643 
1719910427751.00, -73307, -427245, -691 
1719910427774.00, -86962, -428847, -794 
1719910427794.00, -101174, -430733, -806 
1719910427816.00, -110348, -432929, -819 
1719910427838.00, -116300, -435354, -824 
1719910427859.00, -120152, -437886, -823 
1719910427883.00, -122086, -440494, -819 
1719910427903.00, -122901, -443160, -818 
1719910427924.00, -123220, -445830, -819 
1719910427946.00, -123263, -448512, -835 
1719910427968.00, -124206, -451214, -835 
1719910427990.00, -124705, -453910, -850 
1719910428011.00, -125933, -456609, -863 
1719910428032.00, -127264, -459362, -881 
1719910428054.00, -129003, -462133, -889 
1719910428076.00, -130460, -464934, -866 
1719910428098.00, -129912, -467785, -843 
1719910428120.00, -128073, -470617, -836 
1719910428142.00, -126490, -473375, -829 
1719910428163.00, -124982, -476138, -825 
1719910428185.00, -123910, -478852, -790 
1719910428206.00, -121049, -481534, -778 
1719910428229.00, -118408, -484192, -797 
1719910428250.00, -117979, -486768, -796 
1719910428272.00, -117701, -489317, -784 
1719910428294.00, -116744, -491885, -802 
1719910428316.00, -117178, -494433, -808 
1719910428337.00, -117750, -496977, -813 
1719910428359.00, -118343, -499536, -802 
1719910428380.00, -118038, -502107, -813 
1719910428402.00, -118245, -504678, -812 
1719910428423.00, -118341, -507264, -787 
1719910428445.00, -116989, -509838, -760 
1719910428467.00, -114462, -512372, -760 
1719910428489.00, -112846, -514849, -781 
1719910428511.00, -112972, -517323, -766 
1719910428533.00, -112139, -519787, -745 
1719910428554.00, -110665, -522208, -733 
1719910428576.00, -108711, -524613, -739 
1719910428598.00, -107874, -526984, -738 
1719910428620.00, -107402, -529328, -727 
1719910428641.00, -106508, -531655, -739 
1719910428663.00, -106398, -533986, -750 
1719910428684.00, -106789, -536310, -742 
1719910428706.00, -107054, -538622, -717 
1719910428727.00, -105585, -540951, -725 
1719910428750.00, -104921, -543252, -724 
1719910428772.00, -104593, -545528, -691 
1719910428793.00, -102420, -547787, -680 
1719910428815.00, -100288, -550028, -660 
1719910428836.00, -97699, -552208, -618 
1719910428859.00, -93768, -554312, -612 
1719910428880.00, -91048, -556353, -615 
1719910428902.00, -89626, -558321, -596 
1719910428924.00, -87506, -560258, -624 
1719910428945.00, -87967, -562155, -606 
1719910428966.00, -87199, -564048, -605 
1719910428988.00, -86351, -565952, -594 
1719910429010.00, -85502, -567816, -544 
1719910429032.00, -81870, -569677, -560 
1719910429053.00, -80675, -571435, -541 
1719910429075.00, -78783, -573181, -528 
1719910429096.00, -76915, -574897, -515 
1719910429118.00, -75081, -576562, -534 
1719910429139.00, -75082, -578184, -506 
1719910429161.00, -73481, -579800, -507 
1719910429182.00, -72507, -581399, -520 
1719910429204.00, -72703, -582972, -508 
1719910429226.00, -72090, -584549, -474 
1719910429247.00, -69613, -586109, -487 
1719910429269.00, -68902, -587611, -465 
1719910429291.00, -67250, -589107, -420 
1719910429313.00, -63536, -590549, -353 
1719910429334.00, -57180, -591926, -296 
1719910429356.00, -50021, -593154, -211 
1719910429377.00, -27776, -594233, -141 
1719910429399.00, -14485, -594857, -101 
1719910429421.00, -6593, -595187, -26 
1719910429442.00, -1974, -595327, 98 
1719910429463.00, 5889, -595369, 189 
1719910429485.00, 16477, -595255, 294 
1719910429507.00, 29027, -594901, 407 
1719910429529.00, 43525, -594281, 449 
1719910429550.00, 54398, -593346, 651 
1719910429572.00, 72915, -592167, 717 
1719910429593.00, 87954, -590579, 739 
1719910429615.00, 98138, -588674, 857 
1719910429639.00, 111115, -586534, 936 
1719910429659.00, 123675, -584096, 946 
1719910429679.00, 131477, -581401, 1002 
1719910429700.00, 139156, -578525, 1030 
1719910429722.00, 145426, -575476, 1035 
1719910429745.00, 149385, -572291, 1053 
1719910429766.00, 152827, -569020, 1109 
1719910429788.00, 157905, -565678, 1087 
1719910429810.00, 159622, -562222, 1087 
1719910429832.00, 160543, -558741, 1083 
1719910429853.00, 160637, -555239, 1080 
1719910429875.00, 160483, -551710, 1081 
1719910429897.00, 160369, -548215, 1089 
1719910429919.00, 160633, -544706, 1103 
1719910429941.00, 161408, -541195, 1111 
1719910429966.00, 162474, -537669, 1121 
1719910429984.00, 163552, -534121, 1127 
1719910430006.00, 164386, -530546, 1123 
1719910430028.00, 164406, -526951, 1129 
1719910430049.00, 165038, -523363, 1128 
1719910430073.00, 165036, -519754, 1121 
1719910430094.00, 164754, -516149, 1114 
1719910430115.00, 163908, -512545, 1108 
1719910430136.00, 163120, -508963, 1098 
1719910430158.00, 162054, -505398, 1086 
1719910430182.00, 160468, -501860, 1080 
1719910430203.00, 159022, -498352, 1078 
1719910430224.00, 158146, -494877, 1076 
1719910430246.00, 157387, -491429, 1067 
1719910430268.00, 156107, -487982, 1065 
1719910430290.00, 155212, -484575, 1049 
1719910430312.00, 153783, -481181, 1018 
1719910430333.00, 151044, -477816, 1004 
1719910430357.00, 148467, -474529, 988 
1719910430378.00, 145935, -471288, 981 
1719910430400.00, 144017, -468121, 966 
1719910430422.00, 141946, -464984, 947 
1719910430443.00, 139426, -461905, 931 
1719910430465.00, 137047, -458871, 933 
1719910430487.00, 135567, -455889, 944 
1719910430510.00, 135486, -452946, 937 
1719910430531.00, 134966, -449989, 935 
1719910430552.00, 134598, -447056, 932 
1719910430574.00, 134028, -444132, 931 
1719910430596.00, 133550, -441227, 917 
1719910430618.00, 132358, -438315, 898 
1719910430639.00, 130516, -435436, 841 
1719910430661.00, 125777, -432606, 754 
1719910430682.00, 117740, -429869, 625 
1719910430704.00, 66683, -427340, 432 
1719910430728.00, 36413, -425911, 264 
1719910430748.00, 18794, -425126, -21 
1719910430769.00, 7683, -424715, -226 
1719910430791.00, -10952, -424546, -321 
1719910430812.00, -27842, -424781, -568 
1719910430838.00, -52828, -425374, -636 
1719910430855.00, -71792, -426492, -686 
1719910430877.00, -85933, -428060, -779 
1719910430899.00, -99802, -429927, -809 
1719910430921.00, -109735, -432091, -824 
1719910430947.00, -116511, -434498, -842 
1719910430964.00, -121475, -437033, -830 
1719910430985.00, -123523, -439679, -852 
1719910431007.00, -125955, -442367, -890 
1719910431035.00, -129468, -445125, -858 
1719910431051.00, -129656, -447925, -865 
1719910431073.00, -130157, -450761, -882 
1719910431094.00, -131368, -453587, -890 
1719910431116.00, -132377, -456429, -891 
1719910431137.00, -132951, -459323, -878 
1719910431162.00, -132117, -462217, -872 
1719910431181.00, -131376, -465080, -890 
1719910431203.00, -131634, -467960, -875 
1719910431224.00, -131192, -470836, -859 
1719910431246.00, -129799, -473674, -854 
1719910431268.00, -128962, -476495, -859 
1719910431290.00, -128382, -479290, -861 
1719910431312.00, -128031, -482069, -833 
1719910431333.00, -126199, -484875, -801 
1719910431355.00, -123099, -487615, -834 
1719910431377.00, -123128, -490292, -821 
1719910431398.00, -122245, -492962, -781 
1719910431420.00, -119250, -495618, -802 
1719910431442.00, -118442, -498199, -810 
1719910431464.00, -118573, -500801, -785 
1719910431486.00, -117184, -503376, -743 
1719910431507.00, -113684, -505905, -728 
1719910431529.00, -110568, -508378, -706 
1719910431551.00, -107369, -510786, -664 
1719910431572.00, -102947, -513115, -614 
1719910431594.00, -97224, -515344, -637 
1719910431616.00, -95204, -517455, -617 
1719910431637.00, -93038, -519521, -593 
1719910431659.00, -89967, -521515, -652 
1719910431680.00, -91636, -523480, -649 
1719910431702.00, -92532, -525461, -617 
1719910431724.00, -91197, -527467, -663 
1719910431745.00, -92942, -529445, -640 
1719910431767.00, -92650, -531445, -623 
1719910431789.00, -91241, -533474, -624 
1719910431810.00, -90645, -535446, -611 
1719910431832.00, -89508, -537406, -647 
1719910431853.00, -90900, -539345, -626 
1719910431875.00, -90457, -541313, -630 
1719910431897.00, -90288, -543280, -648 
1719910431918.00, -91322, -545232, -595 
1719910431940.00, -88692, -547201, -616 
1719910431961.00, -88396, -549137, -600 
1719910431983.00, -87363, -551048, -591 
1719910432005.00, -85830, -552948, -596 
1719910432026.00, -85387, -554796, -559 
1719910432048.00, -83103, -556655, -569 
1719910432070.00, -82136, -558454, -566 
1719910432092.00, -81443, -560233, -568 
1719910432113.00, -81201, -561995, -532 
1719910432135.00, -78865, -563741, -542 
1719910432161.00, -77966, -565465, -565 
1719910432178.00, -78908, -567148, -548 
1719910432200.00, -78496, -568862, -539 
1719910432221.00, -77505, -570545, -556 
1719910432242.00, -77845, -572237, -553 
1719910432264.00, -78089, -573921, -523 
1719910432286.00, -76348, -575622, -548 
1719910432308.00, -76895, -577266, -525 
1719910432329.00, -75766, -578926, -488 
1719910432351.00, -72754, -580560, -440 
1719910432374.00, -67960, -582146, -442 
1719910432395.00, -65283, -583612, -403 
1719910432416.00, -61529, -585031, -368 
1719910432437.00, -57132, -586351, -361 
1719910432459.00, -54128, -587590, -340 
1719910432480.00, -51061, -588764, -320 
1719910432503.00, -47978, -589856, -299 
1719910432524.00, -44874, -590901, -280 
1719910432546.00, -41912, -591880, -261 
1719910432567.00, -39242, -592780, -216 
1719910432590.00, -21784, -593625, -177 
1719910432611.00, -11156, -594116, -147 
1719910432632.00, -4835, -594369, -77 
1719910432653.00, -1172, -594469, 31 
1719910432675.00, 2283, -594487, 138 
1719910432697.00, 11186, -594443, 275 
1719910432719.00, 24579, -594204, 419 
1719910432739.00, 41400, -593678, 466 
1719910432762.00, 54068, -592791, 670 
1719910432783.00, 73913, -591625, 731 
1719910432805.00, 89373, -590015, 780 
1719910432826.00, 101283, -588078, 909 
1719910432849.00, 115979, -585860, 942 
1719910432870.00, 126780, -583317, 955 
1719910432891.00, 133735, -580546, 1030 
1719910432912.00, 142169, -577615, 1048 
1719910432935.00, 148296, -574501, 1045 
1719910432956.00, 151617, -571256, 1074 
1719910432978.00, 155183, -567949, 1091 
1719910433000.00, 158262, -564544, 1109 
1719910433022.00, 161001, -561084, 1145 
1719910433043.00, 164400, -557554, 1147 
1719910433065.00, 166841, -553970, 1151 
1719910433087.00, 168211, -550315, 1184 
1719910433109.00, 170839, -546639, 1201 
1719910433136.00, 173495, -542906, 1211 
1719910433154.00, 174795, -539105, 1226 
1719910433174.00, 174652, -535279, 1228 
1719910433195.00, 174773, -531463, 1227 
1719910433218.00, 174721, -527647, 1222 
1719910433240.00, 174624, -523828, 1214 
1719910433261.00, 174706, -520021, 1208 
1719910433283.00, 174756, -516202, 1206 
1719910433305.00, 174497, -512378, 1196 
1719910433327.00, 174668, -508560, 1196 
1719910433349.00, 174608, -504742, 1179 
1719910433371.00, 173846, -500927, 1168 
1719910433393.00, 172666, -497141, 1158 
1719910433414.00, 171346, -493372, 1128 
1719910433436.00, 168502, -489629, 1115 
1719910433458.00, 166011, -485954, 1089 
1719910433479.00, 162741, -482328, 1061 
1719910433501.00, 159235, -478773, 1008 
1719910433524.00, 153905, -475307, 970 
1719910433546.00, 148122, -471968, 934 
1719910433567.00, 142692, -468747, 897 
1719910433589.00, 137063, -465652, 883 
1719910433611.00, 133038, -462675, 869 
1719910433636.00, 129480, -459776, 872 
1719910433654.00, 127764, -456979, 863 
1719910433677.00, 126099, -454192, 859 
1719910433698.00, 124934, -451448, 863 
1719910433720.00, 124364, -448735, 859 
1719910433742.00, 123692, -446020, 850 
1719910433763.00, 122615, -443329, 823 
1719910433786.00, 120530, -440675, 782 
1719910433807.00, 116705, -438062, 698 
1719910433828.00, 109333, -435522, 587 
1719910433850.00, 98070, -433156, 474 
1719910433872.00, 84590, -431050, 339 
1719910433894.00, 47622, -429238, 202 
1719910433915.00, 25900, -428214, 58 
1719910433937.00, 12938, -427637, -113 
1719910433958.00, -501, -427351, -231 
1719910433980.00, -16054, -427357, -318 
1719910434002.00, -30763, -427688, -354 
1719910434023.00, -41119, -428358, -560 
1719910434045.00, -59857, -429242, -540 
1719910434067.00, -69612, -430526, -597 
1719910434088.00, -79045, -432054, -640 
1719910434109.00, -86977, -433766, -647 
1719910434132.00, -92082, -435669, -669 
1719910434153.00, -96377, -437667, -702 
1719910434177.00, -100750, -439745, -741 
1719910434196.00, -105566, -441961, -749 
1719910434219.00, -108968, -444262, -750 
1719910434240.00, -111077, -446626, -768 
1719910434261.00, -113108, -449036, -792 
1719910434283.00, -115817, -451518, -782 
1719910434305.00, -116581, -454033, -774 
1719910434327.00, -116634, -456562, -783 
1719910434348.00, -117043, -459101, -785 
1719910434370.00, -116928, -461651, -786 
1719910434391.00, -117114, -464195, -769 
1719910434414.00, -116289, -466740, -769 
1719910434436.00, -115561, -469271, -785 
1719910434458.00, -116058, -471794, -812 
1719910434479.00, -117843, -474325, -794 
1719910434501.00, -118042, -476893, -783 
1719910434522.00, -117302, -479446, -802 
1719910434544.00, -117729, -481986, -819 
1719910434566.00, -119034, -484578, -793 
1719910434588.00, -118228, -487168, -773 
1719910434609.00, -116599, -489716, -775 
1719910434630.00, -115450, -492258, -763 
1719910434654.00, -113987, -494773, -717 
1719910434675.00, -110284, -497249, -711 
1719910434695.00, -107702, -499650, -720 
1719910434718.00, -106659, -501989, -720 
1719910434740.00, -106180, -504316, -720 
1719910434762.00, -105727, -506627, -724 
1719910434784.00, -105602, -508925, -733 
1719910434805.00, -106115, -511222, -737 
1719910434826.00, -106546, -513528, -737 
1719910434848.00, -106788, -515849, -734 
1719910434870.00, -106635, -518167, -727 
1719910434893.00, -106174, -520498, -735 
1719910434914.00, -106256, -522805, -731 
1719910434935.00, -106100, -525115, -693 
1719910434957.00, -103643, -527421, -672 
1719910434979.00, -100965, -529678, -659 
1719910435003.00, -98525, -531858, -654 
1719910435022.00, -96624, -534001, -645 
1719910435044.00, -95099, -536099, -616 
1719910435065.00, -92542, -538148, -644 
1719910435087.00, -92531, -540151, -647 
1719910435109.00, -92738, -542158, -587 
1719910435130.00, -89206, -544154, -610 
1719910435151.00, -88235, -546087, -625 
1719910435173.00, -88633, -547994, -595 
1719910435195.00, -87103, -549925, -608 
1719910435217.00, -86802, -551808, -583 
1719910435238.00, -85114, -553687, -583 
1719910435260.00, -84160, -555539, -522 
1719910435282.00, -80213, -557350, -479 
1719910435303.00, -75015, -559090, -461 
1719910435326.00, -70917, -560703, -413 
1719910435347.00, -65562, -562238, -413 
1719910435368.00, -62199, -563644, -414 
1719910435390.00, -60283, -565001, -410 
1719910435411.00, -58964, -566311, -416 
1719910435435.00, -58523, -567587, -421 
1719910435456.00, -58759, -568868, -432 
1719910435476.00, -59339, -570126, -432 
1719910435498.00, -59838, -571415, -449 
1719910435519.00, -61169, -572713, -473 
1719910435542.00, -63285, -574042, -464 
1719910435563.00, -64108, -575419, -484 
1719910435585.00, -65732, -576802, -499 
1719910435606.00, -67591, -578226, -520 
1719910435628.00, -70065, -579687, -508 
1719910435651.00, -70875, -581211, -510 
1719910435670.00, -71364, -582751, -533 
1719910435692.00, -72899, -584287, -493 
1719910435714.00, -71586, -585868, -467 
1719910435736.00, -69092, -587414, -439 
1719910435760.00, -65735, -588907, -418 
1719910435779.00, -62489, -590324, -346 
1719910435801.00, -56427, -591680, -303 
1719910435823.00, -49950, -592892, -245 
1719910435844.00, -27854, -593973, -183 
1719910435869.00, -14475, -594604, -135 
1719910435887.00, -6757, -594933, -80 
1719910435908.00, -2338, -595083, 20 
1719910435930.00, 961, -595128, 109 
1719910435952.00, 8606, -595109, 283 
1719910435976.00, 23362, -594922, 420 
1719910435994.00, 40770, -594428, 451 
1719910436016.00, 52931, -593549, 682 
1719910436038.00, 73805, -592407, 774 
1719910436060.00, 91864, -590796, 799 
1719910436086.00, 104009, -588807, 908 
1719910436103.00, 117598, -586526, 970 
1719910436125.00, 129273, -583960, 970 
1719910436146.00, 136105, -581128, 1016 
1719910436167.00, 142894, -578149, 1037 
1719910436189.00, 148073, -575017, 1046 
1719910436210.00, 151642, -571785, 1063 
1719910436232.00, 154522, -568467, 1100 
1719910436254.00, 158302, -565089, 1096 
1719910436276.00, 160155, -561626, 1133 
1719910436298.00, 163601, -558112, 1140 
1719910436320.00, 165900, -554546, 1139 
1719910436341.00, 167233, -550909, 1145 
1719910436364.00, 168111, -547261, 1168 
1719910436386.00, 169895, -543586, 1181 
1719910436407.00, 171703, -539881, 1169 
1719910436429.00, 172067, -536134, 1173 
1719910436453.00, 172457, -532373, 1176 
1719910436473.00, 172707, -528604, 1170 
1719910436495.00, 172350, -524831, 1154 
1719910436516.00, 171146, -521067, 1157 
1719910436538.00, 170426, -517331, 1164 
1719910436559.00, 170464, -513617, 1154 
1719910436582.00, 169812, -509893, 1139 
1719910436604.00, 168204, -506197, 1123 
1719910436625.00, 166210, -502516, 1112 
1719910436647.00, 164463, -498878, 1088 
1719910436669.00, 161702, -495294, 1070 
1719910436691.00, 159077, -491753, 1057 
1719910436713.00, 156572, -488288, 1056 
1719910436734.00, 154886, -484861, 1052 
1719910436757.00, 153660, -481479, 1044 
1719910436778.00, 152365, -478121, 1036 
1719910436800.00, 151048, -474793, 1036 
1719910436821.00, 150298, -471492, 1042 
1719910436843.00, 150265, -468201, 1051 
1719910436865.00, 150730, -464925, 1047 
1719910436887.00, 150681, -461633, 1033 
1719910436909.00, 149818, -458337, 1000 
1719910436932.00, 147264, -455078, 981 
1719910436954.00, 144411, -451862, 978 
1719910436976.00, 142524, -448728, 964 
1719910436997.00, 140598, -445622, 938 
1719910437019.00, 137807, -442570, 916 
1719910437041.00, 134836, -439577, 900 
1719910437062.00, 132116, -436651, 888 
1719910437084.00, 129596, -433775, 860 
1719910437105.00, 126453, -430961, 801 
1719910437128.00, 71857, -428237, 705 
1719910437149.00, 39450, -426674, 668 
1719910437170.00, 20578, -425814, 445 
1719910437193.00, 9392, -425370, 239 
1719910437214.00, 3058, -425171, 52 
1719910437235.00, -56, -425119, -164 
1719910437257.00, -12018, -425127, -325 
1719910437279.00, -28528, -425386, -525 
1719910437299.00, -50677, -425988, -600 
1719910437321.00, -68310, -427062, -634 
1719910437343.00, -80578, -428553, -706 
1719910437364.00, -92159, -430298, -723 
1719910437387.00, -100031, -432303, -711 
1719910437409.00, -103869, -434489, -713 
1719910437430.00, -105859, -436737, -714 
1719910437453.00, -107052, -439059, -698 
1719910437474.00, -106765, -441388, -698 
1719910437495.00, -106677, -443716, -706 
1719910437517.00, -106926, -446031, -710 
1719910437538.00, -107237, -448355, -706 
1719910437560.00, -107020, -450693, -717 
1719910437582.00, -107412, -453020, -735 
1719910437604.00, -108467, -455364, -738 
1719910437626.00, -109434, -457731, -736 
1719910437648.00, -109960, -460113, -753 
1719910437669.00, -111087, -462505, -780 
1719910437691.00, -113256, -464921, -778 
1719910437713.00, -114534, -467396, -770 
1719910437734.00, -114672, -469886, -783 
1719910437756.00, -115369, -472379, -802 
1719910437778.00, -116903, -474901, -798 
1719910437799.00, -117647, -477452, -783 
1719910437821.00, -117055, -479995, -786 
1719910437843.00, -116757, -482536, -787 
1719910437864.00, -116494, -485085, -771 
1719910437886.00, -115095, -487625, -743 
1719910437908.00, -112748, -490124, -727 
1719910437930.00, -110459, -492580, -726 
1719910437951.00, -108711, -494985, -746 
1719910437973.00, -108793, -497347, -714 
1719910437995.00, -107166, -499716, -701 
1719910438016.00, -105381, -502052, -750 
1719910438038.00, -107123, -504347, -753 
1719910438060.00, -108297, -506677, -713 
1719910438082.00, -106533, -509031, -706 
1719910438104.00, -104903, -511350, -728 
1719910438125.00, -105216, -513629, -687 
1719910438147.00, -103029, -515919, -653 
1719910438169.00, -99675, -518157, -667 
1719910438190.00, -98107, -520322, -644 
1719910438212.00, -96258, -522435, -596 
1719910438234.00, -91985, -524521, -626 
1719910438255.00, -91238, -526525, -624 
1719910438278.00, -90636, -528493, -591 
1719910438299.00, -88356, -530454, -606 
1719910438320.00, -87873, -532376, -611 
1719910438342.00, -87685, -534278, -629 
1719910438363.00, -88727, -536193, -590 
1719910438385.00, -87215, -538102, -590 
1719910438406.00, -85877, -539994, -637 
1719910438428.00, -88064, -541862, -608 
1719910438449.00, -87729, -543771, -611 
1719910438472.00, -87626, -545668, -619 
1719910438499.00, -88059, -547560, -639 
1719910438515.00, -89339, -549487, -625 
1719910438536.00, -89458, -551418, -601 
1719910438558.00, -87859, -553354, -629 
1719910438580.00, -88546, -555260, -602 
1719910438603.00, -87502, -557177, -607 
1719910438623.00, -87102, -559083, -617 
1719910438644.00, -87428, -560963, -617 
1719910438666.00, -87568, -562861, -631 
1719910438688.00, -88519, -564756, -610 
1719910438713.00, -87691, -566679, -639 
1719910438732.00, -89138, -568586, -617 
1719910438753.00, -88704, -570508, -614 
1719910438775.00, -88028, -572435, -627 
1719910438796.00, -88557, -574338, -597 
1719910438818.00, -87018, -576256, -586 
1719910438839.00, -85354, -578139, -575 
1719910438861.00, -83771, -579982, -591 
1719910438882.00, -83771, -581807, -563 
1719910438904.00, -82101, -583615, -538 
1719910438926.00, -79486, -585399, -584 
1719910438947.00, -80850, -587114, -579 
1719910438969.00, -81362, -588862, -540 
1719910438991.00, -79230, -590617, -501 
1719910439013.00, -75413, -592332, -497 
1719910439034.00, -72910, -593960, -421 
1719910439055.00, -41433, -595526, -336 
1719910439077.00, -22479, -596432, -264 
1719910439099.00, -11426, -596943, -211 
1719910439120.00, -5090, -597199, -162 
1719910439142.00, -1291, -597313, -151 
1719910439163.00, 125, -597344, -112 
1719910439185.00, 1376, -597344, -83 
1719910439206.00, 2326, -597318, -48 
1719910439228.00, 2925, -597268, -7 
1719910439250.00, 3160, -597204, 19 
1719910439271.00, 4396, -597132, 41 
1719910439293.00, 6473, -597039, 59 
1719910439314.00, 8669, -596901, 71 
1719910439336.00, 10979, -596716, 74 
1719910439357.00, 12279, -596488, 73 
1719910439378.00, 12776, -596226, 72 
1719910439400.00, 13202, -595954, 71 
1719910439422.00, 13036, -595677, 67 
1719910439443.00, 12784, -595391, 63 
1719910439464.00, 12381, -595116, 59 
1719910439487.00, 11809, -594845, 59 
1719910439507.00, 11387, -594587, 55 
1719910439529.00, 10862, -594341, 52 
1719910439551.00, 10529, -594105, 47 
1719910439573.00, 10038, -593878, 45 
1719910439594.00, 9692, -593663, 43 
1719910439616.00, 9446, -593458, 41 
1719910439637.00, 8970, -593261, 38 
1719910439658.00, 8203, -593070, 37 
1719910439679.00, 7735, -592890, 37 
1719910439701.00, 7716, -592723, 37 
1719910439722.00, 7641, -592562, 35 
1719910439744.00, 7206, -592403, 34 
1719910439765.00, 6731, -592241, 35 
1719910439787.00, 6766, -592096, 33 
1719910439809.00, 6735, -591954, 32 
1719910439829.00, 6525, -591809, 29 
1719910439851.00, 6159, -591667, 30 
1719910439873.00, 6126, -591532, 30 
1719910439894.00, 5915, -591401, 29 
1719910439956.00, 5807, -591274, 24 
1719910439956.00, 5361, -591152, 23 
1719910439964.00, 5062, -591035, 22 
1719910439980.00, -9, -590925, -79 
1719910440002.00, 0, -590903, -36 
1719910440022.00, 10, -590905, -48 
1719910440043.00, 0, -590906, -80 
1719910440065.00, 10, -590907, -96 
1719910440086.00, 2, -590906, -100 
1719910440107.00, 3, -590906, -77 
1719910440128.00, 7, -590905, -64 
1719910440150.00, 68, -590905, -73 
1719910440170.00, 0, -590907, -91 
1719910440191.00, 0, -590906, -99 
1719910440212.00, 18, -590907, -105 
1719910440234.00, 1, -590908, -111 
1719910440255.00, 0, -590908, -115 
1719910440276.00, 4, -590909, -118 
1719910440297.00, 0, -590908, -119 
1719910440318.00, 0, -590907, -96 
1719910440340.00, 3, -590906, -84 
1719910440360.00, 0, -590907, -90 
1719910440382.00, 0, -590907, -87 
1719910440403.00, 0, -590906, -89 
1719910440424.00, 0, -590906, -88 
1719910440444.00, 2, -590906, -86 
1719910440465.00, 0, -590906, -92 
1719910440487.00, 1, -590907, -83 
1719910440508.00, -6, -590907, -89 
1719910440528.00, -5, -590906, -90 
1719910440551.00, 0, -590906, -85 
1719910440571.00, 0, -590907, -90 
1719910440593.00, 37, -590907, -86 
1719910440613.00, 23, -590907, -89 
1719910440634.00, -53, -590906, -88 
1719910440655.00, 0, -590906, -87 
1719910440676.00, 0, -590907, -90 
1719910440698.00, 0, -590906, -85 
1719910440719.00, 45, -590906, -89 
1719910440740.00, -10, -590907, -87 
1719910440761.00, 1, -590906, -87 
1719910440782.00, 0, -590907, -89 
1719910440803.00, 0, -590906, -87 
1719910440824.00, -20, -590907, -89 
1719910440845.00, -34, -590907, -86 
1719910440867.00, -3, -590907, -87 
1719910440888.00, -49, -590906, -88 
1719910440908.00, -6, -590906, -87 
1719910440929.00, 0, -590907, -88 
1719910440950.00, 0, -590906, -88 
1719910440972.00, 3, -590906, -87 
1719910440992.00, 0, -590908, -88 
1719910441014.00, -4, -590907, -87 
1719910441035.00, -20, -590907, -88 
1719910441055.00, 0, -590907, -88 
1719910441077.00, 0, -590907, -88 
1719910441098.00, 1, -590906, -88 
1719910441138.00, 0, -590907, -87 
1719910441140.00, 4, -590907, -88 
1719910441161.00, 0, -590907, -87 
1719910441182.00, -22, -590906, -88 
1719910441203.00, -56, -590907, -88 
1719910441227.00, 4, -590907, -88 
1719910441245.00, 0, -590907, -88 
1719910441266.00, -4, -590906, -88 
1719910441288.00, 24, -590907, -88 
1719910441309.00, 0, -590907, -88 
1719910441330.00, 58, -590907, -88 
1719910441351.00, -38, -590906, -88 
1719910441372.00, 5, -590907, -87 
1719910441393.00, -50, -590907, -88 
1719910441415.00, 1, -590907, -88 
1719910441435.00, 30, -590908, -88 
1719910441457.00, 40, -590906, -88 
1719910441478.00, 2, -590906, -88 
1719910441500.00, 25, -590906, -88 
1719910441520.00, 0, -590906, -88 
1719910441541.00, 0, -590908, -88 
1719910441563.00, 24, -590906, -88 
1719910441584.00, -26, -590907, -88 
1719910441605.00, -1, -590906, -88 
1719910441626.00, 48, -590907, -88 
1719910441647.00, 0, -590906, -88 
1719910441668.00, 60, -590907, -88 
1719910441689.00, -39, -590907, -88 
1719910441710.00, 10, -590907, -88 
1719910441732.00, 4, -590907, -88 
1719910441753.00, 0, -590908, -88 
1719910441774.00, 1, -590907, -88 
1719910441795.00, 0, -590908, -88 
1719910441816.00, 67, -590907, -88 
1719910441836.00, -8, -590907, -88 
1719910441858.00, -2, -590906, -88 
1719910441879.00, -62, -590906, -88 
1719910441900.00, 22, -590907, -88 
1719910441921.00, 0, -590908, -88 
1719910441942.00, -9, -590907, -88 
1719910441963.00, -11, -590906, -88 
1719910441985.00, 18, -590907, -88 
1719910442006.00, -53, -590907, -88 
1719910442027.00, -24, -590906, -88 
1719910442048.00, 0, -590906, -88 
1719910442069.00, -1, -590907, -88 
1719910442090.00, 6, -590907, -88 
1719910442111.00, 0, -590907, -88 
1719910442132.00, -15, -590908, -88 
1719910442153.00, -17, -590907, -88 
1719910442174.00, -65, -590907, -88 
1719910442195.00, 5, -590907, -88 
1719910442217.00, 0, -590907, -88 
1719910442237.00, 31, -590907, -88 
1719910442259.00, 0, -590907, -88 
1719910442280.00, 0, -590907, -88 
1719910442301.00, 0, -590907, -88 
1719910442322.00, 0, -590908, -88 
1719910442343.00, 0, -590907, -88 
1719910442364.00, -12, -590907, -88 
1719910442385.00, 4, -590907, -88 
1719910442406.00, -30, -590907, -88 
1719910442427.00, 0, -590906, -88 
1719910442449.00, 55, -590907, -88 
1719910442469.00, -11, -590907, -88 
1719910442491.00, 0, -590907, -88 
1719910442511.00, -8, -590907, -88 
1719910442532.00, 0, -590907, -88 
1719910442554.00, 0, -590907, -88 
1719910442575.00, 27, -590907, -88 
1719910442596.00, 49, -590907, -88 
1719910442617.00, -59, -590907, -88 
1719910442638.00, 0, -590906, -88 
1719910442659.00, 47, -590907, -88 
1719910442680.00, -36, -590907, -88 
1719910442702.00, 6, -590907, -88 
1719910442723.00, -48, -590907, -88 
1719910442743.00, -4, -590907, -88 
1719910442765.00, 9, -590907, -88 
1719910442786.00, -52, -590907, -88 
1719910442807.00, 0, -590906, -88 
1719910442828.00, 45, -590907, -88 
1719910442849.00, 0, -590907, -88 
1719910442870.00, -17, -590907, -88 
1719910442891.00, 32, -590906, -88 
1719910442912.00, 3, -590906, -88 
