1718874019270.00, 0, -593488, -13 
1718874019292.00, 0, -593487, -13 
1718874019312.00, 0, -593488, -13 
1718874019334.00, 0, -593487, -13 
1718874019355.00, 0, -593488, -12 
1718874019377.00, 0, -593487, -12 
1718874019398.00, 0, -593487, -12 
1718874019418.00, 0, -593488, -12 
1718874019440.00, 0, -593487, -12 
1718874019461.00, 0, -593487, -12 
1718874019482.00, 0, -593487, -11 
1718874019504.00, 0, -593487, -11 
1718874019524.00, 0, -593487, -12 
1718874019546.00, 0, -593488, -12 
1718874019567.00, 0, -593487, -12 
1718874019588.00, 0, -593487, -12 
1718874019609.00, 0, -593488, -12 
1718874019631.00, 0, -593487, -13 
1718874019652.00, 0, -593487, -13 
1718874019673.00, 0, -593488, -13 
1718874019695.00, 0, -593488, -13 
1718874019715.00, 0, -593487, -13 
1718874019737.00, 0, -593488, -14 
1718874019758.00, 0, -593489, -14 
1718874019779.00, 0, -593487, -14 
1718874019800.00, 0, -593488, -14 
1718874019822.00, 0, -593487, -14 
1718874019843.00, 0, -593487, -14 
1718874019864.00, 0, -593487, -14 
1718874019885.00, 0, -593488, -14 
1718874019907.00, 0, -593487, -14 
1718874019929.00, 0, -593488, -14 
1718874019949.00, 0, -593488, -14 
1718874019970.00, 0, -593488, -14 
1718874019992.00, 0, -593488, -14 
1718874020012.00, 0, -593487, -14 
1718874020038.00, 0, -593488, -14 
1718874020054.00, 0, -593488, -14 
1718874020075.00, 0, -593487, -14 
1718874020096.00, 0, -593488, -14 
1718874020118.00, 0, -593487, -14 
1718874020142.00, 0, -593487, -14 
1718874020161.00, 0, -593488, -14 
1718874020182.00, 0, -593488, -14 
1718874020203.00, 0, -593488, -14 
1718874020225.00, 0, -593487, -13 
1718874020245.00, 0, -593488, -13 
1718874020267.00, 0, -593487, -14 
1718874020287.00, 0, -593488, -14 
1718874020309.00, 0, -593488, -14 
1718874020331.00, 0, -593488, -14 
1718874020352.00, 0, -593488, -14 
1718874020373.00, 0, -593488, -13 
1718874020394.00, 0, -593487, -13 
1718874020415.00, 0, -593488, -13 
1718874020437.00, 0, -593488, -13 
1718874020458.00, 0, -593488, -13 
1718874020479.00, 0, -593488, -13 
1718874020504.00, 0, -593487, -13 
1718874020521.00, 0, -593488, -14 
1718874020543.00, 0, -593488, -14 
1718874020564.00, 0, -593487, -14 
1718874020586.00, 0, -593487, -14 
1718874020606.00, 0, -593487, -13 
1718874020627.00, 0, -593488, -13 
1718874020648.00, 0, -593487, -13 
1718874020670.00, 0, -593487, -13 
1718874020692.00, 0, -593487, -13 
1718874020712.00, 0, -593488, -13 
1718874020733.00, 0, -593487, -13 
1718874020754.00, 0, -593488, -12 
1718874020776.00, 0, -593488, -12 
1718874020797.00, 0, -593487, -12 
1718874020822.00, 0, -593487, -12 
1718874020839.00, 0, -593487, -12 
1718874020860.00, 0, -593488, -12 
1718874020882.00, 0, -593487, -12 
1718874020903.00, 0, -593487, -12 
1718874020924.00, 0, -593489, -12 
1718874020945.00, 0, -593488, -12 
1718874020966.00, 0, -593487, -11 
1718874020987.00, 0, -593487, -11 
1718874021009.00, 0, -593488, -11 
1718874021030.00, 0, -593487, -11 
1718874021051.00, 0, -593487, -11 
1718874021072.00, 0, -593488, -11 
1718874021093.00, 0, -593486, -11 
1718874021115.00, 0, -593487, -11 
1718874021137.00, 0, -593487, -11 
1718874021157.00, 0, -593488, -11 
1718874021178.00, 0, -593487, -12 
1718874021200.00, 0, -593487, -13 
1718874021221.00, 0, -593487, -12 
1718874021242.00, 0, -593487, -12 
1718874021263.00, 0, -593487, -12 
1718874021284.00, 0, -593487, -12 
1718874021305.00, 0, -593488, -13 
1718874021327.00, 0, -593487, -13 
1718874021351.00, 0, -593487, -13 
1718874021369.00, 0, -593487, -12 
1718874021390.00, 0, -593488, -11 
1718874021412.00, -3, -593488, -10 
1718874021433.00, 0, -593488, -9 
1718874021456.00, 0, -593488, -7 
1718874021475.00, 0, -593487, -4 
1718874021496.00, 0, -593487, -1 
1718874021517.00, 0, -593487, 3 
1718874021538.00, 0, -593487, 13 
1718874021559.00, 67, -593486, 20 
1718874021580.00, 1623, -593485, 25 
1718874021602.00, 2522, -593468, 22 
1718874021624.00, 2884, -593415, 29 
1718874021645.00, 3644, -593352, 33 
1718874021667.00, 4203, -593277, 39 
1718874021688.00, 4981, -593186, 45 
1718874021709.00, 5445, -593081, 46 
1718874021731.00, 5834, -592960, 43 
1718874021753.00, 5907, -592832, 41 
1718874021774.00, 5976, -592702, 39 
1718874021795.00, 5794, -592573, 36 
1718874021817.00, 5596, -592448, 33 
1718874021838.00, 5450, -592324, 29 
1718874021860.00, 4813, -592207, 24 
1718874021881.00, 4423, -592104, 20 
1718874021903.00, 3718, -592018, 15 
1718874021924.00, 3149, -591934, 7 
1718874021946.00, 1862, -591868, -2 
1718874021967.00, 1050, -591827, -13 
1718874021988.00, 5, -591804, -24 
1718874022009.00, -1184, -591802, -36 
1718874022031.00, -2724, -591821, -49 
1718874022053.00, -4610, -591878, -60 
1718874022074.00, -6435, -591976, -67 
1718874022096.00, -7915, -592107, -73 
1718874022117.00, -9184, -592274, -84 
1718874022138.00, -10838, -592471, -92 
1718874022160.00, -12180, -592699, -94 
1718874022182.00, -12948, -592955, -94 
1718874022203.00, -7862, -593231, -91 
1718874022225.00, -4403, -593406, -81 
1718874022246.00, -2482, -593510, -84 
1718874022267.00, -1350, -593565, -77 
1718874022289.00, -683, -593596, -66 
1718874022310.00, -330, -593609, -55 
1718874022333.00, -115, -593615, -40 
1718874022353.00, -42, -593617, -25 
1718874022374.00, 0, -593617, -13 
1718874022395.00, 0, -593616, -4 
1718874022416.00, 0, -593616, 1 
1718874022438.00, -32, -593617, 7 
1718874022458.00, 0, -593616, 8 
1718874022480.00, 0, -593617, 7 
1718874022501.00, 0, -593617, 7 
1718874022522.00, 0, -593617, 6 
1718874022542.00, 0, -593617, 4 
1718874022563.00, 6, -593618, 4 
1718874022585.00, 0, -593617, 5 
1718874022606.00, 0, -593618, 3 
1718874022627.00, 0, -593617, 3 
1718874022648.00, 0, -593618, 4 
1718874022669.00, 0, -593618, 3 
1718874022689.00, 0, -593618, 3 
1718874022711.00, 0, -593618, 4 
1718874022731.00, -2, -593617, 3 
1718874022753.00, 0, -593617, 3 
1718874022774.00, -7, -593618, 3 
1718874022795.00, 0, -593618, 3 
1718874022816.00, 0, -593618, 3 
1718874022837.00, 17, -593618, 3 
1718874022858.00, 0, -593618, 4 
1718874022881.00, 0, -593617, 4 
1718874022900.00, 0, -593619, 3 
1718874022922.00, 0, -593617, 3 
1718874022942.00, 2, -593618, 3 
1718874022963.00, 0, -593618, 3 
1718874022985.00, 0, -593618, 3 
1718874023006.00, 0, -593618, 3 
1718874023026.00, 0, -593618, 3 
1718874023048.00, 0, -593619, 3 
1718874023069.00, -49, -593616, 14 
1718874023094.00, 110, -593614, 39 
1718874023112.00, 2249, -593611, 59 
1718874023133.00, 5036, -593570, 83 
1718874023154.00, 7941, -593471, 91 
1718874023176.00, 10372, -593303, 97 
1718874023198.00, 11947, -593085, 105 
1718874023219.00, 13477, -592822, 113 
1718874023241.00, 14239, -592535, 106 
1718874023263.00, 14372, -592224, 97 
1718874023283.00, 14251, -591917, 75 
1718874023306.00, 12930, -591606, 48 
1718874023327.00, 10417, -591328, 25 
1718874023349.00, 7477, -591101, 7 
1718874023370.00, 4205, -590936, -2 
1718874023392.00, 2433, -590837, 7 
1718874023413.00, 1495, -590781, -2 
1718874023436.00, 828, -590748, 0 
1718874023455.00, 369, -590729, 2 
1718874023477.00, 130, -590721, 3 
1718874023498.00, -5, -590716, 5 
1718874023519.00, 0, -590716, 6 
1718874023540.00, 38, -590716, 6 
1718874023561.00, 0, -590715, 7 
1718874023582.00, 0, -590716, 7 
1718874023604.00, 0, -590716, 6 
1718874023625.00, 0, -590716, 5 
1718874023645.00, 0, -590715, 6 
1718874023666.00, 0, -590715, 6 
1718874023687.00, 0, -590716, 4 
1718874023708.00, 0, -590716, 5 
1718874023729.00, 0, -590716, 5 
1718874023750.00, 0, -590715, 4 
1718874023772.00, -9, -590714, 4 
1718874023792.00, 0, -590715, 4 
1718874023814.00, 0, -590716, 5 
1718874023835.00, -16, -590715, 4 
1718874023856.00, 0, -590714, 28 
1718874023877.00, 1755, -590713, 44 
1718874023898.00, 3835, -590678, 60 
1718874023920.00, 5688, -590596, 87 
1718874023942.00, 8512, -590470, 114 
1718874023963.00, 11311, -590286, 129 
1718874023985.00, 13281, -590038, 148 
1718874024007.00, 14374, -589751, 171 
1718874024028.00, 14681, -589447, 179 
1718874024050.00, 14441, -589134, 173 
1718874024071.00, 14438, -588822, 159 
1718874024097.00, 14662, -588511, 132 
1718874024115.00, 14560, -588198, 103 
1718874024136.00, 14480, -587892, 69 
1718874024158.00, 12547, -587581, 31 
1718874024179.00, 9314, -587304, 12 
1718874024204.00, 6207, -587101, 2 
1718874024221.00, 3591, -586964, 1 
1718874024243.00, 2031, -586885, 0 
1718874024264.00, 1168, -586838, 1 
1718874024286.00, 595, -586814, 4 
1718874024306.00, 230, -586801, 6 
1718874024328.00, 57, -586794, 5 
1718874024349.00, 0, -586794, 7 
1718874024370.00, -3, -586793, 8 
1718874024392.00, 0, -586792, 9 
1718874024416.00, 0, -586793, 10 
1718874024434.00, 0, -586794, 9 
1718874024455.00, 0, -586792, 10 
1718874024476.00, 0, -586793, 16 
1718874024498.00, 1020, -586791, 28 
1718874024519.00, 2329, -586770, 48 
1718874024540.00, 4405, -586718, 69 
1718874024562.00, 6778, -586625, 89 
1718874024583.00, 9576, -586481, 117 
1718874024605.00, 12066, -586277, 151 
1718874024626.00, 13432, -586018, 163 
1718874024647.00, 14012, -585727, 162 
1718874024670.00, 14501, -585422, 161 
1718874024691.00, 14853, -585107, 152 
1718874024713.00, 14483, -584794, 128 
1718874024735.00, 14549, -584484, 97 
1718874024756.00, 14269, -584173, 62 
1718874024778.00, 12147, -583868, 31 
1718874024799.00, 9335, -583601, 8 
1718874024820.00, 5407, -583404, 0 
1718874024842.00, 3163, -583281, 4 
1718874024863.00, 1703, -583213, 3 
1718874024885.00, 857, -583173, 1 
1718874024906.00, 335, -583154, 3 
1718874024927.00, 63, -583146, 9 
1718874024948.00, 0, -583143, 9 
1718874024969.00, 0, -583143, 7 
1718874024990.00, 0, -583144, 9 
1718874025011.00, 0, -583143, 14 
1718874025033.00, 855, -583143, 11 
1718874025054.00, 1184, -583128, 11 
1718874025075.00, 1419, -583102, 12 
1718874025097.00, 1643, -583072, 27 
1718874025119.00, 2624, -583035, 42 
1718874025140.00, 4028, -582979, 54 
1718874025161.00, 5677, -582894, 73 
1718874025183.00, 7810, -582771, 85 
1718874025204.00, 9654, -582614, 1 
1718874025226.00, 5703, -582405, 25 
1718874025246.00, 4771, -582274, 33 
1718874025269.00, 4722, -582171, 11 
1718874025290.00, 3464, -582069, -1 
1718874025311.00, 2132, -581993, -1 
1718874025333.00, 1246, -581946, 16 
1718874025355.00, 1593, -581918, 10 
1718874025375.00, 50, -581886, 5 
1718874025397.00, 0, -581883, 1 
1718874025418.00, 0, -581882, 15 
1718874025440.00, 764, -581881, 12 
1718874025461.00, 1250, -581867, 2 
1718874025481.00, 795, -581841, 12 
1718874025507.00, 1257, -581825, 14 
1718874025525.00, 1592, -581798, 10 
1718874025546.00, 0, -581764, 9 
1718874025567.00, 0, -581761, 6 
1718874025588.00, 0, -581760, 16 
1718874025609.00, 837, -581761, 8 
1718874025631.00, 418, -581744, 4 
1718874025652.00, 248, -581733, 12 
1718874025673.00, 869, -581729, 12 
1718874025695.00, 1231, -581711, 10 
1718874025720.00, 0, -581683, 22 
1718874025738.00, 1288, -581680, 36 
1718874025759.00, 3090, -581653, 55 
1718874025780.00, 5216, -581591, 56 
1718874025801.00, 6582, -581482, 63 
1718874025823.00, 7892, -581341, 89 
1718874025845.00, 10381, -581172, 118 
1718874025866.00, 12204, -580951, 135 
1718874025889.00, 13694, -580677, 140 
1718874025909.00, 14787, -580388, 146 
1718874025933.00, 14445, -580077, 150 
1718874025953.00, 14526, -579764, 134 
1718874025975.00, 14361, -579452, 104 
1718874025997.00, 14713, -579140, 70 
1718874026018.00, 12991, -578830, 34 
1718874026039.00, 9856, -578550, 10 
1718874026060.00, -9, -578339, 5 
1718874026081.00, 0, -578325, -5 
1718874026103.00, 56, -578324, 13 
1718874026124.00, 541, -578323, 0 
1718874026145.00, 226, -578316, -4 
1718874026167.00, 108, -578310, 11 
1718874026188.00, 702, -578306, 20 
1718874026210.00, 1603, -578293, 9 
1718874026231.00, 967, -578259, 6 
1718874026252.00, 593, -578238, 14 
1718874026278.00, 1274, -578226, 17 
1718874026295.00, 1830, -578199, 12 
1718874026317.00, 1848, -578162, 9 
1718874026338.00, 1113, -578122, 14 
1718874026359.00, 1442, -578098, 15 
1718874026382.00, 1800, -578066, 11 
1718874026402.00, 1756, -578029, 10 
1718874026423.00, 0, -577990, 12 
1718874026445.00, 704, -577987, 11 
1718874026466.00, 1112, -577976, 15 
1718874026487.00, 1550, -577953, 9 
1718874026509.00, 926, -577920, 10 
1718874026530.00, 0, -577899, 13 
1718874026551.00, 774, -577897, 12 
1718874026573.00, 1210, -577883, 14 
1718874026594.00, 1677, -577856, 10 
1718874026615.00, 0, -577820, 11 
1718874026637.00, 742, -577815, 11 
1718874026658.00, 1275, -577803, 14 
1718874026679.00, 1677, -577777, 11 
1718874026701.00, 1746, -577741, 10 
1718874026722.00, 0, -577704, 12 
1718874026744.00, 737, -577699, 14 
1718874026765.00, 1369, -577686, 11 
1718874026787.00, 1601, -577659, 11 
1718874026808.00, 1694, -577624, 12 
1718874026829.00, 1801, -577587, 12 
1718874026851.00, 1841, -577548, 12 
1718874026873.00, 1911, -577509, 12 
1718874026894.00, 1923, -577467, 12 
1718874026915.00, 1956, -577425, 12 
1718874026937.00, 2038, -577383, 12 
1718874026958.00, 1987, -577341, 12 
1718874026979.00, 2018, -577296, 12 
1718874027001.00, 1962, -577252, 12 
1718874027023.00, 1950, -577209, 12 
1718874027044.00, 1988, -577167, 12 
1718874027066.00, 2075, -577125, 12 
1718874027087.00, 2141, -577082, 12 
1718874027109.00, 2016, -577036, 12 
1718874027130.00, 1980, -576992, 12 
1718874027152.00, 1974, -576948, 12 
1718874027173.00, 1940, -576905, 12 
1718874027194.00, 1857, -576863, 12 
1718874027215.00, 1870, -576823, 12 
1718874027237.00, 1919, -576784, 12 
1718874027262.00, 1861, -576745, 12 
1718874027280.00, 1866, -576704, 12 
1718874027302.00, 1852, -576664, 12 
1718874027322.00, 1930, -576625, 12 
1718874027344.00, 1926, -576584, 12 
1718874027366.00, 1939, -576542, 12 
1718874027387.00, 1914, -576501, 12 
1718874027409.00, 1875, -576460, 12 
1718874027430.00, 1964, -576421, 12 
1718874027453.00, 1859, -576381, 12 
1718874027475.00, 1784, -576339, 12 
1718874027494.00, 1841, -576299, 12 
1718874027516.00, 1859, -576262, 12 
1718874027537.00, 1900, -576221, 12 
1718874027559.00, 1845, -576180, 12 
1718874027583.00, 1804, -576140, 12 
1718874027602.00, 1807, -576099, 12 
1718874027624.00, 1797, -576061, 12 
1718874027645.00, 1770, -576023, 12 
1718874027666.00, 1778, -575984, 12 
1718874027691.00, 1748, -575946, 12 
1718874027710.00, 1758, -575908, 12 
1718874027731.00, 1842, -575868, 12 
1718874027752.00, 1806, -575830, 12 
1718874027774.00, 1780, -575790, 12 
1718874027796.00, 1768, -575754, 12 
1718874027817.00, 1835, -575717, 12 
1718874027839.00, 1823, -575680, 12 
1718874027859.00, 1813, -575642, 12 
1718874027882.00, 1811, -575601, 12 
1718874027902.00, 1848, -575563, 12 
1718874027924.00, 1841, -575523, 12 
1718874027945.00, 1856, -575481, 12 
1718874027967.00, 1829, -575440, 12 
1718874027988.00, 1840, -575402, 12 
1718874028010.00, 1896, -575363, 12 
1718874028031.00, 1912, -575324, 12 
1718874028052.00, 1849, -575283, 12 
1718874028074.00, 1726, -575245, 12 
1718874028095.00, 1700, -575206, 13 
1718874028117.00, 1788, -575169, 13 
1718874028138.00, 1812, -575132, 12 
1718874028160.00, 1698, -575092, 13 
1718874028181.00, 1778, -575054, 13 
1718874028203.00, 1817, -575018, 12 
1718874028225.00, 1805, -574978, 13 
1718874028246.00, 1845, -574941, 13 
1718874028268.00, 1832, -574900, 12 
1718874028289.00, 1799, -574860, 13 
1718874028310.00, 1866, -574823, 13 
1718874028332.00, 1898, -574781, 12 
1718874028353.00, 1841, -574742, 10 
1718874028374.00, 0, -574702, 9 
1718874028396.00, 0, -574699, 11 
1718874028417.00, 574, -574698, 10 
1718874028438.00, 51, -574688, 11 
1718874028465.00, 636, -574687, 13 
1718874028481.00, 1178, -574675, 12 
1718874028503.00, 1500, -574649, 13 
1718874028524.00, 1770, -574620, 12 
1718874028545.00, 1932, -574582, 11 
1718874028573.00, 1826, -574542, 10 
1718874028588.00, 51, -574504, 9 
1718874028609.00, 0, -574499, 10 
1718874028631.00, 0, -574498, 8 
1718874028651.00, 0, -574499, 8 
1718874028679.00, 0, -574498, 8 
1718874028693.00, 0, -574499, 8 
1718874028714.00, 0, -574498, 10 
1718874028735.00, 0, -574499, 12 
1718874028756.00, 696, -574498, 13 
1718874028778.00, 1167, -574485, 12 
1718874028799.00, 1427, -574459, 12 
1718874028821.00, 1544, -574429, 13 
1718874028843.00, 1632, -574396, 13 
1718874028864.00, 1715, -574360, 13 
1718874028886.00, 1744, -574323, 13 
1718874028906.00, 1790, -574287, 13 
1718874028928.00, 1906, -574248, 13 
1718874028950.00, 1863, -574208, 13 
1718874028971.00, 1867, -574165, 13 
1718874028992.00, 1918, -574125, 13 
1718874029014.00, 1973, -574086, 13 
1718874029036.00, 1951, -574042, 13 
1718874029058.00, 1917, -574000, 13 
1718874029079.00, 1870, -573960, 13 
1718874029100.00, 1946, -573919, 13 
1718874029122.00, 1910, -573878, 13 
1718874029143.00, 1882, -573835, 13 
1718874029165.00, 1974, -573793, 13 
1718874029185.00, 1959, -573751, 11 
1718874029207.00, 1829, -573709, 8 
1718874029230.00, 1057, -573668, 6 
1718874029250.00, 573, -573645, 5 
1718874029271.00, 273, -573632, 3 
1718874029293.00, 105, -573626, 2 
1718874029314.00, 34, -573623, 0 
1718874029335.00, 57, -573623, 0 
1718874029356.00, 50, -573622, -1 
1718874029377.00, 32, -573621, -2 
1718874029399.00, 67, -573621, -2 
1718874029420.00, 68, -573621, -3 
1718874029445.00, 9, -573620, -4 
1718874029462.00, 0, -573621, -6 
1718874029483.00, 0, -573621, -8 
1718874029505.00, 0, -573620, -7 
1718874029526.00, 0, -573620, -6 
1718874029547.00, 1, -573621, -5 
1718874029568.00, 0, -573620, -6 
1718874029590.00, 0, -573620, -7 
1718874029610.00, 0, -573620, -6 
1718874029631.00, 0, -573621, -5 
1718874029652.00, 0, -573620, -4 
1718874029674.00, 0, -573619, -3 
1718874029694.00, 0, -573619, -1 
1718874029716.00, 0, -573620, 0 
1718874029737.00, 0, -573618, 2 
1718874029758.00, 0, -573618, 3 
1718874029778.00, 20, -573619, 3 
1718874029800.00, 0, -573619, 2 
1718874029821.00, 0, -573620, 1 
1718874029842.00, 0, -573620, 0 
1718874029863.00, 0, -573620, -1 
1718874029885.00, 0, -573618, 1 
1718874029905.00, 0, -573618, 6 
1718874029926.00, 0, -573618, 13 
1718874029947.00, 785, -573618, 13 
1718874029969.00, 1262, -573602, 15 
1718874029993.00, 1620, -573577, 14 
1718874030012.00, 1866, -573543, 15 
1718874030033.00, 2042, -573503, 15 
1718874030055.00, 2058, -573459, 14 
1718874030077.00, 2077, -573416, 14 
1718874030099.00, 1987, -573372, 13 
1718874030119.00, 1974, -573327, 14 
1718874030141.00, 2020, -573284, 13 
1718874030162.00, 1973, -573241, 13 
1718874030184.00, 1997, -573199, 13 
1718874030207.00, 1987, -573156, 13 
1718874030226.00, 1931, -573114, 14 
1718874030248.00, 1959, -573073, 14 
1718874030269.00, 2078, -573029, 15 
1718874030291.00, 2205, -572986, 18 
1718874030313.00, 2424, -572940, 17 
1718874030334.00, 2475, -572888, 12 
1718874030356.00, 2144, -572838, 3 
1718874030377.00, 1189, -572794, -5 
1718874030398.00, 555, -572767, -12 
1718874030419.00, -49, -572755, -22 
1718874030441.00, -1203, -572756, -34 
1718874030462.00, -2716, -572773, -39 
1718874030484.00, -3974, -572827, -46 
1718874030506.00, -5310, -572912, -55 
1718874030527.00, -6416, -573024, -61 
1718874030549.00, -7304, -573163, -67 
1718874030570.00, -8501, -573326, -73 
1718874030591.00, -9497, -573506, -79 
1718874030613.00, -10428, -573709, -89 
1718874030635.00, -11645, -573937, -94 
1718874030656.00, -12429, -574187, -94 
1718874030678.00, -13276, -574457, -88 
1718874030700.00, -13152, -574737, -74 
1718874030721.00, -12192, -575020, -61 
1718874030742.00, -10905, -575281, -43 
1718874030763.00, -9179, -575515, -29 
1718874030785.00, -7110, -575714, -14 
1718874030806.00, -5076, -575865, 0 
1718874030828.00, -3008, -575978, 6 
1718874030849.00, -1728, -576041, 18 
1718874030870.00, 0, -576080, 18 
1718874030892.00, 703, -576085, 9 
1718874030913.00, 351, -576075, 15 
1718874030935.00, 1105, -576068, 13 
1718874030957.00, 1475, -576046, 15 
1718874030984.00, 1831, -576018, 13 
1718874030999.00, 1909, -575979, 10 
1718874031020.00, 0, -575939, 11 
1718874031041.00, 618, -575935, 10 
1718874031062.00, 0, -575924, 13 
1718874031089.00, 769, -575922, 9 
1718874031105.00, 497, -575908, 12 
1718874031126.00, 1117, -575897, 11 
1718874031148.00, 1476, -575872, 15 
1718874031169.00, 1894, -575842, 12 
1718874031195.00, 1869, -575800, 12 
1718874031212.00, 1934, -575762, 14 
1718874031234.00, 2062, -575723, 13 
1718874031256.00, 2092, -575681, 12 
1718874031277.00, 1970, -575636, 11 
1718874031298.00, 1933, -575592, 12 
1718874031320.00, 1938, -575549, 14 
1718874031341.00, 2074, -575507, 12 
1718874031363.00, 2030, -575462, 12 
1718874031384.00, 1977, -575417, 12 
1718874031405.00, 1993, -575376, 12 
1718874031426.00, 2031, -575333, 12 
1718874031448.00, 1974, -575290, 13 
1718874031470.00, 1926, -575248, 12 
1718874031491.00, 1843, -575206, 13 
1718874031513.00, 1946, -575165, 13 
1718874031534.00, 1929, -575125, 12 
1718874031556.00, 1854, -575083, 13 
1718874031577.00, 1914, -575043, 13 
1718874031599.00, 1974, -575003, 13 
1718874031620.00, 2061, -574960, 13 
1718874031641.00, 2003, -574917, 12 
1718874031663.00, 1911, -574873, 13 
1718874031685.00, 1953, -574832, 13 
1718874031706.00, 1975, -574789, 13 
1718874031728.00, 1940, -574746, 13 
1718874031749.00, 1984, -574704, 13 
1718874031770.00, 1969, -574661, 12 
1718874031792.00, 1925, -574622, 8 
1718874031813.00, 1202, -574580, 1 
1718874031835.00, 653, -574554, -16 
1718874031855.00, -17, -574541, -37 
1718874031877.00, -2024, -574543, -63 
1718874031899.00, -5043, -574579, -83 
1718874031920.00, -7838, -574681, -96 
1718874031941.00, -10425, -574852, -105 
1718874031969.00, -12358, -575074, -115 
1718874031986.00, -13702, -575340, -125 
1718874032007.00, -14248, -575637, -132 
1718874032028.00, -14711, -575943, -147 
1718874032050.00, -14588, -576257, -169 
1718874032072.00, -14477, -576574, -187 
1718874032093.00, -14594, -576888, -204 
1718874032115.00, -14822, -577206, -229 
1718874032137.00, -14552, -577523, -269 
1718874032158.00, -14607, -577843, -303 
1718874032182.00, -14540, -578162, -328 
1718874032201.00, -14749, -578478, -341 
1718874032223.00, -14509, -578797, -370 
1718874032245.00, -14387, -579113, -389 
1718874032266.00, -14616, -579433, -429 
1718874032296.00, -14785, -579751, -467 
1718874032310.00, -14584, -580066, -473 
1718874032331.00, -14485, -580382, -468 
1718874032352.00, -14528, -580698, -470 
1718874032374.00, -14619, -581015, -470 
1718874032401.00, -14715, -581331, -473 
1718874032418.00, -14275, -581650, -475 
1718874032439.00, -14532, -581963, -466 
1718874032461.00, -14482, -582278, -468 
1718874032482.00, -14827, -582596, -478 
1718874032512.00, -14528, -582911, -487 
1718874032526.00, -14593, -583225, -492 
1718874032548.00, -14529, -583542, -503 
1718874032569.00, -14678, -583859, -512 
1718874032591.00, -14559, -584171, -514 
1718874032619.00, -14507, -584488, -507 
1718874032634.00, -14507, -584806, -505 
1718874032656.00, -14562, -585122, -521 
1718874032677.00, -14674, -585438, -538 
1718874032700.00, -14472, -585753, -535 
1718874032725.00, -14523, -586067, -530 
1718874032742.00, -14380, -586378, -526 
1718874032764.00, -14618, -586693, -526 
1718874032786.00, -14703, -587005, -527 
1718874032807.00, -14376, -587322, -542 
1718874032830.00, -14382, -587640, -551 
1718874032850.00, -14263, -587955, -545 
1718874032872.00, -14601, -588268, -549 
1718874032894.00, -14674, -588581, -554 
1718874032916.00, -14454, -588897, -557 
1718874032937.00, -14435, -589207, -554 
1718874032958.00, -14528, -589521, -550 
1718874032980.00, -14887, -589837, -550 
1718874033002.00, -14318, -590149, -548 
1718874033024.00, -14200, -590462, -549 
1718874033051.00, -14304, -590776, -552 
1718874033067.00, -14457, -591088, -553 
1718874033088.00, -14685, -591403, -556 
1718874033110.00, -14611, -591718, -559 
1718874033132.00, -14516, -592036, -565 
1718874033153.00, -14498, -592350, -570 
1718874033175.00, -14625, -592663, -570 
1718874033197.00, -14641, -592979, -569 
1718874033218.00, -8501, -593293, -575 
1718874033240.00, -4628, -593482, -581 
1718874033261.00, -2442, -593589, -585 
1718874033283.00, -1081, -593644, -583 
1718874033304.00, -269, -593668, -585 
1718874033326.00, 0, -593673, -586 
1718874033347.00, -3, -593675, -566 
1718874033368.00, 0, -593673, -541 
1718874033390.00, -45, -593672, -520 
1718874033410.00, 0, -593670, -483 
1718874033432.00, 0, -593668, -422 
1718874033453.00, 67, -593664, -346 
1718874033475.00, 10, -593660, -267 
1718874033500.00, 51, -593655, -197 
1718874033518.00, 12, -593652, -131 
1718874033539.00, -1, -593647, -80 
1718874033560.00, 42, -593645, -48 
1718874033582.00, 46, -593643, -23 
1718874033603.00, 55, -593640, -8 
1718874033624.00, 55, -593639, 0 
1718874033645.00, 3, -593636, 9 
1718874033667.00, -4, -593635, 10 
1718874033688.00, -4, -593635, 10 
1718874033709.00, 0, -593634, 10 
1718874033730.00, 0, -593635, 10 
1718874033751.00, 2, -593635, 10 
1718874033772.00, -1, -593634, 11 
1718874033794.00, 681, -593635, 10 
1718874033815.00, 0, -593623, 11 
1718874033836.00, 653, -593621, 9 
1718874033857.00, 366, -593609, 13 
1718874033878.00, 1033, -593601, 10 
1718874033900.00, -7, -593580, 11 
1718874033921.00, 636, -593577, 9 
1718874033942.00, 377, -593566, 12 
1718874033964.00, 968, -593559, 9 
1718874033985.00, 624, -593537, 11 
1718874034007.00, 1115, -593523, 10 
1718874034028.00, 61, -593500, 12 
1718874034049.00, 770, -593497, 7 
1718874034071.00, 483, -593483, 12 
1718874034092.00, 1086, -593474, 9 
1718874034113.00, 720, -593449, 11 
1718874034135.00, 1128, -593434, 9 
1718874034156.00, 699, -593410, 12 
1718874034178.00, 1153, -593394, 9 
1718874034199.00, 717, -593369, 10 
1718874034219.00, 0, -593354, 10 
1718874034240.00, 0, -593352, 11 
1718874034262.00, 694, -593351, 10 
1718874034283.00, 0, -593339, 9 
1718874034305.00, -1, -593337, 11 
1718874034326.00, 678, -593338, 10 
1718874034347.00, 0, -593325, 9 
1718874034368.00, -12, -593322, 11 
1718874034389.00, 703, -593322, 10 
1718874034411.00, 1, -593311, 9 
1718874034432.00, -13, -593308, 11 
1718874034454.00, 678, -593308, 10 
1718874034476.00, 6, -593295, 9 
1718874034496.00, 0, -593294, 11 
1718874034517.00, 674, -593294, 10 
1718874034538.00, 0, -593282, 10 
1718874034559.00, 0, -593280, 11 
1718874034581.00, 666, -593280, 10 
1718874034601.00, 0, -593268, 9 
1718874034622.00, 0, -593267, 11 
1718874034644.00, 643, -593265, 10 
1718874034665.00, 0, -593253, 9 
1718874034686.00, 0, -593251, 11 
1718874034708.00, 634, -593252, 10 
1718874034728.00, 0, -593240, 9 
1718874034750.00, 0, -593238, 11 
1718874034771.00, 633, -593238, 10 
1718874034792.00, -2, -593226, 10 
1718874034813.00, 0, -593225, 11 
1718874034835.00, 658, -593225, 10 
1718874034856.00, 0, -593212, 10 
1718874034877.00, -32, -593212, 11 
1718874034898.00, 656, -593211, 10 
1718874034919.00, 0, -593200, 10 
1718874034941.00, 0, -593199, 11 
1718874034962.00, 714, -593198, 10 
1718874034983.00, 0, -593184, 9 
1718874035004.00, 0, -593182, 11 
1718874035025.00, 658, -593182, 10 
1718874035047.00, 0, -593169, 9 
1718874035067.00, 0, -593168, 11 
1718874035089.00, 654, -593168, 10 
1718874035109.00, 0, -593156, 9 
1718874035130.00, 0, -593155, 11 
1718874035152.00, 700, -593154, 10 
1718874035173.00, 20, -593142, 10 
1718874035195.00, 0, -593141, 11 
1718874035216.00, 678, -593140, 10 
1718874035242.00, 0, -593128, 10 
1718874035258.00, 0, -593126, 11 
1718874035280.00, 705, -593126, 10 
1718874035301.00, 0, -593114, 9 
1718874035321.00, 0, -593112, 11 
1718874035346.00, 650, -593111, 10 
1718874035364.00, -8, -593100, 9 
1718874035385.00, 0, -593099, 11 
1718874035407.00, 651, -593098, 10 
1718874035427.00, 0, -593087, 9 
1718874035453.00, 0, -593085, 11 
1718874035470.00, 643, -593084, 10 
1718874035491.00, 0, -593072, 10 
1718874035512.00, 0, -593069, 11 
1718874035533.00, 661, -593071, 10 
1718874035554.00, -4, -593058, 10 
1718874035576.00, 0, -593057, 11 
1718874035597.00, 633, -593057, 10 
1718874035618.00, 0, -593044, 10 
1718874035639.00, 0, -593043, 11 
1718874035660.00, 656, -593043, 10 
1718874035681.00, 0, -593032, 10 
1718874035702.00, 0, -593029, 11 
1718874035724.00, 680, -593030, 10 
1718874035746.00, 0, -593017, 9 
1718874035766.00, -3, -593015, 11 
1718874035789.00, 635, -593015, 10 
1718874035809.00, 0, -593003, 10 
1718874035830.00, 1, -593001, 11 
1718874035851.00, 648, -593001, 9 
1718874035873.00, 382, -592989, 7 
1718874035894.00, 227, -592981, 7 
1718874035915.00, 132, -592977, 7 
1718874035936.00, 78, -592973, 9 
1718874035957.00, 59, -592970, 10 
1718874035978.00, 39, -592970, 10 
1718874036005.00, 1, -592969, 10 
1718874036021.00, -1, -592969, 10 
1718874036042.00, 0, -592968, 10 
1718874036064.00, 1, -592969, 10 
1718874036085.00, -59, -592969, 10 
1718874036106.00, 0, -592968, 10 
1718874036127.00, 0, -592968, 10 
1718874036147.00, 0, -592968, 10 
1718874036169.00, 18, -592968, 10 
1718874036191.00, 0, -592968, 10 
1718874036211.00, 0, -592967, 10 
1718874036232.00, 0, -592968, 10 
1718874036254.00, 0, -592967, 10 
1718874036275.00, 0, -592967, 10 
1718874036296.00, 32, -592967, 10 
1718874036317.00, 0, -592968, 10 
1718874036339.00, 0, -592967, 10 
1718874036360.00, 19, -592967, 10 
1718874036380.00, -1, -592967, 10 
1718874036402.00, 0, -592968, 10 
1718874036423.00, 0, -592967, 10 
1718874036444.00, 0, -592967, 10 
1718874036465.00, 0, -592967, 10 
1718874036486.00, 0, -592966, 10 
1718874036507.00, 1, -592968, 10 
1718874036529.00, 0, -592967, 10 
1718874036550.00, 67, -592968, 9 
1718874036570.00, 0, -592967, 9 
1718874036592.00, 0, -592967, 9 
1718874036613.00, -23, -592966, 8 
1718874036634.00, 0, -592967, 8 
1718874036655.00, 0, -592967, 8 
1718874036676.00, 0, -592966, 7 
1718874036697.00, 11, -592967, 7 
1718874036718.00, 0, -592967, 6 
1718874036739.00, 0, -592967, 5 
1718874036760.00, 0, -592967, 5 
1718874036781.00, 0, -592967, 5 
1718874036802.00, 0, -592967, 5 
1718874036829.00, 68, -592966, 5 
1718874036845.00, 33, -592966, 5 
1718874036866.00, 0, -592966, 5 
1718874036886.00, 42, -592966, 5 
1718874036908.00, 0, -592966, 6 
1718874036929.00, 0, -592966, 6 
1718874036950.00, 19, -592966, 6 
1718874036971.00, 0, -592965, 7 
1718874036992.00, 0, -592966, 7 
1718874037013.00, 0, -592965, 7 
1718874037034.00, 0, -592966, 7 
1718874037055.00, 0, -592965, 8 
1718874037076.00, 0, -592966, 8 
1718874037101.00, 0, -592965, 8 
1718874037119.00, 0, -592965, 8 
1718874037139.00, -4, -592965, 8 
1718874037160.00, 61, -592964, 9 
1718874037182.00, 2, -592965, 9 
1718874037203.00, 0, -592964, 8 
1718874037224.00, 0, -592964, 9 
1718874037244.00, 0, -592965, 9 
1718874037266.00, 0, -592965, 9 
1718874037287.00, 0, -592964, 8 
1718874037312.00, 56, -592965, 7 
1718874037329.00, 16, -592964, 8 
1718874037351.00, -4, -592964, 8 
1718874037371.00, 0, -592964, 8 
1718874037392.00, 0, -592964, 8 
1718874037413.00, 0, -592964, 8 
1718874037435.00, 0, -592964, 7 
1718874037456.00, 0, -592963, 7 
1718874037477.00, 0, -592964, 7 
1718874037498.00, 39, -592963, 7 
1718874037519.00, 0, -592963, 7 
1718874037546.00, 0, -592964, 7 
1718874037561.00, 0, -592963, 7 
1718874037582.00, -5, -592963, 7 
1718874037603.00, 0, -592963, 6 
1718874037624.00, 0, -592963, 6 
1718874037648.00, -29, -592962, 6 
1718874037666.00, 0, -592964, 6 
1718874037688.00, 67, -592963, 5 
1718874037708.00, 0, -592964, 5 
1718874037730.00, 0, -592963, 5 
1718874037753.00, 22, -592963, 5 
1718874037772.00, 0, -592963, 5 
1718874037793.00, 0, -592963, 4 
1718874037814.00, 0, -592964, 4 
1718874037835.00, 0, -592963, 3 
1718874037856.00, -5, -592963, 3 
1718874037876.00, 34, -592962, 3 
1718874037897.00, 0, -592962, 3 
1718874037919.00, 0, -592963, 2 
1718874037940.00, 0, -592964, 2 
1718874037960.00, 0, -592963, 2 
1718874037982.00, 0, -592963, 3 
1718874038003.00, 0, -592963, 3 
1718874038024.00, 0, -592962, 3 
1718874038045.00, 0, -592962, 2 
1718874038066.00, 0, -592963, 2 
1718874038086.00, 0, -592962, 2 
1718874038108.00, 0, -592963, 2 
1718874038130.00, 0, -592962, 3 
1718874038150.00, -1, -592963, 2 
1718874038171.00, 0, -592962, 3 
1718874038192.00, 0, -592962, 3 
1718874038213.00, 0, -592962, 3 
1718874038234.00, 0, -592962, 3 
1718874038255.00, 0, -592961, 4 
1718874038276.00, 0, -592963, 4 
1718874038297.00, 0, -592962, 3 
1718874038318.00, 0, -592962, 3 
1718874038347.00, 0, -592963, 2 
1718874038360.00, 0, -592962, 2 
1718874038382.00, 0, -592962, 2 
1718874038403.00, 0, -592962, 2 
1718874038424.00, 0, -592963, 2 
1718874038445.00, -1, -592962, 2 
1718874038466.00, 0, -592962, 3 
1718874038487.00, 0, -592962, 3 
1718874038507.00, 0, -592962, 3 
1718874038531.00, 0, -592962, 3 
1718874038550.00, 0, -592962, 3 
1718874038571.00, 0, -592962, 3 
1718874038592.00, 0, -592960, 3 
1718874038613.00, 0, -592962, 3 
1718874038638.00, 0, -592962, 3 
1718874038655.00, 0, -592962, 3 
1718874038676.00, 0, -592962, 3 
1718874038697.00, 1, -592962, 3 
1718874038718.00, 0, -592961, 3 
1718874038739.00, 0, -592961, 3 
1718874038760.00, 0, -592962, 4 
1718874038781.00, 0, -592962, 4 
1718874038802.00, 0, -592961, 4 
1718874038823.00, 5, -592962, 4 
1718874038844.00, 0, -592961, 4 
1718874038865.00, 0, -592962, 5 
1718874038886.00, 1, -592961, 5 
1718874038908.00, 0, -592961, 5 
1718874038928.00, 0, -592961, 5 
1718874038950.00, 0, -592960, 5 
1718874038971.00, 0, -592961, 5 
1718874038991.00, 0, -592961, 5 
1718874039012.00, 0, -592961, 5 
1718874039033.00, 0, -592962, 5 
1718874039055.00, 0, -592962, 5 
1718874039080.00, 0, -592961, 5 
1718874039097.00, 0, -592961, 4 
1718874039118.00, -1, -592961, 4 
1718874039139.00, 0, -592962, 3 
1718874039160.00, 0, -592961, 3 
1718874039180.00, 0, -592961, 3 
1718874039202.00, 0, -592960, 3 
1718874039222.00, -45, -592961, 2 
1718874039244.00, 0, -592961, 1 
1718874039265.00, 0, -592961, 1 
1718874039289.00, 38, -592962, 0 
1718874039307.00, 0, -592962, 0 
1718874039328.00, 0, -592961, 0 
1718874039349.00, 52, -592961, 0 
1718874039370.00, 0, -592962, 0 
1718874039391.00, 0, -592961, 0 
1718874039413.00, -56, -592961, 0 
1718874039434.00, 0, -592961, 0 
1718874039455.00, 0, -592961, 0 
1718874039476.00, 0, -592961, 0 
1718874039497.00, 22, -592961, 0 
1718874039518.00, 0, -592962, -1 
1718874039539.00, 0, -592963, -1 
1718874039560.00, 0, -592961, -2 
1718874039581.00, 0, -592962, -3 
1718874039602.00, 0, -592962, -4 
1718874039624.00, 48, -592961, -5 
1718874039645.00, 60, -592962, -5 
1718874039666.00, 0, -592961, -5 
1718874039688.00, 57, -592962, -5 
1718874039709.00, 30, -592961, -5 
1718874039730.00, 0, -592962, -5 
1718874039751.00, 0, -592961, -5 
1718874039772.00, 0, -592961, -5 
1718874039793.00, 0, -592962, -5 
1718874039814.00, 41, -592962, -5 
1718874039836.00, 0, -592962, -5 
1718874039856.00, 0, -592960, -5 
1718874039878.00, 0, -592961, -5 
1718874039898.00, 0, -592961, -5 
1718874039920.00, 3, -592961, -5 
1718874039946.00, 12, -592961, -5 
1718874039962.00, -2, -592961, -5 
1718874039984.00, 0, -592960, -5 
1718874040004.00, 0, -592961, -5 
1718874040026.00, 0, -592961, -5 
1718874040052.00, 0, -592960, -5 
1718874040068.00, 0, -592961, -5 
1718874040089.00, 0, -592961, -5 
1718874040110.00, 0, -592961, -5 
1718874040131.00, 0, -592960, -5 
1718874040156.00, -4, -592961, -5 
1718874040173.00, 0, -592960, -5 
1718874040195.00, 0, -592961, -5 
1718874040216.00, 0, -592960, -5 
1718874040236.00, 0, -592960, -5 
1718874040258.00, 0, -592961, -5 
1718874040279.00, 0, -592961, -5 
1718874040301.00, 24, -592960, -5 
1718874040321.00, -57, -592961, -5 
1718874040342.00, 6, -592960, -5 
1718874040363.00, 0, -592960, -5 
1718874040386.00, 0, -592961, -5 
1718874040406.00, 0, -592961, -5 
1718874040427.00, 0, -592960, -5 
1718874040448.00, 0, -592961, -5 
1718874040469.00, -3, -592960, -5 
1718874040490.00, 0, -592960, -5 
1718874040512.00, 0, -592961, -5 
1718874040533.00, 2, -592961, -5 
1718874040554.00, 0, -592960, -5 
1718874040575.00, 0, -592961, -5 
1718874040601.00, 0, -592961, -5 
1718874040617.00, 0, -592961, -4 
1718874040639.00, 0, -592960, -4 
1718874040660.00, -5, -592961, -4 
1718874040680.00, 0, -592959, -4 
1718874040706.00, 0, -592960, -4 
1718874040723.00, 0, -592959, -5 
1718874040744.00, 0, -592959, -5 
1718874040765.00, 0, -592960, -5 
1718874040786.00, 0, -592960, -5 
1718874040807.00, 20, -592960, -5 
1718874040828.00, 0, -592960, -5 
1718874040850.00, 37, -592960, -5 
1718874040871.00, 7, -592960, -5 
1718874040892.00, 0, -592960, -6 
1718874040913.00, 0, -592960, -6 
1718874040934.00, 0, -592961, -6 
1718874040955.00, 0, -592960, -6 
1718874040977.00, 66, -592960, -6 
1718874040998.00, 0, -592960, -6 
1718874041020.00, 0, -592959, -6 
1718874041040.00, 0, -592960, -6 
1718874041061.00, 0, -592961, -6 
1718874041083.00, 0, -592959, -6 
1718874041103.00, 25, -592959, -6 
1718874041125.00, 0, -592959, -6 
1718874041150.00, 0, -592960, -6 
1718874041167.00, 0, -592960, -6 
1718874041188.00, 0, -592960, -6 
1718874041209.00, 0, -592960, -6 
1718874041230.00, 0, -592960, -6 
1718874041251.00, 0, -592960, -6 
1718874041273.00, 0, -592959, -6 
1718874041293.00, 0, -592959, -5 
1718874041314.00, 0, -592959, -5 
1718874041336.00, 0, -592959, -5 
1718874041359.00, 0, -592960, -5 
1718874041378.00, -20, -592960, -5 
1718874041398.00, 0, -592960, -5 
1718874041420.00, 0, -592959, -5 
1718874041442.00, -21, -592959, -5 
1718874041462.00, 0, -592960, -5 
1718874041484.00, 0, -592960, -5 
1718874041505.00, 0, -592960, -5 
1718874041526.00, 0, -592959, -5 
1718874041547.00, 0, -592960, -5 
1718874041568.00, 0, -592959, -5 
1718874041590.00, 0, -592960, -5 
1718874041610.00, 0, -592959, -5 
1718874041631.00, 0, -592959, -5 
1718874041652.00, 0, -592959, -5 
1718874041674.00, -43, -592959, -5 
1718874041697.00, 15, -592959, -5 
1718874041716.00, 0, -592960, -5 
1718874041737.00, 0, -592959, -5 
1718874041759.00, 0, -592958, -5 
1718874041781.00, 0, -592957, -5 
1718874041806.00, -50, -592959, -5 
1718874041822.00, 0, -592959, -6 
1718874041844.00, 0, -592959, -6 
1718874041865.00, 0, -592959, -6 
1718874041886.00, 0, -592958, -5 
1718874041908.00, -2, -592959, -5 
1718874041928.00, -11, -592959, -5 
1718874041949.00, 11, -592959, -5 
1718874041971.00, 0, -592959, -5 
1718874041992.00, 0, -592958, -5 
1718874042015.00, 0, -592959, -5 
1718874042033.00, 0, -592960, -5 
1718874042055.00, 0, -592959, -8 
1718874042076.00, 0, -592958, -11 
1718874042097.00, 0, -592959, -13 
1718874042119.00, 0, -592960, -13 
1718874042140.00, 0, -592959, -13 
1718874042161.00, 0, -592959, -13 
1718874042182.00, 0, -592959, -12 
1718874042204.00, 0, -592960, -13 
1718874042225.00, 0, -592960, -12 
1718874042247.00, 0, -592959, -12 
1718874042267.00, 0, -592958, -15 
1718874042288.00, 0, -592959, -18 
1718874042309.00, 4, -592960, -22 
1718874042331.00, 0, -592960, -23 
1718874042351.00, 0, -592959, -23 
1718874042372.00, -19, -592959, -21 
1718874042394.00, 0, -592959, -20 
1718874042416.00, 4, -592960, -20 
1718874042436.00, 0, -592960, -18 
1718874042462.00, 0, -592959, -14 
1718874042479.00, 0, -592959, -6 
1718874042501.00, 0, -592958, -2 
1718874042522.00, 5, -592959, -1 
1718874042543.00, 0, -592958, 2 
1718874042566.00, 0, -592958, 17 
1718874042585.00, 1242, -592955, 46 
1718874042606.00, 3487, -592931, 76 
1718874042627.00, 6868, -592853, 112 
1718874042650.00, 10914, -592709, 157 
1718874042675.00, 16077, -592465, 221 
1718874042693.00, 22956, -592116, 278 
1718874042715.00, 30471, -591629, 310 
1718874042736.00, 36916, -590975, 340 
1718874042758.00, 42433, -590180, 361 
1718874042784.00, 46883, -589268, 375 
1718874042801.00, 50485, -588257, 389 
1718874042823.00, 53228, -587161, 397 
1718874042845.00, 55454, -586010, 407 
1718874042866.00, 57148, -584814, 403 
1718874042888.00, 58015, -583569, 396 
1718874042909.00, 57903, -582313, 389 
1718874042931.00, 57556, -581054, 380 
1718874042953.00, 56748, -579808, 369 
1718874042974.00, 55566, -578584, 347 
1718874042996.00, 53312, -577375, 316 
1718874043018.00, 50390, -576225, 291 
1718874043039.00, 46741, -575142, 257 
1718874043061.00, 42721, -574122, 215 
1718874043083.00, 37626, -573195, 179 
1718874043104.00, 32318, -572375, 146 
1718874043126.00, 27441, -571662, 116 
1718874043147.00, 22503, -571063, 85 
1718874043169.00, 17863, -570571, 45 
1718874043190.00, 12579, -570184, -8 
1718874043212.00, 6907, -569911, -77 
1718874043234.00, -539, -569762, -148 
1718874043255.00, -9579, -569768, -204 
1718874043276.00, -18515, -569961, -256 
1718874043298.00, -27047, -570349, -294 
1718874043320.00, -34346, -570922, -326 
1718874043342.00, -40515, -571658, -359 
1718874043363.00, -45942, -572532, -387 
1718874043385.00, -50836, -573527, -415 
1718874043406.00, -55528, -574638, -438 
1718874043428.00, -59413, -575835, -451 
1718874043451.00, -62755, -577120, -448 
1718874043471.00, -64512, -578479, -459 
1718874043492.00, -65938, -579872, -475 
1718874043515.00, -67802, -581318, -497 
1718874043536.00, -70221, -582787, -511 
1718874043563.00, -72504, -584312, -516 
1718874043580.00, -74038, -585882, -525 
1718874043601.00, -75448, -587484, -517 
1718874043623.00, -75838, -589118, -519 
1718874043644.00, -76072, -590763, -515 
1718874043666.00, -75717, -592417, -521 
1718874043688.00, -76053, -594066, -510 
1718874043709.00, -45241, -595691, -499 
1718874043731.00, -26264, -596680, -567 
1718874043753.00, -15100, -597275, -580 
1718874043774.00, -8606, -597614, -536 
1718874043795.00, -4830, -597803, -488 
1718874043817.00, -2517, -597906, -452 
1718874043839.00, -1163, -597958, -412 
1718874043861.00, -260, -597978, -358 
1718874043888.00, 0, -597981, -309 
1718874043903.00, 55, -597980, -286 
1718874043924.00, -5, -597979, -253 
1718874043946.00, 0, -597976, -215 
1718874043967.00, 0, -597976, -180 
1718874043992.00, 0, -597973, -155 
1718874044010.00, 0, -597974, -143 
1718874044031.00, 0, -597972, -136 
1718874044052.00, 63, -597971, -123 
1718874044073.00, 0, -597970, -107 
1718874044095.00, 1, -597970, -89 
1718874044116.00, 0, -597969, -73 
1718874044137.00, 0, -597967, -60 
1718874044158.00, 0, -597967, -52 
1718874044180.00, -1, -597966, -45 
1718874044201.00, 1, -597965, -37 
1718874044222.00, 0, -597965, -26 
1718874044243.00, 0, -597964, -18 
1718874044264.00, 0, -597962, -7 
1718874044285.00, 0, -597962, 0 
1718874044306.00, 68, -597962, 2 
1718874044327.00, 0, -597962, 5 
1718874044349.00, 42, -597962, 3 
1718874044370.00, 0, -597961, 3 
1718874044391.00, 68, -597961, 4 
1718874044412.00, -4, -597960, 3 
1718874044433.00, 46, -597960, 3 
1718874044454.00, 0, -597960, 3 
1718874044476.00, 102, -597959, 6 
1718874044497.00, 108, -597952, 87 
1718874044519.00, 5287, -597946, 117 
1718874044543.00, 10132, -597828, 174 
1718874044562.00, 16433, -597609, 220 
1718874044583.00, 23024, -597250, 263 
1718874044604.00, 29705, -596753, 319 
1718874044626.00, 36866, -596121, 355 
1718874044651.00, 43130, -595333, 364 
1718874044670.00, 47195, -594404, 352 
1718874044691.00, 48931, -593381, 311 
1718874044713.00, 47872, -592331, 258 
1718874044735.00, 43776, -591298, 193 
1718874044759.00, 37185, -590351, 136 
1718874044778.00, 29828, -589539, 71 
1718874044800.00, 21637, -588890, 27 
1718874044821.00, 14154, -588412, -3 
1718874044843.00, 7922, -588095, -9 
1718874044864.00, 4347, -587918, -12 
1718874044885.00, 1551, -587818, -6 
1718874044907.00, 594, -587780, -5 
1718874044928.00, 43, -587764, 2 
1718874044949.00, 0, -587762, 3 
1718874044971.00, -38, -587761, 6 
1718874044991.00, 1, -587762, 9 
1718874045013.00, 0, -587763, 12 
1718874045034.00, 567, -587761, 12 
1718874045055.00, 1133, -587753, 13 
1718874045080.00, 1506, -587732, 14 
1718874045098.00, 1782, -587700, 14 
1718874045120.00, 1805, -587664, 13 
1718874045141.00, 1812, -587623, 12 
1718874045163.00, 1899, -587585, 12 
1718874045184.00, 1890, -587545, 10 
1718874045205.00, 0, -587503, 9 
1718874045226.00, 0, -587500, 6 
1718874045247.00, 0, -587498, 11 
1718874045270.00, 592, -587499, 8 
1718874045289.00, 317, -587489, 7 
1718874045311.00, 158, -587482, 9 
1718874045332.00, 76, -587478, 11 
1718874045354.00, 738, -587476, 10 
1718874045375.00, 0, -587462, 9 
1718874045396.00, 4, -587461, 8 
1718874045418.00, 0, -587455, 51 
1718874045438.00, 3171, -587454, 77 
1718874045459.00, 6569, -587371, 177 
1718874045482.00, 14625, -587227, 227 
1718874045503.00, 22315, -586918, 258 
1718874045526.00, 28799, -586441, 294 
1718874045547.00, 34816, -585824, 318 
1718874045568.00, 39902, -585075, 341 
1718874045590.00, 44367, -584210, 363 
1718874045611.00, 48207, -583253, 387 
1718874045633.00, 51850, -582216, 386 
1718874045655.00, 54178, -581092, 367 
1718874045676.00, 54000, -579921, 365 
1718874045698.00, 53954, -578757, 327 
1718874045720.00, 51359, -577590, 275 
1718874045742.00, 46647, -576484, 224 
1718874045763.00, 40583, -575482, 170 
1718874045785.00, 33764, -574597, 122 
1718874045806.00, 26788, -573855, 75 
1718874045828.00, 20040, -573263, 32 
1718874045852.00, 13378, -572823, 0 
1718874045871.00, 7694, -572527, -6 
1718874045892.00, 4210, -572359, -7 
1718874045914.00, 2135, -572262, -1 
1718874045935.00, 877, -572213, 0 
1718874045959.00, 77, -572192, 1 
1718874045977.00, 0, -572187, 6 
1718874045998.00, -8, -572188, 9 
1718874046019.00, 0, -572188, 9 
1718874046040.00, 0, -572188, 13 
1718874046063.00, 640, -572188, 17 
1718874046083.00, 1429, -572181, 14 
1718874046105.00, 1792, -572154, 18 
1718874046126.00, 2289, -572117, 18 
1718874046148.00, 2591, -572070, 19 
1718874046169.00, 2642, -572017, 20 
1718874046191.00, 2678, -571959, 19 
1718874046212.00, 2800, -571901, 19 
1718874046233.00, 2736, -571841, 20 
1718874046255.00, 2755, -571782, 17 
1718874046282.00, 2770, -571721, 17 
1718874046298.00, 2657, -571664, 17 
1718874046319.00, 2544, -571613, 18 
1718874046342.00, 2578, -571556, 18 
1718874046364.00, 2577, -571500, 16 
1718874046384.00, 2458, -571442, 17 
1718874046406.00, 2514, -571389, 17 
1718874046427.00, 2610, -571335, 17 
1718874046448.00, 2572, -571280, 17 
1718874046470.00, 2457, -571223, 17 
1718874046491.00, 2404, -571169, 17 
1718874046513.00, 2601, -571115, 17 
1718874046534.00, 2676, -571053, 117 
1718874046556.00, 8655, -570987, 161 
1718874046578.00, 15064, -570804, 206 
1718874046599.00, 21396, -570489, 230 
1718874046620.00, 26857, -570035, 232 
1718874046642.00, 29933, -569471, 243 
1718874046664.00, 32554, -568825, 278 
1718874046685.00, 35875, -568120, 324 
1718874046707.00, 40652, -567339, 340 
1718874046729.00, 44428, -566469, 322 
1718874046751.00, 45720, -565511, 295 
1718874046772.00, 44694, -564516, 261 
1718874046793.00, 42008, -563547, 214 
1718874046815.00, 37434, -562647, 176 
1718874046840.00, 32485, -561837, 132 
1718874046859.00, 26759, -561129, 89 
1718874046880.00, 20943, -560543, 51 
1718874046901.00, 14987, -560091, 20 
1718874046923.00, 9626, -559756, 13 
1718874046944.00, 6318, -559540, 9 
1718874046965.00, 3387, -559403, 11 
1718874046987.00, 2376, -559329, 12 
1718874047008.00, 1860, -559279, 18 
1718874047030.00, 1932, -559238, 20 
1718874047054.00, 2094, -559196, 18 
1718874047073.00, 2144, -559151, 20 
1718874047094.00, 2262, -559104, 27 
1718874047115.00, 2599, -559056, 24 
1718874047138.00, 2879, -558998, 26 
1718874047161.00, 2988, -558939, 26 
1718874047180.00, 3132, -558874, 29 
1718874047202.00, 3489, -558808, 28 
1718874047223.00, 3675, -558736, 27 
1718874047245.00, 3644, -558659, 26 
1718874047266.00, 3581, -558581, 25 
1718874047288.00, 3548, -558506, 25 
1718874047309.00, 3691, -558430, 25 
1718874047330.00, 3639, -558351, 25 
1718874047352.00, 3633, -558272, 26 
1718874047374.00, 3634, -558196, 25 
1718874047395.00, 3531, -558117, 25 
1718874047416.00, 3498, -558041, 24 
1718874047438.00, 3482, -557964, 24 
1718874047459.00, 3460, -557892, 24 
1718874047481.00, 3482, -557817, 24 
1718874047502.00, 3413, -557744, 24 
1718874047523.00, 3307, -557671, 24 
1718874047545.00, 3360, -557596, 25 
1718874047566.00, 3515, -557524, 24 
1718874047588.00, 3335, -557448, 25 
1718874047610.00, 3420, -557375, 25 
1718874047631.00, 3406, -557303, 25 
1718874047653.00, 3499, -557229, 25 
1718874047674.00, 3666, -557156, 25 
1718874047696.00, 3582, -557082, 25 
1718874047718.00, 3660, -557006, 25 
1718874047739.00, 3624, -556929, 24 
1718874047760.00, 3672, -556850, 24 
1718874047782.00, 3682, -556774, 24 
1718874047803.00, 3547, -556697, 24 
1718874047824.00, 3500, -556622, 25 
1718874047846.00, 3576, -556548, 24 
1718874047867.00, 3554, -556473, 24 
1718874047889.00, 3487, -556400, 24 
1718874047910.00, 3376, -556327, 24 
1718874047932.00, 3324, -556254, 24 
1718874047952.00, 3230, -556182, 24 
1718874047975.00, 3302, -556110, 24 
1718874047996.00, 3406, -556040, 24 
1718874048017.00, 3518, -555968, 24 
1718874048041.00, 3631, -555896, 24 
1718874048060.00, 3482, -555820, 24 
1718874048082.00, 3470, -555745, 25 
1718874048103.00, 3399, -555670, 25 
1718874048125.00, 3304, -555598, 25 
1718874048148.00, 3351, -555526, 25 
1718874048167.00, 3350, -555451, 25 
1718874048189.00, 3444, -555378, 25 
1718874048210.00, 3379, -555304, 25 
1718874048231.00, 3578, -555232, 25 
1718874048255.00, 3698, -555159, 25 
1718874048275.00, 3621, -555080, 25 
1718874048296.00, 3496, -555001, 25 
1718874048318.00, 3424, -554925, 25 
1718874048339.00, 3509, -554852, 26 
1718874048366.00, 3586, -554777, 26 
1718874048383.00, 3644, -554700, 25 
1718874048404.00, 3586, -554623, 26 
1718874048425.00, 3559, -554546, 26 
1718874048447.00, 3615, -554469, 26 
1718874048468.00, 3578, -554391, 26 
1718874048489.00, 3580, -554313, 26 
1718874048511.00, 3678, -554232, 28 
1718874048533.00, 3897, -554149, 40 
1718874048554.00, 4589, -554064, 83 
1718874048575.00, 7693, -553961, 125 
1718874048597.00, 11894, -553793, 156 
1718874048618.00, 16556, -553536, 177 
1718874048640.00, 20407, -553185, 208 
1718874048662.00, 24557, -552749, 247 
1718874048684.00, 29493, -552212, 294 
1718874048705.00, 35434, -551571, 327 
1718874048727.00, 40755, -550813, 363 
1718874048749.00, 45993, -549938, 396 
1718874048770.00, 50998, -548946, 419 
1718874048792.00, 55424, -547833, 437 
1718874048813.00, 59056, -546633, 457 
1718874048835.00, 62270, -545349, 471 
1718874048857.00, 65143, -543997, 489 
1718874048878.00, 67812, -542592, 501 
1718874048900.00, 70070, -541113, 510 
1718874048922.00, 71847, -539601, 522 
1718874048943.00, 73726, -538029, 525 
1718874048965.00, 74988, -536438, 557 
1718874048987.00, 77699, -534814, 560 
1718874049008.00, 79547, -533131, 572 
1718874049030.00, 81304, -531395, 577 
1718874049051.00, 82598, -529641, 586 
1718874049073.00, 83747, -527854, 578 
1718874049095.00, 83913, -526042, 577 
1718874049116.00, 84018, -524216, 586 
1718874049138.00, 84659, -522407, 592 
1718874049160.00, 85231, -520565, 594 
1718874049181.00, 85525, -518725, 592 
1718874049203.00, 85782, -516875, 598 
1718874049224.00, 86071, -515010, 597 
1718874049246.00, 86224, -513146, 598 
1718874049268.00, 86418, -511270, 596 
1718874049289.00, 86310, -509407, 602 
1718874049311.00, 86386, -507533, 611 
1718874049333.00, 87240, -505652, 616 
1718874049354.00, 87955, -503775, 623 
1718874049376.00, 88763, -501862, 622 
1718874049398.00, 89162, -499941, 629 
1718874049419.00, 89660, -498003, 634 
1718874049441.00, 90290, -496059, 638 
1718874049463.00, 90963, -494108, 639 
1718874049484.00, 91276, -492127, 637 
1718874049506.00, 91562, -490153, 642 
1718874049528.00, 91598, -488174, 633 
1718874049549.00, 91427, -486187, 623 
1718874049572.00, 90475, -484210, 625 
1718874049592.00, 90012, -482242, 620 
1718874049614.00, 89422, -480293, 613 
1718874049636.00, 88695, -478352, 601 
1718874049657.00, 87509, -476432, 594 
1718874049680.00, 86299, -474539, 589 
1718874049701.00, 85297, -472665, 583 
1718874049722.00, 84175, -470822, 574 
1718874049744.00, 83423, -468991, 549 
1718874049766.00, 81006, -467194, 535 
1718874049791.00, 78840, -465430, 524 
1718874049809.00, 76682, -463729, 519 
1718874049830.00, 75272, -462058, 499 
1718874049852.00, 73158, -460434, 486 
1718874049874.00, 71278, -458847, 478 
1718874049900.00, 69534, -457306, 477 
1718874049917.00, 68733, -455795, 470 
1718874049939.00, 67432, -454313, 470 
1718874049960.00, 66726, -452852, 464 
1718874049982.00, 65890, -451401, 461 
1718874050008.00, 65545, -449969, 449 
1718874050025.00, 64492, -448553, 447 
1718874050047.00, 63575, -447149, 447 
1718874050069.00, 63159, -445772, 442 
1718874050090.00, 62708, -444410, 440 
1718874050112.00, 62254, -443052, 436 
1718874050133.00, 61675, -441702, 434 
1718874050155.00, 61438, -440366, 434 
1718874050177.00, 60967, -439036, 436 
1718874050198.00, 60927, -437714, 433 
1718874050222.00, 60771, -436394, 421 
1718874050241.00, 59861, -435077, 427 
1718874050263.00, 59929, -433774, 432 
1718874050285.00, 60053, -432481, 433 
1718874050306.00, 34244, -431192, 435 
1718874050332.00, 18433, -430421, 443 
1718874050350.00, 9112, -430001, 467 
1718874050371.00, 3549, -429790, 459 
1718874050393.00, 402, -429699, 457 
1718874050413.00, -577, -429685, 464 
1718874050436.00, -1541, -429690, 447 
1718874050456.00, -2322, -429719, 409 
1718874050478.00, -2763, -429770, 371 
1718874050500.00, -3054, -429829, 336 
1718874050522.00, -2931, -429896, 297 
1718874050543.00, -3031, -429963, 258 
1718874050564.00, -2914, -430028, 220 
1718874050586.00, -2894, -430095, 184 
1718874050607.00, -2945, -430156, 145 
1718874050629.00, -2939, -430222, 99 
1718874050650.00, -2870, -430290, 45 
1718874050671.00, -2898, -430357, -13 
1718874050693.00, -3676, -430428, -72 
1718874050715.00, -7615, -430509, -114 
1718874050736.00, -12254, -430671, -149 
1718874050758.00, -17334, -430936, -199 
1718874050782.00, -23215, -431312, -261 
1718874050801.00, -30565, -431813, -317 
1718874050822.00, -38315, -432462, -360 
1718874050845.00, -45211, -433278, -389 
1718874050866.00, -51028, -434254, -404 
1718874050888.00, -55628, -435368, -474 
1718874050908.00, -62310, -436565, -512 
1718874050930.00, -68567, -437927, -530 
1718874050953.00, -73287, -439413, -568 
1718874050974.00, -78215, -440998, -604 
1718874050995.00, -83356, -442700, -618 
1718874051017.00, -87236, -444511, -632 
1718874051039.00, -90143, -446398, -646 
1718874051060.00, -92720, -448344, -661 
1718874051082.00, -95000, -450362, -677 
1718874051104.00, -97507, -452428, -685 
1718874051125.00, -99318, -454542, -694 
1718874051147.00, -100837, -456679, -717 
1718874051168.00, -103118, -458885, -738 
1718874051191.00, -105626, -461129, -739 
1718874051216.00, -107080, -463421, -742 
1718874051234.00, -107924, -465745, -748 
1718874051256.00, -108899, -468117, -750 
1718874051277.00, -109442, -470485, -763 
1718874051299.00, -110459, -472854, -777 
1718874051321.00, -112077, -475270, -787 
1718874051343.00, -113489, -477714, -789 
1718874051365.00, -114455, -480178, -802 
1718874051386.00, -115581, -482663, -827 
1718874051408.00, -117674, -485197, -846 
1718874051433.00, -120319, -487763, -838 
1718874051451.00, -121184, -490368, -850 
1718874051473.00, -122352, -493015, -861 
1718874051495.00, -123621, -495670, -879 
1718874051516.00, -125383, -498359, -892 
1718874051538.00, -127108, -501110, -912 
1718874051560.00, -129542, -503881, -933 
1718874051582.00, -131874, -506695, -928 
1718874051604.00, -133262, -509581, -921 
1718874051624.00, -133533, -512467, -939 
1718874051646.00, -134581, -515366, -951 
1718874051669.00, -135995, -518304, -959 
1718874051691.00, -137206, -521259, -959 
1718874051712.00, -137794, -524255, -961 
1718874051734.00, -138349, -527257, -966 
1718874051758.00, -138910, -530258, -964 
1718874051776.00, -138942, -533290, -948 
1718874051798.00, -137933, -536327, -932 
1718874051820.00, -136507, -539304, -925 
1718874051842.00, -134843, -542286, -907 
1718874051864.00, -133128, -545213, -882 
1718874051886.00, -130457, -548104, -897 
1718874051907.00, -129767, -550945, -908 
1718874051929.00, -129830, -553763, -863 
1718874051951.00, -127436, -556588, -838 
1718874051976.00, -124247, -559353, -864 
1718874051994.00, -123984, -562059, -831 
1718874052016.00, -121862, -564734, -762 
1718874052038.00, -116525, -567392, -784 
1718874052060.00, -114169, -569914, -782 
1718874052081.00, -112863, -572396, -710 
1718874052103.00, -107952, -574855, -681 
1718874052125.00, -103221, -577187, -708 
1718874052147.00, -101723, -579425, -687 
1718874052167.00, -99779, -581642, -635 
1718874052190.00, -95518, -583799, -643 
1718874052211.00, -93172, -585869, -658 
1718874052233.00, -92805, -587879, -615 
1718874052255.00, -90051, -589890, -590 
1718874052276.00, -86688, -591846, -593 
1718874052298.00, -85122, -593721, -571 
1718874052320.00, -48687, -595554, -528 
1718874052341.00, -26581, -596611, -569 
1718874052362.00, -13574, -597210, -557 
1718874052384.00, -5938, -597517, -505 
1718874052406.00, -1514, -597649, -464 
1718874052427.00, 418, -597683, -408 
1718874052449.00, 2067, -597678, -357 
1718874052470.00, 3177, -597635, -306 
1718874052493.00, 3751, -597565, -266 
1718874052514.00, 4116, -597480, -229 
1718874052536.00, 4287, -597387, -187 
1718874052558.00, 4468, -597292, -138 
1718874052579.00, 4395, -597192, -76 
1718874052600.00, 4252, -597090, -9 
1718874052622.00, 4314, -596983, 111 
1718874052644.00, 10803, -596874, 269 
1718874052665.00, 24175, -596635, 420 
1718874052687.00, 41236, -596128, 485 
1718874052708.00, 55254, -595247, 701 
1718874052729.00, 76442, -594044, 809 
1718874052751.00, 95804, -592385, 892 
1718874052774.00, 112082, -590299, 938 
1718874052794.00, 124375, -587859, 1002 
1718874052816.00, 135311, -585116, 1072 
1718874052838.00, 145803, -582147, 1109 
1718874052859.00, 154215, -578954, 1092 
1718874052881.00, 158274, -575578, 1057 
1718874052903.00, 158230, -572121, 1069 
1718874052925.00, 158806, -568660, 1077 
1718874052947.00, 159705, -565196, 1084 
1718874052968.00, 160445, -561704, 1092 
1718874052990.00, 161144, -558198, 1098 
1718874053012.00, 161964, -554694, 1081 
1718874053034.00, 161374, -551148, 1072 
1718874053055.00, 160187, -547623, 1090 
1718874053077.00, 160641, -544118, 1111 
1718874053099.00, 161855, -540615, 1117 
1718874053121.00, 162982, -537071, 1121 
1718874053142.00, 163783, -533501, 1127 
1718874053165.00, 164544, -529927, 1125 
1718874053187.00, 164883, -526332, 1132 
1718874053208.00, 165272, -522738, 1136 
1718874053230.00, 165683, -519111, 1134 
1718874053252.00, 165893, -515479, 1123 
1718874053274.00, 165239, -511872, 1092 
1718874053296.00, 162858, -508257, 1085 
1718874053317.00, 160869, -504706, 1076 
1718874053339.00, 159125, -501196, 1039 
1718874053361.00, 155776, -497724, 1023 
1718874053384.00, 152528, -494322, 995 
1718874053407.00, 148960, -491004, 953 
1718874053428.00, 144231, -487773, 914 
1718874053449.00, 139119, -484626, 893 
1718874053471.00, 134744, -481606, 879 
1718874053493.00, 131313, -478679, 870 
1718874053518.00, 128495, -475824, 830 
1718874053536.00, 124516, -473034, 789 
1718874053558.00, 119930, -470327, 773 
1718874053580.00, 115829, -467719, 747 
1718874053601.00, 111920, -465204, 710 
1718874053622.00, 107466, -462774, 683 
1718874053644.00, 103112, -460441, 670 
1718874053666.00, 99451, -458201, 629 
1718874053687.00, 95033, -456053, 572 
1718874053709.00, 88831, -453995, 545 
1718874053732.00, 83615, -452065, 520 
1718874053753.00, 79080, -450258, 486 
1718874053774.00, 74291, -448547, 446 
1718874053796.00, 69043, -446937, 417 
1718874053818.00, 64208, -445441, 397 
1718874053840.00, 60020, -444058, 375 
1718874053861.00, 56270, -442752, 349 
1718874053883.00, 52540, -441539, 337 
1718874053904.00, 49521, -440397, 323 
1718874053926.00, 47212, -439318, 316 
1718874053951.00, 45297, -438301, 303 
1718874053969.00, 43318, -437315, 290 
1718874053991.00, 41379, -436378, 284 
1718874054012.00, 39992, -435474, 295 
1718874054035.00, 39946, -434607, 309 
1718874054058.00, 40560, -433737, 325 
1718874054078.00, 41995, -432857, 341 
1718874054099.00, 44034, -431946, 361 
1718874054121.00, 24497, -431003, 373 
1718874054142.00, 13049, -430444, 363 
1718874054169.00, 6044, -430151, 387 
1718874054185.00, 1827, -430014, 396 
1718874054207.00, -61, -429969, 389 
1718874054228.00, -1298, -429966, 385 
1718874054249.00, -2218, -429986, 371 
1718874054271.00, -2777, -430031, 342 
1718874054292.00, -3066, -430093, 296 
1718874054314.00, -3366, -430160, 244 
1718874054336.00, -3452, -430234, 192 
1718874054357.00, -3545, -430311, 139 
1718874054378.00, -3528, -430387, 82 
1718874054400.00, -3459, -430468, 12 
1718874054421.00, -3306, -430550, -54 
1718874054442.00, -6306, -430632, -117 
1718874054464.00, -12018, -430772, -179 
1718874054490.00, -19054, -431032, -258 
1718874054508.00, -27897, -431448, -342 
1718874054529.00, -38070, -432046, -401 
1718874054550.00, -47617, -432857, -425 
1718874054572.00, -54992, -433879, -421 
1718874054594.00, -59070, -435089, -570 
1718874054616.00, -70383, -436370, -613 
1718874054637.00, -79701, -437900, -615 
1718874054658.00, -85476, -439623, -682 
1718874054681.00, -92424, -441480, -741 
1718874054702.00, -100313, -443492, -752 
1718874054723.00, -105419, -445673, -773 
1718874054746.00, -109619, -447970, -802 
1718874054767.00, -113878, -450354, -814 
1718874054789.00, -117055, -452844, -881 
1718874054811.00, -122956, -455395, -897 
1718874054832.00, -127159, -458074, -898 
1718874054855.00, -129801, -460853, -925 
1718874054876.00, -132925, -463668, -939 
1718874054898.00, -135504, -466565, -952 
1718874054919.00, -137622, -469517, -972 
1718874054941.00, -140045, -472506, -998 
1718874054961.00, -142977, -475569, -1010 
1718874054984.00, -145332, -478694, -1022 
1718874055006.00, -147397, -481859, -1037 
1718874055027.00, -149428, -485106, -1045 
1718874055049.00, -151215, -488370, -1034 
1718874055071.00, -151468, -491667, -1050 
1718874055092.00, -152376, -494981, -1068 
1718874055115.00, -153918, -498303, -1087 
1718874055136.00, -155961, -501688, -1091 
1718874055158.00, -157518, -505086, -1095 
1718874055180.00, -158556, -508531, -1103 
1718874055202.00, -159463, -511999, -1089 
1718874055222.00, -159208, -515468, -1078 
1718874055246.00, -158171, -518958, -1069 
1718874055267.00, -156794, -522403, -1064 
1718874055289.00, -155525, -525842, -1077 
1718874055311.00, -155787, -529239, -1087 
1718874055332.00, -156323, -532650, -1075 
1718874055354.00, -155888, -536069, -1040 
1718874055376.00, -153583, -539465, -1039 
1718874055398.00, -152135, -542833, -1065 
1718874055420.00, -152540, -546147, -1058 
1718874055442.00, -152565, -549496, -1039 
1718874055463.00, -151383, -552823, -1035 
1718874055485.00, -150548, -556128, -1021 
1718874055508.00, -149051, -559409, -982 
1718874055530.00, -145923, -562637, -970 
1718874055552.00, -143141, -565819, -982 
1718874055574.00, -142058, -568929, -974 
1718874055595.00, -141018, -572007, -942 
1718874055617.00, -138639, -575078, -920 
1718874055638.00, -135545, -578072, -905 
1718874055660.00, -132921, -581021, -871 
1718874055682.00, -129376, -583908, -845 
1718874055703.00, -125643, -586711, -852 
1718874055725.00, -123699, -589433, -827 
1718874055747.00, -121071, -592117, -774 
1718874055769.00, -116433, -594747, -740 
1718874055791.00, -66626, -597249, -719 
1718874055812.00, -36942, -598706, -773 
1718874055834.00, -19275, -599509, -688 
1718874055855.00, -9043, -599942, -670 
1718874055877.00, -3220, -600146, -606 
1718874055898.00, 11, -600217, -541 
1718874055920.00, 1674, -600221, -473 
1718874055941.00, 2945, -600190, -425 
1718874055963.00, 3772, -600124, -395 
1718874055985.00, 4430, -600038, -361 
1718874056006.00, 4646, -599942, -318 
1718874056028.00, 4788, -599839, -280 
1718874056050.00, 4822, -599735, -248 
1718874056071.00, 4622, -599629, -214 
1718874056093.00, 4577, -599522, -169 
1718874056115.00, 4468, -599421, -114 
1718874056136.00, 4468, -599320, -48 
1718874056157.00, 4295, -599218, 38 
1718874056179.00, 6816, -599111, 154 
1718874056202.00, 14997, -598957, 313 
1718874056223.00, 29355, -598633, 464 
1718874056244.00, 46909, -598001, 619 
1718874056266.00, 66801, -596993, 755 
1718874056288.00, 86765, -595546, 832 
1718874056309.00, 103147, -593664, 884 
1718874056331.00, 115857, -591410, 940 
1718874056353.00, 126665, -588870, 999 
1718874056374.00, 136383, -586102, 1067 
1718874056395.00, 146089, -583106, 1101 
1718874056417.00, 153800, -579907, 1133 
1718874056439.00, 160372, -576527, 1145 
1718874056465.00, 164769, -573021, 1159 
1718874056482.00, 168016, -569407, 1189 
1718874056504.00, 171716, -565743, 1206 
1718874056525.00, 174937, -561989, 1198 
1718874056547.00, 174660, -558170, 1184 
1718874056572.00, 174685, -554358, 1193 
1718874056592.00, 174712, -550533, 1193 
1718874056612.00, 174584, -546714, 1184 
1718874056635.00, 174622, -542899, 1179 
1718874056656.00, 174437, -539084, 1181 
1718874056678.00, 174320, -535270, 1182 
1718874056700.00, 174268, -531464, 1171 
1718874056722.00, 173520, -527662, 1155 
1718874056744.00, 171892, -523877, 1165 
1718874056766.00, 171574, -520116, 1155 
1718874056790.00, 170552, -516378, 1140 
1718874056809.00, 168897, -512650, 1120 
1718874056831.00, 166618, -508957, 1087 
1718874056852.00, 163431, -505317, 1084 
1718874056875.00, 161124, -501750, 1092 
1718874056896.00, 160196, -498231, 1081 
1718874056919.00, 158956, -494735, 1064 
1718874056940.00, 157122, -491259, 1053 
1718874056962.00, 155087, -487835, 1024 
1718874056985.00, 152078, -484446, 979 
1718874057006.00, 147615, -481138, 938 
1718874057029.00, 142477, -477932, 927 
1718874057050.00, 138709, -474827, 920 
1718874057072.00, 135949, -471819, 909 
1718874057094.00, 133616, -468868, 887 
1718874057117.00, 130978, -465953, 842 
1718874057137.00, 126740, -463112, 810 
1718874057159.00, 122206, -460362, 789 
1718874057181.00, 118026, -457710, 770 
1718874057203.00, 114382, -455137, 743 
1718874057233.00, 110830, -452655, 710 
1718874057246.00, 106548, -450254, 675 
1718874057267.00, 101768, -447936, 637 
1718874057289.00, 96787, -445720, 579 
1718874057311.00, 90241, -443635, 540 
1718874057335.00, 84028, -441683, 512 
1718874057354.00, 78732, -439862, 498 
1718874057376.00, 74634, -438159, 472 
1718874057397.00, 70679, -436548, 442 
1718874057419.00, 66476, -435008, 423 
1718874057443.00, 62852, -433564, 408 
1718874057462.00, 59960, -432204, 383 
1718874057484.00, 33842, -430913, 352 
1718874057505.00, 17654, -430162, 311 
1718874057528.00, 8444, -429756, 333 
1718874057552.00, 3015, -429561, 359 
1718874057570.00, 0, -429485, 381 
1718874057591.00, -1192, -429478, 406 
1718874057613.00, -435, -429494, 411 
1718874057634.00, -148, -429507, 383 
1718874057656.00, -96, -429512, 336 
1718874057676.00, -99, -429517, 300 
1718874057698.00, -129, -429522, 260 
1718874057720.00, -179, -429524, 219 
1718874057740.00, -212, -429530, 174 
1718874057766.00, -274, -429536, 129 
1718874057784.00, -290, -429547, 56 
1718874057804.00, -302, -429562, -23 
1718874057826.00, -1669, -429579, -103 
1718874057848.00, -7427, -429626, -194 
1718874057869.00, -16095, -429787, -311 
1718874057891.00, -28294, -430130, -412 
1718874057913.00, -41762, -430726, -417 
1718874057935.00, -49889, -431627, -537 
1718874057956.00, -62135, -432703, -576 
1718874057978.00, -71716, -434047, -602 
1718874058000.00, -78838, -435612, -669 
1718874058021.00, -87006, -437320, -712 
1718874058042.00, -94328, -439209, -730 
1718874058064.00, -99878, -441258, -754 
1718874058085.00, -104691, -443427, -781 
1718874058114.00, -109028, -445710, -792 
1718874058129.00, -112128, -448068, -799 
1718874058151.00, -114292, -450518, -819 
1718874058172.00, -116884, -453006, -827 
1718874058195.00, -118669, -455541, -816 
1718874058217.00, -119006, -458125, -819 
1718874058238.00, -119314, -460719, -816 
1718874058259.00, -119349, -463304, -807 
1718874058282.00, -118733, -465898, -833 
1718874058303.00, -119793, -468490, -855 
1718874058325.00, -121764, -471098, -847 
1718874058347.00, -122380, -473738, -860 
1718874058368.00, -123621, -476412, -863 
1718874058390.00, -124222, -479092, -858 
1718874058412.00, -124163, -481793, -860 
1718874058433.00, -124534, -484510, -878 
1718874058455.00, -125651, -487220, -890 
1718874058477.00, -126941, -489942, -892 
1718874058499.00, -127842, -492719, -908 
1718874058520.00, -129255, -495503, -929 
1718874058546.00, -131163, -498312, -939 
1718874058564.00, -133035, -501180, -935 
1718874058585.00, -133823, -504084, -952 
1718874058607.00, -135551, -506991, -971 
1718874058629.00, -137345, -509945, -980 
1718874058654.00, -139001, -512930, -973 
1718874058672.00, -139581, -515953, -977 
1718874058694.00, -140184, -518996, -984 
1718874058716.00, -140720, -522043, -998 
1718874058737.00, -142051, -525114, -1020 
1718874058759.00, -144071, -528218, -1053 
1718874058780.00, -146991, -531356, -1058 
1718874058802.00, -149223, -534583, -1052 
1718874058824.00, -150077, -537846, -1081 
1718874058846.00, -152289, -541130, -1091 
1718874058868.00, -154159, -544454, -1084 
1718874058889.00, -154758, -547825, -1098 
1718874058910.00, -156007, -551204, -1090 
1718874058933.00, -156255, -554610, -1068 
1718874058955.00, -155002, -558028, -1051 
1718874058976.00, -152801, -561412, -1056 
1718874058998.00, -151667, -564748, -1035 
1718874059021.00, -150155, -568075, -966 
1718874059043.00, -144754, -571316, -945 
1718874059065.00, -140433, -574485, -934 
1718874059086.00, -137288, -577525, -863 
1718874059108.00, -131193, -580492, -769 
1718874059130.00, -121947, -583341, -764 
1718874059152.00, -115983, -585987, -801 
1718874059173.00, -114655, -588505, -765 
1718874059198.00, -111718, -590994, -688 
1718874059216.00, -105415, -593410, -651 
1718874059238.00, -60266, -595684, -652 
1718874059260.00, -33247, -596987, -770 
1718874059282.00, -17316, -597722, -714 
1718874059305.00, -8088, -598107, -671 
1718874059325.00, -2336, -598285, -677 
1718874059346.00, 174, -598340, -668 
1718874059368.00, 2114, -598342, -630 
1718874059390.00, 3528, -598301, -620 
1718874059415.00, 4381, -598226, -605 
1718874059433.00, 4751, -598131, -583 
1718874059455.00, 4918, -598024, -558 
1718874059476.00, 5129, -597915, -542 
1718874059498.00, 4927, -597808, -521 
1718874059522.00, 4994, -597698, -500 
1718874059540.00, 4780, -597593, -480 
1718874059563.00, 4566, -597484, -458 
1718874059584.00, 4477, -597378, -434 
1718874059606.00, 4443, -597278, -406 
1718874059631.00, 4387, -597178, -378 
1718874059649.00, 4289, -597082, -350 
1718874059671.00, 4127, -596989, -326 
1718874059692.00, 4057, -596899, -308 
1718874059714.00, 4023, -596809, -293 
1718874059735.00, 3814, -596723, -272 
1718874059758.00, 3782, -596636, -246 
1718874059779.00, 3792, -596554, -225 
1718874059801.00, 3700, -596474, -211 
1718874059822.00, 3541, -596392, -200 
1718874059844.00, 3264, -596313, -194 
1718874059866.00, 3257, -596240, -197 
1718874059887.00, 3059, -596176, -205 
1718874059910.00, 2959, -596111, -205 
1718874059931.00, 2844, -596049, -220 
1718874059952.00, 2724, -595988, -253 
1718874059974.00, 2672, -595930, -291 
1718874059995.00, 2669, -595875, -307 
1718874060017.00, 2464, -595818, -311 
1718874060039.00, 2487, -595763, -323 
1718874060060.00, 2558, -595713, -346 
1718874060082.00, 2509, -595659, -359 
1718874060104.00, 2350, -595604, -366 
1718874060125.00, 2296, -595553, -369 
1718874060147.00, 2271, -595503, -367 
1718874060169.00, 2209, -595454, -364 
1718874060190.00, 2139, -595407, -364 
1718874060212.00, 2108, -595360, -362 
1718874060233.00, 2102, -595315, -358 
1718874060255.00, 1975, -595272, -353 
1718874060277.00, 1882, -595227, -349 
1718874060299.00, 1849, -595185, -347 
1718874060320.00, 1908, -595143, -346 
1718874060342.00, 1865, -595105, -339 
1718874060363.00, 1839, -595063, -323 
1718874060384.00, 1780, -595020, -302 
1718874060407.00, 1785, -594980, -283 
1718874060428.00, 1742, -594939, -264 
1718874060450.00, 1711, -594899, -237 
1718874060471.00, 1686, -594861, -214 
1718874060493.00, 1619, -594823, -188 
1718874060514.00, 1610, -594786, -172 
1718874060536.00, 1548, -594752, -157 
1718874060558.00, 1458, -594717, -140 
1718874060580.00, 1376, -594684, -119 
1718874060601.00, 1312, -594652, -98 
1718874060622.00, 1305, -594623, -79 
1718874060644.00, 1302, -594594, -61 
1718874060666.00, 1250, -594564, -47 
1718874060688.00, 1186, -594536, -32 
1718874060709.00, 1117, -594509, -14 
1718874060730.00, 1084, -594484, -5 
1718874060752.00, 1041, -594461, -1 
1718874060773.00, 1033, -594439, 4 
1718874060795.00, 1041, -594417, 8 
1718874060816.00, 1005, -594394, 11 
1718874060837.00, 1637, -594371, 12 
1718874060859.00, 2057, -594338, 15 
1718874060881.00, 2528, -594293, 13 
1718874060902.00, 2631, -594240, 12 
1718874060924.00, 2559, -594184, 12 
1718874060949.00, 2544, -594126, 11 
1718874060966.00, 2587, -594072, 11 
1718874060988.00, 2583, -594019, 11 
1718874061009.00, 2485, -593962, 11 
1718874061030.00, 2457, -593908, 10 
1718874061053.00, 0, -593857, 11 
1718874061073.00, 864, -593852, 8 
1718874061094.00, 793, -593837, 13 
1718874061116.00, 1545, -593821, 9 
1718874061137.00, 1256, -593788, 12 
1718874061160.00, 1738, -593760, 12 
1718874061180.00, 1993, -593725, 13 
1718874061202.00, 2298, -593681, 10 
1718874061223.00, 0, -593632, 12 
1718874061244.00, 946, -593626, 9 
1718874061268.00, 837, -593608, 14 
1718874061287.00, 1637, -593591, 8 
1718874061308.00, 1338, -593555, 12 
1718874061330.00, 1914, -593527, 13 
1718874061351.00, 2230, -593490, 10 
1718874061376.00, 0, -593441, 11 
1718874061394.00, 872, -593435, 14 
1718874061415.00, 1688, -593420, 10 
1718874061437.00, 5, -593387, 10 
1718874061458.00, 0, -593384, 13 
1718874061479.00, 1087, -593383, 11 
1718874061500.00, 1653, -593363, 10 
1718874061522.00, 18, -593330, 10 
1718874061542.00, 0, -593326, 13 
1718874061564.00, 1097, -593325, 11 
1718874061586.00, 1649, -593304, 10 
1718874061607.00, -51, -593270, 11 
1718874061629.00, 924, -593265, 13 
1718874061650.00, 1710, -593245, 10 
1718874061671.00, 0, -593212, 10 
1718874061692.00, 0, -593207, 13 
1718874061712.00, 1121, -593207, 11 
1718874061735.00, 1784, -593186, 11 
1718874061756.00, 2227, -593149, 7 
1718874061779.00, 1746, -593102, 20 
1718874061799.00, 2550, -593062, 12 
1718874061821.00, 2684, -593008, 7 
1718874061842.00, 2060, -592951, 12 
1718874061864.00, 2279, -592907, 14 
1718874061885.00, 2546, -592859, 9 
1718874061907.00, 1898, -592805, 7 
1718874061927.00, 1491, -592764, 12 
1718874061949.00, 1929, -592732, 12 
1718874061970.00, 2116, -592692, 8 
1718874061991.00, 1577, -592647, 10 
1718874062013.00, 0, -592611, 13 
1718874062038.00, 1029, -592607, 12 
1718874062056.00, 1749, -592589, 11 
1718874062078.00, 1980, -592553, 11 
1718874062098.00, 2134, -592510, 13 
1718874062120.00, 2377, -592464, 13 
1718874062142.00, 2595, -592414, 12 
1718874062163.00, 2542, -592358, 12 
1718874062185.00, 2554, -592301, 13 
1718874062206.00, 2625, -592247, 12 
1718874062227.00, 2558, -592191, 12 
1718874062253.00, 2374, -592138, 12 
1718874062270.00, 2367, -592088, 12 
1718874062292.00, 2328, -592039, 12 
1718874062313.00, 2279, -591987, 12 
1718874062335.00, 2307, -591936, 12 
1718874062359.00, 2376, -591888, 12 
1718874062378.00, 2315, -591835, 12 
1718874062399.00, 2261, -591785, 12 
1718874062421.00, 2282, -591736, 12 
1718874062442.00, 2293, -591686, 12 
1718874062464.00, 2263, -591636, 11 
1718874062485.00, 2300, -591586, 11 
1718874062507.00, 2295, -591539, 11 
1718874062528.00, 2162, -591492, 12 
1718874062550.00, 2055, -591443, 12 
1718874062571.00, 2076, -591396, 13 
1718874062599.00, 2149, -591353, 13 
1718874062614.00, 2159, -591305, 12 
1718874062635.00, 2141, -591259, 12 
1718874062657.00, 2177, -591214, 12 
1718874062678.00, 2159, -591168, 12 
1718874062706.00, 2138, -591121, 12 
1718874062722.00, 2087, -591075, 13 
1718874062743.00, 2173, -591030, 13 
1718874062764.00, 2214, -590984, 12 
1718874062786.00, 2105, -590937, 13 
1718874062813.00, 2126, -590890, 13 
1718874062829.00, 2189, -590843, 13 
1718874062850.00, 2281, -590797, 12 
1718874062872.00, 2282, -590748, 12 
1718874062893.00, 2222, -590701, 12 
1718874062917.00, 2050, -590652, 12 
1718874062936.00, 1977, -590607, 11 
1718874062958.00, 1925, -590564, 10 
1718874062979.00, 0, -590524, 12 
1718874063000.00, 771, -590518, 26 
1718874063023.00, 2114, -590500, 52 
1718874063042.00, 4654, -590453, 104 
1718874063065.00, 9423, -590352, 131 
1718874063086.00, 13723, -590152, 171 
1718874063108.00, 18494, -589858, 192 
1718874063131.00, 22782, -589461, 214 
1718874063151.00, 26567, -588975, 234 
1718874063173.00, 29866, -588401, 251 
1718874063195.00, 32942, -587751, 283 
1718874063216.00, 36726, -587032, 329 
1718874063241.00, 41512, -586243, 364 
1718874063259.00, 46559, -585350, 373 
1718874063281.00, 50234, -584339, 368 
1718874063303.00, 51854, -583257, 384 
1718874063324.00, 53618, -582133, 395 
1718874063348.00, 55538, -580958, 400 
1718874063367.00, 56866, -579755, 413 
1718874063389.00, 58423, -578524, 417 
1718874063411.00, 59611, -577253, 419 
1718874063432.00, 60177, -575969, 418 
1718874063457.00, 60688, -574656, 418 
1718874063476.00, 60850, -573341, 419 
1718874063496.00, 60895, -572021, 408 
1718874063518.00, 60520, -570696, 395 
1718874063540.00, 59389, -569392, 389 
1718874063568.00, 58306, -568110, 371 
1718874063584.00, 56504, -566845, 342 
1718874063605.00, 53641, -565628, 298 
1718874063627.00, 49277, -564460, 254 
1718874063649.00, 43996, -563400, 212 
1718874063670.00, 38150, -562451, 168 
1718874063692.00, 32152, -561619, 132 
1718874063714.00, 26234, -560918, 102 
1718874063735.00, 21432, -560341, 77 
1718874063757.00, 16590, -559883, 50 
1718874063778.00, 12114, -559520, 20 
1718874063800.00, 7792, -559260, -22 
1718874063821.00, 2609, -559088, -88 
1718874063843.00, -3812, -559029, -161 
1718874063865.00, -12614, -559104, -228 
1718874063886.00, -21788, -559368, -300 
1718874063908.00, -31668, -559829, -340 
1718874063930.00, -39508, -560500, -387 
1718874063951.00, -47207, -561352, -403 
1718874063972.00, -52716, -562373, -453 
1718874063994.00, -59033, -563511, -523 
1718874064016.00, -67149, -564800, -601 
1718874064037.00, -76675, -566269, -685 
1718874064059.00, -87238, -567930, -735 
1718874064081.00, -96378, -569817, -775 
1718874064102.00, -103998, -571905, -796 
1718874064124.00, -109856, -574182, -825 
1718874064146.00, -114965, -576574, -872 
1718874064168.00, -120494, -579080, -906 
1718874064190.00, -126075, -581717, -914 
1718874064211.00, -129704, -584466, -915 
1718874064233.00, -132009, -587284, -930 
1718874064254.00, -134036, -590162, -935 
1718874064276.00, -135428, -593087, -909 
1718874064297.00, -79406, -595993, -869 
1718874064320.00, -46096, -597732, -981 
1718874064341.00, -26234, -598734, -945 
1718874064363.00, -14629, -599311, -809 
1718874064385.00, -7902, -599637, -723 
1718874064406.00, -4086, -599810, -658 
1718874064427.00, -1794, -599897, -581 
1718874064449.00, -395, -599931, -512 
1718874064470.00, 62, -599939, -477 
1718874064492.00, 65, -599939, -445 
1718874064512.00, 467, -599936, -396 
1718874064535.00, 802, -599929, -352 
1718874064556.00, 988, -599911, -318 
1718874064578.00, 1110, -599890, -302 
1718874064600.00, 1147, -599865, -294 
1718874064621.00, 1172, -599841, -287 
1718874064643.00, 1224, -599814, -275 
1718874064665.00, 1242, -599787, -261 
1718874064686.00, 1193, -599760, -243 
1718874064708.00, 1101, -599730, -222 
1718874064730.00, 1179, -599705, -202 
1718874064751.00, 1165, -599679, -185 
1718874064773.00, 1127, -599654, -169 
1718874064795.00, 1096, -599628, -154 
1718874064816.00, 1043, -599602, -139 
1718874064838.00, 964, -599579, -123 
1718874064859.00, 887, -599556, -109 
1718874064882.00, 825, -599534, -103 
1718874064902.00, 753, -599516, -95 
1718874064924.00, 769, -599499, -91 
1718874064945.00, 747, -599482, -84 
1718874064967.00, 756, -599466, -76 
1718874064988.00, 800, -599450, -67 
1718874065010.00, 785, -599432, -61 
1718874065031.00, 771, -599415, -58 
1718874065053.00, 738, -599398, -52 
1718874065074.00, 684, -599382, -47 
1718874065095.00, 641, -599368, -41 
1718874065117.00, 619, -599354, -39 
1718874065138.00, 613, -599340, -39 
1718874065160.00, 585, -599328, -37 
1718874065181.00, 563, -599316, -35 
1718874065207.00, 571, -599303, -31 
1718874065224.00, 548, -599289, -26 
1718874065246.00, 544, -599278, -26 
1718874065267.00, 559, -599267, -22 
1718874065289.00, 542, -599256, -17 
1718874065310.00, 536, -599244, -13 
1718874065331.00, 530, -599231, -8 
1718874065353.00, 504, -599219, -1 
1718874065374.00, 496, -599209, 4 
1718874065396.00, 461, -599199, 6 
1718874065416.00, 441, -599189, 6 
1718874065438.00, 414, -599179, 7 
1718874065459.00, 402, -599170, 6 
1718874065481.00, 396, -599161, 6 
1718874065502.00, 386, -599154, 6 
1718874065523.00, 351, -599145, 7 
1718874065544.00, 330, -599137, 6 
1718874065566.00, 323, -599131, 6 
1718874065587.00, 327, -599123, 6 
1718874065608.00, 366, -599117, 6 
1718874065628.00, 346, -599109, 6 
1718874065654.00, 335, -599102, 6 
1718874065672.00, 314, -599095, 7 
1718874065693.00, 327, -599089, 6 
1718874065715.00, 307, -599081, 7 
1718874065736.00, 298, -599074, 6 
1718874065758.00, 305, -599068, 6 
1718874065778.00, 309, -599061, 6 
1718874065799.00, 295, -599056, 6 
1718874065821.00, 290, -599048, 6 
1718874065843.00, 247, -599042, 6 
1718874065863.00, 229, -599036, 7 
1718874065885.00, 230, -599031, 6 
1718874065906.00, 226, -599028, 6 
1718874065927.00, 211, -599024, 6 
1718874065949.00, 213, -599019, 6 
1718874065970.00, 215, -599014, 6 
1718874065991.00, 227, -599009, 6 
1718874066013.00, 219, -599004, 6 
1718874066034.00, 200, -599000, 6 
1718874066055.00, 197, -598995, 6 
1718874066077.00, 190, -598990, 6 
1718874066098.00, 198, -598987, 6 
1718874066119.00, 198, -598982, 6 
1718874066140.00, 192, -598978, 6 
1718874066162.00, 186, -598974, 6 
1718874066183.00, 182, -598971, 6 
1718874066204.00, 153, -598967, 6 
1718874066226.00, 139, -598963, 6 
1718874066247.00, 139, -598960, 7 
1718874066269.00, 149, -598957, 7 
1718874066290.00, 150, -598954, 7 
1718874066311.00, 138, -598950, 7 
1718874066332.00, 136, -598947, 7 
1718874066353.00, 137, -598944, 7 
1718874066374.00, 133, -598941, 7 
1718874066396.00, 130, -598939, 7 
1718874066418.00, 140, -598936, 7 
1718874066439.00, 142, -598932, 7 
1718874066460.00, 124, -598930, 7 
1718874066481.00, 117, -598927, 7 
1718874066502.00, 110, -598924, 7 
1718874066528.00, 109, -598921, 7 
1718874066545.00, 113, -598919, 7 
1718874066566.00, 108, -598917, 7 
1718874066588.00, 108, -598915, 7 
1718874066608.00, 114, -598912, 7 
1718874066636.00, 107, -598909, 7 
1718874066651.00, 108, -598907, 7 
1718874066673.00, 105, -598905, 7 
1718874066694.00, 107, -598904, 7 
1718874066715.00, 110, -598901, 7 
1718874066742.00, 96, -598899, 7 
1718874066758.00, 86, -598897, 7 
1718874066779.00, 88, -598896, 7 
1718874066800.00, 90, -598894, 7 
1718874066821.00, 91, -598892, 7 
1718874066847.00, 81, -598889, 7 
1718874066864.00, 75, -598888, 7 
1718874066885.00, 92, -598886, 7 
1718874066906.00, 80, -598885, 7 
1718874066927.00, 77, -598882, 7 
1718874066949.00, 73, -598881, 7 
1718874066970.00, 67, -598879, 7 
1718874066991.00, 64, -598878, 7 
1718874067012.00, 66, -598876, 7 
1718874067032.00, 68, -598876, 7 
1718874067054.00, 64, -598873, 7 
1718874067076.00, 62, -598872, 7 
1718874067097.00, 84, -598871, 7 
1718874067118.00, 62, -598869, 7 
1718874067140.00, 55, -598868, 7 
1718874067161.00, 55, -598866, 7 
1718874067181.00, 57, -598865, 6 
1718874067203.00, 47, -598864, 6 
1718874067224.00, 62, -598864, 6 
1718874067245.00, 62, -598862, 6 
1718874067266.00, 63, -598862, 6 
1718874067289.00, 64, -598860, 7 
1718874067309.00, 62, -598860, 7 
1718874067329.00, 62, -598858, 7 
1718874067351.00, 54, -598858, 7 
1718874067372.00, 58, -598855, 7 
1718874067397.00, 60, -598855, 7 
1718874067415.00, 45, -598853, 7 
1718874067435.00, 19, -598852, 7 
1718874067457.00, 58, -598851, 6 
1718874067478.00, 57, -598851, 5 
1718874067501.00, 28, -598850, 5 
1718874067520.00, 40, -598848, 4 
1718874067542.00, 64, -598849, 4 
1718874067563.00, 42, -598846, 3 
1718874067584.00, 67, -598847, 3 
1718874067609.00, 60, -598845, 3 
1718874067627.00, 31, -598845, 2 
1718874067648.00, 18, -598844, 2 
1718874067669.00, 23, -598843, 2 
1718874067690.00, 18, -598843, 2 
1718874067711.00, 17, -598842, 2 
1718874067733.00, 13, -598843, 2 
1718874067754.00, -3, -598841, 2 
1718874067775.00, 1, -598842, 3 
1718874067796.00, 24, -598841, 3 
1718874067817.00, 0, -598840, 4 
1718874067838.00, 0, -598841, 4 
1718874067859.00, -5, -598840, 5 
1718874067880.00, 0, -598840, 5 
1718874067901.00, 0, -598840, 5 
1718874067922.00, 0, -598840, 5 
1718874067943.00, 0, -598840, 5 
1718874067964.00, 0, -598840, 5 
1718874067985.00, 0, -598840, 6 
1718874068006.00, 0, -598839, 6 
1718874068028.00, 4, -598839, 7 
1718874068049.00, 0, -598839, 7 
1718874068072.00, -5, -598840, 7 
1718874068091.00, 0, -598840, 7 
1718874068111.00, -16, -598838, 7 
1718874068132.00, 0, -598839, 7 
1718874068154.00, 0, -598839, 7 
1718874068178.00, 0, -598839, 7 
1718874068196.00, 0, -598839, 7 
1718874068217.00, -2, -598838, 7 
1718874068237.00, 0, -598838, 7 
1718874068258.00, 0, -598839, 7 
1718874068280.00, 1, -598840, 3 
1718874068301.00, 0, -598838, 0 
1718874068322.00, 0, -598840, -2 
1718874068343.00, 0, -598839, -8 
1718874068364.00, 0, -598839, -12 
1718874068385.00, 0, -598840, -16 
1718874068407.00, 0, -598840, -19 
1718874068428.00, 0, -598840, -22 
1718874068449.00, 0, -598840, -25 
1718874068471.00, 0, -598841, -28 
1718874068492.00, 0, -598840, -31 
1718874068512.00, 0, -598840, -32 
1718874068534.00, 0, -598841, -35 
1718874068555.00, 0, -598841, -38 
1718874068576.00, 0, -598840, -40 
1718874068597.00, 0, -598841, -42 
1718874068619.00, 0, -598841, -45 
1718874068640.00, 0, -598841, -47 
1718874068661.00, 0, -598841, -48 
1718874068682.00, 0, -598841, -49 
1718874068703.00, 0, -598842, -51 
1718874068730.00, 0, -598842, -53 
1718874068746.00, 0, -598842, -53 
1718874068767.00, 0, -598842, -53 
1718874068788.00, 0, -598842, -55 
1718874068809.00, 0, -598841, -55 
1718874068831.00, 0, -598842, -55 
1718874068852.00, 0, -598842, -55 
1718874068873.00, 0, -598841, -55 
1718874068894.00, 0, -598842, -55 
1718874068916.00, 0, -598841, -55 
1718874068937.00, 0, -598842, -54 
1718874068958.00, 0, -598842, -54 
1718874068979.00, 0, -598841, -55 
1718874069000.00, 0, -598842, -56 
1718874069021.00, 0, -598841, -56 
1718874069043.00, 0, -598842, -54 
1718874069064.00, 0, -598842, -53 
1718874069085.00, 0, -598842, -52 
1718874069106.00, 0, -598841, -51 
1718874069128.00, 0, -598842, -51 
1718874069149.00, 0, -598842, -51 
1718874069170.00, 0, -598841, -50 
1718874069191.00, 0, -598841, -49 
1718874069212.00, 0, -598841, -48 
1718874069234.00, 0, -598842, -46 
1718874069255.00, 0, -598840, -45 
1718874069275.00, 0, -598840, -44 
1718874069297.00, 3, -598841, -43 
1718874069319.00, 0, -598841, -42 
1718874069340.00, 0, -598841, -42 
1718874069361.00, 0, -598840, -41 
1718874069384.00, 0, -598841, -40 
1718874069403.00, 0, -598841, -39 
1718874069424.00, 0, -598842, -39 
1718874069445.00, 0, -598841, -38 
1718874069467.00, 0, -598841, -38 
1718874069490.00, 0, -598841, -37 
1718874069509.00, 0, -598841, -36 
1718874069530.00, 0, -598841, -36 
1718874069552.00, 0, -598841, -36 
1718874069573.00, 0, -598841, -36 
1718874069594.00, 0, -598841, -36 
1718874069615.00, 0, -598841, -37 
1718874069636.00, 60, -598841, -37 
1718874069657.00, 0, -598840, -37 
1718874069679.00, 0, -598841, -38 
1718874069700.00, 0, -598841, -39 
1718874069722.00, 0, -598840, -40 
1718874069743.00, 0, -598841, -40 
1718874069764.00, 0, -598841, -40 
1718874069785.00, 0, -598841, -41 
1718874069806.00, 0, -598841, -42 
1718874069827.00, 0, -598841, -42 
1718874069855.00, -20, -598841, -42 
1718874069870.00, 0, -598841, -42 
1718874069891.00, 0, -598840, -42 
1718874069914.00, 0, -598841, -42 
1718874069933.00, 6, -598841, -43 
1718874069955.00, -3, -598841, -44 
1718874069976.00, 0, -598842, -44 
1718874069997.00, 0, -598841, -45 
1718874070018.00, 0, -598841, -44 
1718874070039.00, 0, -598841, -44 
1718874070061.00, 0, -598841, -44 
1718874070082.00, 0, -598842, -44 
1718874070103.00, 0, -598841, -43 
1718874070124.00, 0, -598840, -41 
1718874070148.00, -50, -598841, -39 
1718874070167.00, 0, -598840, -36 
1718874070188.00, 0, -598840, -33 
1718874070209.00, -36, -598840, -28 
1718874070230.00, 0, -598841, -19 
1718874070254.00, 0, -598840, -11 
1718874070273.00, 0, -598840, -5 
1718874070294.00, 0, -598839, 0 
1718874070314.00, 0, -598840, 4 
1718874070336.00, -1, -598838, 7 
1718874070362.00, -32, -598839, 8 
1718874070378.00, 0, -598839, 7 
1718874070398.00, 0, -598839, 7 
1718874070421.00, 0, -598838, 7 
1718874070441.00, -2, -598839, 7 
1718874070462.00, 33, -598838, 7 
1718874070483.00, -56, -598839, 7 
1718874070505.00, -37, -598839, 7 
1718874070525.00, 0, -598839, 7 
1718874070547.00, 0, -598838, 7 
1718874070568.00, 0, -598839, 7 
1718874070589.00, 0, -598838, 7 
1718874070610.00, 0, -598839, 7 
1718874070631.00, 0, -598838, 7 
1718874070651.00, 0, -598839, 7 
1718874070673.00, 0, -598839, 7 
1718874070694.00, 0, -598839, 7 
1718874070715.00, 0, -598837, 7 
1718874070736.00, 0, -598838, 7 
1718874070757.00, 0, -598839, 7 
1718874070778.00, 0, -598839, 7 
1718874070805.00, 0, -598838, 7 
1718874070819.00, 0, -598839, 7 
1718874070841.00, 0, -598839, 7 
1718874070862.00, 0, -598839, 7 
1718874070882.00, 0, -598839, 7 
1718874070904.00, 0, -598839, 7 
1718874070924.00, 0, -598838, 7 
1718874070945.00, 0, -598838, 7 
1718874070967.00, 0, -598839, 7 
1718874070987.00, 0, -598838, 7 
1718874071009.00, 0, -598839, 7 
1718874071030.00, 0, -598839, 7 
1718874071051.00, 0, -598839, 7 
1718874071072.00, 0, -598838, 7 
1718874071093.00, 0, -598839, 7 
1718874071114.00, 0, -598838, 7 
1718874071135.00, 0, -598839, 7 
1718874071156.00, 0, -598839, 7 
1718874071177.00, 0, -598839, 7 
1718874071198.00, 0, -598839, 7 
1718874071220.00, 0, -598838, 7 
1718874071241.00, 0, -598839, 7 
1718874071261.00, 0, -598839, 7 
1718874071282.00, 0, -598839, 7 
1718874071303.00, 0, -598840, 7 
1718874071325.00, 0, -598838, 7 
1718874071350.00, 0, -598839, 7 
1718874071367.00, 0, -598839, 7 
1718874071388.00, 0, -598838, 7 
1718874071409.00, 0, -598839, 7 
1718874071429.00, 0, -598838, 7 
1718874071452.00, 0, -598839, 7 
1718874071472.00, 0, -598839, 7 
1718874071493.00, 0, -598839, 7 
1718874071514.00, 0, -598839, 7 
1718874071535.00, 0, -598838, 7 
1718874071556.00, 0, -598839, 7 
1718874071577.00, 0, -598838, 7 
1718874071598.00, 0, -598839, 7 
1718874071619.00, 0, -598838, 7 
1718874071640.00, 0, -598838, 7 
1718874071660.00, 0, -598839, 7 
1718874071682.00, 0, -598839, 7 
1718874071702.00, 0, -598839, 7 
1718874071724.00, 0, -598839, 7 
1718874071745.00, 0, -598839, 7 
1718874071766.00, 0, -598839, 7 
1718874071788.00, 10, -598838, 7 
1718874071809.00, 1, -598839, 7 
1718874071830.00, 5, -598839, 7 
1718874071851.00, 62, -598838, 7 
1718874071871.00, 0, -598839, 7 
1718874071895.00, 0, -598839, 7 
1718874071914.00, 0, -598838, 7 
1718874071935.00, 0, -598838, 7 
1718874071956.00, 0, -598838, 7 
1718874071977.00, 0, -598839, 7 
1718874072002.00, 0, -598839, 7 
1718874072019.00, 0, -598838, 7 
1718874072040.00, 1, -598840, 7 
1718874072061.00, 0, -598839, 7 
1718874072082.00, 67, -598838, 7 
1718874072103.00, 0, -598838, 7 
1718874072124.00, 0, -598839, 7 
1718874072146.00, 0, -598838, 7 
1718874072166.00, 0, -598839, 7 
1718874072187.00, 0, -598838, 7 
1718874072208.00, 9, -598839, 7 
1718874072234.00, 0, -598838, 7 
1718874072251.00, 0, -598838, 7 
1718874072272.00, 1, -598838, 7 
1718874072293.00, 0, -598838, 7 
1718874072314.00, 0, -598837, 7 
1718874072336.00, 0, -598838, 7 
1718874072356.00, 0, -598839, 7 
1718874072377.00, 0, -598839, 7 
1718874072398.00, 0, -598839, 7 
1718874072419.00, 0, -598839, 7 
1718874072440.00, 0, -598838, 7 
1718874072461.00, 0, -598838, 7 
1718874072482.00, 0, -598838, 7 
1718874072503.00, -67, -598839, 7 
1718874072524.00, 0, -598838, 7 
1718874072549.00, 0, -598838, 7 
1718874072566.00, -37, -598838, 7 
1718874072587.00, 0, -598838, 7 
1718874072608.00, 0, -598838, 7 
1718874072629.00, 0, -598839, 7 
1718874072650.00, 0, -598839, 7 
1718874072671.00, 0, -598838, 7 
1718874072692.00, 0, -598838, 7 
1718874072713.00, 0, -598839, 7 
1718874072735.00, 0, -598839, 7 
1718874072755.00, 0, -598838, 7 
1718874072779.00, 0, -598839, 7 
1718874072797.00, 0, -598839, 7 
1718874072819.00, 0, -598838, 7 
1718874072840.00, 0, -598839, 7 
1718874072860.00, 0, -598838, 7 
1718874072884.00, 0, -598838, 7 
1718874072902.00, 0, -598838, 7 
1718874072924.00, 0, -598838, 7 
1718874072945.00, 0, -598839, 7 
1718874072966.00, 0, -598839, 7 
1718874072989.00, 0, -598839, 7 
1718874073008.00, 0, -598838, 7 
1718874073030.00, 0, -598838, 7 
1718874073050.00, 0, -598838, 7 
1718874073071.00, 0, -598838, -175 
1718874073093.00, 0, -598836, -175 
1718874073114.00, 0, -598837, -175 
1718874073134.00, 0, -598835, -175 
1718874073155.00, 0, -598836, -175 
1718874073177.00, 0, -598836, -175 
1718874073198.00, 0, -598836, -175 
1718874073219.00, 0, -598836, -175 
1718874073240.00, 0, -598837, -175 
1718874073261.00, 0, -598836, -175 
1718874073283.00, 0, -598836, -175 
1718874073303.00, 0, -598837, -175 
1718874073324.00, 0, -598835, -175 
1718874073345.00, 0, -598837, -175 
1718874073367.00, 0, -598837, -175 
1718874073388.00, 0, -598836, -175 
1718874073409.00, 0, -598835, -175 
1718874073430.00, 0, -598836, -175 
1718874073451.00, 0, -598836, -175 
1718874073472.00, 0, -598836, -175 
1718874073494.00, 0, -598837, -175 
1718874073515.00, 0, -598837, -175 
1718874073544.00, 0, -598836, -175 
1718874073556.00, 0, -598837, -175 
1718874073577.00, 0, -598836, -175 
1718874073599.00, 0, -598836, -175 
1718874073620.00, 0, -598836, -175 
1718874073642.00, 0, -598836, -175 
1718874073662.00, 0, -598836, -175 
1718874073684.00, 0, -598836, -175 
1718874073705.00, 0, -598837, -175 
1718874073726.00, 0, -598837, -175 
1718874073747.00, 0, -598836, -175 
1718874073768.00, 0, -598836, -175 
1718874073789.00, 0, -598836, -175 
1718874073810.00, 0, -598835, -175 
1718874073831.00, 0, -598836, -175 
1718874073852.00, 0, -598837, -175 
1718874073873.00, 0, -598836, -175 
1718874073894.00, 0, -598836, -175 
1718874073915.00, 0, -598835, -175 
1718874073937.00, 0, -598836, -175 
1718874073958.00, 0, -598836, -175 
1718874073979.00, 0, -598836, -175 
1718874074000.00, 0, -598837, -175 
1718874074022.00, 0, -598836, -175 
1718874074043.00, 0, -598836, -175 
1718874074063.00, 0, -598835, -175 
1718874074085.00, 0, -598837, -175 
1718874074106.00, 0, -598836, -175 
1718874074127.00, 0, -598836, -175 
1718874074148.00, 0, -598836, -175 
