1720702233002.00, 0, -595097, -304 
1720702233023.00, 0, -595096, -302 
1720702233044.00, -62, -595097, -302 
1720702233066.00, -38, -595096, -302 
1720702233095.00, -38, -595096, -302 
1720702233108.00, -64, -595097, -303 
1720702233130.00, 0, -595098, -302 
1720702233152.00, 2, -595097, -301 
1720702233173.00, 0, -595097, -300 
1720702233194.00, 0, -595098, -299 
1720702233215.00, 0, -595098, -298 
1720702233237.00, 0, -595098, -298 
1720702233258.00, -31, -595098, -299 
1720702233279.00, -4, -595098, -299 
1720702233300.00, 0, -595097, -298 
1720702233330.00, 0, -595098, -297 
1720702233343.00, 0, -595098, -296 
1720702233364.00, 0, -595098, -296 
1720702233386.00, -5, -595100, -296 
1720702233407.00, 0, -595098, -296 
1720702233428.00, 0, -595100, -295 
1720702233449.00, 0, -595098, -295 
1720702233470.00, 0, -595100, -295 
1720702233492.00, 0, -595098, -295 
1720702233513.00, 0, -595100, -294 
1720702233535.00, 0, -595100, -292 
1720702233556.00, 0, -595100, -292 
1720702233577.00, 0, -595100, -292 
1720702233598.00, 0, -595100, -291 
1720702233620.00, 10, -595100, -290 
1720702233640.00, 0, -595100, -292 
1720702233662.00, 0, -595100, -293 
1720702233684.00, 0, -595098, -293 
1720702233705.00, 0, -595101, -291 
1720702233726.00, 0, -595100, -290 
1720702233748.00, 0, -595100, -290 
1720702233769.00, 40, -595100, -291 
1720702233791.00, -40, -595100, -292 
1720702233812.00, 67, -595100, -293 
1720702233833.00, 0, -595100, -293 
1720702233855.00, 0, -595101, -292 
1720702233875.00, 0, -595100, -291 
1720702233897.00, 0, -595100, -291 
1720702233918.00, 0, -595101, -292 
1720702233939.00, 0, -595100, -292 
1720702233961.00, 0, -595100, -293 
1720702233982.00, 0, -595100, -293 
1720702234004.00, 0, -595101, -294 
1720702234024.00, 0, -595101, -295 
1720702234046.00, 0, -595100, -297 
1720702234067.00, 0, -595100, -299 
1720702234089.00, 0, -595100, -300 
1720702234110.00, 0, -595100, -300 
1720702234131.00, 0, -595100, -300 
1720702234152.00, -66, -595101, -300 
1720702234174.00, 0, -595100, -300 
1720702234195.00, 4, -595101, -300 
1720702234217.00, 0, -595101, -299 
1720702234238.00, 0, -595100, -297 
1720702234259.00, 0, -595100, -297 
1720702234280.00, 0, -595102, -298 
1720702234301.00, -5, -595101, -303 
1720702234323.00, 1, -595102, -311 
1720702234344.00, 0, -595102, -317 
1720702234366.00, 0, -595102, -321 
1720702234387.00, 0, -595101, -320 
1720702234410.00, 0, -595102, -315 
1720702234430.00, 0, -595101, -312 
1720702234451.00, 2, -595102, -311 
1720702234472.00, 0, -595103, -309 
1720702234493.00, 0, -595101, -303 
1720702234516.00, 0, -595103, -296 
1720702234536.00, 0, -595101, -290 
1720702234557.00, -5, -595101, -290 
1720702234579.00, 0, -595101, -293 
1720702234600.00, 0, -595100, -296 
1720702234623.00, 0, -595101, -296 
1720702234642.00, -6, -595101, -295 
1720702234664.00, 0, -595102, -291 
1720702234685.00, 0, -595100, -284 
1720702234706.00, 0, -595100, -277 
1720702234727.00, 0, -595102, -275 
1720702234749.00, 0, -595100, -278 
1720702234769.00, 0, -595101, -282 
1720702234791.00, 0, -595101, -290 
1720702234813.00, 0, -595102, -296 
1720702234839.00, 0, -595101, -299 
1720702234855.00, 0, -595101, -293 
1720702234876.00, 0, -595101, -288 
1720702234896.00, 0, -595103, -287 
1720702234919.00, 0, -595100, -285 
1720702234940.00, 0, -595102, -284 
1720702234962.00, 0, -595100, -282 
1720702234982.00, 0, -595100, -275 
1720702235004.00, 0, -595101, -273 
1720702235026.00, 0, -595101, -277 
1720702235046.00, 0, -595101, -284 
1720702235068.00, 0, -595102, -291 
1720702235089.00, 0, -595102, -295 
1720702235110.00, 0, -595102, -293 
1720702235132.00, 0, -595101, -291 
1720702235153.00, 0, -595101, -289 
1720702235175.00, -3, -595102, -287 
1720702235196.00, 0, -595101, -285 
1720702235217.00, 0, -595101, -283 
1720702235238.00, 0, -595101, -280 
1720702235260.00, 0, -595102, -279 
1720702235281.00, 0, -595101, -278 
1720702235302.00, 0, -595102, -279 
1720702235324.00, 0, -595101, -280 
1720702235345.00, -4, -595102, -285 
1720702235366.00, 0, -595102, -286 
1720702235387.00, 0, -595101, -288 
1720702235409.00, 0, -595102, -287 
1720702235430.00, 0, -595101, -285 
1720702235451.00, 0, -595101, -285 
1720702235472.00, 0, -595102, -283 
1720702235495.00, 0, -595102, -282 
1720702235515.00, 0, -595102, -282 
1720702235536.00, 0, -595102, -283 
1720702235558.00, 42, -595100, -285 
1720702235579.00, 0, -595102, -285 
1720702235601.00, 0, -595101, -284 
1720702235621.00, 0, -595101, -282 
1720702235643.00, 0, -595101, -278 
1720702235664.00, 0, -595101, -277 
1720702235686.00, 0, -595101, -278 
1720702235707.00, 0, -595102, -279 
1720702235728.00, 0, -595102, -279 
1720702235750.00, 0, -595101, -279 
1720702235770.00, -40, -595102, -279 
1720702235791.00, 0, -595102, -280 
1720702235818.00, 0, -595101, -282 
1720702235835.00, 0, -595102, -280 
1720702235856.00, 0, -595101, -278 
1720702235877.00, 0, -595102, -275 
1720702235898.00, 0, -595101, -274 
1720702235919.00, 0, -595101, -273 
1720702235941.00, 0, -595101, -274 
1720702235962.00, 0, -595102, -276 
1720702235983.00, 29, -595101, -278 
1720702236005.00, 0, -595102, -280 
1720702236026.00, 0, -595102, -281 
1720702236049.00, 0, -595100, -282 
1720702236069.00, 0, -595101, -282 
1720702236090.00, 30, -595101, -281 
1720702236111.00, 0, -595102, -281 
1720702236133.00, 0, -595102, -280 
1720702236154.00, 0, -595101, -279 
1720702236176.00, 0, -595101, -276 
1720702236197.00, 0, -595102, -276 
1720702236218.00, 0, -595101, -277 
1720702236240.00, 0, -595102, -277 
1720702236264.00, 0, -595101, -275 
1720702236282.00, 0, -595101, -274 
1720702236303.00, 0, -595102, -272 
1720702236324.00, 0, -595100, -270 
1720702236346.00, 0, -595101, -269 
1720702236372.00, 0, -595101, -269 
1720702236389.00, 0, -595102, -270 
1720702236409.00, 0, -595102, -270 
1720702236430.00, 0, -595101, -273 
1720702236452.00, 0, -595102, -278 
1720702236474.00, 0, -595102, -283 
1720702236495.00, 0, -595101, -283 
1720702236516.00, 0, -595103, -280 
1720702236538.00, 0, -595101, -278 
1720702236559.00, 0, -595102, -276 
1720702236579.00, 0, -595101, -276 
1720702236601.00, 0, -595101, -277 
1720702236622.00, 0, -595101, -278 
1720702236644.00, 0, -595102, -278 
1720702236664.00, 0, -595101, -276 
1720702236687.00, 0, -595101, -274 
1720702236708.00, 0, -595101, -273 
1720702236728.00, 0, -595101, -273 
1720702236750.00, 0, -595100, -274 
1720702236771.00, 0, -595102, -275 
1720702236793.00, 0, -595102, -276 
1720702236814.00, 0, -595101, -276 
1720702236835.00, 0, -595101, -275 
1720702236857.00, 0, -595102, -274 
1720702236878.00, 0, -595102, -272 
1720702236899.00, 0, -595101, -270 
1720702236920.00, 0, -595101, -268 
1720702236942.00, 0, -595102, -266 
1720702236963.00, 0, -595101, -269 
1720702236984.00, 0, -595101, -271 
1720702237005.00, 0, -595101, -272 
1720702237026.00, 0, -595101, -274 
1720702237048.00, 0, -595102, -275 
1720702237069.00, 0, -595101, -275 
1720702237091.00, 0, -595101, -274 
1720702237112.00, 0, -595101, -274 
1720702237140.00, 0, -595102, -274 
1720702237155.00, 22, -595102, -273 
1720702237177.00, 0, -595101, -272 
1720702237197.00, 0, -595102, -269 
1720702237219.00, 0, -595101, -268 
1720702237244.00, 0, -595101, -269 
1720702237262.00, 3, -595102, -273 
1720702237283.00, 0, -595101, -277 
1720702237303.00, 0, -595101, -276 
1720702237325.00, 0, -595102, -273 
1720702237347.00, 0, -595101, -270 
1720702237368.00, 0, -595102, -268 
1720702237389.00, 0, -595101, -268 
1720702237410.00, 0, -595101, -269 
1720702237431.00, 0, -595102, -270 
1720702237453.00, 0, -595101, -271 
1720702237474.00, 0, -595101, -272 
1720702237496.00, 0, -595101, -271 
1720702237517.00, 0, -595102, -271 
1720702237538.00, 0, -595102, -270 
1720702237559.00, 0, -595102, -268 
1720702237582.00, 0, -595101, -266 
1720702237603.00, 0, -595102, -266 
1720702237624.00, 0, -595100, -268 
1720702237645.00, 0, -595102, -272 
1720702237666.00, 0, -595101, -273 
1720702237687.00, 0, -595102, -271 
1720702237709.00, 0, -595102, -269 
1720702237730.00, 0, -595101, -271 
1720702237751.00, 0, -595101, -271 
1720702237773.00, 0, -595101, -268 
1720702237794.00, 0, -595101, -265 
1720702237815.00, 0, -595102, -262 
1720702237836.00, 0, -595101, -263 
1720702237859.00, 0, -595102, -266 
1720702237879.00, 0, -595102, -269 
1720702237901.00, 0, -595102, -271 
1720702237921.00, 0, -595101, -271 
1720702237944.00, 0, -595102, -270 
1720702237965.00, 0, -595101, -268 
1720702237986.00, 0, -595101, -266 
1720702238008.00, 1, -595100, -261 
1720702238029.00, 0, -595100, -251 
1720702238050.00, 0, -595100, -236 
1720702238071.00, 0, -595097, -219 
1720702238092.00, 0, -595096, -187 
1720702238118.00, 0, -595097, -177 
1720702238135.00, 0, -595096, -158 
1720702238156.00, 0, -595094, -140 
1720702238178.00, 0, -595092, -117 
1720702238198.00, 0, -595092, -99 
1720702238220.00, 0, -595089, -68 
1720702238241.00, 0, -595090, -62 
1720702238263.00, 0, -595089, -43 
1720702238283.00, 11, -595090, -48 
1720702238305.00, 0, -595089, -46 
1720702238326.00, 0, -595089, -49 
1720702238347.00, 0, -595089, -50 
1720702238369.00, 0, -595088, -56 
1720702238390.00, 0, -595088, -55 
1720702238411.00, 1, -595088, -45 
1720702238432.00, 0, -595087, -42 
1720702238453.00, 0, -595088, -37 
1720702238475.00, 33, -595087, -33 
1720702238496.00, 0, -595086, -26 
1720702238517.00, -4, -595086, -27 
1720702238538.00, -13, -595087, -32 
1720702238560.00, 0, -595086, -32 
1720702238581.00, 0, -595087, -28 
1720702238602.00, -50, -595088, -30 
1720702238624.00, 0, -595087, -36 
1720702238645.00, 0, -595087, -37 
1720702238669.00, 0, -595085, -14 
1720702238687.00, 1, -595084, 10 
1720702238708.00, -5, -595082, 27 
1720702238729.00, 1479, -595082, 33 
1720702238751.00, 2878, -595064, 37 
1720702238778.00, 4099, -595004, 57 
1720702238794.00, 5994, -594916, 75 
1720702238816.00, 7985, -594786, 104 
1720702238837.00, 10740, -594610, 133 
1720702238859.00, 14278, -594372, 158 
1720702238881.00, 18056, -594052, 187 
1720702238902.00, 22083, -593660, 217 
1720702238924.00, 26159, -593188, 239 
1720702238946.00, 29992, -592628, 252 
1720702238967.00, 33140, -591989, 256 
1720702238989.00, 35290, -591269, 266 
1720702239010.00, 36906, -590508, 264 
1720702239032.00, 37772, -589715, 270 
1720702239053.00, 38878, -588906, 271 
1720702239075.00, 39408, -588062, 276 
1720702239096.00, 39891, -587209, 279 
1720702239118.00, 40207, -586350, 290 
1720702239140.00, 40923, -585482, 292 
1720702239161.00, 41764, -584584, 303 
1720702239183.00, 42693, -583677, 315 
1720702239205.00, 43852, -582758, 318 
1720702239227.00, 45064, -581806, 316 
1720702239248.00, 45640, -580823, 315 
1720702239270.00, 45626, -579838, 321 
1720702239292.00, 45956, -578854, 320 
1720702239313.00, 46219, -577847, 328 
1720702239335.00, 46901, -576844, 342 
1720702239356.00, 47895, -575839, 346 
1720702239378.00, 48974, -574794, 346 
1720702239400.00, 49651, -573732, 341 
1720702239421.00, 49541, -572670, 340 
1720702239443.00, 49489, -571587, 346 
1720702239465.00, 49841, -570508, 357 
1720702239486.00, 50535, -569441, 361 
1720702239508.00, 51266, -568343, 357 
1720702239530.00, 51510, -567228, 347 
1720702239551.00, 50850, -566128, 329 
1720702239573.00, 49479, -565018, 302 
1720702239595.00, 47081, -563945, 270 
1720702239616.00, 43631, -562938, 247 
1720702239638.00, 40141, -561989, 228 
1720702239659.00, 36732, -561114, 207 
1720702239681.00, 33613, -560318, 190 
1720702239703.00, 30886, -559598, 160 
1720702239724.00, 27427, -558936, 130 
1720702239746.00, 23311, -558341, 104 
1720702239767.00, 19750, -557826, 90 
1720702239789.00, 16518, -557400, 75 
1720702239811.00, 13854, -557048, 64 
1720702239832.00, 11564, -556751, 53 
1720702239853.00, 9260, -556505, 41 
1720702239875.00, 7210, -556306, 39 
1720702239897.00, 6129, -556147, 40 
1720702239918.00, 5479, -556019, 42 
1720702239939.00, 5249, -555901, 44 
1720702239961.00, 5130, -555787, 47 
1720702239982.00, 5339, -555675, 46 
1720702240004.00, 5197, -555564, 47 
1720702240026.00, 5401, -555447, 47 
1720702240046.00, 5480, -555330, 45 
1720702240068.00, 5591, -555215, 48 
1720702240090.00, 5795, -555096, 48 
1720702240111.00, 5833, -554971, 50 
1720702240133.00, 5990, -554848, 49 
1720702240154.00, 6159, -554719, 48 
1720702240175.00, 6007, -554590, 48 
1720702240197.00, 5926, -554459, 49 
1720702240218.00, 6037, -554331, 47 
1720702240240.00, 5706, -554199, 49 
1720702240262.00, 5718, -554073, 50 
1720702240283.00, 5796, -553947, 50 
1720702240308.00, 5902, -553821, 48 
1720702240326.00, 5744, -553694, 47 
1720702240347.00, 5833, -553566, 48 
1720702240369.00, 5806, -553439, 48 
1720702240390.00, 5776, -553315, 48 
1720702240412.00, 5707, -553189, 48 
1720702240433.00, 5843, -553065, 48 
1720702240454.00, 5905, -552939, 48 
1720702240476.00, 6159, -552814, 48 
1720702240498.00, 6230, -552684, 48 
1720702240518.00, 6243, -552550, 47 
1720702240540.00, 6031, -552416, 48 
1720702240562.00, 5992, -552284, 48 
1720702240583.00, 6285, -552151, 48 
1720702240605.00, 6308, -552020, 48 
1720702240626.00, 6222, -551884, 48 
1720702240648.00, 6325, -551743, 49 
1720702240670.00, 6376, -551609, 49 
1720702240690.00, 6351, -551473, 50 
1720702240712.00, 6568, -551334, 55 
1720702240734.00, 7191, -551195, 52 
1720702240755.00, 7177, -551048, 51 
1720702240777.00, 7081, -550891, 50 
1720702240798.00, 7074, -550743, 50 
1720702240820.00, 6950, -550597, 49 
1720702240841.00, 6689, -550450, 50 
1720702240862.00, 6619, -550303, 50 
1720702240884.00, 6567, -550157, 50 
1720702240905.00, 6525, -550017, 50 
1720702240927.00, 6736, -549876, 50 
1720702240948.00, 6705, -549740, 50 
1720702240969.00, 6562, -549596, 49 
1720702240991.00, 6617, -549451, 50 
1720702241012.00, 6430, -549309, 50 
1720702241034.00, 6683, -549164, 48 
1720702241056.00, 6666, -549024, 44 
1720702241077.00, 6151, -548885, 31 
1720702241099.00, 5389, -548754, -48 
1720702241120.00, 43, -548632, 17 
1720702241141.00, 661, -548620, 4 
1720702241162.00, 51, -548608, 5 
1720702241189.00, 6, -548607, 0 
1720702241205.00, 0, -548607, -3 
1720702241226.00, -50, -548609, -19 
1720702241247.00, -1092, -548612, -32 
1720702241268.00, -2654, -548630, -38 
1720702241290.00, -3942, -548681, -41 
1720702241312.00, -4874, -548765, -33 
1720702241333.00, -4874, -548869, -23 
1720702241354.00, -4071, -548969, 7 
1720702241376.00, -2393, -549060, 19 
1720702241398.00, -101, -549111, 40 
1720702241419.00, 1883, -549117, 56 
1720702241440.00, 4414, -549085, 54 
1720702241461.00, 6022, -548999, 51 
1720702241483.00, 6649, -548873, 52 
1720702241509.00, 7300, -548730, 52 
1720702241526.00, 7644, -548574, 52 
1720702241548.00, 7616, -548412, 52 
1720702241569.00, 7666, -548247, 51 
1720702241590.00, 7339, -548081, 52 
1720702241612.00, 7867, -547925, -19 
1720702241633.00, 3461, -547755, 27 
1720702241655.00, 3480, -547673, 27 
1720702241676.00, 3648, -547599, 21 
1720702241697.00, 3295, -547519, 24 
1720702241719.00, 3372, -547447, 17 
1720702241740.00, 3096, -547373, 21 
1720702241762.00, 2973, -547309, 18 
1720702241783.00, 2893, -547243, 14 
1720702241805.00, 2552, -547182, 21 
1720702241827.00, 2797, -547128, 30 
1720702241848.00, 3539, -547070, 61 
1720702241869.00, 5746, -546994, 56 
1720702241891.00, 6581, -546873, 55 
1720702241912.00, 7015, -546731, 53 
1720702241934.00, 7131, -546578, 54 
1720702241955.00, 7486, -546426, 47 
1720702241976.00, 7352, -546268, 43 
1720702241998.00, 6871, -546112, 33 
1720702242020.00, 5929, -545961, 51 
1720702242041.00, 6592, -545833, 47 
1720702242063.00, 6692, -545694, 48 
1720702242083.00, 6877, -545547, 61 
1720702242106.00, 7731, -545398, 60 
1720702242127.00, 7937, -545234, 40 
1720702242148.00, 6849, -545059, 24 
1720702242170.00, 5320, -544905, 30 
1720702242191.00, 4806, -544790, 4 
1720702242212.00, 2790, -544687, -11 
1720702242234.00, 885, -544623, -4 
1720702242255.00, 370, -544600, 4 
1720702242277.00, 99, -544590, 1 
1720702242298.00, 0, -544589, -25 
1720702242319.00, -1073, -544591, -32 
1720702242341.00, -2567, -544605, -38 
1720702242362.00, -4062, -544656, -57 
1720702242388.00, -5811, -544741, -92 
1720702242405.00, -9173, -544868, -129 
1720702242427.00, -13202, -545063, -158 
1720702242449.00, -17468, -545348, -163 
1720702242470.00, -20088, -545729, -210 
1720702242492.00, -24562, -546170, -252 
1720702242513.00, -29999, -546694, -273 
1720702242535.00, -34080, -547331, -284 
1720702242557.00, -37477, -548074, -325 
1720702242579.00, -42151, -548891, -362 
1720702242602.00, -46759, -549796, -397 
1720702242622.00, -51620, -550802, -428 
1720702242643.00, -56475, -551927, -459 
1720702242665.00, -61097, -553154, -504 
1720702242686.00, -66449, -554472, -513 
1720702242708.00, -70295, -555920, -536 
1720702242730.00, -73814, -557442, -584 
1720702242752.00, -78728, -559053, -574 
1720702242773.00, -81018, -560753, -586 
1720702242794.00, -83057, -562513, -591 
1720702242816.00, -84530, -564304, -579 
1720702242838.00, -84767, -566150, -567 
1720702242860.00, -84071, -567980, -515 
1720702242882.00, -80160, -569795, -522 
1720702242903.00, -78444, -571524, -478 
1720702242925.00, -74667, -573231, -475 
1720702242946.00, -72214, -574855, -456 
1720702242968.00, -69608, -576416, -460 
1720702242989.00, -68436, -577929, -490 
1720702243011.00, -69408, -579409, -527 
1720702243033.00, -72281, -580915, -500 
1720702243054.00, -72496, -582489, -531 
1720702243076.00, -74405, -584054, -563 
1720702243098.00, -77642, -585664, -536 
1720702243119.00, -77589, -587324, -428 
1720702243141.00, -71015, -589007, -401 
1720702243162.00, -65359, -590533, -300 
1720702243184.00, -55713, -591948, -268 
1720702243206.00, -48178, -593144, -162 
1720702243227.00, -27342, -594190, -168 
1720702243249.00, -15123, -594809, -138 
1720702243270.00, -7728, -595155, -126 
1720702243292.00, -3535, -595334, -129 
1720702243313.00, -1131, -595418, -152 
1720702243335.00, 1, -595444, -137 
1720702243357.00, 273, -595448, -161 
1720702243378.00, 61, -595444, -153 
1720702243400.00, 68, -595441, -128 
1720702243420.00, 12, -595441, -112 
1720702243442.00, 64, -595438, -93 
1720702243464.00, 59, -595437, -74 
1720702243485.00, 66, -595436, -49 
1720702243507.00, 36, -595433, -26 
1720702243528.00, 7, -595431, -17 
1720702243549.00, -1, -595429, -10 
1720702243570.00, 65, -595427, -2 
1720702243591.00, 2, -595427, 1 
1720702243612.00, 68, -595427, 0 
1720702243634.00, 32, -595427, 3 
1720702243655.00, 12, -595426, 7 
1720702243676.00, 67, -595425, 5 
1720702243697.00, 56, -595426, 5 
1720702243719.00, 66, -595424, 5 
1720702243740.00, 12, -595425, 5 
1720702243761.00, 68, -595423, 10 
1720702243782.00, 68, -595423, 5 
1720702243808.00, 24, -595423, 0 
1720702243825.00, 9, -595423, 8 
1720702243845.00, 17, -595421, 21 
1720702243868.00, 1231, -595422, 25 
1720702243889.00, 2217, -595398, 21 
1720702243910.00, 2529, -595351, 26 
1720702243932.00, 3090, -595295, 30 
1720702243953.00, 3677, -595229, 23 
1720702243975.00, 3661, -595151, 24 
1720702243996.00, 3674, -595074, 35 
1720702244017.00, 4256, -594996, 34 
1720702244039.00, 4506, -594903, 35 
1720702244061.00, 4820, -594805, 47 
1720702244082.00, 5686, -594698, 60 
1720702244103.00, 6980, -594577, 63 
1720702244124.00, 7838, -594430, 66 
1720702244146.00, 8533, -594261, 75 
1720702244168.00, 9810, -594075, 76 
1720702244189.00, 10230, -593870, 73 
1720702244211.00, 10421, -593644, 81 
1720702244232.00, 10993, -593421, 82 
1720702244253.00, 11274, -593185, 80 
1720702244275.00, 11683, -592936, 83 
1720702244297.00, 11964, -592694, 93 
1720702244319.00, 12653, -592440, 92 
1720702244340.00, 13044, -592166, 84 
1720702244362.00, 12728, -591891, 78 
1720702244383.00, 11997, -591615, 71 
1720702244405.00, 11197, -591349, 70 
1720702244426.00, 10950, -591105, 76 
1720702244448.00, 10955, -590872, 72 
1720702244472.00, 10524, -590633, 63 
1720702244491.00, 9954, -590402, 60 
1720702244513.00, 9325, -590188, 53 
1720702244534.00, 8645, -589986, 49 
1720702244555.00, 7905, -589799, 54 
1720702244577.00, 7956, -589628, 55 
1720702244598.00, 7923, -589462, 49 
1720702244620.00, 7585, -589293, 46 
1720702244641.00, 7111, -589131, 53 
1720702244663.00, 7227, -588978, 49 
1720702244684.00, 7069, -588825, 37 
1720702244705.00, 6258, -588673, 27 
1720702244727.00, 5307, -588537, 19 
1720702244749.00, 4098, -588422, 16 
1720702244770.00, 3306, -588330, 18 
1720702244792.00, 2953, -588257, 29 
1720702244813.00, 3333, -588190, 39 
1720702244834.00, 4175, -588118, 40 
1720702244856.00, 4810, -588028, 42 
1720702244877.00, 5247, -587933, 46 
1720702244899.00, 5821, -587818, 47 
1720702244920.00, 6060, -587693, 48 
1720702244941.00, 6427, -587560, 51 
1720702244963.00, 6605, -587422, 49 
1720702244985.00, 6762, -587276, 45 
1720702245006.00, 6765, -587131, 48 
1720702245028.00, 6774, -586988, 41 
1720702245049.00, 6386, -586845, 37 
1720702245070.00, 5919, -586707, 27 
1720702245092.00, 4735, -586580, 2 
1720702245113.00, 2621, -586479, -20 
1720702245135.00, 62, -586418, -37 
1720702245156.00, -1975, -586413, -43 
1720702245178.00, -3787, -586446, -81 
1720702245199.00, -7206, -586526, -108 
1720702245221.00, -11154, -586679, -146 
1720702245242.00, -15864, -586919, -207 
1720702245264.00, -22215, -587257, -274 
1720702245286.00, -29809, -587734, -327 
1720702245308.00, -37639, -588380, -421 
1720702245329.00, -47817, -589187, -467 
1720702245351.00, -56808, -590204, -473 
1720702245372.00, -62284, -591435, -476 
1720702245394.00, -65495, -592783, -475 
1720702245415.00, -38729, -594183, -372 
1720702245437.00, -22529, -595041, -306 
1720702245459.00, -13069, -595547, -235 
1720702245480.00, -7257, -595829, -161 
1720702245502.00, -3888, -595994, -146 
1720702245523.00, -1979, -596078, -83 
1720702245544.00, -898, -596122, -45 
1720702245567.00, -273, -596136, 31 
1720702245587.00, 1433, -596136, 81 
1720702245608.00, 5785, -596111, 149 
1720702245631.00, 12479, -595985, 244 
1720702245652.00, 22230, -595714, 328 
1720702245676.00, 33263, -595234, 404 
1720702245696.00, 44611, -594526, 413 
1720702245717.00, 51567, -593559, 632 
1720702245739.00, 68781, -592445, 624 
1720702245760.00, 78710, -590944, 700 
1720702245785.00, 88988, -589237, 766 
1720702245803.00, 99013, -587308, 794 
1720702245826.00, 106698, -585156, 820 
1720702245847.00, 112711, -582828, 868 
1720702245869.00, 119023, -580369, 864 
1720702245897.00, 122475, -577768, 869 
1720702245913.00, 124713, -575102, 899 
1720702245934.00, 127737, -572397, 892 
1720702245956.00, 129156, -569609, 882 
1720702245978.00, 129351, -566790, 877 
1720702246000.00, 129139, -563983, 883 
1720702246021.00, 129152, -561170, 884 
1720702246043.00, 129143, -558361, 879 
1720702246065.00, 128958, -555561, 894 
1720702246086.00, 129689, -552756, 902 
1720702246116.00, 130539, -549927, 910 
1720702246130.00, 131302, -547088, 910 
1720702246151.00, 131832, -544226, 910 
1720702246173.00, 132013, -541360, 923 
1720702246195.00, 132979, -538489, 936 
1720702246220.00, 134093, -535594, 942 
1720702246239.00, 135127, -532677, 928 
1720702246260.00, 134813, -529744, 922 
1720702246282.00, 134131, -526805, 907 
1720702246303.00, 132963, -523885, 895 
1720702246326.00, 131503, -520991, 871 
1720702246347.00, 129049, -518131, 860 
1720702246369.00, 126858, -515321, 868 
1720702246390.00, 125989, -512572, 862 
1720702246412.00, 125080, -509837, 847 
1720702246434.00, 123572, -507117, 829 
1720702246456.00, 121604, -504412, 806 
1720702246477.00, 119183, -501780, 788 
1720702246499.00, 116485, -499177, 791 
1720702246520.00, 115042, -496658, 778 
1720702246544.00, 113524, -494161, 748 
1720702246564.00, 110655, -491682, 741 
1720702246586.00, 108443, -489275, 714 
1720702246607.00, 105555, -486925, 715 
1720702246630.00, 103843, -484636, 692 
1720702246651.00, 101476, -482367, 633 
1720702246673.00, 96501, -480179, 610 
1720702246695.00, 92131, -478089, 594 
1720702246716.00, 88426, -476091, 538 
1720702246738.00, 83024, -474195, 488 
1720702246759.00, 76582, -472388, 467 
1720702246781.00, 71675, -470737, 434 
1720702246803.00, 66676, -469182, 398 
1720702246824.00, 61639, -467741, 388 
1720702246846.00, 58085, -466398, 370 
1720702246867.00, 54961, -465148, 367 
1720702246889.00, 52874, -463957, 367 
1720702246911.00, 51719, -462808, 374 
1720702246933.00, 51303, -461697, 380 
1720702246954.00, 51515, -460587, 375 
1720702246976.00, 51360, -459460, 397 
1720702246997.00, 52489, -458351, 418 
1720702247019.00, 54747, -457208, 433 
1720702247041.00, 56735, -456021, 441 
1720702247062.00, 58735, -454797, 454 
1720702247088.00, 60503, -453520, 473 
1720702247106.00, 62914, -452208, 492 
1720702247127.00, 65576, -450853, 530 
1720702247148.00, 69185, -449430, 561 
1720702247170.00, 73072, -447934, 590 
1720702247194.00, 77300, -446342, 590 
1720702247214.00, 79864, -444682, 613 
1720702247235.00, 82577, -442937, 617 
1720702247256.00, 84430, -441160, 616 
1720702247278.00, 85523, -439322, 608 
1720702247300.00, 85677, -437475, 590 
1720702247322.00, 84587, -435625, 567 
1720702247344.00, 82372, -433780, 546 
1720702247365.00, 80092, -432004, 509 
1720702247387.00, 45914, -430281, 464 
1720702247408.00, 25345, -429282, 484 
1720702247430.00, 12960, -428718, 483 
1720702247451.00, 5854, -428426, 426 
1720702247473.00, 1578, -428306, 356 
1720702247495.00, -307, -428274, 270 
1720702247516.00, -1776, -428279, 198 
1720702247537.00, -2731, -428318, 137 
1720702247559.00, -3279, -428377, 86 
1720702247580.00, -3451, -428455, 10 
1720702247602.00, -3586, -428541, -72 
1720702247622.00, -7949, -428625, -147 
1720702247644.00, -14978, -428798, -219 
1720702247667.00, -24070, -429119, -255 
1720702247688.00, -31154, -429624, -351 
1720702247709.00, -41183, -430289, -386 
1720702247731.00, -48961, -431179, -431 
1720702247752.00, -56206, -432234, -459 
1720702247775.00, -62177, -433445, -478 
1720702247796.00, -66847, -434812, -505 
1720702247818.00, -71033, -436253, -533 
1720702247840.00, -75207, -437808, -551 
1720702247861.00, -78787, -439432, -574 
1720702247882.00, -82273, -441145, -571 
1720702247904.00, -84297, -442926, -592 
1720702247926.00, -86459, -444753, -607 
1720702247947.00, -88610, -446613, -621 
1720702247969.00, -90705, -448535, -631 
1720702247991.00, -92400, -450504, -612 
1720702248013.00, -92330, -452506, -640 
1720702248033.00, -93566, -454513, -641 
1720702248056.00, -94555, -456531, -639 
1720702248079.00, -94872, -458582, -656 
1720702248099.00, -96069, -460645, -677 
1720702248121.00, -97849, -462719, -707 
1720702248143.00, -100799, -464842, -725 
1720702248164.00, -103525, -467044, -759 
1720702248195.00, -107237, -469296, -777 
1720702248207.00, -110488, -471635, -784 
1720702248230.00, -112645, -474040, -789 
1720702248251.00, -114154, -476498, -806 
1720702248273.00, -116241, -478972, -802 
1720702248299.00, -116854, -481497, -794 
1720702248316.00, -116693, -484056, -791 
1720702248338.00, -116329, -486593, -799 
1720702248359.00, -116522, -489111, -804 
1720702248381.00, -117014, -491659, -792 
1720702248403.00, -116684, -494219, -784 
1720702248425.00, -115829, -496745, -823 
1720702248447.00, -117732, -499256, -848 
1720702248468.00, -120268, -501827, -862 
1720702248490.00, -122524, -504449, -887 
1720702248514.00, -125204, -507128, -922 
1720702248534.00, -129012, -509857, -897 
1720702248555.00, -129677, -512657, -916 
1720702248577.00, -131269, -515475, -957 
1720702248599.00, -134604, -518330, -961 
1720702248621.00, -136775, -521262, -962 
1720702248642.00, -137913, -524239, -973 
1720702248664.00, -139101, -527249, -964 
1720702248686.00, -139163, -530272, -939 
1720702248707.00, -137641, -533314, -944 
1720702248737.00, -137065, -536314, -904 
1720702248751.00, -134456, -539287, -849 
1720702248772.00, -129590, -542212, -857 
1720702248794.00, -127073, -545010, -858 
1720702248816.00, -125636, -547765, -853 
1720702248841.00, -124415, -550509, -877 
1720702248860.00, -124993, -553213, -887 
1720702248881.00, -125961, -555933, -872 
1720702248903.00, -125382, -558679, -880 
1720702248924.00, -125811, -561400, -894 
1720702248951.00, -126734, -564131, -899 
1720702248967.00, -127514, -566899, -913 
1720702248989.00, -128761, -569676, -906 
1720702249011.00, -128907, -572476, -880 
1720702249032.00, -127709, -575289, -821 
1720702249058.00, -123286, -578044, -783 
1720702249076.00, -118241, -580720, -743 
1720702249098.00, -112877, -583290, -693 
1720702249120.00, -106535, -585743, -637 
1720702249142.00, -99442, -588044, -593 
1720702249166.00, -92765, -590200, -581 
1720702249185.00, -87696, -592205, -533 
1720702249206.00, -82057, -594091, -468 
1720702249228.00, -46488, -595859, -465 
1720702249250.00, -25191, -596873, -426 
1720702249276.00, -12390, -597446, -426 
1720702249293.00, -5261, -597733, -402 
1720702249314.00, -919, -597857, -437 
1720702249336.00, 774, -597878, -348 
1720702249357.00, 2154, -597869, -317 
1720702249379.00, 3012, -597826, -295 
1720702249401.00, 3366, -597759, -283 
1720702249422.00, 3684, -597684, -289 
1720702249444.00, 3946, -597605, -288 
1720702249466.00, 4130, -597515, -231 
1720702249487.00, 4078, -597424, -202 
1720702249510.00, 4080, -597334, -193 
1720702249531.00, 3973, -597248, -175 
1720702249552.00, 3954, -597154, -145 
1720702249574.00, 3732, -597070, -122 
1720702249595.00, 3561, -596986, -95 
1720702249617.00, 3464, -596908, -71 
1720702249638.00, 3373, -596830, -52 
1720702249659.00, 3399, -596755, -37 
1720702249682.00, 3297, -596682, -24 
1720702249702.00, 3138, -596610, -13 
1720702249725.00, 3104, -596542, -7 
1720702249746.00, 3217, -596476, 1 
1720702249768.00, 3079, -596409, 15 
1720702249789.00, 3824, -596339, 36 
1720702249811.00, 5673, -596254, 69 
1720702249832.00, 8559, -596140, 93 
1720702249853.00, 11743, -595956, 132 
1720702249875.00, 16311, -595698, 189 
1720702249897.00, 22336, -595351, 248 
1720702249918.00, 29330, -594870, 304 
1720702249940.00, 36575, -594239, 370 
1720702249961.00, 44755, -593446, 420 
1720702249983.00, 52735, -592487, 407 
1720702250005.00, 56787, -591340, 555 
1720702250027.00, 67770, -590101, 540 
1720702250049.00, 73710, -588644, 513 
1720702250070.00, 75375, -587044, 534 
1720702250092.00, 77432, -585419, 496 
1720702250113.00, 76201, -583737, 475 
1720702250134.00, 74043, -582091, 443 
1720702250157.00, 71028, -580476, 386 
1720702250178.00, 65866, -578954, 339 
1720702250200.00, 59707, -577524, 337 
1720702250221.00, 55992, -576237, 352 
1720702250243.00, 54555, -575028, 320 
1720702250264.00, 51845, -573841, 301 
1720702250286.00, 48883, -572725, 302 
1720702250308.00, 47271, -571660, 293 
1720702250329.00, 45648, -570635, 273 
1720702250351.00, 43583, -569654, 249 
1720702250372.00, 40993, -568712, 215 
1720702250394.00, 37475, -567826, 181 
1720702250416.00, 33118, -567019, 151 
1720702250437.00, 28605, -566310, 106 
1720702250459.00, 23184, -565692, 73 
1720702250483.00, 18269, -565185, 49 
1720702250502.00, 13495, -564789, 28 
1720702250523.00, 9409, -564490, 14 
1720702250545.00, 6003, -564283, -2 
1720702250567.00, 3313, -564148, -25 
1720702250589.00, 104, -564073, -50 
1720702250610.00, -2604, -564067, -75 
1720702250631.00, -6096, -564115, -107 
1720702250653.00, -10036, -564250, -148 
1720702250675.00, -14971, -564468, -175 
1720702250699.00, -19675, -564792, -204 
1720702250718.00, -24128, -565219, -242 
1720702250740.00, -29066, -565740, -249 
1720702250761.00, -32267, -566364, -315 
1720702250783.00, -38074, -567057, -281 
1720702250809.00, -39481, -567884, -277 
1720702250826.00, -40072, -568744, -293 
1720702250847.00, -41427, -569612, -280 
1720702250869.00, -41560, -570501, -277 
1720702250891.00, -41229, -571403, -290 
1720702250913.00, -41898, -572301, -294 
1720702250934.00, -42563, -573201, -283 
1720702250956.00, -42455, -574125, -274 
1720702250977.00, -41525, -575047, -288 
1720702250998.00, -41718, -575950, -287 
1720702251022.00, -41624, -576847, -283 
1720702251042.00, -41481, -577755, -285 
1720702251064.00, -41686, -578660, -290 
1720702251086.00, -42049, -579559, -280 
1720702251107.00, -41754, -580466, -269 
1720702251129.00, -40714, -581373, -270 
1720702251150.00, -40226, -582256, -263 
1720702251172.00, -39430, -583124, -272 
1720702251194.00, -39356, -583983, -274 
1720702251215.00, -39399, -584842, -283 
1720702251237.00, -40005, -585698, -285 
1720702251259.00, -40527, -586563, -287 
1720702251280.00, -40847, -587440, -259 
1720702251302.00, -39178, -588329, -268 
1720702251324.00, -39011, -589184, -263 
1720702251345.00, -38537, -590025, -239 
1720702251368.00, -36830, -590862, -224 
1720702251389.00, -34828, -591665, -241 
1720702251410.00, -34469, -592425, -235 
1720702251432.00, -34159, -593173, -211 
1720702251453.00, -19944, -593909, -207 
1720702251475.00, -11412, -594362, -204 
1720702251497.00, -6145, -594617, -200 
1720702251518.00, -3195, -594752, -176 
1720702251539.00, -1369, -594826, -194 
1720702251560.00, -308, -594856, -184 
1720702251583.00, 1, -594864, -185 
1720702251603.00, 19, -594863, -168 
1720702251625.00, 0, -594863, -160 
1720702251647.00, 0, -594863, -159 
1720702251668.00, 0, -594863, -153 
1720702251689.00, 0, -594862, -145 
1720702251711.00, 12, -594863, -138 
1720702251731.00, 0, -594861, -138 
1720702251753.00, 0, -594861, -136 
1720702251774.00, 0, -594861, -128 
1720702251796.00, 0, -594861, -122 
1720702251816.00, 0, -594861, -120 
1720702251838.00, 0, -594861, -115 
1720702251860.00, 0, -594860, -108 
1720702251880.00, 0, -594861, -105 
1720702251904.00, 0, -594860, -100 
1720702251923.00, 0, -594861, -94 
1720702251944.00, 0, -594860, -88 
1720702251965.00, 25, -594860, -81 
1720702251987.00, 0, -594859, -73 
1720702252013.00, 0, -594859, -70 
1720702252029.00, 0, -594858, -67 
1720702252051.00, 18, -594858, -65 
1720702252072.00, 0, -594859, -62 
1720702252093.00, 0, -594859, -63 
1720702252115.00, 1, -594859, -63 
1720702252136.00, 0, -594858, -61 
1720702252156.00, 0, -594858, -56 
1720702252178.00, 0, -594858, -51 
1720702252199.00, 0, -594858, -48 
1720702252220.00, 0, -594858, -47 
1720702252241.00, 0, -594858, -45 
1720702252262.00, 0, -594856, -46 
1720702252284.00, 0, -594857, -48 
1720702252305.00, 0, -594858, -47 
1720702252326.00, 0, -594857, -45 
1720702252347.00, 0, -594858, -44 
1720702252369.00, -14, -594858, -44 
1720702252390.00, 42, -594857, -45 
1720702252411.00, 0, -594857, -45 
1720702252433.00, 0, -594857, -48 
1720702252454.00, 0, -594858, -50 
1720702252475.00, 43, -594857, -48 
1720702252497.00, 0, -594857, -48 
1720702252517.00, 0, -594858, -48 
1720702252538.00, 0, -594857, -46 
1720702252560.00, 0, -594856, -44 
1720702252581.00, 0, -594857, -41 
1720702252603.00, 0, -594858, -39 
1720702252623.00, 0, -594857, -37 
1720702252645.00, 0, -594856, -37 
1720702252666.00, 0, -594856, -36 
1720702252687.00, 0, -594857, -37 
1720702252709.00, 0, -594856, -37 
1720702252730.00, 0, -594857, -37 
1720702252751.00, 0, -594856, -36 
1720702252771.00, 0, -594857, -35 
1720702252793.00, 0, -594856, -35 
1720702252815.00, 0, -594856, -35 
1720702252836.00, 0, -594857, -35 
1720702252857.00, 0, -594856, -34 
1720702252878.00, 0, -594857, -35 
1720702252899.00, 0, -594856, -36 
1720702252920.00, 0, -594857, -35 
1720702252942.00, 0, -594856, -35 
1720702252963.00, 0, -594857, -42 
1720702252983.00, 0, -594857, -47 
1720702253005.00, 0, -594857, -45 
1720702253027.00, 0, -594857, -41 
1720702253047.00, 26, -594856, -39 
1720702253069.00, 24, -594857, -29 
1720702253090.00, 0, -594855, -24 
1720702253115.00, 0, -594854, 5 
1720702253133.00, 0, -594852, 29 
1720702253154.00, 1700, -594850, 50 
1720702253175.00, 4245, -594819, 66 
1720702253197.00, 6472, -594731, 91 
1720702253220.00, 9199, -594590, 106 
1720702253240.00, 11788, -594393, 116 
1720702253261.00, 14104, -594138, 121 
1720702253283.00, 15633, -593836, 124 
1720702253305.00, 16876, -593496, 128 
1720702253327.00, 17589, -593138, 130 
1720702253348.00, 18246, -592756, 126 
1720702253370.00, 18631, -592367, 117 
1720702253392.00, 17979, -591970, 117 
1720702253413.00, 17440, -591577, 112 
1720702253435.00, 16791, -591195, 102 
1720702253456.00, 15799, -590828, 77 
1720702253477.00, 13841, -590480, 54 
1720702253499.00, 11297, -590181, 26 
1720702253521.00, 7851, -589937, 0 
1720702253542.00, 4476, -589762, -31 
1720702253563.00, 412, -589664, -69 
1720702253585.00, -3609, -589651, -111 
1720702253607.00, -8814, -589717, -158 
1720702253628.00, -14779, -589904, -194 
1720702253650.00, -20415, -590223, -231 
1720702253672.00, -26213, -590664, -273 
1720702253693.00, -32022, -591228, -302 
1720702253715.00, -37374, -591921, -320 
1720702253737.00, -41603, -592719, -339 
1720702253758.00, -24826, -593608, -348 
1720702253780.00, -14507, -594173, -393 
1720702253802.00, -8341, -594504, -390 
1720702253823.00, -4938, -594698, -412 
1720702253845.00, -2822, -594806, -421 
1720702253866.00, -1557, -594868, -429 
1720702253887.00, -791, -594902, -415 
1720702253909.00, -369, -594919, -378 
1720702253931.00, -130, -594925, -352 
1720702253952.00, 4, -594927, -336 
1720702253973.00, 0, -594928, -315 
1720702253994.00, 0, -594926, -289 
1720702254016.00, 0, -594927, -269 
1720702254037.00, 0, -594927, -263 
1720702254058.00, 0, -594927, -258 
1720702254080.00, 0, -594925, -246 
1720702254101.00, 0, -594925, -223 
1720702254122.00, 0, -594923, -202 
1720702254144.00, 0, -594924, -191 
1720702254165.00, 39, -594922, -175 
1720702254186.00, 0, -594920, -150 
1720702254208.00, 0, -594921, -127 
1720702254229.00, 0, -594919, -112 
1720702254250.00, 0, -594918, -101 
1720702254272.00, 0, -594919, -104 
1720702254293.00, 0, -594919, -108 
1720702254314.00, 0, -594919, -111 
1720702254335.00, 0, -594918, -116 
1720702254356.00, 0, -594919, -122 
1720702254378.00, 0, -594919, -126 
1720702254399.00, 0, -594919, -126 
1720702254422.00, 0, -594918, -123 
1720702254442.00, 0, -594918, -121 
1720702254463.00, 0, -594919, -124 
1720702254485.00, 0, -594919, -132 
1720702254505.00, 0, -594920, -135 
1720702254527.00, 0, -594920, -142 
1720702254548.00, 0, -594920, -147 
1720702254570.00, 0, -594921, -161 
1720702254591.00, 0, -594921, -171 
1720702254612.00, -3, -594921, -178 
1720702254638.00, 24, -594921, -177 
1720702254654.00, 2, -594921, -176 
1720702254676.00, 0, -594922, -190 
1720702254697.00, 0, -594922, -197 
1720702254719.00, 0, -594922, -193 
1720702254739.00, 0, -594922, -195 
1720702254761.00, 0, -594922, -204 
1720702254783.00, 0, -594923, -215 
1720702254804.00, 0, -594924, -225 
1720702254825.00, 0, -594924, -237 
1720702254847.00, 0, -594924, -246 
1720702254868.00, 0, -594924, -249 
1720702254889.00, 0, -594924, -250 
1720702254910.00, 0, -594924, -247 
1720702254931.00, 0, -594924, -241 
1720702254953.00, 0, -594924, -242 
1720702254973.00, 0, -594924, -242 
1720702254996.00, 0, -594924, -245 
1720702255016.00, 0, -594924, -248 
1720702255038.00, 0, -594925, -251 
1720702255060.00, 0, -594926, -255 
1720702255081.00, 0, -594925, -260 
1720702255102.00, 0, -594925, -261 
1720702255123.00, 0, -594926, -263 
1720702255144.00, 0, -594925, -261 
1720702255165.00, 0, -594925, -260 
1720702255187.00, 0, -594925, -262 
1720702255208.00, 0, -594927, -268 
1720702255230.00, 0, -594926, -271 
1720702255251.00, 0, -594925, -273 
1720702255272.00, 0, -594926, -273 
1720702255293.00, 0, -594926, -274 
1720702255315.00, 0, -594926, -274 
1720702255336.00, 0, -594927, -275 
1720702255357.00, 17, -594926, -276 
1720702255379.00, -66, -594926, -277 
1720702255405.00, -59, -594926, -277 
1720702255421.00, 0, -594926, -276 
1720702255443.00, 0, -594926, -276 
1720702255464.00, 0, -594927, -276 
1720702255486.00, 0, -594926, -275 
1720702255506.00, 0, -594926, -272 
1720702255528.00, 0, -594927, -270 
1720702255549.00, 0, -594926, -271 
1720702255570.00, 0, -594927, -273 
1720702255591.00, 0, -594926, -272 
1720702255613.00, 0, -594926, -270 
1720702255635.00, 0, -594926, -268 
1720702255655.00, 0, -594927, -267 
1720702255677.00, 0, -594926, -268 
1720702255698.00, 0, -594927, -272 
1720702255720.00, 0, -594927, -273 
1720702255740.00, 0, -594927, -272 
1720702255762.00, 0, -594927, -273 
1720702255783.00, 0, -594927, -274 
1720702255805.00, 0, -594927, -274 
1720702255826.00, 0, -594926, -273 
1720702255848.00, 0, -594926, -268 
1720702255869.00, 0, -594926, -264 
1720702255890.00, -44, -594927, -263 
1720702255911.00, 0, -594926, -262 
1720702255932.00, 0, -594926, -260 
1720702255953.00, 0, -594927, -258 
1720702255975.00, 0, -594926, -257 
1720702255996.00, 0, -594927, -256 
1720702256018.00, 0, -594926, -255 
1720702256039.00, 0, -594926, -255 
1720702256064.00, 0, -594927, -254 
1720702256081.00, 0, -594926, -254 
1720702256103.00, 0, -594926, -256 
1720702256124.00, 0, -594926, -257 
1720702256145.00, 0, -594927, -256 
1720702256168.00, 0, -594926, -254 
1720702256188.00, 28, -594926, -255 
1720702256209.00, 10, -594926, -257 
1720702256230.00, -1, -594927, -260 
1720702256252.00, 0, -594926, -262 
1720702256273.00, 0, -594927, -260 
1720702256295.00, 0, -594926, -264 
1720702256316.00, 0, -594926, -261 
1720702256337.00, 0, -594926, -262 
1720702256358.00, 0, -594927, -261 
1720702256380.00, 0, -594927, -264 
1720702256401.00, 0, -594927, -264 
1720702256422.00, 0, -594926, -263 
1720702256443.00, 0, -594926, -263 
1720702256464.00, 0, -594926, -263 
1720702256486.00, 0, -594927, -262 
1720702256508.00, 0, -594926, -260 
1720702256528.00, -45, -594926, -259 
1720702256550.00, 0, -594926, -258 
1720702256571.00, 0, -594927, -256 
1720702256593.00, 5, -594926, -256 
1720702256614.00, 0, -594926, -256 
1720702256635.00, 0, -594926, -255 
1720702256657.00, 0, -594926, -253 
1720702256678.00, 0, -594926, -252 
1720702256699.00, 0, -594926, -253 
1720702256721.00, 0, -594926, -253 
1720702256742.00, 0, -594927, -253 
1720702256763.00, 0, -594926, -254 
1720702256784.00, 0, -594926, -256 
1720702256805.00, -24, -594926, -256 
1720702256827.00, 0, -594926, -257 
1720702256848.00, 0, -594926, -256 
1720702256869.00, 0, -594926, -256 
1720702256891.00, 0, -594927, -256 
1720702256912.00, 0, -594927, -256 
1720702256933.00, 0, -594927, -256 
1720702256955.00, 0, -594926, -255 
1720702256976.00, -5, -594927, -254 
1720702256997.00, 0, -594926, -256 
1720702257018.00, 0, -594926, -257 
1720702257041.00, 0, -594926, -257 
1720702257061.00, 0, -594926, -256 
1720702257083.00, 0, -594927, -256 
1720702257104.00, 0, -594926, -257 
1720702257124.00, 0, -594926, -258 
1720702257146.00, 0, -594926, -258 
1720702257168.00, 0, -594926, -259 
1720702257188.00, 0, -594926, -260 
1720702257210.00, 0, -594926, -260 
1720702257231.00, 0, -594926, -259 
1720702257253.00, 0, -594926, -257 
1720702257274.00, 0, -594926, -256 
1720702257295.00, -30, -594926, -255 
1720702257317.00, 0, -594926, -256 
1720702257338.00, 0, -594926, -256 
1720702257359.00, 0, -594926, -257 
1720702257381.00, -5, -594927, -258 
1720702257402.00, 0, -594926, -260 
1720702257422.00, 0, -594927, -262 
1720702257447.00, 0, -594927, -264 
1720702257466.00, 0, -594926, -266 
1720702257490.00, 0, -594927, -267 
1720702257508.00, 0, -594927, -266 
1720702257529.00, 0, -594925, -265 
1720702257551.00, 0, -594927, -263 
1720702257572.00, 0, -594927, -261 
1720702257593.00, 2, -594927, -258 
1720702257615.00, 0, -594927, -256 
1720702257636.00, 0, -594928, -257 
1720702257657.00, 0, -594927, -258 
1720702257679.00, 0, -594927, -261 
1720702257701.00, 0, -594927, -264 
1720702257721.00, 0, -594927, -266 
1720702257742.00, 0, -594927, -267 
1720702257768.00, 0, -594928, -267 
1720702257786.00, 0, -594927, -267 
1720702257809.00, 0, -594927, -267 
1720702257831.00, 0, -594927, -266 
1720702257849.00, 0, -594927, -265 
1720702257870.00, 0, -594926, -265 
1720702257891.00, 0, -594926, -263 
1720702257919.00, 0, -594927, -261 
1720702257934.00, 0, -594926, -261 
1720702257955.00, -40, -594927, -260 
1720702257976.00, 0, -594926, -260 
1720702257998.00, 0, -594926, -262 
1720702258019.00, 0, -594927, -264 
1720702258040.00, 63, -594926, -264 
1720702258062.00, 0, -594926, -263 
1720702258083.00, 0, -594927, -261 
1720702258105.00, 0, -594926, -259 
1720702258126.00, 0, -594927, -258 
1720702258147.00, 0, -594927, -258 
1720702258168.00, 40, -594927, -256 
1720702258189.00, 0, -594927, -255 
1720702258211.00, 0, -594927, -255 
1720702258232.00, 0, -594927, -255 
1720702258253.00, 0, -594928, -255 
1720702258275.00, 0, -594927, -255 
1720702258296.00, 0, -594926, -255 
1720702258318.00, 0, -594927, -255 
1720702258339.00, 0, -594927, -255 
1720702258360.00, 3, -594927, -256 
1720702258382.00, 0, -594926, -258 
1720702258402.00, -4, -594927, -259 
1720702258424.00, 0, -594927, -262 
1720702258445.00, 0, -594927, -263 
1720702258466.00, 0, -594927, -265 
1720702258488.00, 0, -594928, -266 
1720702258509.00, 0, -594927, -266 
1720702258530.00, 0, -594928, -265 
1720702258552.00, 0, -594928, -263 
1720702258573.00, 0, -594927, -262 
1720702258594.00, 0, -594927, -261 
1720702258616.00, 0, -594927, -261 
1720702258636.00, 0, -594928, -261 
1720702258658.00, 0, -594926, -262 
1720702258681.00, 0, -594928, -264 
1720702258700.00, 0, -594927, -264 
1720702258722.00, 0, -594927, -263 
1720702258743.00, 0, -594928, -262 
1720702258764.00, 0, -594928, -261 
1720702258788.00, 0, -594926, -262 
1720702258807.00, 0, -594928, -368 
1720702258828.00, 0, -594928, -367 
1720702258849.00, 0, -594927, -366 
1720702258871.00, 0, -594928, -364 
1720702258892.00, 0, -594926, -361 
1720702258912.00, 0, -594928, -360 
1720702258934.00, 0, -594927, -360 
1720702258955.00, 0, -594927, -362 
1720702258976.00, 0, -594928, -367 
1720702258997.00, 0, -594927, -372 
1720702259018.00, 0, -594928, -376 
1720702259040.00, 0, -594928, -380 
1720702259061.00, 0, -594928, -382 
1720702259082.00, 0, -594928, -384 
1720702259103.00, 0, -594929, -383 
1720702259124.00, 0, -594928, -384 
1720702259145.00, 0, -594928, -384 
1720702259167.00, 0, -594928, -383 
1720702259188.00, 0, -594928, -382 
1720702259208.00, 0, -594928, -382 
1720702259230.00, 0, -594929, -383 
1720702259251.00, 0, -594928, -384 
1720702259272.00, 0, -594928, -384 
1720702259293.00, 0, -594929, -384 
1720702259314.00, 0, -594929, -382 
1720702259335.00, 0, -594928, -380 
1720702259356.00, 0, -594928, -378 
1720702259378.00, 0, -594929, -377 
1720702259399.00, 0, -594928, -378 
1720702259420.00, 0, -594928, -380 
1720702259441.00, 0, -594929, -381 
1720702259462.00, 0, -594930, -381 
1720702259483.00, 0, -594929, -382 
1720702259504.00, 0, -594929, -384 
1720702259525.00, 0, -594929, -385 
1720702259546.00, 0, -594929, -382 
1720702259567.00, 0, -594929, -381 
1720702259588.00, 0, -594927, -379 
