1721978319515.00, 0, -597267, -326 
1721978319537.00, 0, -597267, -328 
1721978319558.00, 0, -597266, -331 
1721978319579.00, 0, -597266, -335 
1721978319601.00, 0, -597267, -338 
1721978319623.00, 0, -597267, -340 
1721978319644.00, 0, -597267, -343 
1721978319664.00, 0, -597267, -341 
1721978319686.00, 0, -597268, -340 
1721978319707.00, 0, -597268, -341 
1721978319732.00, 0, -597267, -342 
1721978319750.00, 0, -597268, -342 
1721978319771.00, 0, -597268, -344 
1721978319792.00, 0, -597267, -344 
1721978319813.00, 0, -597268, -345 
1721978319835.00, 0, -597267, -342 
1721978319856.00, 0, -597266, -340 
1721978319877.00, 0, -597267, -340 
1721978319899.00, 0, -597267, -338 
1721978319920.00, 22, -597267, -337 
1721978319941.00, 0, -597267, -336 
1721978319963.00, 0, -597267, -336 
1721978319984.00, 0, -597267, -334 
1721978320005.00, 0, -597268, -335 
1721978320027.00, 0, -597268, -335 
1721978320048.00, 0, -597268, -334 
1721978320069.00, 0, -597267, -333 
1721978320090.00, 0, -597267, -334 
1721978320111.00, 0, -597268, -339 
1721978320133.00, 0, -597268, -341 
1721978320154.00, 0, -597268, -343 
1721978320175.00, 0, -597267, -347 
1721978320197.00, 0, -597267, -352 
1721978320218.00, 0, -597268, -351 
1721978320239.00, 0, -597268, -345 
1721978320260.00, 0, -597268, -341 
1721978320282.00, 0, -597268, -340 
1721978320303.00, 0, -597268, -342 
1721978320324.00, 0, -597269, -344 
1721978320346.00, 0, -597268, -345 
1721978320367.00, 0, -597269, -346 
1721978320391.00, 0, -597268, -346 
1721978320410.00, 0, -597268, -348 
1721978320431.00, 0, -597268, -351 
1721978320452.00, 0, -597268, -355 
1721978320472.00, 0, -597268, -357 
1721978320496.00, 0, -597268, -358 
1721978320517.00, 0, -597268, -358 
1721978320538.00, 0, -597267, -358 
1721978320560.00, 0, -597269, -358 
1721978320581.00, 0, -597268, -358 
1721978320602.00, 0, -597268, -358 
1721978320623.00, 0, -597269, -359 
1721978320645.00, 0, -597269, -360 
1721978320666.00, 0, -597269, -361 
1721978320687.00, 0, -597269, -360 
1721978320709.00, 0, -597268, -359 
1721978320730.00, 0, -597269, -360 
1721978320751.00, 0, -597268, -360 
1721978320772.00, 0, -597268, -360 
1721978320794.00, 0, -597268, -359 
1721978320815.00, 0, -597269, -357 
1721978320835.00, 1, -597268, -357 
1721978320858.00, 8, -597268, -356 
1721978320879.00, 0, -597267, -352 
1721978320900.00, 0, -597268, -346 
1721978320922.00, 0, -597268, -340 
1721978320943.00, 0, -597269, -335 
1721978320964.00, 0, -597267, -328 
1721978320986.00, 0, -597267, -318 
1721978321006.00, 0, -597266, -301 
1721978321028.00, 0, -597266, -290 
1721978321050.00, 0, -597266, -282 
1721978321070.00, 0, -597264, -265 
1721978321092.00, 0, -597265, -253 
1721978321113.00, 33, -597265, -251 
1721978321134.00, 65, -597264, -242 
1721978321160.00, 64, -597264, -226 
1721978321178.00, 67, -597262, -210 
1721978321199.00, 0, -597261, -195 
1721978321220.00, 0, -597260, -187 
1721978321242.00, 1, -597260, -178 
1721978321262.00, -1, -597259, -168 
1721978321284.00, 0, -597259, -161 
1721978321305.00, 0, -597259, -157 
1721978321327.00, 0, -597259, -153 
1721978321348.00, 12, -597259, -149 
1721978321370.00, -2, -597258, -142 
1721978321391.00, 46, -597257, -137 
1721978321413.00, 67, -597257, -124 
1721978321434.00, 28, -597255, -110 
1721978321455.00, -5, -597254, -103 
1721978321477.00, 42, -597254, -109 
1721978321498.00, -1, -597253, -110 
1721978321519.00, -3, -597252, -110 
1721978321541.00, 12, -597252, -98 
1721978321562.00, 68, -597250, -79 
1721978321583.00, 58, -597249, -56 
1721978321605.00, 56, -597246, -36 
1721978321626.00, 40, -597245, -30 
1721978321648.00, 26, -597244, -32 
1721978321669.00, 24, -597243, -29 
1721978321690.00, 68, -597242, -28 
1721978321711.00, -1, -597243, -26 
1721978321732.00, -3, -597241, -21 
1721978321754.00, 51, -597240, -14 
1721978321775.00, 0, -597239, -15 
1721978321796.00, 0, -597239, -15 
1721978321818.00, 0, -597239, -28 
1721978321839.00, 0, -597239, -29 
1721978321860.00, 0, -597240, -23 
1721978321881.00, 0, -597238, -15 
1721978321902.00, 9, -597239, -34 
1721978321925.00, 0, -597239, -27 
1721978321945.00, 0, -597239, -23 
1721978321966.00, 0, -597239, -29 
1721978321987.00, 0, -597239, -30 
1721978322008.00, 0, -597239, -32 
1721978322029.00, 50, -597239, -24 
1721978322051.00, 59, -597237, -19 
1721978322072.00, 0, -597239, -22 
1721978322093.00, 12, -597240, -35 
1721978322115.00, 0, -597239, -26 
1721978322138.00, 0, -597238, -24 
1721978322157.00, 67, -597239, -35 
1721978322179.00, 0, -597238, -38 
1721978322199.00, 0, -597238, -34 
1721978322221.00, 0, -597238, -25 
1721978322242.00, 0, -597238, -24 
1721978322263.00, 0, -597238, -23 
1721978322285.00, 0, -597238, -20 
1721978322306.00, 7, -597237, -18 
1721978322327.00, 0, -597236, -15 
1721978322348.00, 1, -597235, 6 
1721978322370.00, 67, -597231, 48 
1721978322391.00, 3024, -597226, 82 
1721978322412.00, 7015, -597159, 107 
1721978322434.00, 10609, -597003, 155 
1721978322456.00, 15515, -596771, 213 
1721978322480.00, 21896, -596434, 229 
1721978322499.00, 27104, -595969, 256 
1721978322521.00, 31784, -595392, 307 
1721978322542.00, 37285, -594712, 304 
1721978322564.00, 40603, -593903, 314 
1721978322586.00, 43244, -593028, 358 
1721978322607.00, 47221, -592107, 389 
1721978322629.00, 51405, -591083, 422 
1721978322650.00, 55906, -589961, 502 
1721978322672.00, 63160, -588757, 527 
1721978322694.00, 68947, -587381, 543 
1721978322715.00, 73372, -585883, 563 
1721978322737.00, 77288, -584295, 535 
1721978322759.00, 77935, -582623, 551 
1721978322780.00, 79086, -580931, 574 
1721978322802.00, 81211, -579218, 580 
1721978322824.00, 82853, -577454, 602 
1721978322845.00, 85115, -575671, 621 
1721978322867.00, 87452, -573812, 690 
1721978322888.00, 93009, -571918, 738 
1721978322917.00, 99381, -569904, 699 
1721978322932.00, 100420, -567750, 755 
1721978322953.00, 104492, -565560, 759 
1721978322975.00, 107111, -563281, 758 
1721978322997.00, 108579, -560942, 812 
1721978323020.00, 112612, -558582, 858 
1721978323040.00, 117767, -556138, 881 
1721978323062.00, 122144, -553558, 927 
1721978323084.00, 127611, -550888, 966 
1721978323104.00, 133016, -548106, 1002 
1721978323131.00, 138440, -545194, 1033 
1721978323148.00, 143358, -542168, 1057 
1721978323170.00, 147671, -539038, 1096 
1721978323192.00, 152622, -535804, 1112 
1721978323214.00, 156462, -532461, 1133 
1721978323239.00, 159920, -529031, 1160 
1721978323257.00, 163419, -525527, 1187 
1721978323279.00, 167103, -521959, 1203 
1721978323301.00, 170253, -518300, 1225 
1721978323322.00, 173450, -514572, 1246 
1721978323347.00, 174760, -510783, 1244 
1721978323365.00, 174765, -506961, 1283 
1721978323387.00, 174794, -503143, 1313 
1721978323410.00, 174629, -499312, 1345 
1721978323432.00, 174725, -495503, 1333 
1721978323455.00, 174663, -491677, 1355 
1721978323475.00, 174702, -487856, 1368 
1721978323497.00, 174797, -484049, 1398 
1721978323519.00, 174767, -480234, 1417 
1721978323541.00, 174952, -476402, 1439 
1721978323562.00, 174539, -472585, 1454 
1721978323585.00, 174472, -468768, 1442 
1721978323606.00, 174460, -464955, 1415 
1721978323628.00, 174599, -461145, 1367 
1721978323649.00, 174700, -457330, 1303 
1721978323672.00, 174587, -453517, 1213 
1721978323693.00, 174530, -449697, 1107 
1721978323716.00, 168322, -445892, 970 
1721978323738.00, 156359, -442240, 852 
1721978323760.00, 141815, -438862, 730 
1721978323782.00, 125952, -435805, 510 
1721978323803.00, 103576, -433086, 283 
1721978323825.00, 76352, -430874, 171 
1721978323847.00, 43031, -429259, -29 
1721978323868.00, 20940, -428336, -205 
1721978323890.00, -1578, -427874, -473 
1721978323911.00, -31507, -427890, -591 
1721978323933.00, -56257, -428542, -723 
1721978323954.00, -78897, -429742, -844 
1721978323976.00, -99679, -431463, -928 
1721978324000.00, -116828, -433638, -1005 
1721978324019.00, -131519, -436207, -1039 
1721978324040.00, -142199, -439101, -1074 
1721978324062.00, -150538, -442225, -1106 
1721978324084.00, -157172, -445521, -1108 
1721978324109.00, -161152, -448945, -1111 
1721978324128.00, -163620, -452494, -1147 
1721978324149.00, -167041, -456071, -1160 
1721978324171.00, -169931, -459728, -1212 
1721978324193.00, -174685, -463442, -1218 
1721978324221.00, -174830, -467271, -1222 
1721978324236.00, -174691, -471081, -1252 
1721978324259.00, -174721, -474897, -1279 
1721978324280.00, -174815, -478707, -1287 
1721978324302.00, -174727, -482519, -1302 
1721978324327.00, -174784, -486347, -1308 
1721978324346.00, -174826, -490159, -1309 
1721978324368.00, -174706, -493985, -1292 
1721978324390.00, -174780, -497785, -1327 
1721978324411.00, -174944, -501617, -1326 
1721978324433.00, -174785, -505425, -1351 
1721978324455.00, -174661, -509251, -1375 
1721978324477.00, -174891, -513076, -1381 
1721978324499.00, -174581, -516890, -1378 
1721978324520.00, -174614, -520703, -1371 
1721978324542.00, -174765, -524518, -1394 
1721978324563.00, -174889, -528321, -1349 
1721978324586.00, -174792, -532147, -1311 
1721978324607.00, -174607, -535975, -1327 
1721978324629.00, -174679, -539780, -1300 
1721978324651.00, -174826, -543592, -1237 
1721978324673.00, -174054, -547401, -1299 
1721978324694.00, -174407, -551208, -1258 
1721978324717.00, -174535, -555009, -1230 
1721978324738.00, -173352, -558841, -1247 
1721978324762.00, -173892, -562615, -1175 
1721978324782.00, -169949, -566413, -1157 
1721978324804.00, -166436, -570108, -1158 
1721978324825.00, -164358, -573745, -1118 
1721978324847.00, -160738, -577320, -1051 
1721978324873.00, -154183, -580808, -932 
1721978324892.00, -143404, -584163, -887 
1721978324914.00, -134364, -587268, -826 
1721978324935.00, -125208, -590176, -782 
1721978324957.00, -117254, -592889, -705 
1721978324978.00, -64658, -595408, -648 
1721978325001.00, -33374, -596811, -627 
1721978325022.00, -15048, -597547, -441 
1721978325043.00, -4511, -597891, -304 
1721978325065.00, 922, -597996, -221 
1721978325087.00, 4802, -597980, -85 
1721978325108.00, 6935, -597859, 165 
1721978325130.00, 17532, -597695, 435 
1721978325152.00, 39923, -597317, 535 
1721978325173.00, 59690, -596472, 586 
1721978325195.00, 74003, -595180, 835 
1721978325216.00, 97461, -593556, 917 
1721978325238.00, 116486, -591445, 831 
1721978325259.00, 122564, -588897, 959 
1721978325281.00, 133587, -586228, 939 
1721978325304.00, 138653, -583308, 958 
1721978325323.00, 142507, -580294, 1026 
1721978325346.00, 148889, -577167, 1004 
1721978325367.00, 151094, -573902, 1045 
1721978325390.00, 154646, -570608, 1071 
1721978325411.00, 158307, -567217, 1111 
1721978325433.00, 162831, -563760, 1148 
1721978325455.00, 167451, -560188, 1149 
1721978325477.00, 170105, -556531, 1202 
1721978325498.00, 174824, -552812, 1201 
1721978325520.00, 174826, -548989, 1215 
1721978325542.00, 174741, -545169, 1244 
1721978325564.00, 174728, -541343, 1257 
1721978325586.00, 174777, -537539, 1292 
1721978325608.00, 174699, -533721, 1329 
1721978325629.00, 174736, -529901, 1355 
1721978325651.00, 174813, -526074, 1385 
1721978325673.00, 174736, -522265, 1406 
1721978325695.00, 174739, -518452, 1423 
1721978325716.00, 174763, -514615, 1460 
1721978325739.00, 174746, -510804, 1493 
1721978325760.00, 174769, -506986, 1536 
1721978325782.00, 174789, -503164, 1565 
1721978325804.00, 174388, -499334, 1606 
1721978325825.00, 174768, -495518, 1642 
1721978325848.00, 174681, -491700, 1672 
1721978325869.00, 174711, -487877, 1690 
1721978325891.00, 174691, -484061, 1730 
1721978325913.00, 174636, -480247, 1741 
1721978325935.00, 174980, -476418, 1732 
1721978325957.00, 174608, -472604, 1732 
1721978325987.00, 174450, -468788, 1725 
1721978326001.00, 174509, -464968, 1679 
1721978326022.00, 174732, -461166, 1612 
1721978326044.00, 174730, -457352, 1578 
1721978326066.00, 174485, -453522, 1532 
1721978326088.00, 174614, -449719, 1365 
1721978326109.00, 174402, -445918, 1248 
1721978326131.00, 174463, -442104, 1130 
1721978326154.00, 172236, -438309, 907 
1721978326176.00, 157828, -434584, 646 
1721978326198.00, 133168, -431175, 516 
1721978326220.00, 78627, -428324, 369 
1721978326240.00, 46299, -426618, 258 
1721978326263.00, 27358, -425638, -4 
1721978326283.00, 16043, -425046, -224 
1721978326305.00, -3041, -424708, -523 
1721978326327.00, -32607, -424768, -719 
1721978326349.00, -62457, -425443, -777 
1721978326371.00, -83615, -426781, -887 
1721978326391.00, -102687, -428614, -1017 
1721978326413.00, -121799, -430860, -1044 
1721978326434.00, -134811, -433547, -1058 
1721978326456.00, -143352, -436506, -1116 
1721978326478.00, -151614, -439636, -1133 
1721978326500.00, -157578, -442971, -1141 
1721978326522.00, -161572, -446417, -1168 
1721978326544.00, -165553, -449951, -1196 
1721978326566.00, -169310, -453578, -1216 
1721978326588.00, -172648, -457266, -1234 
1721978326609.00, -174685, -461055, -1281 
1721978326631.00, -174775, -464871, -1275 
1721978326653.00, -174720, -468700, -1334 
1721978326675.00, -174680, -472506, -1353 
1721978326697.00, -174811, -476330, -1376 
1721978326718.00, -174437, -480145, -1389 
1721978326739.00, -174540, -483969, -1403 
1721978326762.00, -174599, -487784, -1419 
1721978326784.00, -174751, -491598, -1443 
1721978326806.00, -174854, -495410, -1450 
1721978326827.00, -174808, -499229, -1453 
1721978326849.00, -174734, -503047, -1442 
1721978326871.00, -174523, -506868, -1436 
1721978326893.00, -174485, -510688, -1457 
1721978326915.00, -174771, -514488, -1446 
1721978326936.00, -174832, -518310, -1440 
1721978326958.00, -174450, -522118, -1433 
1721978326980.00, -174575, -525954, -1372 
1721978327002.00, -174658, -529747, -1345 
1721978327023.00, -174673, -533574, -1292 
1721978327045.00, -174818, -537378, -1285 
1721978327067.00, -174882, -541204, -1276 
1721978327089.00, -174781, -545002, -1240 
1721978327111.00, -174225, -548832, -1237 
1721978327133.00, -173672, -552642, -1244 
1721978327154.00, -173878, -556426, -1197 
1721978327177.00, -171339, -560225, -1140 
1721978327197.00, -166115, -563951, -1234 
1721978327219.00, -168613, -567576, -1141 
1721978327242.00, -164556, -571252, -1118 
1721978327263.00, -160636, -574851, -1073 
1721978327287.00, -155528, -578353, -985 
1721978327308.00, -147292, -581733, -900 
1721978327330.00, -137421, -584934, -857 
1721978327352.00, -128833, -587891, -731 
1721978327373.00, -116273, -590682, -600 
1721978327395.00, -100856, -593187, -529 
1721978327416.00, -55081, -595349, -389 
1721978327438.00, -28201, -596539, -289 
1721978327459.00, -12728, -597177, -255 
1721978327482.00, -3374, -597459, -176 
1721978327503.00, 1593, -597534, -58 
1721978327525.00, 4942, -597492, 132 
1721978327546.00, 15014, -597372, 354 
1721978327568.00, 33918, -597054, 529 
1721978327589.00, 55651, -596342, 565 
1721978327611.00, 70470, -595148, 761 
1721978327632.00, 90996, -593602, 845 
1721978327655.00, 108145, -591636, 812 
1721978327676.00, 116389, -589268, 872 
1721978327698.00, 124564, -586724, 864 
1721978327719.00, 128847, -584015, 850 
1721978327741.00, 130074, -581207, 871 
1721978327763.00, 132101, -578375, 848 
1721978327785.00, 131841, -575503, 872 
1721978327806.00, 132990, -572631, 912 
1721978327834.00, 136062, -569731, 906 
1721978327850.00, 137292, -566768, 945 
1721978327871.00, 140258, -563780, 967 
1721978327892.00, 143295, -560726, 1004 
1721978327914.00, 146953, -557590, 1044 
1721978327936.00, 151646, -554379, 1060 
1721978327958.00, 155261, -551065, 1101 
1721978327979.00, 159594, -547667, 1122 
1721978328001.00, 163471, -544164, 1140 
1721978328023.00, 166655, -540597, 1173 
1721978328045.00, 170450, -536952, 1189 
1721978328067.00, 173507, -533229, 1172 
1721978328088.00, 174276, -529427, 1166 
1721978328111.00, 174188, -525626, 1199 
1721978328132.00, 174957, -521814, 1208 
1721978328154.00, 174552, -517997, 1258 
1721978328175.00, 174665, -514171, 1259 
1721978328197.00, 174714, -510362, 1300 
1721978328220.00, 174894, -506528, 1367 
1721978328241.00, 174892, -502715, 1433 
1721978328263.00, 174767, -498882, 1463 
1721978328285.00, 174950, -495067, 1502 
1721978328306.00, 174550, -491246, 1567 
1721978328329.00, 174704, -487432, 1604 
1721978328351.00, 174861, -483605, 1634 
1721978328377.00, 174802, -479787, 1670 
1721978328394.00, 174684, -475955, 1679 
1721978328416.00, 174832, -472148, 1696 
1721978328438.00, 174814, -468322, 1683 
1721978328460.00, 174638, -464514, 1656 
1721978328482.00, 174712, -460703, 1613 
1721978328503.00, 174844, -456882, 1556 
1721978328525.00, 174503, -453073, 1479 
1721978328546.00, 174407, -449250, 1344 
1721978328568.00, 174445, -445440, 1236 
1721978328590.00, 174694, -441647, 1062 
1721978328613.00, 167682, -437839, 963 
1721978328635.00, 157293, -434209, 846 
1721978328656.00, 144219, -430798, 686 
1721978328679.00, 83978, -427704, 574 
1721978328700.00, 48406, -425883, 516 
1721978328721.00, 27646, -424851, 252 
1721978328742.00, 15628, -424238, 119 
1721978328765.00, 8663, -423898, -53 
1721978328786.00, 553, -423713, -197 
1721978328808.00, -11708, -423714, -670 
1721978328829.00, -47586, -423960, -816 
1721978328851.00, -77806, -424953, -863 
1721978328872.00, -98607, -426647, -1021 
1721978328893.00, -120325, -428823, -1085 
1721978328920.00, -136912, -431457, -1111 
1721978328938.00, -148357, -434476, -1134 
1721978328958.00, -156470, -437727, -1135 
1721978328981.00, -161179, -441155, -1153 
1721978329003.00, -164900, -444692, -1147 
1721978329024.00, -166771, -448284, -1176 
1721978329046.00, -169318, -451946, -1225 
1721978329068.00, -173825, -455632, -1246 
1721978329089.00, -174977, -459440, -1283 
1721978329112.00, -174770, -463261, -1330 
1721978329133.00, -174398, -467091, -1361 
1721978329155.00, -174655, -470911, -1367 
1721978329177.00, -174722, -474721, -1404 
1721978329198.00, -174706, -478549, -1465 
1721978329221.00, -175009, -482344, -1455 
1721978329243.00, -174805, -486173, -1487 
1721978329264.00, -174623, -489991, -1482 
1721978329285.00, -174520, -493814, -1476 
1721978329308.00, -174708, -497621, -1478 
1721978329330.00, -174776, -501453, -1537 
1721978329357.00, -174761, -505257, -1523 
1721978329373.00, -174697, -509078, -1490 
1721978329395.00, -174659, -512900, -1483 
1721978329417.00, -174586, -516714, -1478 
1721978329439.00, -174670, -520529, -1434 
1721978329461.00, -174722, -524342, -1481 
1721978329483.00, -174798, -528153, -1495 
1721978329505.00, -174480, -531970, -1469 
1721978329526.00, -174537, -535802, -1492 
1721978329548.00, -174621, -539614, -1462 
1721978329571.00, -174672, -543425, -1491 
1721978329592.00, -174756, -547227, -1501 
1721978329613.00, -174746, -551057, -1468 
1721978329635.00, -174634, -554859, -1448 
1721978329657.00, -174519, -558682, -1439 
1721978329679.00, -174480, -562499, -1417 
1721978329701.00, -174575, -566314, -1318 
1721978329722.00, -174695, -570116, -1289 
1721978329744.00, -174531, -573928, -1249 
1721978329766.00, -174413, -577730, -1148 
1721978329787.00, -168424, -581538, -1014 
1721978329810.00, -156734, -585202, -968 
1721978329832.00, -146962, -588592, -829 
1721978329854.00, -132536, -591765, -639 
1721978329876.00, -112841, -594620, -474 
1721978329897.00, -61790, -597031, -344 
1721978329919.00, -31624, -598376, -225 
1721978329941.00, -13883, -599074, -65 
1721978329962.00, -3610, -599376, 158 
1721978329984.00, 10973, -599455, 358 
1721978330005.00, 31818, -599235, 497 
1721978330027.00, 52635, -598567, 581 
1721978330048.00, 69831, -597428, 745 
1721978330071.00, 89822, -595908, 859 
1721978330092.00, 108669, -593957, 810 
1721978330114.00, 116694, -591585, 873 
1721978330136.00, 125173, -589039, 894 
1721978330156.00, 131185, -586306, 908 
1721978330179.00, 135547, -583443, 947 
1721978330201.00, 140166, -580497, 954 
1721978330222.00, 143247, -577434, 969 
1721978330243.00, 145660, -574315, 1045 
1721978330265.00, 151612, -571135, 1028 
1721978330287.00, 154003, -567809, 1066 
1721978330309.00, 157769, -564449, 1116 
1721978330330.00, 162685, -560994, 1117 
1721978330352.00, 165531, -557442, 1155 
1721978330374.00, 169363, -553817, 1169 
1721978330396.00, 172284, -550104, 1207 
1721978330417.00, 174933, -546341, 1227 
1721978330439.00, 174870, -542526, 1281 
1721978330461.00, 174785, -538707, 1299 
1721978330482.00, 174809, -534887, 1335 
1721978330504.00, 174758, -531064, 1386 
1721978330527.00, 174622, -527236, 1420 
1721978330548.00, 174640, -523427, 1441 
1721978330570.00, 174774, -519609, 1488 
1721978330592.00, 174828, -515781, 1523 
1721978330614.00, 174867, -511962, 1549 
1721978330636.00, 174934, -508138, 1605 
1721978330658.00, 174663, -504320, 1662 
1721978330681.00, 174734, -500504, 1688 
1721978330701.00, 174755, -496679, 1746 
1721978330723.00, 174478, -492869, 1779 
1721978330745.00, 174829, -489044, 1811 
1721978330767.00, 174807, -485214, 1857 
1721978330795.00, 174688, -481404, 1893 
1721978330810.00, 174503, -477591, 1876 
1721978330832.00, 174715, -473773, 1892 
1721978330854.00, 174884, -469943, 1899 
1721978330876.00, 174572, -466138, 1803 
1721978330897.00, 174487, -462308, 1757 
1721978330919.00, 174504, -458486, 1750 
1721978330940.00, 174641, -454689, 1699 
1721978330963.00, 174729, -450869, 1627 
1721978330985.00, 174589, -447052, 1566 
1721978331006.00, 174593, -443244, 1464 
1721978331028.00, 174235, -439443, 1283 
1721978331050.00, 174297, -435634, 1059 
1721978331072.00, 167837, -431850, 766 
1721978331095.00, 98243, -428244, 483 
1721978331116.00, 57435, -426107, 399 
1721978331138.00, 33778, -424895, 3 
1721978331160.00, 19805, -424151, -177 
1721978331181.00, 1200, -423736, -566 
1721978331203.00, -32416, -423697, -683 
1721978331224.00, -59985, -424358, -886 
1721978331246.00, -88389, -425661, -1029 
1721978331266.00, -113876, -427597, -1111 
1721978331289.00, -133928, -430101, -1166 
1721978331310.00, -149143, -433053, -1199 
1721978331332.00, -160064, -436326, -1186 
1721978331354.00, -165781, -439835, -1207 
1721978331376.00, -170402, -443464, -1215 
1721978331398.00, -173331, -447193, -1223 
1721978331419.00, -174760, -450992, -1255 
1721978331441.00, -174778, -454814, -1281 
1721978331463.00, -174540, -458616, -1317 
1721978331485.00, -174687, -462438, -1336 
1721978331506.00, -174880, -466251, -1371 
1721978331528.00, -174898, -470068, -1400 
1721978331550.00, -174807, -473892, -1435 
1721978331572.00, -174705, -477720, -1470 
1721978331593.00, -174704, -481517, -1514 
1721978331616.00, -174850, -485357, -1541 
1721978331637.00, -174745, -489161, -1563 
1721978331659.00, -174585, -492991, -1578 
1721978331680.00, -174631, -496806, -1604 
1721978331703.00, -174704, -500630, -1613 
1721978331725.00, -174632, -504448, -1642 
1721978331747.00, -175041, -508262, -1662 
1721978331768.00, -174809, -512074, -1679 
1721978331790.00, -174624, -515889, -1700 
1721978331812.00, -174618, -519715, -1678 
1721978331833.00, -174709, -523533, -1678 
1721978331855.00, -174636, -527345, -1664 
1721978331877.00, -174644, -531147, -1645 
1721978331899.00, -174797, -534970, -1644 
1721978331921.00, -174595, -538784, -1605 
1721978331943.00, -174622, -542617, -1524 
1721978331964.00, -174628, -546422, -1507 
1721978331986.00, -174752, -550242, -1503 
1721978332008.00, -174765, -554039, -1503 
1721978332030.00, -174213, -557869, -1553 
1721978332052.00, -174795, -561678, -1481 
1721978332073.00, -174601, -565509, -1514 
1721978332095.00, -174675, -569317, -1491 
1721978332117.00, -174824, -573123, -1438 
1721978332139.00, -174661, -576925, -1409 
1721978332161.00, -174501, -580733, -1318 
1721978332183.00, -174344, -584547, -1194 
1721978332204.00, -173894, -588345, -1045 
1721978332227.00, -164577, -592134, -871 
1721978332249.00, -148697, -595682, -696 
1721978332271.00, -84818, -598891, -564 
1721978332293.00, -47482, -600731, -455 
1721978332314.00, -26032, -601754, -282 
1721978332335.00, -13379, -602326, -121 
1721978332357.00, -5661, -602617, 1 
1721978332379.00, -1353, -602736, 212 
1721978332400.00, 12893, -602753, 548 
1721978332423.00, 41956, -602495, 655 
1721978332443.00, 66120, -601623, 740 
1721978332465.00, 85288, -600192, 864 
1721978332486.00, 104264, -598328, 919 
1721978332508.00, 118519, -596061, 924 
1721978332532.00, 126992, -593464, 982 
1721978332551.00, 135565, -590686, 983 
1721978332574.00, 140657, -587741, 996 
1721978332594.00, 144280, -584679, 1001 
1721978332617.00, 146513, -581521, 979 
1721978332638.00, 146467, -578331, 1028 
1721978332660.00, 149230, -575129, 1074 
1721978332681.00, 153641, -571869, 1095 
1721978332703.00, 157370, -568499, 1144 
1721978332725.00, 162406, -565067, 1177 
1721978332747.00, 167327, -561498, 1230 
1721978332769.00, 173560, -557837, 1250 
1721978332790.00, 174951, -554050, 1266 
1721978332812.00, 174676, -550227, 1332 
1721978332834.00, 174716, -546404, 1349 
1721978332858.00, 174911, -542586, 1405 
1721978332878.00, 174938, -538772, 1454 
1721978332899.00, 174575, -534944, 1488 
1721978332921.00, 174626, -531130, 1521 
1721978332943.00, 174662, -527303, 1566 
1721978332968.00, 174734, -523497, 1568 
1721978332987.00, 174785, -519674, 1607 
1721978333009.00, 174704, -515861, 1626 
1721978333030.00, 174902, -512040, 1619 
1721978333052.00, 174638, -508211, 1644 
1721978333075.00, 174563, -504404, 1675 
1721978333095.00, 174604, -500585, 1669 
1721978333118.00, 174919, -496775, 1673 
1721978333139.00, 174710, -492956, 1716 
1721978333161.00, 174791, -489135, 1738 
1721978333183.00, 174792, -485313, 1766 
1721978333205.00, 174726, -481490, 1832 
1721978333226.00, 174738, -477670, 1872 
1721978333248.00, 174723, -473863, 1891 
1721978333270.00, 174749, -470034, 1888 
1721978333292.00, 174685, -466216, 1878 
1721978333314.00, 174505, -462398, 1843 
1721978333336.00, 174389, -458577, 1782 
1721978333358.00, 174307, -454774, 1729 
1721978333379.00, 174194, -450970, 1655 
1721978333400.00, 174367, -447165, 1492 
1721978333423.00, 174212, -443353, 1359 
1721978333445.00, 174110, -439576, 1103 
1721978333467.00, 165246, -435789, 826 
1721978333489.00, 143224, -432225, 502 
1721978333513.00, 79105, -429149, 262 
1721978333533.00, 41219, -427450, 137 
1721978333554.00, 19430, -426566, -247 
1721978333575.00, -7099, -426137, -416 
1721978333598.00, -33505, -426276, -600 
1721978333620.00, -59880, -426973, -704 
1721978333640.00, -81774, -428276, -856 
1721978333661.00, -103915, -430052, -1009 
1721978333683.00, -126151, -432333, -1064 
1721978333705.00, -142470, -435131, -1084 
1721978333727.00, -152972, -438253, -1134 
1721978333749.00, -162302, -441616, -1171 
1721978333770.00, -169771, -445172, -1188 
1721978333792.00, -175091, -448869, -1195 
1721978333814.00, -174997, -452718, -1251 
1721978333836.00, -174771, -456521, -1286 
1721978333857.00, -174779, -460360, -1321 
1721978333879.00, -174869, -464169, -1347 
1721978333901.00, -174500, -468003, -1402 
1721978333923.00, -174815, -471808, -1414 
1721978333946.00, -174966, -475635, -1459 
1721978333966.00, -174786, -479447, -1465 
1721978333988.00, -174477, -483265, -1469 
1721978334010.00, -174806, -487088, -1474 
1721978334032.00, -174764, -490897, -1462 
1721978334054.00, -174766, -494722, -1469 
1721978334075.00, -174938, -498527, -1483 
1721978334097.00, -174907, -502361, -1506 
1721978334119.00, -174847, -506157, -1483 
1721978334141.00, -174552, -510000, -1533 
1721978334164.00, -174778, -513804, -1525 
1721978334185.00, -174839, -517634, -1532 
1721978334207.00, -174676, -521439, -1554 
1721978334228.00, -174843, -525257, -1500 
1721978334250.00, -174796, -529078, -1513 
1721978334272.00, -174584, -532892, -1492 
1721978334294.00, -174747, -536710, -1394 
1721978334316.00, -174776, -540530, -1426 
1721978334337.00, -174823, -544331, -1391 
1721978334359.00, -174679, -548139, -1369 
1721978334380.00, -174761, -551977, -1414 
1721978334403.00, -174640, -555782, -1364 
1721978334425.00, -174567, -559611, -1366 
1721978334447.00, -174580, -563410, -1448 
1721978334468.00, -175021, -567220, -1353 
1721978334490.00, -174667, -571022, -1354 
1721978334512.00, -174495, -574860, -1349 
1721978334534.00, -174730, -578653, -1218 
1721978334556.00, -174674, -582480, -1201 
1721978334577.00, -174504, -586277, -1137 
1721978334600.00, -174177, -590085, -990 
1721978334622.00, -165078, -593862, -868 
1721978334644.00, -97972, -597404, -643 
1721978334665.00, -58466, -599523, -480 
1721978334687.00, -35763, -600775, -272 
1721978334708.00, -22044, -601554, -101 
1721978334730.00, -14529, -602043, 12 
1721978334751.00, -9202, -602340, 245 
1721978334773.00, 7561, -602524, 461 
1721978334795.00, 30772, -602388, 564 
1721978334816.00, 50795, -601738, 756 
1721978334838.00, 74463, -600639, 893 
1721978334859.00, 96904, -599024, 907 
1721978334882.00, 111033, -596918, 968 
1721978334902.00, 122900, -594493, 1001 
1721978334925.00, 131905, -591797, 960 
1721978334945.00, 134768, -588921, 1074 
1721978334967.00, 143146, -585966, 1132 
1721978334989.00, 151775, -582831, 1056 
1721978335011.00, 152225, -579522, 1144 
1721978335033.00, 157389, -576182, 1207 
1721978335055.00, 164936, -572741, 1110 
1721978335076.00, 162966, -569132, 1292 
1721978335098.00, 170144, -565570, 1249 
1721978335120.00, 174162, -561847, 1309 
1721978335142.00, 174468, -558041, 1321 
1721978335163.00, 174783, -554229, 1193 
1721978335184.00, 173242, -550420, 1110 
1721978335208.00, 167717, -546641, 877 
1721978335230.00, 150584, -543020, 815 
1721978335251.00, 136308, -539755, 849 
1721978335274.00, 129802, -536803, 798 
1721978335295.00, 123095, -533981, 799 
1721978335316.00, 119385, -531295, 1009 
1721978335338.00, 129489, -528676, 1176 
1721978335359.00, 145604, -525835, 1241 
1721978335381.00, 159042, -522641, 1346 
1721978335403.00, 167586, -519151, 1367 
1721978335425.00, 172292, -515476, 1415 
1721978335447.00, 174956, -511695, 1419 
1721978335468.00, 174731, -507867, 1455 
1721978335490.00, 174693, -504055, 1488 
1721978335512.00, 174841, -500233, 1481 
1721978335534.00, 174821, -496422, 1490 
1721978335556.00, 174950, -492595, 1488 
1721978335577.00, 174717, -488778, 1505 
1721978335599.00, 174571, -484961, 1516 
1721978335621.00, 174708, -481140, 1478 
1721978335643.00, 174724, -477333, 1491 
1721978335665.00, 174764, -473519, 1457 
1721978335687.00, 174774, -469694, 1443 
1721978335709.00, 174579, -465875, 1404 
1721978335730.00, 174520, -462061, 1347 
1721978335752.00, 174535, -458255, 1311 
1721978335774.00, 174636, -454453, 1252 
1721978335796.00, 174570, -450642, 1143 
1721978335818.00, 168235, -446832, 1127 
1721978335839.00, 163434, -443167, 1050 
1721978335862.00, 155644, -439611, 929 
1721978335884.00, 143909, -436242, 721 
1721978335906.00, 124325, -433145, 471 
1721978335926.00, 97569, -430470, 273 
1721978335949.00, 52914, -428412, 94 
1721978335970.00, 26437, -427255, -15 
1721978335992.00, 10182, -426668, -208 
1721978336014.00, -10241, -426436, -231 
1721978336035.00, -24047, -426637, -392 
1721978336057.00, -41912, -427151, -492 
1721978336078.00, -58384, -428052, -597 
1721978336100.00, -74271, -429308, -688 
1721978336122.00, -89040, -430924, -746 
1721978336144.00, -101163, -432857, -795 
1721978336165.00, -111192, -435083, -838 
1721978336187.00, -119548, -437511, -885 
1721978336209.00, -127214, -440111, -903 
1721978336230.00, -132583, -442890, -916 
1721978336252.00, -136561, -445787, -932 
1721978336274.00, -139856, -448746, -926 
1721978336296.00, -141242, -451812, -938 
1721978336317.00, -142626, -454883, -986 
1721978336339.00, -146094, -457979, -982 
1721978336360.00, -147631, -461170, -1013 
1721978336381.00, -150394, -464396, -1041 
1721978336403.00, -153739, -467693, -1030 
1721978336425.00, -154925, -471052, -1065 
1721978336447.00, -157699, -474436, -1080 
1721978336469.00, -159969, -477884, -1070 
1721978336491.00, -160520, -481373, -1113 
1721978336512.00, -163233, -484895, -1151 
1721978336534.00, -167126, -488457, -1125 
1721978336556.00, -167839, -492118, -1164 
1721978336578.00, -170388, -495778, -1173 
1721978336600.00, -172041, -499514, -1161 
1721978336621.00, -172380, -503290, -1164 
1721978336643.00, -172643, -507060, -1157 
1721978336665.00, -172401, -510826, -1128 
1721978336687.00, -170669, -514582, -1157 
1721978336708.00, -171123, -518317, -1134 
1721978336730.00, -169921, -522035, -1107 
1721978336752.00, -167283, -525763, -1115 
1721978336774.00, -166180, -529407, -1068 
1721978336796.00, -162550, -533050, -1055 
1721978336818.00, -159444, -536589, -1066 
1721978336839.00, -158394, -540065, -1014 
1721978336861.00, -154572, -543525, -1023 
1721978336883.00, -152612, -546886, -1013 
1721978336907.00, -150846, -550232, -1007 
1721978336928.00, -149308, -553516, -978 
1721978336950.00, -146721, -556766, -979 
1721978336971.00, -144989, -559949, -967 
1721978336993.00, -143270, -563095, -946 
1721978337015.00, -140977, -566219, -923 
1721978337037.00, -138234, -569274, -882 
1721978337058.00, -133725, -572272, -873 
1721978337080.00, -130705, -575194, -861 
1721978337101.00, -127829, -578017, -825 
1721978337124.00, -124212, -580791, -791 
1721978337145.00, -119921, -583498, -774 
1721978337167.00, -116299, -586096, -730 
1721978337189.00, -111274, -588616, -668 
1721978337210.00, -104747, -591034, -607 
1721978337232.00, -97051, -593298, -571 
1721978337254.00, -55418, -595376, -498 
1721978337275.00, -30497, -596579, -399 
1721978337297.00, -16236, -597267, -324 
1721978337319.00, -7842, -597632, -275 
1721978337341.00, -2797, -597804, -195 
1721978337362.00, 11, -597864, -102 
1721978337383.00, 1643, -597862, 39 
1721978337405.00, 4884, -597818, 286 
1721978337426.00, 21602, -597700, 461 
1721978337448.00, 41963, -597248, 580 
1721978337469.00, 61508, -596353, 667 
1721978337491.00, 78253, -595019, 880 
1721978337513.00, 100891, -593314, 966 
1721978337534.00, 119474, -591113, 932 
1721978337554.00, 128443, -588505, 1033 
1721978337577.00, 139559, -585684, 1039 
1721978337598.00, 146387, -582621, 1066 
1721978337621.00, 152003, -579424, 1096 
1721978337642.00, 156979, -576097, 1119 
1721978337664.00, 161352, -572656, 1149 
1721978337686.00, 165546, -569132, 1178 
1721978337708.00, 169649, -565514, 1211 
1721978337729.00, 173943, -561794, 1243 
1721978337751.00, 174861, -558003, 1263 
1721978337773.00, 175001, -554187, 1295 
1721978337795.00, 174687, -550361, 1321 
1721978337817.00, 174509, -546546, 1334 
1721978337839.00, 174694, -542736, 1357 
1721978337860.00, 174851, -538920, 1383 
1721978337882.00, 174761, -535088, 1425 
1721978337904.00, 174746, -531276, 1436 
1721978337926.00, 174818, -527448, 1463 
1721978337948.00, 174626, -523639, 1479 
1721978337969.00, 174540, -519817, 1510 
1721978337991.00, 174912, -516002, 1506 
1721978338013.00, 174847, -512179, 1520 
1721978338035.00, 174636, -508347, 1525 
1721978338056.00, 174790, -504545, 1527 
1721978338078.00, 174776, -500732, 1530 
1721978338100.00, 174694, -496915, 1518 
1721978338122.00, 174767, -493097, 1530 
1721978338144.00, 174801, -489266, 1528 
1721978338166.00, 174811, -485462, 1528 
1721978338187.00, 174516, -481635, 1514 
1721978338210.00, 174707, -477817, 1488 
1721978338232.00, 174935, -474014, 1483 
1721978338253.00, 174715, -470188, 1468 
1721978338275.00, 174694, -466369, 1450 
1721978338297.00, 174584, -462552, 1426 
1721978338318.00, 174591, -458745, 1353 
1721978338339.00, 174645, -454925, 1274 
1721978338362.00, 174812, -451120, 1189 
1721978338384.00, 174823, -447302, 1093 
1721978338406.00, 169418, -443500, 996 
1721978338429.00, 160245, -439831, 878 
1721978338450.00, 147650, -436355, 702 
1721978338472.00, 129407, -433177, 522 
1721978338494.00, 107516, -430390, 325 
1721978338515.00, 62603, -428114, 121 
1721978338539.00, 35523, -426751, 19 
1721978338559.00, 19938, -425990, -252 
1721978338580.00, -3393, -425553, -315 
1721978338602.00, -21569, -425610, -443 
1721978338624.00, -40180, -426065, -576 
1721978338645.00, -59151, -426919, -654 
1721978338667.00, -75185, -428206, -703 
1721978338688.00, -87457, -429837, -794 
1721978338710.00, -100305, -431745, -856 
1721978338732.00, -111563, -433936, -901 
1721978338753.00, -120850, -436374, -926 
1721978338775.00, -127695, -439013, -977 
1721978338797.00, -134703, -441813, -993 
1721978338819.00, -139945, -444758, -995 
1721978338839.00, -143114, -447797, -1008 
1721978338861.00, -145668, -450934, -1045 
1721978338883.00, -149301, -454120, -1065 
1721978338904.00, -152597, -457372, -1076 
1721978338926.00, -155137, -460719, -1111 
1721978338948.00, -158370, -464101, -1121 
1721978338970.00, -161119, -467585, -1125 
1721978338991.00, -162742, -471100, -1158 
1721978339014.00, -165653, -474661, -1177 
1721978339035.00, -168400, -478283, -1169 
1721978339057.00, -169680, -481964, -1184 
1721978339079.00, -171303, -485674, -1198 
1721978339101.00, -173137, -489406, -1174 
1721978339123.00, -172607, -493201, -1185 
1721978339144.00, -172765, -496970, -1190 
1721978339168.00, -172981, -500739, -1185 
1721978339188.00, -172883, -504521, -1199 
1721978339210.00, -173627, -508297, -1202 
1721978339232.00, -174135, -512094, -1210 
1721978339254.00, -174768, -515892, -1194 
1721978339275.00, -174060, -519728, -1187 
1721978339297.00, -173109, -523515, -1174 
1721978339319.00, -171564, -527301, -1167 
1721978339340.00, -170581, -531035, -1138 
1721978339363.00, -168198, -534763, -1147 
1721978339384.00, -166932, -538433, -1105 
1721978339406.00, -163681, -542088, -1101 
1721978339428.00, -161632, -545653, -1059 
1721978339450.00, -157607, -549187, -1011 
1721978339473.00, -152197, -552626, -993 
1721978339495.00, -147954, -555924, -977 
1721978339516.00, -144297, -559138, -936 
1721978339538.00, -139840, -562282, -924 
1721978339560.00, -136463, -565322, -932 
1721978339581.00, -134914, -568285, -916 
1721978339603.00, -132955, -571204, -921 
1721978339624.00, -132101, -574111, -920 
1721978339648.00, -131520, -576974, -910 
1721978339669.00, -130392, -579818, -907 
1721978339690.00, -129631, -582681, -873 
1721978339711.00, -127111, -585491, -816 
1721978339734.00, -122199, -588236, -755 
1721978339758.00, -115574, -590893, -685 
1721978339777.00, -107378, -593386, -593 
1721978339799.00, -60460, -595694, -508 
1721978339820.00, -32536, -597009, -407 
1721978339841.00, -16291, -597738, -319 
1721978339863.00, -6962, -598108, -238 
1721978339885.00, -1558, -598262, -128 
1721978339906.00, 1127, -598288, 10 
1721978339928.00, 268, -598256, 259 
1721978339950.00, 18184, -598230, 551 
1721978339971.00, 46456, -597859, 572 
1721978339993.00, 64993, -596884, 640 
1721978340014.00, 79347, -595477, 908 
1721978340036.00, 103853, -593740, 941 
1721978340057.00, 120613, -591474, 888 
1721978340078.00, 127140, -588855, 1011 
1721978340102.00, 138268, -586059, 992 
1721978340121.00, 143308, -583046, 1019 
1721978340144.00, 147913, -579906, 1063 
1721978340165.00, 153235, -576664, 1062 
1721978340188.00, 156233, -573312, 1120 
1721978340217.00, 161247, -569902, 1137 
1721978340231.00, 165098, -566364, 1165 
1721978340253.00, 169078, -562757, 1211 
1721978340274.00, 174132, -559059, 1239 
1721978340296.00, 174839, -555260, 1267 
1721978340318.00, 174799, -551433, 1304 
1721978340340.00, 174943, -547609, 1312 
1721978340362.00, 174788, -543801, 1343 
1721978340384.00, 174657, -539977, 1370 
1721978340405.00, 174651, -536178, 1392 
1721978340427.00, 175033, -532344, 1401 
1721978340449.00, 174718, -528524, 1440 
1721978340470.00, 174735, -524709, 1436 
1721978340492.00, 174685, -520883, 1449 
1721978340517.00, 174719, -517082, 1442 
1721978340536.00, 174810, -513259, 1482 
1721978340558.00, 174909, -509442, 1490 
1721978340580.00, 174979, -505615, 1498 
1721978340602.00, 174742, -501798, 1508 
1721978340624.00, 174651, -497981, 1513 
1721978340645.00, 174836, -494171, 1512 
1721978340667.00, 174754, -490352, 1513 
1721978340689.00, 174910, -486542, 1503 
1721978340710.00, 174823, -482709, 1519 
1721978340733.00, 174666, -478890, 1494 
1721978340754.00, 174561, -475079, 1490 
1721978340776.00, 174605, -471263, 1476 
1721978340798.00, 174780, -467453, 1438 
1721978340819.00, 174622, -463631, 1398 
1721978340843.00, 174627, -459825, 1373 
1721978340863.00, 174536, -456017, 1328 
1721978340885.00, 174417, -452196, 1258 
1721978340906.00, 174322, -448388, 1161 
1721978340929.00, 169081, -444592, 1025 
1721978340951.00, 157804, -440920, 874 
1721978340974.00, 142061, -437510, 694 
1721978340995.00, 121588, -434451, 503 
1721978341017.00, 97990, -431835, 342 
1721978341039.00, 53278, -429740, 172 
1721978341060.00, 26896, -428599, 91 
1721978341081.00, 11445, -428011, -89 
1721978341104.00, -2663, -427745, -169 
1721978341126.00, -15701, -427797, -404 
1721978341146.00, -37621, -428130, -419 
1721978341170.00, -51574, -428919, -522 
1721978341190.00, -65786, -430029, -673 
1721978341211.00, -83099, -431470, -765 
1721978341233.00, -98731, -433269, -844 
1721978341255.00, -112668, -435437, -893 
1721978341282.00, -123874, -437906, -920 
1721978341298.00, -132021, -440590, -959 
1721978341318.00, -139009, -443488, -1049 
1721978341340.00, -148360, -446535, -1028 
1721978341363.00, -152551, -449776, -1060 
1721978341385.00, -156914, -453125, -1084 
1721978341406.00, -160753, -456546, -1105 
1721978341428.00, -163982, -460069, -1120 
1721978341450.00, -166714, -463658, -1130 
1721978341471.00, -168723, -467316, -1164 
1721978341494.00, -171867, -471009, -1169 
1721978341515.00, -173777, -474768, -1193 
1721978341536.00, -174836, -478563, -1229 
1721978341559.00, -174891, -482367, -1241 
1721978341581.00, -174692, -486205, -1267 
1721978341603.00, -174599, -490004, -1257 
1721978341624.00, -174479, -493840, -1262 
1721978341646.00, -174688, -497646, -1249 
1721978341668.00, -174842, -501476, -1250 
1721978341690.00, -174819, -505276, -1229 
1721978341712.00, -174521, -509104, -1241 
1721978341734.00, -174645, -512918, -1227 
1721978341755.00, -174709, -516749, -1203 
1721978341777.00, -174638, -520559, -1232 
1721978341798.00, -174736, -524379, -1211 
1721978341821.00, -174952, -528183, -1215 
1721978341842.00, -174551, -532004, -1248 
1721978341864.00, -174763, -535831, -1191 
1721978341886.00, -174720, -539647, -1180 
1721978341908.00, -174657, -543453, -1174 
1721978341930.00, -174867, -547257, -1144 
1721978341952.00, -173465, -551086, -1120 
1721978341973.00, -170830, -554865, -1079 
1721978341995.00, -166830, -558603, -1037 
1721978342017.00, -161600, -562232, -1002 
1721978342040.00, -156372, -565772, -969 
1721978342062.00, -151132, -569162, -948 
1721978342083.00, -146784, -572441, -915 
1721978342105.00, -142226, -575631, -890 
1721978342127.00, -137495, -578703, -821 
1721978342149.00, -130641, -581695, -712 
1721978342170.00, -119966, -584523, -599 
1721978342191.00, -106517, -587104, -502 
1721978342213.00, -92767, -589407, -348 
1721978342235.00, -75269, -591396, -205 
1721978342257.00, -55829, -593002, -50 
1721978342278.00, -31757, -594189, 160 
1721978342300.00, -8225, -594885, 459 
1721978342321.00, 22781, -595080, 639 
1721978342344.00, 53001, -594627, 698 
1721978342365.00, 74497, -593494, 948 
1721978342387.00, 102356, -591882, 997 
1721978342408.00, 121900, -589646, 989 
1721978342429.00, 132680, -586988, 1095 
1721978342450.00, 145182, -584075, 1070 
1721978342472.00, 150991, -580889, 1113 
1721978342494.00, 156863, -577581, 1136 
1721978342516.00, 161642, -574140, 1143 
1721978342538.00, 164884, -570609, 1190 
1721978342559.00, 169609, -567004, 1177 
1721978342581.00, 171257, -563294, 1214 
1721978342604.00, 174280, -559559, 1252 
1721978342625.00, 174735, -555742, 1291 
1721978342647.00, 174780, -551912, 1309 
1721978342668.00, 174839, -548095, 1312 
1721978342690.00, 174771, -544284, 1339 
1721978342712.00, 174758, -540470, 1347 
1721978342735.00, 174541, -536651, 1376 
1721978342756.00, 174641, -532833, 1378 
1721978342778.00, 174782, -529012, 1382 
1721978342800.00, 174760, -525189, 1399 
1721978342821.00, 174666, -521375, 1392 
1721978342843.00, 174724, -517570, 1369 
1721978342865.00, 174707, -513749, 1374 
1721978342887.00, 174731, -509929, 1379 
1721978342909.00, 174786, -506114, 1359 
1721978342930.00, 174828, -502291, 1386 
1721978342952.00, 174684, -498466, 1362 
1721978342974.00, 174511, -494659, 1359 
1721978342996.00, 174458, -490838, 1359 
1721978343017.00, 174738, -487023, 1346 
1721978343040.00, 174865, -483211, 1339 
1721978343061.00, 174697, -479386, 1331 
1721978343083.00, 174693, -475567, 1316 
1721978343105.00, 174580, -471758, 1263 
1721978343127.00, 174531, -467946, 1249 
1721978343148.00, 174678, -464128, 1205 
1721978343170.00, 172080, -460319, 1154 
1721978343192.00, 167458, -456572, 1096 
1721978343213.00, 161137, -452926, 1046 
1721978343237.00, 154547, -449403, 988 
1721978343259.00, 146960, -446057, 917 
1721978343280.00, 137972, -442871, 780 
1721978343302.00, 124618, -439898, 641 
1721978343324.00, 108157, -437201, 502 
1721978343345.00, 89981, -434879, 356 
1721978343368.00, 70376, -432944, 214 
1721978343388.00, 50406, -431445, 68 
1721978343410.00, 25411, -430361, -54 
1721978343432.00, 7065, -429790, -190 
1721978343453.00, -10698, -429634, -459 
1721978343475.00, -37772, -429849, -506 
1721978343497.00, -56885, -430639, -586 
1721978343518.00, -72641, -431875, -746 
1721978343540.00, -91381, -433453, -801 
1721978343561.00, -105999, -435453, -839 
1721978343583.00, -116949, -437782, -903 
1721978343606.00, -127013, -440316, -997 
1721978343627.00, -138545, -443100, -966 
1721978343649.00, -143439, -446124, -981 
1721978343670.00, -146854, -449236, -1035 
1721978343691.00, -151974, -452461, -1027 
1721978343712.00, -154544, -455777, -1031 
1721978343735.00, -156016, -459167, -1079 
1721978343756.00, -159579, -462575, -1089 
1721978343778.00, -162340, -466060, -1102 
1721978343800.00, -164572, -469615, -1123 
1721978343821.00, -166937, -473209, -1140 
1721978343844.00, -168975, -476872, -1143 
1721978343866.00, -170374, -480574, -1139 
1721978343888.00, -170811, -484298, -1148 
1721978343915.00, -171580, -488031, -1147 
1721978343931.00, -172012, -491780, -1148 
1721978343953.00, -172097, -495539, -1146 
1721978343974.00, -171974, -499295, -1124 
1721978343996.00, -170354, -503057, -1112 
1721978344020.00, -168464, -506772, -1130 
1721978344040.00, -168402, -510465, -1116 
1721978344062.00, -167425, -514126, -1099 
1721978344084.00, -165876, -517799, -1077 
1721978344105.00, -163593, -521397, -1066 
1721978344130.00, -161266, -524976, -1058 
1721978344149.00, -159516, -528497, -1000 
1721978344171.00, -154647, -531960, -1007 
1721978344193.00, -152223, -535354, -1010 
1721978344215.00, -150817, -538661, -943 
1721978344238.00, -145814, -541952, -965 
1721978344259.00, -144036, -545111, -938 
1721978344281.00, -141426, -548234, -911 
1721978344302.00, -138081, -551315, -917 
1721978344325.00, -136512, -554306, -904 
1721978344346.00, -134777, -557282, -880 
1721978344368.00, -132041, -560212, -913 
1721978344390.00, -132332, -563071, -874 
1721978344411.00, -130019, -565962, -868 
1721978344433.00, -128402, -568794, -893 
1721978344458.00, -128620, -571564, -880 
1721978344476.00, -128265, -574388, -891 
1721978344498.00, -128602, -577173, -895 
1721978344520.00, -128997, -579955, -865 
1721978344542.00, -127376, -582775, -853 
1721978344564.00, -125579, -585549, -811 
1721978344585.00, -122044, -588262, -736 
1721978344607.00, -115135, -590911, -635 
1721978344629.00, -104887, -593393, -529 
1721978344650.00, -60128, -595653, -445 
1721978344676.00, -33418, -596947, -338 
1721978344694.00, -17729, -597686, -222 
1721978344715.00, -8549, -598080, -101 
1721978344736.00, -3152, -598269, 17 
1721978344758.00, 396, -598328, 215 
1721978344780.00, 14439, -598316, 444 
1721978344802.00, 36621, -598013, 524 
1721978344823.00, 54881, -597234, 621 
1721978344844.00, 71436, -596051, 746 
1721978344866.00, 88641, -594490, 901 
1721978344891.00, 108470, -592563, 844 
1721978344910.00, 116420, -590193, 907 
1721978344931.00, 124812, -587657, 944 
1721978344953.00, 132062, -584927, 926 
1721978344975.00, 135139, -582054, 963 
1721978344997.00, 138997, -579117, 966 
1721978345018.00, 141399, -576081, 986 
1721978345039.00, 143946, -573004, 1025 
1721978345061.00, 147697, -569853, 1024 
1721978345082.00, 149784, -566623, 1078 
1721978345107.00, 154077, -563353, 1109 
1721978345126.00, 158291, -559980, 1118 
1721978345148.00, 161495, -556510, 1151 
1721978345170.00, 165116, -552982, 1170 
1721978345191.00, 168485, -549363, 1189 
1721978345216.00, 171386, -545684, 1215 
1721978345235.00, 174739, -541929, 1245 
1721978345257.00, 174912, -538121, 1224 
1721978345279.00, 174618, -534296, 1269 
1721978345301.00, 174719, -530473, 1259 
1721978345322.00, 174719, -526669, 1262 
1721978345344.00, 174756, -522852, 1249 
1721978345366.00, 174835, -519032, 1228 
1721978345387.00, 173829, -515198, 1264 
1721978345409.00, 174274, -511401, 1289 
1721978345431.00, 174323, -507596, 1313 
1721978345453.00, 174423, -503797, 1354 
1721978345475.00, 174821, -499977, 1360 
1721978345497.00, 174901, -496148, 1385 
1721978345519.00, 174762, -492341, 1396 
1721978345540.00, 174723, -488519, 1406 
1721978345562.00, 174581, -484703, 1411 
1721978345584.00, 174731, -480883, 1413 
1721978345606.00, 174896, -477068, 1425 
1721978345628.00, 174950, -473264, 1403 
1721978345650.00, 174597, -469438, 1378 
1721978345671.00, 174521, -465621, 1356 
1721978345693.00, 174577, -461799, 1322 
1721978345715.00, 174488, -458008, 1271 
1721978345737.00, 174604, -454192, 1214 
1721978345761.00, 172618, -450368, 1127 
1721978345781.00, 166047, -446624, 1011 
1721978345804.00, 155085, -443001, 896 
1721978345825.00, 141627, -439649, 757 
1721978345847.00, 125357, -436593, 644 
1721978345872.00, 108859, -433891, 522 
1721978345890.00, 91570, -431551, 389 
1721978345912.00, 49878, -429579, 262 
1721978345933.00, 24808, -428511, 207 
1721978345955.00, 10425, -427961, 22 
1721978345979.00, 1842, -427726, -56 
1721978345998.00, -6113, -427685, -164 
1721978346020.00, -17104, -427816, -356 
1721978346041.00, -35253, -428184, -418 
1721978346063.00, -49936, -428932, -521 
1721978346085.00, -64546, -429998, -637 
1721978346106.00, -80131, -431411, -686 
1721978346128.00, -92179, -433143, -743 
1721978346150.00, -102669, -435167, -808 
1721978346171.00, -112609, -437407, -827 
1721978346193.00, -119516, -439857, -829 
1721978346214.00, -123579, -442477, -895 
1721978346236.00, -129730, -445186, -926 
1721978346258.00, -135262, -448000, -906 
1721978346280.00, -137188, -450956, -921 
1721978346302.00, -139088, -453945, -964 
1721978346324.00, -142759, -456962, -989 
1721978346345.00, -146197, -460078, -984 
1721978346366.00, -147961, -463258, -1009 
1721978346387.00, -150238, -466493, -1035 
1721978346409.00, -153120, -469790, -1030 
1721978346432.00, -154338, -473128, -1049 
1721978346453.00, -155948, -476513, -1082 
1721978346474.00, -158956, -479918, -1062 
1721978346497.00, -159434, -483400, -1059 
1721978346519.00, -159132, -486889, -1066 
1721978346541.00, -159408, -490370, -1060 
1721978346562.00, -159281, -493859, -1054 
1721978346584.00, -158513, -497324, -1052 
1721978346606.00, -157825, -500806, -1053 
1721978346628.00, -157387, -504240, -1044 
1721978346649.00, -156744, -507678, -1074 
1721978346671.00, -157921, -511108, -1094 
1721978346693.00, -159672, -514554, -1120 
1721978346715.00, -162205, -518046, -1110 
1721978346736.00, -163033, -521588, -1105 
1721978346759.00, -163162, -525165, -1075 
1721978346781.00, -161269, -528719, -1028 
1721978346803.00, -156949, -532237, -974 
1721978346825.00, -151270, -535652, -922 
1721978346846.00, -144364, -538921, -891 
1721978346868.00, -138737, -542078, -869 
1721978346890.00, -134077, -545088, -893 
1721978346911.00, -132706, -547990, -894 
1721978346933.00, -131989, -550882, -915 
1721978346955.00, -132592, -553748, -964 
1721978346981.00, -135769, -556638, -978 
1721978346999.00, -138606, -559603, -961 
1721978347020.00, -139033, -562617, -995 
1721978347042.00, -141215, -565642, -986 
1721978347064.00, -142043, -568721, -916 
1721978347085.00, -138208, -571790, -909 
1721978347107.00, -135461, -574811, -882 
1721978347129.00, -132143, -577746, -810 
1721978347151.00, -125720, -580605, -769 
1721978347173.00, -119427, -583341, -705 
1721978347194.00, -111751, -585919, -616 
1721978347216.00, -102000, -588335, -501 
1721978347237.00, -88882, -590536, -409 
1721978347259.00, -75532, -592453, -326 
1721978347280.00, -62705, -594079, -205 
1721978347302.00, -35186, -595422, -98 
1721978347323.00, -18820, -596193, 12 
1721978347345.00, -8381, -596599, 209 
1721978347366.00, 8966, -596779, 439 
1721978347388.00, 33141, -596615, 486 
1721978347410.00, 50817, -595930, 530 
1721978347432.00, 63716, -594839, 702 
1721978347454.00, 81524, -593442, 837 
1721978347475.00, 100496, -591675, 882 
1721978347496.00, 114205, -589485, 874 
1721978347519.00, 121922, -586984, 964 
1721978347540.00, 131619, -584330, 971 
1721978347560.00, 137697, -581453, 1007 
1721978347583.00, 143199, -578451, 1048 
1721978347604.00, 148965, -575315, 1041 
1721978347629.00, 151656, -572060, 1082 
1721978347648.00, 155635, -568731, 1134 
1721978347670.00, 161217, -565327, 1145 
1721978347692.00, 165119, -561793, 1178 
1721978347713.00, 169394, -558186, 1222 
1721978347735.00, 174477, -554485, 1257 
1721978347757.00, 174791, -550672, 1287 
1721978347778.00, 174760, -546855, 1303 
1721978347801.00, 174800, -543039, 1312 
1721978347823.00, 174837, -539214, 1315 
1721978347845.00, 174853, -535401, 1335 
1721978347866.00, 174942, -531574, 1333 
1721978347888.00, 174623, -527754, 1340 
1721978347910.00, 174667, -523934, 1344 
1721978347932.00, 174800, -520128, 1379 
1721978347953.00, 174839, -516303, 1406 
1721978347975.00, 174879, -512482, 1441 
1721978347997.00, 174915, -508660, 1471 
1721978348019.00, 174757, -504837, 1492 
1721978348041.00, 174549, -501027, 1516 
1721978348062.00, 174830, -497207, 1516 
1721978348084.00, 174974, -493396, 1520 
1721978348106.00, 174537, -489577, 1521 
1721978348128.00, 174682, -485756, 1524 
1721978348149.00, 174656, -481927, 1496 
1721978348173.00, 174659, -478123, 1460 
1721978348193.00, 174575, -474304, 1435 
1721978348215.00, 174700, -470502, 1373 
1721978348236.00, 174767, -466677, 1293 
1721978348258.00, 174605, -462876, 1222 
1721978348280.00, 174637, -459056, 1164 
1721978348303.00, 173740, -455245, 1100 
1721978348324.00, 169206, -451464, 1022 
1721978348349.00, 161687, -447783, 958 
1721978348369.00, 153379, -444273, 877 
1721978348391.00, 143219, -440966, 760 
1721978348415.00, 130008, -437862, 635 
1721978348434.00, 114542, -435052, 503 
1721978348455.00, 97305, -432591, 366 
1721978348478.00, 78810, -430496, 220 
1721978348499.00, 45926, -428823, 85 
1721978348520.00, 25808, -427842, -47 
1721978348542.00, 11110, -427275, -290 
1721978348564.00, -11346, -427039, -563 
1721978348585.00, -41249, -427268, -670 
1721978348611.00, -65777, -428140, -748 
1721978348629.00, -85100, -429565, -891 
1721978348651.00, -105194, -431420, -984 
1721978348672.00, -122406, -433710, -940 
1721978348694.00, -129975, -436392, -982 
1721978348715.00, -136842, -439231, -1003 
1721978348737.00, -142073, -442232, -980 
1721978348759.00, -143841, -445337, -999 
1721978348780.00, -145789, -448458, -1028 
1721978348802.00, -148600, -451655, -1014 
1721978348823.00, -149477, -454908, -1047 
1721978348845.00, -151872, -458163, -1063 
1721978348867.00, -154218, -461490, -1063 
1721978348889.00, -155408, -464844, -1084 
1721978348910.00, -157001, -468261, -1093 
1721978348932.00, -158752, -471682, -1088 
1721978348954.00, -159448, -475152, -1113 
1721978348976.00, -161176, -478638, -1148 
1721978348998.00, -164151, -482151, -1145 
1721978349019.00, -165857, -485751, -1157 
1721978349041.00, -167387, -489368, -1172 
1721978349063.00, -168959, -493050, -1177 
1721978349084.00, -170268, -496732, -1187 
1721978349107.00, -171390, -500461, -1169 
1721978349129.00, -171023, -504210, -1166 
1721978349150.00, -170541, -507952, -1186 
1721978349172.00, -171494, -511666, -1187 
1721978349194.00, -172233, -515410, -1173 
1721978349216.00, -171612, -519182, -1202 
1721978349237.00, -172793, -522930, -1192 
1721978349261.00, -172780, -526696, -1131 
1721978349281.00, -169029, -530466, -1108 
1721978349303.00, -165477, -534163, -1109 
1721978349325.00, -163359, -537762, -1053 
1721978349347.00, -158563, -541334, -1036 
1721978349369.00, -154724, -544788, -1003 
1721978349391.00, -150589, -548155, -968 
1721978349414.00, -145849, -551426, -969 
1721978349435.00, -142912, -554584, -942 
1721978349457.00, -139795, -557694, -911 
1721978349479.00, -135939, -560726, -966 
1721978349500.00, -136901, -563671, -967 
1721978349522.00, -137424, -566665, -968 
1721978349543.00, -137902, -569653, -1001 
1721978349564.00, -139988, -572660, -1041 
1721978349586.00, -143641, -575723, -1036 
1721978349608.00, -145321, -578856, -1040 
1721978349631.00, -146678, -582038, -996 
1721978349653.00, -144611, -585225, -906 
1721978349675.00, -137881, -588353, -828 
1721978349696.00, -129099, -591349, -694 
1721978349718.00, -115914, -594129, -529 
1721978349740.00, -65212, -596607, -416 
1721978349761.00, -35373, -598038, -337 
1721978349782.00, -18046, -598815, -174 
1721978349805.00, -7908, -599214, -36 
1721978349826.00, -1848, -599380, 146 
1721978349847.00, 9465, -599409, 356 
1721978349868.00, 29200, -599216, 515 
1721978349890.00, 50481, -598604, 601 
1721978349911.00, 68377, -597517, 734 
1721978349933.00, 86834, -596026, 898 
1721978349955.00, 107850, -594130, 906 
1721978349977.00, 120660, -591780, 937 
1721978349997.00, 130027, -589140, 1008 
1721978350020.00, 139861, -586294, 957 
1721978350042.00, 142344, -583254, 981 
1721978350063.00, 144946, -580160, 1010 
1721978350086.00, 148148, -576980, 987 
1721978350106.00, 148513, -573758, 1031 
1721978350128.00, 151187, -570511, 1050 
1721978350150.00, 153841, -567201, 1080 
1721978350172.00, 157076, -563846, 1103 
1721978350193.00, 160599, -560394, 1138 
1721978350216.00, 164465, -556889, 1143 
1721978350237.00, 167087, -553294, 1163 
1721978350259.00, 169665, -549644, 1192 
1721978350280.00, 172813, -545939, 1222 
1721978350303.00, 174943, -542158, 1249 
1721978350324.00, 174742, -538332, 1260 
1721978350346.00, 174772, -534515, 1276 
1721978350368.00, 174545, -530688, 1312 
1721978350390.00, 174661, -526884, 1320 
1721978350411.00, 174744, -523064, 1308 
1721978350434.00, 174587, -519247, 1303 
1721978350455.00, 174732, -515426, 1288 
1721978350477.00, 174676, -511607, 1256 
1721978350499.00, 174600, -507790, 1229 
1721978350520.00, 174730, -503984, 1221 
1721978350543.00, 174792, -500158, 1233 
1721978350564.00, 174750, -496334, 1258 
1721978350586.00, 174793, -492518, 1273 
1721978350608.00, 174777, -488704, 1275 
1721978350630.00, 174669, -484889, 1268 
1721978350652.00, 174727, -481064, 1284 
1721978350674.00, 174776, -477252, 1289 
1721978350695.00, 174556, -473441, 1279 
1721978350720.00, 174610, -469617, 1251 
1721978350739.00, 174519, -465799, 1231 
1721978350761.00, 174632, -461976, 1199 
1721978350783.00, 174510, -458174, 1136 
1721978350805.00, 171674, -454364, 1082 
1721978350826.00, 166765, -450620, 1017 
1721978350849.00, 159928, -446981, 945 
1721978350871.00, 151470, -443510, 865 
1721978350892.00, 141565, -440251, 775 
1721978350921.00, 129909, -437182, 674 
1721978350936.00, 116780, -434379, 527 
1721978350958.00, 100193, -431867, 394 
1721978350980.00, 58381, -429713, 259 
1721978351001.00, 33441, -428473, 175 
1721978351023.00, 18443, -427745, -46 
1721978351044.00, 6759, -427340, -185 
1721978351065.00, -7659, -427200, -408 
1721978351087.00, -29923, -427362, -614 
1721978351109.00, -55665, -427993, -689 
1721978351131.00, -75518, -429185, -823 
1721978351152.00, -95280, -430825, -946 
1721978351174.00, -114522, -432897, -991 
1721978351196.00, -128362, -435418, -996 
1721978351216.00, -136946, -438220, -1044 
1721978351238.00, -144689, -441220, -1056 
1721978351260.00, -149984, -444393, -1051 
1721978351282.00, -152716, -447664, -1043 
1721978351303.00, -153717, -451007, -1057 
1721978351325.00, -154959, -454368, -1079 
1721978351347.00, -156940, -457756, -1090 
1721978351369.00, -158712, -461183, -1106 
1721978351390.00, -160480, -464649, -1118 
1721978351412.00, -162140, -468171, -1131 
1721978351434.00, -163901, -471719, -1146 
1721978351460.00, -165884, -475302, -1160 
1721978351478.00, -167987, -478923, -1156 
1721978351499.00, -168765, -482580, -1143 
1721978351521.00, -168284, -486285, -1142 
1721978351544.00, -167736, -489953, -1098 
1721978351565.00, -164694, -493631, -1078 
1721978351587.00, -161630, -497211, -1038 
1721978351610.00, -157417, -500756, -995 
1721978351630.00, -152186, -504172, -1025 
1721978351653.00, -150735, -507496, -1016 
1721978351674.00, -149571, -510786, -1049 
1721978351696.00, -150564, -514049, -1095 
1721978351718.00, -153907, -517354, -1089 
1721978351739.00, -155631, -520718, -1095 
1721978351761.00, -156835, -524120, -1117 
1721978351784.00, -158929, -527540, -1116 
1721978351805.00, -160080, -531009, -1097 
1721978351827.00, -159726, -534515, -1110 
1721978351849.00, -160081, -537992, -1119 
1721978351871.00, -160787, -541499, -1097 
1721978351893.00, -159740, -545013, -1123 
1721978351914.00, -160595, -548490, -1082 
1721978351936.00, -158625, -552008, -1082 
1721978351957.00, -157269, -555467, -1102 
1721978351979.00, -157654, -558912, -1071 
1721978352002.00, -155989, -562351, -1062 
1721978352022.00, -154307, -565761, -1067 
1721978352044.00, -153630, -569137, -1049 
1721978352066.00, -152325, -572480, -1064 
1721978352088.00, -152202, -575813, -1044 
1721978352113.00, -150938, -579122, -974 
1721978352133.00, -145874, -582419, -931 
1721978352155.00, -140287, -585577, -854 
1721978352177.00, -132188, -588610, -713 
1721978352198.00, -119085, -591459, -549 
1721978352222.00, -101122, -594020, -432 
1721978352242.00, -56940, -596176, -311 
1721978352264.00, -30591, -597420, -194 
1721978352285.00, -15097, -598098, -40 
1721978352307.00, -6007, -598426, 179 
1721978352328.00, 9008, -598546, 466 
1721978352350.00, 35636, -598366, 612 
1721978352371.00, 60370, -597624, 681 
1721978352393.00, 79257, -596327, 768 
1721978352415.00, 95485, -594588, 945 
1721978352436.00, 115802, -592515, 937 
1721978352458.00, 127305, -589990, 942 
1721978352479.00, 134278, -587219, 1003 
1721978352502.00, 141842, -584280, 977 
1721978352522.00, 144627, -581182, 1020 
1721978352546.00, 148795, -578014, 1043 
1721978352566.00, 152380, -574769, 1065 
1721978352587.00, 155656, -571436, 1091 
1721978352609.00, 159130, -568035, 1107 
1721978352631.00, 162192, -564547, 1149 
1721978352655.00, 166232, -560994, 1187 
1721978352675.00, 171002, -557368, 1203 
1721978352696.00, 174461, -553631, 1229 
1721978352718.00, 174749, -549808, 1263 
1721978352740.00, 174813, -545988, 1292 
1721978352763.00, 174789, -542176, 1286 
1721978352783.00, 174663, -538354, 1306 
1721978352806.00, 174795, -534537, 1325 
1721978352828.00, 174600, -530725, 1321 
1721978352849.00, 174682, -526900, 1316 
1721978352872.00, 174819, -523088, 1322 
1721978352893.00, 174760, -519263, 1333 
1721978352914.00, 174686, -515446, 1328 
1721978352936.00, 174616, -511625, 1343 
1721978352958.00, 174587, -507806, 1353 
1721978352985.00, 174653, -503997, 1352 
1721978353002.00, 174654, -500174, 1363 
1721978353024.00, 174757, -496353, 1356 
1721978353045.00, 174694, -492536, 1366 
1721978353067.00, 174697, -488713, 1364 
1721978353092.00, 174704, -484899, 1335 
1721978353111.00, 174658, -481084, 1344 
1721978353133.00, 174670, -477274, 1338 
1721978353154.00, 174485, -473464, 1314 
1721978353176.00, 174647, -469640, 1294 
1721978353198.00, 174538, -465827, 1260 
1721978353220.00, 174644, -462002, 1219 
1721978353241.00, 174451, -458196, 1164 
1721978353263.00, 173850, -454400, 1088 
1721978353287.00, 168832, -450594, 989 
1721978353308.00, 159885, -446937, 894 
1721978353330.00, 148752, -443468, 781 
1721978353352.00, 135073, -440267, 657 
1721978353373.00, 119277, -437349, 530 
1721978353395.00, 102205, -434779, 405 
1721978353417.00, 84525, -432576, 272 
1721978353439.00, 65841, -430762, 151 
1721978353460.00, 38717, -429358, 0 
1721978353482.00, 22246, -428535, -129 
1721978353503.00, 4129, -428054, -258 
1721978353525.00, -13027, -427962, -590 
1721978353547.00, -43925, -428236, -654 
1721978353568.00, -66000, -429143, -727 
1721978353590.00, -83457, -430572, -850 
1721978353628.00, -101317, -432400, -976 
1721978353633.00, -119410, -434624, -940 
1721978353655.00, -127935, -437227, -969 
1721978353677.00, -134546, -440017, -989 
1721978353699.00, -139499, -442944, -916 
1721978353720.00, -137976, -445983, -893 
1721978353743.00, -135589, -448977, -865 
1721978353764.00, -132498, -451937, -843 
1721978353785.00, -129162, -454819, -867 
1721978353807.00, -128591, -457625, -863 
1721978353829.00, -128035, -460432, -888 
1721978353851.00, -128996, -463197, -938 
1721978353872.00, -132593, -466012, -971 
1721978353894.00, -136712, -468908, -998 
1721978353915.00, -140696, -471891, -1032 
1721978353936.00, -145036, -474970, -1054 
1721978353958.00, -148762, -478149, -1063 
1721978353980.00, -151540, -481399, -1071 
1721978354002.00, -153646, -484720, -1088 
1721978354024.00, -155763, -488087, -1084 
1721978354046.00, -156861, -491486, -1091 
1721978354066.00, -157821, -494919, -1113 
1721978354089.00, -159680, -498363, -1125 
1721978354111.00, -161518, -501857, -1137 
1721978354133.00, -163064, -505378, -1152 
1721978354155.00, -164982, -508961, -1148 
1721978354176.00, -165508, -512561, -1166 
1721978354198.00, -167011, -516189, -1186 
1721978354220.00, -168937, -519847, -1150 
1721978354242.00, -167803, -523537, -1164 
1721978354264.00, -168059, -527205, -1176 
1721978354285.00, -168982, -530855, -1098 
1721978354307.00, -164727, -534563, -1101 
1721978354329.00, -162252, -538148, -1105 
1721978354351.00, -160978, -541693, -1019 
1721978354374.00, -154810, -545195, -975 
1721978354395.00, -148487, -548560, -952 
1721978354417.00, -143372, -551791, -918 
1721978354439.00, -138368, -554890, -898 
1721978354461.00, -134168, -557906, -878 
1721978354482.00, -130554, -560815, -889 
1721978354504.00, -129005, -563640, -863 
1721978354525.00, -126565, -566460, -879 
1721978354548.00, -125772, -569212, -920 
1721978354569.00, -127997, -571938, -930 
1721978354591.00, -129619, -574734, -965 
1721978354613.00, -132758, -577550, -983 
1721978354635.00, -135567, -580430, -907 
1721978354656.00, -132647, -583389, -857 
1721978354678.00, -127859, -586273, -793 
1721978354700.00, -121223, -589035, -656 
1721978354722.00, -109109, -591657, -494 
1721978354743.00, -91714, -594003, -343 
1721978354765.00, -51468, -595956, -207 
1721978354786.00, -27567, -597067, -87 
1721978354807.00, -13154, -597680, 97 
1721978354829.00, 62, -597963, 355 
1721978354851.00, 23669, -597971, 534 
1721978354872.00, 48351, -597483, 617 
1721978354894.00, 68254, -596455, 728 
1721978354915.00, 86565, -594967, 870 
1721978354937.00, 105814, -593079, 924 
1721978354958.00, 120637, -590768, 899 
1721978354981.00, 127658, -588140, 973 
1721978355003.00, 136121, -585346, 954 
1721978355024.00, 140027, -582371, 970 
1721978355045.00, 143072, -579337, 981 
1721978355067.00, 145444, -576212, 988 
1721978355089.00, 147229, -573042, 996 
1721978355110.00, 148541, -569848, 1018 
1721978355132.00, 150490, -566594, 1045 
1721978355154.00, 153204, -563319, 1060 
1721978355175.00, 155491, -559968, 1066 
1721978355197.00, 157124, -556563, 1077 
1721978355219.00, 158721, -553129, 1094 
1721978355240.00, 160624, -549666, 1085 
1721978355262.00, 161116, -546165, 1070 
1721978355285.00, 160323, -542647, 1074 
1721978355306.00, 160042, -539141, 1077 
1721978355328.00, 159837, -535651, 1085 
1721978355350.00, 160268, -532148, 1072 
1721978355371.00, 159688, -528650, 1115 
1721978355393.00, 161707, -525164, 1143 
1721978355415.00, 164742, -521621, 1173 
1721978355437.00, 168082, -518016, 1176 
1721978355459.00, 170135, -514341, 1204 
1721978355481.00, 172785, -510616, 1248 
1721978355503.00, 174828, -506848, 1274 
1721978355524.00, 174906, -503027, 1293 
1721978355546.00, 174936, -499194, 1307 
1721978355567.00, 174529, -495379, 1315 
1721978355590.00, 174685, -491563, 1310 
1721978355611.00, 174783, -487753, 1309 
1721978355633.00, 174752, -483929, 1289 
1721978355655.00, 174847, -480105, 1296 
1721978355677.00, 174926, -476293, 1298 
1721978355698.00, 174803, -472473, 1293 
1721978355730.00, 174577, -468656, 1269 
1721978355743.00, 174720, -464846, 1245 
1721978355763.00, 174889, -461030, 1189 
1721978355786.00, 174626, -457217, 1150 
1721978355808.00, 171979, -453404, 1067 
1721978355832.00, 165411, -449659, 944 
1721978355853.00, 153713, -446069, 792 
1721978355874.00, 137571, -442746, 619 
1721978355896.00, 117634, -439793, 451 
1721978355917.00, 95491, -437257, 334 
1721978355940.00, 75385, -435218, 196 
1721978355961.00, 55155, -433597, 89 
1721978355982.00, 36534, -432428, -59 
1721978356004.00, 16557, -431648, -291 
1721978356026.00, -8336, -431284, -426 
1721978356047.00, -31646, -431450, -580 
1721978356069.00, -55264, -432119, -654 
1721978356091.00, -73606, -433302, -834 
1721978356112.00, -95337, -434918, -933 
1721978356134.00, -114035, -436983, -932 
1721978356155.00, -124990, -439479, -1000 
1721978356176.00, -135343, -442228, -1030 
1721978356198.00, -143197, -445206, -1018 
1721978356219.00, -147198, -448335, -1033 
1721978356241.00, -150224, -451572, -1044 
1721978356267.00, -152735, -454845, -1045 
1721978356286.00, -154001, -458180, -1085 
1721978356307.00, -157151, -461558, -1088 
1721978356329.00, -158980, -464970, -1097 
1721978356351.00, -160461, -468468, -1108 
1721978356379.00, -161978, -471958, -1115 
1721978356394.00, -163201, -475507, -1112 
1721978356416.00, -163827, -479077, -1133 
1721978356437.00, -165311, -482644, -1116 
1721978356460.00, -165092, -486266, -1117 
1721978356484.00, -164619, -489867, -1143 
1721978356504.00, -166132, -493478, -1143 
1721978356526.00, -166837, -497105, -1152 
1721978356547.00, -167621, -500756, -1124 
1721978356569.00, -166655, -504421, -1125 
1721978356591.00, -165894, -508056, -1143 
1721978356613.00, -166547, -511684, -1136 
1721978356634.00, -166348, -515311, -1130 
1721978356656.00, -165837, -518951, -1140 
1721978356677.00, -165973, -522563, -1149 
1721978356699.00, -166600, -526212, -1143 
1721978356722.00, -166410, -529839, -1159 
1721978356743.00, -167261, -533480, -1151 
1721978356765.00, -167175, -537131, -1156 
1721978356787.00, -167635, -540789, -1153 
1721978356809.00, -167555, -544441, -1131 
1721978356831.00, -165933, -548095, -1106 
1721978356853.00, -163472, -551715, -1083 
1721978356874.00, -160502, -555276, -1040 
1721978356896.00, -156168, -558790, -1026 
1721978356921.00, -152539, -562192, -1043 
1721978356941.00, -151334, -565528, -968 
1721978356963.00, -146188, -568825, -962 
1721978356984.00, -142558, -571986, -986 
1721978357006.00, -141938, -575089, -873 
1721978357030.00, -134932, -578170, -899 
1721978357050.00, -132001, -581099, -898 
1721978357071.00, -130325, -583954, -775 
1721978357093.00, -121915, -586778, -686 
1721978357114.00, -111270, -589420, -636 
1721978357141.00, -101919, -591830, -526 
1721978357157.00, -89740, -594022, -384 
1721978357180.00, -50464, -595944, -282 
1721978357201.00, -27155, -597041, -180 
1721978357223.00, -13664, -597651, -101 
1721978357248.00, -5352, -597948, 31 
1721978357265.00, 494, -598062, 234 
1721978357287.00, 16548, -598055, 349 
1721978357309.00, 33250, -597715, 428 
1721978357331.00, 47576, -597012, 566 
1721978357356.00, 64481, -595991, 688 
1721978357374.00, 81694, -594580, 846 
1721978357396.00, 101624, -592805, 862 
1721978357417.00, 114216, -590594, 876 
1721978357439.00, 122160, -588113, 961 
1721978357466.00, 131880, -585437, 943 
1721978357483.00, 136456, -582560, 961 
1721978357504.00, 140266, -579589, 955 
1721978357526.00, 141823, -576534, 934 
1721978357548.00, 141404, -573438, 973 
1721978357571.00, 143392, -570361, 984 
1721978357590.00, 145145, -567239, 1007 
1721978357612.00, 147345, -564061, 1024 
1721978357633.00, 149774, -560834, 1068 
1721978357655.00, 153755, -557562, 1098 
1721978357677.00, 157929, -554202, 1119 
1721978357699.00, 161648, -550751, 1155 
1721978357721.00, 165725, -547218, 1198 
1721978357743.00, 170458, -543587, 1222 
1721978357765.00, 174847, -539860, 1211 
1721978357786.00, 174837, -536041, 1232 
1721978357808.00, 174650, -532216, 1240 
1721978357830.00, 174761, -528402, 1223 
1721978357851.00, 174713, -524581, 1212 
1721978357873.00, 174577, -520766, 1224 
1721978357895.00, 174600, -516952, 1245 
1721978357917.00, 174783, -513130, 1251 
1721978357939.00, 174776, -509310, 1265 
1721978357961.00, 174782, -505493, 1291 
1721978357983.00, 174901, -501677, 1308 
1721978358004.00, 174625, -497853, 1319 
1721978358026.00, 174757, -494044, 1327 
1721978358048.00, 174739, -490226, 1335 
1721978358070.00, 174531, -486402, 1336 
1721978358091.00, 174698, -482578, 1333 
1721978358113.00, 174522, -478766, 1314 
1721978358135.00, 174606, -474951, 1274 
1721978358156.00, 174612, -471141, 1220 
1721978358179.00, 174561, -467326, 1174 
1721978358200.00, 173962, -463504, 1114 
1721978358223.00, 169790, -459718, 1053 
1721978358245.00, 163653, -456021, 971 
1721978358267.00, 154708, -452469, 872 
1721978358289.00, 143439, -449119, 762 
1721978358311.00, 129948, -446012, 637 
1721978358332.00, 114210, -443205, 486 
1721978358354.00, 95867, -440753, 326 
1721978358376.00, 75291, -438700, 177 
1721978358397.00, 54250, -437086, 51 
1721978358419.00, 33755, -435929, -42 
1721978358441.00, 16022, -435207, -302 
1721978358462.00, -9560, -434844, -350 
1721978358484.00, -27891, -435034, -588 
1721978358506.00, -53142, -435624, -701 
1721978358528.00, -74993, -436747, -766 
1721978358549.00, -91812, -438394, -863 
1721978358570.00, -107421, -440374, -959 
1721978358592.00, -122526, -442735, -970 
1721978358612.00, -131953, -445418, -1019 
1721978358635.00, -140158, -448314, -1038 
1721978358656.00, -146173, -451408, -1043 
1721978358677.00, -149778, -454602, -1058 
1721978358700.00, -152936, -457877, -1062 
1721978358722.00, -155088, -461236, -1050 
1721978358744.00, -155527, -464612, -1073 
1721978358766.00, -157066, -468018, -1069 
1721978358787.00, -157523, -471453, -1073 
1721978358809.00, -158112, -474893, -1094 
1721978358831.00, -159444, -478350, -1117 
1721978358852.00, -161696, -481831, -1107 
1721978358874.00, -162370, -485376, -1121 
1721978358896.00, -163564, -488910, -1104 
1721978358918.00, -163035, -492497, -1087 
1721978358940.00, -161775, -496040, -1073 
1721978358961.00, -160018, -499581, -1080 
1721978358984.00, -159206, -503078, -1076 
1721978359005.00, -158493, -506554, -1103 
1721978359027.00, -159524, -510020, -1122 
1721978359048.00, -161108, -513508, -1137 
1721978359071.00, -163080, -517039, -1141 
1721978359093.00, -164467, -520597, -1137 
1721978359115.00, -165028, -524193, -1124 
1721978359136.00, -164573, -527797, -1121 
1721978359158.00, -163927, -531370, -1107 
1721978359180.00, -162726, -534966, -1103 
1721978359202.00, -161573, -538507, -1097 
1721978359226.00, -160316, -542045, -1095 
1721978359245.00, -159403, -545547, -1049 
1721978359267.00, -156165, -549031, -1044 
1721978359289.00, -153833, -552442, -1073 
1721978359311.00, -153983, -555798, -1022 
1721978359341.00, -151031, -559165, -980 
1721978359355.00, -146734, -562450, -993 
1721978359377.00, -144880, -565637, -961 
1721978359399.00, -141945, -568791, -930 
1721978359420.00, -138128, -571860, -944 
1721978359446.00, -136776, -574877, -917 
1721978359464.00, -134411, -577841, -872 
1721978359486.00, -130335, -580761, -874 
1721978359508.00, -127848, -583596, -821 
1721978359529.00, -123280, -586356, -763 
1721978359551.00, -116999, -589032, -713 
1721978359573.00, -110238, -591574, -635 
1721978359595.00, -101279, -593952, -535 
1721978359616.00, -57235, -596116, -435 
1721978359638.00, -31151, -597364, -357 
1721978359660.00, -15678, -598060, -275 
1721978359680.00, -6780, -598416, -160 
1721978359702.00, -1324, -598563, -41 
1721978359724.00, 964, -598583, 156 
1721978359745.00, 11681, -598552, 421 
1721978359771.00, 34354, -598298, 536 
1721978359789.00, 54947, -597578, 614 
1721978359810.00, 71503, -596390, 758 
1721978359831.00, 90167, -594830, 904 
1721978359853.00, 110034, -592874, 843 
1721978359880.00, 117917, -590466, 933 
1721978359897.00, 127873, -587909, 948 
1721978359919.00, 134613, -585111, 912 
1721978359941.00, 136257, -582173, 968 
1721978359962.00, 140307, -579224, 946 
1721978359987.00, 141456, -576157, 967 
1721978360005.00, 143243, -573077, 1000 
1721978360026.00, 146255, -569949, 1005 
1721978360048.00, 148237, -566744, 1053 
1721978360070.00, 152171, -563521, 1074 
1721978360092.00, 155633, -560181, 1093 
1721978360113.00, 158674, -556784, 1122 
1721978360136.00, 162150, -553314, 1140 
1721978360158.00, 165204, -549764, 1166 
1721978360179.00, 168426, -546155, 1190 
1721978360202.00, 171700, -542461, 1210 
1721978360223.00, 174808, -538724, 1213 
1721978360245.00, 174803, -534901, 1236 
1721978360266.00, 174645, -531068, 1282 
1721978360289.00, 174624, -527244, 1273 
1721978360315.00, 174690, -523446, 1276 
1721978360332.00, 174731, -519618, 1298 
1721978360353.00, 174749, -515796, 1311 
1721978360375.00, 174835, -511987, 1311 
1721978360397.00, 174661, -508156, 1321 
1721978360419.00, 174639, -504345, 1314 
1721978360441.00, 174599, -500532, 1319 
1721978360464.00, 174784, -496710, 1307 
1721978360484.00, 174439, -492893, 1299 
1721978360507.00, 174703, -489077, 1284 
1721978360528.00, 174550, -485265, 1264 
1721978360550.00, 174599, -481448, 1227 
1721978360571.00, 174674, -477632, 1224 
1721978360593.00, 174660, -473816, 1206 
1721978360616.00, 174895, -469995, 1196 
1721978360644.00, 174600, -466179, 1159 
1721978360659.00, 172903, -462355, 1110 
1721978360681.00, 168861, -458584, 1066 
1721978360702.00, 163660, -454902, 1002 
1721978360726.00, 156640, -451339, 908 
1721978360750.00, 146792, -447949, 797 
1721978360769.00, 134064, -444781, 697 
1721978360791.00, 120365, -441873, 592 
1721978360813.00, 105948, -439276, 460 
1721978360834.00, 89385, -436987, 354 
1721978360859.00, 73141, -435079, 248 
1721978360878.00, 56993, -433504, 124 
1721978360899.00, 39999, -432286, 24 
1721978360921.00, 22296, -431427, -99 
1721978360942.00, 5702, -430936, -277 
1721978360969.00, -14469, -430799, -376 
1721978360986.00, -32638, -431098, -555 
1721978361008.00, -54072, -431784, -642 
1721978361029.00, -71912, -432932, -658 
1721978361051.00, -83401, -434509, -745 
1721978361076.00, -95333, -436321, -793 
1721978361094.00, -105230, -438403, -811 
1721978361116.00, -112114, -440689, -835 
1721978361137.00, -117629, -443142, -860 
1721978361159.00, -122370, -445718, -884 
1721978361183.00, -126517, -448375, -891 
1721978361202.00, -129241, -451144, -907 
1721978361224.00, -131826, -453962, -929 
1721978361246.00, -134564, -456820, -944 
1721978361267.00, -136903, -459758, -956 
1721978361291.00, -139048, -462732, -966 
1721978361311.00, -140849, -465756, -991 
1721978361331.00, -143300, -468836, -1014 
1721978361354.00, -146080, -471969, -1019 
1721978361375.00, -147841, -475163, -1023 
1721978361397.00, -149195, -478406, -1028 
1721978361419.00, -150025, -481640, -1028 
1721978361441.00, -150410, -484938, -1035 
1721978361462.00, -151122, -488229, -1053 
1721978361484.00, -152524, -491531, -1047 
1721978361509.00, -152959, -494862, -1040 
1721978361528.00, -152755, -498191, -1033 
1721978361550.00, -152222, -501548, -1052 
1721978361571.00, -152921, -504864, -1082 
1721978361593.00, -155054, -508215, -1085 
1721978361615.00, -156578, -511603, -1116 
1721978361637.00, -159315, -515009, -1142 
1721978361659.00, -162228, -518496, -1150 
1721978361681.00, -164470, -522041, -1141 
1721978361702.00, -164688, -525641, -1142 
1721978361725.00, -165328, -529243, -1091 
1721978361746.00, -162419, -532864, -1083 
1721978361768.00, -160075, -536401, -1068 
1721978361790.00, -157762, -539894, -1033 
1721978361812.00, -154177, -543350, -1058 
1721978361833.00, -153543, -546700, -1044 
1721978361855.00, -152359, -550056, -1038 
1721978361877.00, -151127, -553385, -1051 
1721978361899.00, -151146, -556684, -1056 
1721978361921.00, -151495, -559995, -1050 
1721978361943.00, -151289, -563291, -1081 
1721978361964.00, -152996, -566605, -1050 
1721978361986.00, -152205, -569940, -1048 
1721978362008.00, -151670, -573266, -1011 
1721978362030.00, -148797, -576572, -1030 
1721978362053.00, -148220, -579801, -956 
1721978362074.00, -143496, -583025, -771 
1721978362096.00, -129135, -586132, -736 
1721978362118.00, -118475, -588916, -561 
1721978362139.00, -101479, -591478, -417 
1721978362161.00, -82834, -593673, -365 
1721978362183.00, -46384, -595450, -302 
1721978362204.00, -24905, -596458, -252 
1721978362226.00, -12386, -597018, -211 
1721978362248.00, -4896, -597297, -162 
1721978362269.00, -789, -597411, -153 
1721978362290.00, 1100, -597431, -127 
1721978362312.00, 2634, -597412, -86 
1721978362333.00, 3620, -597360, -65 
1721978362355.00, 4080, -597285, -69 
1721978362376.00, 4395, -597196, -64 
1721978362399.00, 4461, -597099, -42 
1721978362420.00, 4294, -597002, -22 
1721978362442.00, 4312, -596906, -18 
1721978362463.00, 4344, -596814, -22 
1721978362485.00, 4220, -596722, -17 
1721978362506.00, 4082, -596628, -14 
1721978362527.00, 3964, -596541, -10 
1721978362549.00, 3977, -596456, -8 
1721978362570.00, 3935, -596371, -2 
1721978362592.00, 3684, -596285, 0 
1721978362614.00, 3564, -596208, 3 
1721978362635.00, 3413, -596134, 6 
1721978362656.00, 3325, -596060, 11 
1721978362678.00, 3871, -595989, 12 
1721978362699.00, 4400, -595904, 14 
1721978362721.00, 4897, -595815, 16 
1721978362742.00, 5163, -595715, 17 
1721978362764.00, 5216, -595606, 15 
1721978362785.00, 5104, -595493, 13 
1721978362806.00, 4801, -595384, 11 
1721978362828.00, 4553, -595280, 9 
1721978362849.00, 3669, -595181, 6 
1721978362870.00, 3229, -595102, 6 
1721978362892.00, 2820, -595032, 2 
1721978362913.00, 2678, -594969, 1 
1721978362935.00, 2547, -594913, 0 
1721978362956.00, 2404, -594857, -2 
1721978362978.00, 2397, -594805, -2 
1721978363022.00, 2337, -594756, -4 
1721978363022.00, 2251, -594707, -5 
1721978363043.00, 2190, -594659, -7 
1721978363063.00, 0, -594612, -57 
1721978363085.00, 0, -594604, -54 
1721978363106.00, 0, -594604, -59 
1721978363126.00, 0, -594604, -58 
1721978363148.00, 0, -594603, -56 
1721978363168.00, 0, -594604, -56 
1721978363189.00, 0, -594604, -56 
1721978363210.00, 0, -594603, -57 
1721978363231.00, 0, -594605, -57 
1721978363253.00, 0, -594604, -57 
1721978363274.00, 0, -594603, -57 
1721978363295.00, 0, -594603, -56 
1721978363316.00, 0, -594602, -55 
1721978363337.00, 0, -594604, -54 
1721978363358.00, 0, -594603, -53 
1721978363379.00, 0, -594604, -52 
1721978363400.00, 0, -594604, -51 
1721978363421.00, 0, -594603, -50 
1721978363442.00, 0, -594603, -50 
1721978363463.00, 0, -594603, -50 
1721978363484.00, 0, -594603, -50 
1721978363505.00, 0, -594603, -50 
1721978363526.00, 0, -594603, -50 
1721978363547.00, 0, -594604, -49 
1721978363568.00, 0, -594604, -49 
1721978363589.00, 0, -594603, -48 
1721978363610.00, 0, -594603, -48 
1721978363631.00, 0, -594603, -49 
1721978363652.00, 0, -594603, -48 
1721978363674.00, 14, -594603, -49 
1721978363694.00, 0, -594603, -49 
1721978363715.00, 3, -594604, -49 
1721978363737.00, 0, -594603, -49 
1721978363758.00, 17, -594603, -49 
1721978363778.00, 0, -594603, -49 
1721978363800.00, 0, -594603, -50 
1721978363820.00, 0, -594603, -50 
1721978363842.00, 0, -594604, -50 
1721978363864.00, 0, -594603, -49 
1721978363884.00, 0, -594604, -49 
1721978363908.00, 0, -594604, -49 
1721978363933.00, 5, -594603, -49 
1721978363947.00, 0, -594604, -49 
1721978363969.00, 0, -594604, -48 
1721978363989.00, 0, -594604, -48 
1721978364011.00, 0, -594603, -47 
1721978364032.00, 0, -594604, -46 
1721978364053.00, -4, -594603, -46 
1721978364073.00, 0, -594604, -47 
1721978364094.00, 0, -594604, -46 
1721978364115.00, 0, -594604, -46 
1721978364136.00, 0, -594603, -46 
1721978364157.00, 0, -594603, -47 
1721978364179.00, 0, -594603, -48 
1721978364200.00, 0, -594604, -48 
1721978364220.00, 0, -594604, -48 
1721978364241.00, 0, -594604, -48 
1721978364263.00, 0, -594604, -47 
1721978364283.00, 0, -594603, -47 
1721978364305.00, 0, -594603, -46 
1721978364326.00, 0, -594604, -47 
1721978364347.00, 0, -594603, -47 
1721978364368.00, 0, -594604, -48 
1721978364389.00, 0, -594605, -48 
1721978364409.00, 0, -594604, -49 
1721978364431.00, 0, -594605, -50 
1721978364451.00, -1, -594604, -49 
1721978364473.00, 0, -594603, -46 
1721978364494.00, 0, -594604, -46 
1721978364515.00, 0, -594603, -46 
1721978364536.00, 0, -594604, -45 
1721978364557.00, 0, -594603, -46 
1721978364578.00, 0, -594603, -47 
1721978364599.00, 0, -594603, -47 
1721978364620.00, 0, -594604, -47 
1721978364641.00, 0, -594604, -48 
1721978364662.00, 0, -594603, -48 
1721978364683.00, 0, -594604, -48 
1721978364704.00, 0, -594603, -47 
1721978364725.00, 0, -594604, -47 
1721978364746.00, 0, -594603, -47 
1721978364767.00, 0, -594604, -45 
1721978364788.00, 0, -594603, -44 
1721978364809.00, 0, -594604, -43 
1721978364831.00, 0, -594604, -41 
1721978364851.00, 0, -594603, -38 
1721978364872.00, 0, -594603, -36 
1721978364893.00, 0, -594603, -34 
1721978364914.00, 0, -594603, -33 
1721978364936.00, -22, -594603, -31 
1721978364957.00, 0, -594603, -30 
1721978364977.00, 0, -594603, -29 
1721978364999.00, 0, -594602, -28 
1721978365020.00, 0, -594602, -27 
1721978365041.00, 0, -594602, -26 
1721978365062.00, 0, -594602, -26 
1721978365083.00, 0, -594603, -29 
1721978365104.00, 0, -594602, -31 
1721978365125.00, 0, -594602, -32 
1721978365146.00, 0, -594602, -31 
1721978365167.00, 0, -594603, -27 
1721978365188.00, 0, -594602, -26 
1721978365209.00, 0, -594603, -26 
1721978365230.00, 0, -594602, -26 
1721978365251.00, 0, -594602, -25 
1721978365272.00, 0, -594602, -24 
1721978365293.00, 0, -594603, -23 
1721978365314.00, 0, -594602, -23 
1721978365335.00, 0, -594602, -24 
1721978365356.00, 0, -594603, -25 
1721978365377.00, 0, -594602, -26 
1721978365398.00, 0, -594603, -28 
1721978365419.00, 0, -594603, -31 
1721978365440.00, 0, -594602, -37 
1721978365461.00, 0, -594603, -45 
1721978365482.00, 0, -594603, -46 
1721978365503.00, 0, -594603, -41 
1721978365524.00, 0, -594602, -38 
1721978365545.00, 0, -594604, -42 
1721978365565.00, 0, -594603, -44 
1721978365587.00, 0, -594603, -42 
1721978365609.00, 0, -594602, -39 
1721978365630.00, 0, -594604, -40 
1721978365650.00, 0, -594603, -40 
1721978365672.00, 0, -594603, -36 
1721978365692.00, 0, -594603, -34 
1721978365713.00, 0, -594604, -37 
1721978365735.00, 0, -594603, -43 
1721978365756.00, 0, -594603, -49 
1721978365776.00, 0, -594604, -55 
1721978365798.00, 0, -594604, -57 
1721978365818.00, 0, -594604, -56 
1721978365840.00, 0, -594604, -60 
1721978365861.00, 0, -594605, -64 
1721978365882.00, 0, -594604, -66 
1721978365902.00, 0, -594604, -66 
1721978365924.00, 0, -594605, -66 
1721978365945.00, 0, -594604, -66 
1721978365966.00, 0, -594605, -66 
