1718956890295.00, 0, -593568, 8 
1718956890317.00, 0, -593569, 8 
1718956890338.00, 0, -593568, 8 
1718956890359.00, 0, -593568, 8 
1718956890380.00, 0, -593568, 8 
1718956890401.00, 0, -593568, 8 
1718956890421.00, 0, -593568, 8 
1718956890443.00, 0, -593568, 7 
1718956890464.00, 0, -593568, 7 
1718956890484.00, 0, -593568, 8 
1718956890506.00, 0, -593568, 8 
1718956890526.00, 0, -593569, 8 
1718956890547.00, 0, -593567, 8 
1718956890569.00, 0, -593568, 8 
1718956890590.00, 0, -593568, 8 
1718956890610.00, 0, -593568, 8 
1718956890632.00, 0, -593568, 8 
1718956890653.00, 0, -593568, 8 
1718956890674.00, 0, -593570, 7 
1718956890695.00, 0, -593568, 7 
1718956890716.00, 0, -593568, 7 
1718956890739.00, 0, -593568, 7 
1718956890758.00, 0, -593568, 8 
1718956890778.00, 0, -593568, 8 
1718956890800.00, 0, -593568, 8 
1718956890821.00, 0, -593568, 7 
1718956890844.00, 0, -593568, 7 
1718956890863.00, 0, -593568, 7 
1718956890884.00, 0, -593568, 7 
1718956890908.00, 0, -593568, 7 
1718956890926.00, 0, -593568, 7 
1718956890948.00, 0, -593569, 7 
1718956890969.00, 0, -593568, 7 
1718956890990.00, 0, -593567, 7 
1718956891010.00, 0, -593568, 7 
1718956891031.00, 0, -593568, 7 
1718956891052.00, 0, -593569, 6 
1718956891074.00, 0, -593568, 6 
1718956891095.00, 0, -593569, 6 
1718956891116.00, 0, -593567, 6 
1718956891137.00, 0, -593568, 6 
1718956891158.00, 0, -593568, 6 
1718956891179.00, 0, -593568, 6 
1718956891199.00, 0, -593568, 6 
1718956891221.00, 0, -593567, 7 
1718956891242.00, 0, -593567, 7 
1718956891263.00, 0, -593568, 7 
1718956891289.00, 0, -593568, 7 
1718956891305.00, 0, -593568, 6 
1718956891326.00, 0, -593568, 6 
1718956891347.00, 0, -593568, 7 
1718956891368.00, 0, -593568, 7 
1718956891389.00, 0, -593568, 7 
1718956891410.00, 0, -593569, 7 
1718956891431.00, 0, -593568, 7 
1718956891452.00, 0, -593567, 8 
1718956891473.00, 0, -593568, 7 
1718956891494.00, 0, -593569, 7 
1718956891515.00, 0, -593568, 7 
1718956891536.00, 0, -593568, 7 
1718956891557.00, 0, -593568, 7 
1718956891578.00, 0, -593568, 7 
1718956891602.00, 0, -593569, 7 
1718956891620.00, 0, -593568, 7 
1718956891641.00, 0, -593568, 7 
1718956891663.00, 0, -593568, 7 
1718956891683.00, 0, -593567, 7 
1718956891704.00, 0, -593568, 7 
1718956891728.00, 0, -593568, 7 
1718956891746.00, 0, -593567, 6 
1718956891767.00, 0, -593568, 6 
1718956891788.00, 0, -593569, 6 
1718956891809.00, 0, -593568, 6 
1718956891831.00, 0, -593568, 6 
1718956891852.00, 0, -593568, 6 
1718956891872.00, 0, -593567, 6 
1718956891893.00, 0, -593568, 6 
1718956891914.00, 0, -593568, 6 
1718956891935.00, 0, -593568, 6 
1718956891956.00, 0, -593569, 5 
1718956891977.00, 0, -593568, 6 
1718956891998.00, 0, -593568, 6 
1718956892020.00, 0, -593567, 6 
1718956892041.00, 0, -593568, 5 
1718956892062.00, 0, -593568, 5 
1718956892083.00, 0, -593568, 5 
1718956892103.00, 0, -593567, 5 
1718956892125.00, 0, -593567, 5 
1718956892146.00, 0, -593568, 5 
1718956892167.00, 0, -593568, 5 
1718956892188.00, 23, -593568, 5 
1718956892209.00, 0, -593568, 4 
1718956892230.00, 0, -593569, 4 
1718956892251.00, 0, -593568, 4 
1718956892273.00, 0, -593567, 5 
1718956892293.00, 0, -593568, 5 
1718956892314.00, 0, -593567, 4 
1718956892335.00, 0, -593567, 4 
1718956892356.00, 0, -593568, 4 
1718956892377.00, 0, -593567, 4 
1718956892398.00, 0, -593568, 4 
1718956892419.00, 0, -593568, 4 
1718956892440.00, 0, -593567, 4 
1718956892462.00, 0, -593568, 4 
1718956892482.00, 0, -593567, 4 
1718956892503.00, 0, -593568, 4 
1718956892525.00, 0, -593568, 4 
1718956892546.00, 0, -593569, 4 
1718956892566.00, 0, -593568, 4 
1718956892588.00, 0, -593568, 4 
1718956892609.00, 0, -593569, 3 
1718956892630.00, 0, -593568, 3 
1718956892650.00, 0, -593568, 4 
1718956892672.00, 0, -593567, 4 
1718956892693.00, 0, -593569, 4 
1718956892715.00, 0, -593567, 4 
1718956892735.00, 0, -593567, 4 
1718956892756.00, 0, -593568, 4 
1718956892777.00, 0, -593567, 4 
1718956892800.00, 0, -593568, 4 
1718956892819.00, 0, -593568, 4 
1718956892840.00, 0, -593568, 4 
1718956892860.00, 0, -593569, 4 
1718956892882.00, 0, -593568, 4 
1718956892903.00, 0, -593567, 4 
1718956892925.00, 0, -593568, 4 
1718956892944.00, 0, -593568, 4 
1718956892965.00, 0, -593567, 4 
1718956892987.00, 0, -593568, 4 
1718956893008.00, 0, -593568, 5 
1718956893029.00, 0, -593568, 5 
1718956893050.00, 0, -593568, 5 
1718956893071.00, 0, -593567, 5 
1718956893092.00, 0, -593568, 5 
1718956893113.00, 0, -593568, 5 
1718956893134.00, 0, -593568, 5 
1718956893155.00, 0, -593567, 5 
1718956893176.00, 0, -593568, 5 
1718956893198.00, 0, -593568, 5 
1718956893218.00, 0, -593568, 5 
1718956893239.00, 0, -593568, 5 
1718956893261.00, 0, -593568, 5 
1718956893282.00, 0, -593568, 5 
1718956893302.00, 0, -593568, 6 
1718956893324.00, 0, -593568, 6 
1718956893345.00, 0, -593568, 6 
1718956893366.00, 0, -593568, 6 
1718956893386.00, 0, -593568, 6 
1718956893408.00, 0, -593568, 6 
1718956893429.00, 0, -593569, 6 
1718956893450.00, 0, -593568, 6 
1718956893476.00, 0, -593568, 6 
1718956893492.00, 0, -593567, 6 
1718956893513.00, 0, -593567, 6 
1718956893534.00, 0, -593568, 5 
1718956893555.00, 0, -593569, 5 
1718956893579.00, 0, -593567, 6 
1718956893597.00, 0, -593568, 6 
1718956893618.00, 0, -593568, 6 
1718956893639.00, 0, -593568, 5 
1718956893660.00, 0, -593568, 5 
1718956893681.00, 0, -593568, 6 
1718956893702.00, 0, -593568, 6 
1718956893723.00, 0, -593569, 6 
1718956893744.00, 0, -593568, 6 
1718956893765.00, 0, -593568, 6 
1718956893786.00, 0, -593568, 6 
1718956893807.00, 0, -593568, 6 
1718956893827.00, 0, -593568, 5 
1718956893849.00, 0, -593568, 4 
1718956893870.00, 0, -593567, 3 
1718956893891.00, 0, -593568, 3 
1718956893917.00, 0, -593569, 3 
1718956893933.00, 0, -593568, 2 
1718956893954.00, 0, -593568, 1 
1718956893975.00, 0, -593567, 2 
1718956893996.00, 0, -593568, 3 
1718956894021.00, 0, -593568, 5 
1718956894039.00, 0, -593568, 4 
1718956894059.00, 0, -593568, 3 
1718956894080.00, 0, -593569, 3 
1718956894101.00, 0, -593568, 4 
1718956894124.00, 0, -593568, 4 
1718956894144.00, 0, -593568, 5 
1718956894165.00, 0, -593568, 7 
1718956894186.00, 0, -593568, 8 
1718956894207.00, 0, -593569, 9 
1718956894228.00, 0, -593568, 9 
1718956894249.00, 0, -593568, 10 
1718956894270.00, 0, -593568, 11 
1718956894291.00, 58, -593567, 13 
1718956894312.00, 822, -593567, 17 
1718956894334.00, 1571, -593561, 25 
1718956894355.00, 2467, -593529, 26 
1718956894376.00, 3059, -593478, 22 
1718956894398.00, 3137, -593412, 21 
1718956894420.00, 3248, -593345, 21 
1718956894441.00, 3229, -593278, 20 
1718956894462.00, 3157, -593208, 18 
1718956894485.00, 2936, -593139, 16 
1718956894505.00, 2529, -593075, 14 
1718956894527.00, 2254, -593017, 12 
1718956894548.00, 2045, -592968, 11 
1718956894572.00, 1872, -592923, 11 
1718956894591.00, 1735, -592883, 11 
1718956894613.00, 1706, -592845, 11 
1718956894634.00, 1673, -592810, 12 
1718956894656.00, 1700, -592774, 14 
1718956894677.00, 1813, -592737, 17 
1718956894699.00, 2127, -592697, 20 
1718956894720.00, 2480, -592653, 20 
1718956894742.00, 2702, -592600, 19 
1718956894762.00, 2705, -592542, 20 
1718956894790.00, 2904, -592481, 16 
1718956894807.00, 2753, -592421, 16 
1718956894829.00, 2488, -592362, 18 
1718956894849.00, 2530, -592303, 22 
1718956894871.00, 2830, -592248, 23 
1718956894893.00, 2989, -592188, 19 
1718956894914.00, 2869, -592125, 18 
1718956894936.00, 2749, -592067, 19 
1718956894956.00, 2690, -592008, 18 
1718956894978.00, 2692, -591949, 14 
1718956895003.00, 2489, -591893, 12 
1718956895021.00, 2208, -591838, 14 
1718956895042.00, 2146, -591789, 17 
1718956895064.00, 2286, -591744, 18 
1718956895086.00, 2463, -591695, 17 
1718956895107.00, 2511, -591643, 16 
1718956895129.00, 2561, -591589, 18 
1718956895150.00, 2664, -591537, 19 
1718956895172.00, 2671, -591481, 17 
1718956895193.00, 2435, -591421, 16 
1718956895216.00, 2317, -591369, 17 
1718956895236.00, 2265, -591321, 15 
1718956895258.00, 2123, -591270, 12 
1718956895279.00, 1934, -591225, 14 
1718956895301.00, 1924, -591183, 16 
1718956895322.00, 2067, -591143, 13 
1718956895343.00, 1971, -591097, 7 
1718956895364.00, 1083, -591057, 7 
1718956895386.00, 523, -591033, 11 
1718956895407.00, 894, -591021, 11 
1718956895428.00, 1140, -591002, 9 
1718956895452.00, 643, -590976, 11 
1718956895472.00, 1004, -590962, 13 
1718956895493.00, 1369, -590941, 13 
1718956895515.00, 1520, -590912, 13 
1718956895536.00, 1638, -590880, 14 
1718956895561.00, 1814, -590844, 13 
1718956895579.00, 1831, -590806, 11 
1718956895601.00, 1760, -590767, 14 
1718956895622.00, 1776, -590726, 25 
1718956895644.00, 2526, -590685, 33 
1718956895672.00, 3376, -590632, 46 
1718956895686.00, 4672, -590557, 60 
1718956895708.00, 6245, -590457, 72 
1718956895729.00, 8028, -590318, 86 
1718956895751.00, 9920, -590147, 104 
1718956895772.00, 12063, -589934, 120 
1718956895794.00, 14252, -589668, 148 
1718956895816.00, 17639, -589350, 202 
1718956895837.00, 22584, -588973, 242 
1718956895859.00, 28101, -588484, 294 
1718956895881.00, 34406, -587877, 364 
1718956895902.00, 42451, -587130, 426 
1718956895924.00, 50848, -586220, 462 
1718956895945.00, 58127, -585123, 497 
1718956895967.00, 64353, -583863, 557 
1718956895991.00, 71536, -582462, 601 
1718956896011.00, 78458, -580906, 631 
1718956896031.00, 84677, -579203, 668 
1718956896054.00, 90326, -577367, 687 
1718956896076.00, 94834, -575421, 704 
1718956896098.00, 98350, -573357, 712 
1718956896119.00, 100908, -571221, 705 
1718956896140.00, 102109, -569032, 722 
1718956896162.00, 103497, -566810, 733 
1718956896184.00, 105090, -564550, 733 
1718956896206.00, 105979, -562263, 781 
1718956896228.00, 109266, -559954, 810 
1718956896249.00, 113009, -557565, 816 
1718956896270.00, 115568, -555118, 849 
1718956896293.00, 118948, -552594, 881 
1718956896316.00, 122917, -549996, 910 
1718956896336.00, 126961, -547314, 927 
1718956896358.00, 130498, -544540, 972 
1718956896378.00, 135089, -541703, 1009 
1718956896400.00, 140063, -538756, 1036 
1718956896422.00, 144557, -535691, 1046 
1718956896444.00, 147716, -532528, 1065 
1718956896465.00, 150714, -529294, 1074 
1718956896487.00, 152914, -526004, 1047 
1718956896509.00, 152590, -522670, 1043 
1718956896536.00, 152140, -519327, 1053 
1718956896553.00, 152290, -516002, 1078 
1718956896574.00, 153995, -512666, 1082 
1718956896597.00, 154987, -509310, 1079 
1718956896618.00, 155393, -505925, 1079 
1718956896642.00, 155655, -502530, 1074 
1718956896661.00, 155315, -499129, 1064 
1718956896683.00, 154316, -495740, 1049 
1718956896706.00, 153110, -492362, 1005 
1718956896728.00, 149602, -489021, 983 
1718956896750.00, 146190, -485787, 967 
1718956896772.00, 142959, -482601, 929 
1718956896794.00, 138935, -479490, 938 
1718956896815.00, 137157, -476473, 892 
1718956896837.00, 133126, -473508, 901 
1718956896859.00, 131394, -470610, 890 
1718956896880.00, 129383, -467763, 887 
1718956896903.00, 128024, -464944, 911 
1718956896924.00, 128684, -462156, 913 
1718956896946.00, 129320, -459360, 944 
1718956896968.00, 131587, -456542, 976 
1718956896989.00, 134817, -453679, 983 
1718956897011.00, 136945, -450750, 959 
1718956897032.00, 136686, -447777, 904 
1718956897054.00, 133089, -444806, 857 
1718956897076.00, 128102, -441913, 809 
1718956897098.00, 122173, -439135, 743 
1718956897119.00, 114828, -436484, 723 
1718956897141.00, 109366, -433993, 624 
1718956897163.00, 99859, -431633, 528 
1718956897185.00, 56321, -429482, 485 
1718956897207.00, 30660, -428265, 457 
1718956897228.00, 15319, -427580, 406 
1718956897249.00, 6717, -427233, 313 
1718956897271.00, 1514, -427086, 265 
1718956897292.00, -1121, -427058, 138 
1718956897314.00, -3054, -427090, -25 
1718956897335.00, -5689, -427165, -185 
1718956897357.00, -16510, -427296, -331 
1718956897378.00, -32169, -427652, -443 
1718956897400.00, -47884, -428345, -632 
1718956897422.00, -68687, -429368, -704 
1718956897444.00, -85355, -430848, -748 
1718956897465.00, -97607, -432698, -792 
1718956897487.00, -107331, -434834, -809 
1718956897509.00, -114151, -437179, -818 
1718956897530.00, -118547, -439654, -810 
1718956897552.00, -120477, -442242, -822 
1718956897574.00, -122408, -444878, -812 
1718956897595.00, -122691, -447528, -810 
1718956897617.00, -122756, -450196, -829 
1718956897639.00, -123951, -452877, -867 
1718956897661.00, -126817, -455562, -852 
1718956897683.00, -127447, -458333, -868 
1718956897704.00, -128708, -461098, -879 
1718956897726.00, -129916, -463890, -856 
1718956897747.00, -129265, -466723, -848 
1718956897769.00, -128191, -469527, -856 
1718956897791.00, -128078, -472314, -850 
1718956897813.00, -127470, -475102, -817 
1718956897834.00, -125024, -477879, -870 
1718956897856.00, -126544, -480589, -847 
1718956897877.00, -126104, -483350, -798 
1718956897900.00, -122893, -486083, -791 
1718956897922.00, -120393, -488750, -794 
1718956897943.00, -119127, -491376, -751 
1718956897965.00, -115776, -493971, -817 
1718956897986.00, -117549, -496486, -881 
1718956898008.00, -122619, -499039, -843 
1718956898030.00, -123314, -501717, -896 
1718956898052.00, -126611, -504409, -976 
1718956898073.00, -133354, -507167, -974 
1718956898095.00, -137337, -510082, -954 
1718956898116.00, -138253, -513073, -1039 
1718956898137.00, -143745, -516094, -1090 
1718956898161.00, -150398, -519249, -978 
1718956898181.00, -147420, -522516, -1076 
1718956898203.00, -151344, -525741, -1092 
1718956898226.00, -154643, -529043, -998 
1718956898246.00, -150514, -532409, -1066 
1718956898268.00, -152292, -535717, -1074 
1718956898291.00, -154092, -539026, -993 
1718956898312.00, -149930, -542398, -1060 
1718956898334.00, -151350, -545663, -1101 
1718956898356.00, -154682, -548978, -979 
1718956898378.00, -149565, -552346, -968 
1718956898399.00, -145538, -555588, -1070 
1718956898422.00, -149242, -558765, -985 
1718956898443.00, -146468, -562010, -941 
1718956898466.00, -142043, -565196, -996 
1718956898487.00, -142623, -568279, -923 
1718956898509.00, -138508, -571362, -849 
1718956898530.00, -131635, -574382, -866 
1718956898552.00, -128481, -577232, -810 
1718956898573.00, -123262, -580005, -725 
1718956898595.00, -115091, -582699, -724 
1718956898617.00, -110085, -585180, -675 
1718956898639.00, -104088, -587557, -595 
1718956898661.00, -95518, -589823, -629 
1718956898682.00, -92764, -591883, -540 
1718956898704.00, -85551, -593876, -431 
1718956898726.00, -48708, -595715, -431 
1718956898747.00, -26487, -596775, -406 
1718956898769.00, -13209, -597371, -325 
1718956898790.00, -5406, -597677, -293 
1718956898811.00, -1049, -597813, -350 
1718956898834.00, 822, -597838, -291 
1718956898855.00, 2402, -597828, -210 
1718956898877.00, 3467, -597773, -117 
1718956898898.00, 3943, -597692, 26 
1718956898920.00, 6012, -597596, 124 
1718956898942.00, 12707, -597448, 388 
1718956898963.00, 32528, -597163, 541 
1718956898985.00, 53663, -596471, 747 
1718956899006.00, 78686, -595329, 839 
1718956899027.00, 99065, -593607, 957 
1718956899049.00, 118389, -591448, 1063 
1718956899070.00, 135792, -588857, 1131 
1718956899092.00, 150107, -585861, 1186 
1718956899113.00, 161811, -582572, 1226 
1718956899136.00, 170993, -579022, 1267 
1718956899158.00, 175013, -575280, 1295 
1718956899179.00, 174893, -571444, 1344 
1718956899201.00, 174817, -567625, 1381 
1718956899223.00, 174856, -563800, 1431 
1718956899245.00, 174907, -559982, 1484 
1718956899268.00, 174630, -556164, 1551 
1718956899288.00, 174752, -552345, 1570 
1718956899310.00, 174759, -548525, 1587 
1718956899331.00, 174603, -544707, 1609 
1718956899354.00, 174718, -540889, 1610 
1718956899376.00, 174732, -537070, 1614 
1718956899398.00, 174610, -533243, 1620 
1718956899419.00, 174627, -529441, 1606 
1718956899441.00, 174579, -525617, 1615 
1718956899463.00, 174869, -521810, 1576 
1718956899485.00, 174531, -517995, 1562 
1718956899506.00, 174438, -514183, 1491 
1718956899528.00, 174442, -510370, 1503 
1718956899550.00, 174556, -506546, 1488 
1718956899572.00, 174594, -502744, 1462 
1718956899593.00, 174743, -498917, 1438 
1718956899615.00, 174802, -495107, 1442 
1718956899638.00, 174559, -491282, 1440 
1718956899659.00, 174584, -487470, 1430 
1718956899681.00, 174830, -483662, 1390 
1718956899703.00, 174916, -479835, 1398 
1718956899725.00, 174550, -476020, 1409 
1718956899746.00, 174618, -472205, 1362 
1718956899768.00, 174578, -468391, 1320 
1718956899790.00, 174641, -464581, 1305 
1718956899812.00, 174737, -460769, 1278 
1718956899834.00, 174830, -456954, 1243 
1718956899855.00, 174495, -453152, 1195 
1718956899877.00, 171167, -449337, 1122 
1718956899899.00, 164832, -445592, 1050 
1718956899924.00, 156795, -442013, 974 
1718956899944.00, 147241, -438616, 902 
1718956899966.00, 137404, -435424, 789 
1718956899988.00, 124941, -432451, 721 
1718956900009.00, 68716, -429756, 696 
1718956900033.00, 35972, -428260, 710 
1718956900052.00, 16623, -427466, 634 
1718956900074.00, 5511, -427086, 549 
1718956900095.00, -292, -426962, 413 
1718956900117.00, -4291, -426971, 229 
1718956900137.00, -6555, -427070, 0 
1718956900159.00, -7982, -427226, -197 
1718956900181.00, -20276, -427411, -409 
1718956900203.00, -40274, -427849, -558 
1718956900225.00, -60954, -428706, -694 
1718956900246.00, -81412, -430023, -766 
1718956900268.00, -97772, -431795, -856 
1718956900289.00, -112721, -433913, -900 
1718956900311.00, -123931, -436395, -934 
1718956900333.00, -132795, -439106, -969 
1718956900353.00, -140010, -442000, -1000 
1718956900377.00, -145915, -445072, -975 
1718956900398.00, -147529, -448239, -974 
1718956900420.00, -148382, -451457, -981 
1718956900442.00, -148919, -454693, -958 
1718956900463.00, -147999, -457931, -938 
1718956900485.00, -145808, -461146, -960 
1718956900507.00, -145605, -464325, -971 
1718956900529.00, -146423, -467507, -902 
1718956900551.00, -142733, -470689, -971 
1718956900572.00, -144353, -473778, -992 
1718956900594.00, -146653, -476937, -994 
1718956900616.00, -148083, -480124, -998 
1718956900636.00, -149038, -483347, -1027 
1718956900659.00, -151228, -486614, -1053 
1718956900680.00, -153958, -489901, -1071 
1718956900702.00, -156305, -493286, -1086 
1718956900723.00, -158651, -496696, -1037 
1718956900745.00, -157063, -500180, -1047 
1718956900767.00, -156394, -503611, -1077 
1718956900790.00, -157985, -507017, -964 
1718956900810.00, -152021, -510457, -1027 
1718956900832.00, -151918, -513767, -1135 
1718956900853.00, -158630, -517108, -1111 
1718956900876.00, -161056, -520573, -1114 
1718956900898.00, -162420, -524097, -1228 
1718956900922.00, -170051, -527649, -1274 
1718956900941.00, -175296, -531354, -1115 
1718956900963.00, -170709, -535193, -1257 
1718956900985.00, -174793, -538913, -1312 
1718956901007.00, -175001, -542747, -1134 
1718956901032.00, -171554, -546554, -1252 
1718956901050.00, -174580, -550314, -1241 
1718956901072.00, -174868, -554111, -1085 
1718956901093.00, -168078, -557931, -1106 
1718956901115.00, -165463, -561607, -1129 
1718956901138.00, -165096, -565205, -1031 
1718956901159.00, -159048, -568823, -1019 
1718956901181.00, -154580, -572276, -1032 
1718956901204.00, -152560, -575653, -962 
1718956901226.00, -147297, -578950, -838 
1718956901247.00, -136578, -582158, -786 
1718956901269.00, -126803, -585105, -749 
1718956901291.00, -118368, -587842, -620 
1718956901312.00, -105934, -590409, -392 
1718956901334.00, -84928, -592699, -390 
1718956901356.00, -72010, -594525, -309 
1718956901378.00, -40855, -596064, -194 
1718956901399.00, -22416, -596969, -167 
1718956901420.00, -11395, -597479, -175 
1718956901443.00, -5055, -597740, -134 
1718956901464.00, -1323, -597859, -148 
1718956901486.00, 91, -597893, -146 
1718956901507.00, 1342, -597893, -109 
1718956901529.00, 2345, -597867, -49 
1718956901550.00, 3151, -597807, 95 
1718956901572.00, 9364, -597716, 334 
1718956901593.00, 27177, -597510, 605 
1718956901615.00, 54136, -596924, 922 
1718956901637.00, 89359, -595769, 1123 
1718956901657.00, 122390, -593803, 1285 
1718956901679.00, 149380, -591107, 1398 
1718956901701.00, 165164, -587828, 1481 
1718956901723.00, 174516, -584199, 1528 
1718956901744.00, 174897, -580378, 1540 
1718956901766.00, 174842, -576554, 1600 
1718956901788.00, 174868, -572740, 1609 
1718956901810.00, 174798, -568925, 1628 
1718956901832.00, 174714, -565101, 1642 
1718956901854.00, 174773, -561291, 1683 
1718956901875.00, 174853, -557470, 1696 
1718956901900.00, 174652, -553656, 1694 
1718956901919.00, 174641, -549835, 1714 
1718956901941.00, 174954, -546015, 1731 
1718956901963.00, 174816, -542203, 1736 
1718956901984.00, 174823, -538376, 1762 
1718956902010.00, 174867, -534560, 1783 
1718956902028.00, 174632, -530755, 1770 
1718956902050.00, 174523, -526929, 1767 
1718956902072.00, 174840, -523124, 1728 
1718956902093.00, 174780, -519304, 1756 
1718956902120.00, 174609, -515484, 1738 
1718956902137.00, 174746, -511660, 1740 
1718956902159.00, 174602, -507835, 1745 
1718956902181.00, 174539, -504036, 1736 
1718956902202.00, 174598, -500214, 1685 
1718956902230.00, 174816, -496401, 1633 
1718956902246.00, 174844, -492588, 1593 
1718956902268.00, 174817, -488773, 1550 
1718956902290.00, 174711, -484956, 1538 
1718956902312.00, 174603, -481135, 1509 
1718956902334.00, 174660, -477334, 1480 
1718956902356.00, 174500, -473515, 1462 
1718956902377.00, 174674, -469694, 1435 
1718956902398.00, 174612, -465884, 1389 
1718956902420.00, 174589, -462074, 1360 
1718956902442.00, 174517, -458261, 1304 
1718956902464.00, 174595, -454451, 1233 
1718956902486.00, 174748, -450638, 1190 
1718956902508.00, 174477, -446829, 1112 
1718956902530.00, 170900, -443017, 970 
1718956902553.00, 160159, -439320, 823 
1718956902574.00, 144725, -435858, 676 
1718956902596.00, 126409, -432736, 576 
1718956902618.00, 109765, -429993, 482 
1718956902639.00, 64406, -427654, 337 
1718956902664.00, 37521, -426261, 200 
1718956902683.00, 21729, -425447, 33 
1718956902704.00, 12554, -424974, -90 
1718956902726.00, 1703, -424702, -186 
1718956902747.00, -10041, -424666, -349 
1718956902769.00, -27387, -424876, -478 
1718956902791.00, -45310, -425455, -638 
1718956902812.00, -65659, -426420, -733 
1718956902833.00, -83218, -427850, -824 
1718956902856.00, -99087, -429658, -881 
1718956902877.00, -111953, -431818, -923 
1718956902899.00, -121890, -434267, -976 
1718956902921.00, -131039, -436933, -982 
1718956902943.00, -136803, -439791, -956 
1718956902964.00, -138540, -442773, -958 
1718956902986.00, -139495, -445792, -955 
1718956903008.00, -140108, -448810, -946 
1718956903029.00, -139826, -451877, -952 
1718956903050.00, -139841, -454911, -1001 
1718956903073.00, -142399, -457961, -980 
1718956903100.00, -142907, -461070, -974 
1718956903116.00, -142664, -464167, -989 
1718956903138.00, -143485, -467285, -942 
1718956903160.00, -141083, -470403, -992 
1718956903180.00, -142321, -473463, -1018 
1718956903204.00, -144759, -476586, -917 
1718956903225.00, -140068, -479722, -932 
1718956903247.00, -138301, -482766, -939 
1718956903268.00, -137609, -485775, -882 
1718956903290.00, -133589, -488757, -883 
1718956903311.00, -131254, -491677, -1003 
1718956903333.00, -136761, -494551, -1011 
1718956903356.00, -140721, -497538, -992 
1718956903376.00, -142030, -500613, -1080 
1718956903398.00, -147748, -503728, -1155 
1718956903420.00, -155924, -506951, -1018 
1718956903442.00, -152336, -510368, -1034 
1718956903464.00, -150864, -513681, -990 
1718956903486.00, -147488, -516964, -842 
1718956903507.00, -136548, -520165, -887 
1718956903534.00, -132678, -523124, -911 
1718956903551.00, -131907, -526003, -812 
1718956903573.00, -125343, -528874, -902 
1718956903594.00, -126731, -531598, -1033 
1718956903616.00, -135551, -534385, -1000 
1718956903639.00, -138968, -537340, -993 
1718956903659.00, -140521, -540383, -1080 
1718956903680.00, -146396, -543454, -1057 
1718956903702.00, -148731, -546644, -1026 
1718956903724.00, -147941, -549907, -1098 
1718956903748.00, -151873, -553137, -1082 
1718956903768.00, -153412, -556457, -1051 
1718956903790.00, -152065, -559808, -1171 
1718956903812.00, -158594, -563123, -1129 
1718956903833.00, -160081, -566596, -1067 
1718956903856.00, -156940, -570082, -1116 
1718956903877.00, -157886, -573516, -1057 
1718956903900.00, -155089, -576959, -943 
1718956903921.00, -146225, -580314, -967 
1718956903944.00, -142403, -583492, -879 
1718956903965.00, -135103, -586577, -711 
1718956903987.00, -120388, -589507, -764 
1718956904009.00, -114540, -592098, -597 
1718956904031.00, -101115, -594585, -518 
1718956904052.00, -56733, -596755, -408 
1718956904074.00, -30580, -597994, -333 
1718956904095.00, -15220, -598684, -265 
1718956904117.00, -6305, -599026, -195 
1718956904139.00, -1189, -599167, -147 
1718956904160.00, 1361, -599191, -61 
1718956904182.00, 3141, -599167, 36 
1718956904203.00, 6522, -599088, 174 
1718956904225.00, 16656, -598934, 390 
1718956904246.00, 35881, -598576, 530 
1718956904268.00, 55431, -597810, 732 
1718956904289.00, 79201, -596611, 828 
1718956904311.00, 99316, -594890, 945 
1718956904332.00, 118168, -592725, 1090 
1718956904353.00, 137902, -590126, 1146 
1718956904376.00, 152795, -587091, 1200 
1718956904397.00, 164756, -583747, 1283 
1718956904419.00, 174701, -580128, 1303 
1718956904441.00, 174865, -576309, 1357 
1718956904462.00, 174571, -572487, 1424 
1718956904485.00, 174670, -568670, 1435 
1718956904506.00, 174671, -564851, 1466 
1718956904528.00, 175027, -561034, 1474 
1718956904550.00, 174765, -557210, 1522 
1718956904572.00, 174736, -553400, 1510 
1718956904593.00, 174564, -549593, 1525 
1718956904615.00, 174764, -545779, 1494 
1718956904637.00, 174794, -541950, 1550 
1718956904659.00, 174877, -538139, 1531 
1718956904681.00, 174661, -534319, 1567 
1718956904703.00, 174863, -530505, 1577 
1718956904724.00, 174893, -526687, 1591 
1718956904747.00, 174705, -522871, 1584 
1718956904768.00, 174824, -519045, 1572 
1718956904789.00, 174789, -515223, 1587 
1718956904811.00, 174587, -511411, 1578 
1718956904833.00, 174585, -507599, 1521 
1718956904855.00, 174694, -503778, 1516 
1718956904877.00, 175066, -499970, 1524 
1718956904899.00, 174753, -496142, 1537 
1718956904920.00, 174708, -492330, 1512 
1718956904942.00, 174718, -488519, 1504 
1718956904964.00, 174507, -484697, 1471 
1718956904986.00, 174615, -480889, 1412 
1718956905008.00, 174790, -477080, 1376 
1718956905030.00, 174858, -473266, 1331 
1718956905052.00, 174621, -469453, 1274 
1718956905073.00, 174576, -465639, 1200 
1718956905095.00, 171784, -461824, 1163 
1718956905117.00, 167774, -458088, 1134 
1718956905139.00, 163923, -454421, 1101 
1718956905161.00, 159444, -450852, 1056 
1718956905182.00, 154168, -447379, 1004 
1718956905206.00, 147750, -444019, 963 
1718956905227.00, 141427, -440828, 897 
1718956905248.00, 133729, -437755, 769 
1718956905270.00, 121355, -434864, 675 
1718956905292.00, 108350, -432243, 552 
1718956905314.00, 59325, -429916, 432 
1718956905335.00, 30851, -428632, 344 
1718956905357.00, 14242, -427946, 321 
1718956905379.00, 4255, -427626, 319 
1718956905400.00, -860, -427530, 258 
1718956905422.00, -4341, -427548, 155 
1718956905443.00, -6670, -427646, 14 
1718956905464.00, -7698, -427800, -162 
1718956905486.00, -17526, -427984, -361 
1718956905508.00, -35499, -428374, -475 
1718956905529.00, -53197, -429139, -704 
1718956905551.00, -77451, -430276, -732 
1718956905572.00, -93531, -431962, -803 
1718956905594.00, -107003, -433989, -865 
1718956905616.00, -118618, -436332, -874 
1718956905638.00, -126000, -438926, -883 
1718956905660.00, -130566, -441682, -927 
1718956905681.00, -135757, -444530, -955 
1718956905703.00, -140519, -447481, -966 
1718956905724.00, -143944, -450549, -1032 
1718956905745.00, -149707, -453705, -1056 
1718956905767.00, -154344, -456960, -1057 
1718956905789.00, -157099, -460358, -1063 
1718956905811.00, -159062, -463784, -1081 
1718956905833.00, -160977, -467271, -1043 
1718956905854.00, -159812, -470785, -1044 
1718956905876.00, -158949, -474263, -1013 
1718956905899.00, -156521, -477746, -996 
1718956905919.00, -153817, -481135, -1042 
1718956905946.00, -154796, -484505, -1030 
1718956905965.00, -154744, -487888, -976 
1718956905985.00, -151436, -491258, -1071 
1718956906007.00, -154838, -494563, -1109 
1718956906029.00, -159156, -497941, -1066 
1718956906053.00, -158962, -501439, -1153 
1718956906072.00, -164289, -504906, -1108 
1718956906094.00, -164707, -508493, -1049 
1718956906116.00, -161050, -512096, -1150 
1718956906138.00, -164957, -515601, -1078 
1718956906160.00, -162460, -519218, -1029 
1718956906183.00, -157992, -522767, -1139 
1718956906203.00, -162155, -526222, -1085 
1718956906225.00, -161225, -529758, -1019 
1718956906247.00, -156576, -533288, -1061 
1718956906269.00, -156189, -536712, -1061 
1718956906291.00, -156022, -540105, -1024 
1718956906314.00, -153589, -543519, -993 
1718956906335.00, -150187, -546840, -980 
1718956906356.00, -147365, -550127, -1010 
1718956906379.00, -147200, -553341, -993 
1718956906401.00, -145963, -556538, -909 
1718956906422.00, -140272, -559708, -840 
1718956906444.00, -132777, -562744, -830 
1718956906466.00, -127470, -565640, -876 
1718956906492.00, -126897, -568410, -818 
1718956906509.00, -123428, -571155, -717 
1718956906531.00, -115131, -573843, -769 
1718956906553.00, -113035, -576346, -727 
1718956906574.00, -109518, -578788, -615 
1718956906599.00, -100647, -581164, -654 
1718956906618.00, -97573, -583351, -603 
1718956906639.00, -92866, -585458, -470 
1718956906661.00, -81866, -587458, -468 
1718956906682.00, -74949, -589227, -478 
1718956906704.00, -71393, -590851, -356 
1718956906726.00, -62495, -592388, -262 
1718956906747.00, -51244, -593732, -233 
1718956906769.00, -28448, -594839, -203 
1718956906790.00, -15061, -595483, -136 
1718956906812.00, -6936, -595821, -52 
1718956906833.00, -2145, -595968, 75 
1718956906856.00, 4674, -596008, 230 
1718956906877.00, 18278, -595914, 472 
1718956906899.00, 40719, -595526, 704 
1718956906920.00, 68361, -594657, 867 
1718956906941.00, 94484, -593170, 1028 
1718956906962.00, 119592, -591096, 1214 
1718956906984.00, 145668, -588469, 1277 
1718956907005.00, 162841, -585260, 1347 
1718956907027.00, 172866, -581671, 1410 
1718956907050.00, 175082, -577880, 1457 
1718956907071.00, 174750, -574052, 1500 
1718956907093.00, 174881, -570242, 1499 
1718956907115.00, 174738, -566413, 1557 
1718956907137.00, 174629, -562603, 1576 
1718956907159.00, 174738, -558787, 1594 
1718956907180.00, 174754, -554969, 1616 
1718956907202.00, 174690, -551160, 1625 
1718956907224.00, 174559, -547331, 1618 
1718956907246.00, 174604, -543505, 1614 
1718956907268.00, 174834, -539706, 1602 
1718956907289.00, 174703, -535878, 1631 
1718956907311.00, 174781, -532060, 1641 
1718956907333.00, 174904, -528245, 1623 
1718956907358.00, 174581, -524434, 1603 
1718956907376.00, 174436, -520623, 1564 
1718956907399.00, 174556, -516803, 1533 
1718956907421.00, 174844, -512979, 1527 
1718956907441.00, 174778, -509170, 1531 
1718956907464.00, 174787, -505349, 1469 
1718956907485.00, 174729, -501538, 1455 
1718956907508.00, 174605, -497726, 1417 
1718956907529.00, 174699, -493918, 1393 
1718956907551.00, 174830, -490093, 1375 
1718956907573.00, 174811, -486277, 1377 
1718956907594.00, 174529, -482462, 1318 
1718956907617.00, 174737, -478652, 1246 
1718956907639.00, 174803, -474832, 1225 
1718956907661.00, 174736, -471020, 1218 
1718956907682.00, 174856, -467197, 1190 
1718956907704.00, 174822, -463377, 1159 
1718956907726.00, 174188, -459570, 1118 
1718956907747.00, 170983, -455776, 1038 
1718956907771.00, 164215, -452046, 962 
1718956907793.00, 155506, -448480, 906 
1718956907813.00, 146796, -445113, 842 
1718956907836.00, 137686, -441924, 769 
1718956907858.00, 128003, -438941, 670 
1718956907879.00, 116061, -436178, 563 
1718956907901.00, 102559, -433668, 458 
1718956907923.00, 87796, -431463, 374 
1718956907944.00, 51750, -429572, 264 
1718956907966.00, 30142, -428465, 184 
1718956907988.00, 17112, -427809, 38 
1718956908009.00, 9300, -427439, -95 
1718956908031.00, -246, -427243, -239 
1718956908052.00, -14407, -427249, -413 
1718956908074.00, -33966, -427560, -481 
1718956908095.00, -49743, -428291, -684 
1718956908116.00, -71334, -429354, -758 
1718956908139.00, -88484, -430904, -855 
1718956908160.00, -104453, -432830, -924 
1718956908182.00, -118018, -435128, -966 
1718956908202.00, -128575, -437712, -1014 
1718956908224.00, -137580, -440519, -1039 
1718956908246.00, -144255, -443544, -1031 
1718956908267.00, -147869, -446699, -1052 
1718956908289.00, -151087, -449932, -1059 
1718956908311.00, -153371, -453240, -1037 
1718956908334.00, -153428, -456578, -1046 
1718956908355.00, -153643, -459940, -1029 
1718956908377.00, -152983, -463280, -1033 
1718956908399.00, -152699, -466624, -1061 
1718956908421.00, -153904, -469961, -1093 
1718956908442.00, -156497, -473311, -1073 
1718956908465.00, -156869, -476752, -1099 
1718956908486.00, -158450, -480169, -1105 
1718956908508.00, -159680, -483635, -1052 
1718956908530.00, -157401, -487123, -1061 
1718956908551.00, -156376, -490551, -1097 
1718956908573.00, -157920, -493975, -1073 
1718956908595.00, -157254, -497414, -1105 
1718956908617.00, -158463, -500865, -1154 
1718956908639.00, -162237, -504321, -1132 
1718956908660.00, -163085, -507872, -1152 
1718956908683.00, -164881, -511447, -1217 
1718956908704.00, -169714, -515039, -1222 
1718956908726.00, -172783, -518752, -1215 
1718956908748.00, -174241, -522530, -1260 
1718956908770.00, -174494, -526346, -1297 
1718956908792.00, -174812, -530157, -1198 
1718956908814.00, -174389, -533984, -1275 
1718956908835.00, -174688, -537780, -1308 
1718956908857.00, -174629, -541604, -1222 
1718956908879.00, -174912, -545410, -1244 
1718956908900.00, -174793, -549242, -1280 
1718956908922.00, -174742, -553049, -1192 
1718956908944.00, -173888, -556863, -1237 
1718956908965.00, -174851, -560657, -1283 
1718956908988.00, -174852, -564465, -1188 
1718956909014.00, -173343, -568294, -1242 
1718956909032.00, -174678, -572073, -1169 
1718956909053.00, -172166, -575893, -1057 
1718956909075.00, -163905, -579626, -1096 
1718956909098.00, -161036, -583198, -947 
1718956909123.00, -150330, -586678, -805 
1718956909142.00, -135225, -589945, -830 
1718956909163.00, -127623, -592872, -640 
1718956909184.00, -72477, -595612, -459 
1718956909206.00, -39807, -597189, -516 
1718956909230.00, -20698, -598065, -391 
1718956909250.00, -9709, -598527, -244 
1718956909271.00, -3206, -598745, -206 
1718956909293.00, 81, -598813, -57 
1718956909314.00, 2421, -598801, 127 
1718956909336.00, 11316, -598730, 487 
1718956909358.00, 38274, -598479, 768 
1718956909379.00, 71519, -597677, 852 
1718956909401.00, 96084, -596136, 1019 
1718956909421.00, 120484, -594028, 1168 
1718956909443.00, 143718, -591372, 1212 
1718956909465.00, 160159, -588217, 1296 
1718956909486.00, 171767, -584687, 1321 
1718956909509.00, 174984, -580915, 1334 
1718956909530.00, 174679, -577089, 1357 
1718956909557.00, 174598, -573273, 1360 
1718956909574.00, 174780, -569460, 1374 
1718956909596.00, 174764, -565635, 1409 
1718956909618.00, 174627, -561815, 1456 
1718956909641.00, 174828, -558000, 1472 
1718956909663.00, 174973, -554186, 1507 
1718956909682.00, 174543, -550354, 1596 
1718956909705.00, 174611, -546552, 1538 
1718956909727.00, 174589, -542736, 1613 
1718956909749.00, 174750, -538914, 1597 
1718956909771.00, 174852, -535095, 1592 
1718956909792.00, 174695, -531279, 1573 
1718956909813.00, 174806, -527457, 1566 
1718956909835.00, 174482, -523647, 1574 
1718956909857.00, 174679, -519833, 1544 
1718956909880.00, 174919, -516006, 1522 
1718956909901.00, 174816, -512199, 1536 
1718956909923.00, 174643, -508375, 1531 
1718956909945.00, 174718, -504565, 1496 
1718956909966.00, 174756, -500740, 1477 
1718956909994.00, 174671, -496940, 1466 
1718956910010.00, 174718, -493116, 1444 
1718956910032.00, 174789, -489294, 1421 
1718956910054.00, 174732, -485494, 1375 
1718956910076.00, 174532, -481671, 1333 
1718956910101.00, 174466, -477859, 1287 
1718956910119.00, 174818, -474044, 1244 
1718956910141.00, 174557, -470239, 1207 
1718956910163.00, 172104, -466420, 1186 
1718956910184.00, 169515, -462668, 1126 
1718956910209.00, 164139, -458972, 1058 
1718956910229.00, 156874, -455411, 977 
1718956910251.00, 147577, -451993, 921 
1718956910273.00, 138671, -448807, 882 
1718956910295.00, 131041, -445784, 846 
1718956910316.00, 124481, -442949, 773 
1718956910338.00, 116490, -440257, 668 
1718956910360.00, 105292, -437739, 609 
1718956910382.00, 95084, -435464, 543 
1718956910403.00, 85004, -433416, 493 
1718956910426.00, 76115, -431584, 397 
1718956910447.00, 40953, -429948, 282 
1718956910469.00, 20026, -429058, 202 
1718956910490.00, 7543, -428609, 100 
1718956910511.00, 175, -428438, -5 
1718956910535.00, -3511, -428431, -116 
1718956910554.00, -12583, -428507, -274 
1718956910576.00, -27536, -428781, -385 
1718956910598.00, -43354, -429362, -442 
1718956910619.00, -55724, -430290, -656 
1718956910641.00, -75853, -431503, -700 
1718956910662.00, -90567, -433150, -741 
1718956910684.00, -101687, -435128, -789 
1718956910706.00, -110807, -437339, -821 
1718956910728.00, -117974, -439763, -867 
1718956910749.00, -124935, -442341, -893 
1718956910771.00, -130417, -445073, -898 
1718956910792.00, -133864, -447903, -935 
1718956910814.00, -137956, -450831, -939 
1718956910836.00, -140632, -453841, -933 
1718956910858.00, -141711, -456884, -956 
1718956910879.00, -143497, -459978, -966 
1718956910902.00, -145146, -463094, -914 
1718956910923.00, -142979, -466247, -924 
1718956910944.00, -141844, -469360, -924 
1718956910967.00, -141263, -472443, -888 
1718956910988.00, -138674, -475519, -910 
1718956911010.00, -138292, -478539, -966 
1718956911032.00, -141053, -481530, -992 
1718956911054.00, -144390, -484628, -982 
1718956911074.00, -145645, -487771, -1038 
1718956911096.00, -149668, -490958, -1088 
1718956911118.00, -154862, -494234, -1068 
1718956911139.00, -156702, -497622, -1137 
1718956911161.00, -161943, -501050, -1149 
1718956911183.00, -165523, -504595, -1139 
1718956911205.00, -167199, -508218, -1182 
1718956911227.00, -170525, -511866, -1189 
1718956911249.00, -172850, -515596, -1184 
1718956911270.00, -173779, -519384, -1221 
1718956911292.00, -174743, -523179, -1259 
1718956911313.00, -174711, -527007, -1273 
1718956911336.00, -174646, -530810, -1314 
1718956911357.00, -174656, -534633, -1327 
1718956911379.00, -174353, -538439, -1287 
1718956911401.00, -174761, -542266, -1261 
1718956911422.00, -174617, -546079, -1236 
1718956911445.00, -174841, -549889, -1199 
1718956911467.00, -174640, -553697, -1206 
1718956911488.00, -174694, -557520, -1161 
1718956911510.00, -172980, -561332, -1175 
1718956911531.00, -172708, -565107, -1130 
1718956911554.00, -169876, -568897, -1086 
1718956911575.00, -165574, -572595, -1146 
1718956911597.00, -166762, -576210, -1117 
1718956911619.00, -165354, -579829, -1080 
1718956911641.00, -162239, -583440, -1013 
1718956911664.00, -156294, -586957, -837 
1718956911686.00, -142070, -590348, -630 
1718956911707.00, -120738, -593410, -518 
1718956911729.00, -69457, -595998, -387 
1718956911751.00, -39277, -597505, -316 
1718956911773.00, -21473, -598363, -207 
1718956911794.00, -11219, -598842, -118 
1718956911815.00, -5163, -599092, -74 
1718956911837.00, -1475, -599199, 39 
1718956911858.00, 2521, -599220, 181 
1718956911880.00, 13744, -599167, 387 
1718956911902.00, 32828, -598875, 554 
1718956911923.00, 54280, -598173, 781 
1718956911945.00, 80727, -596998, 949 
1718956911966.00, 106524, -595247, 1133 
1718956911987.00, 132809, -592891, 1238 
1718956912009.00, 154701, -589956, 1323 
1718956912031.00, 168187, -586558, 1398 
1718956912052.00, 175101, -582874, 1436 
1718956912074.00, 174787, -579045, 1466 
1718956912096.00, 174622, -575226, 1493 
1718956912118.00, 174819, -571411, 1482 
1718956912140.00, 174730, -567591, 1503 
1718956912162.00, 174803, -563763, 1504 
1718956912184.00, 174970, -559956, 1516 
1718956912206.00, 174602, -556138, 1549 
1718956912228.00, 174643, -552311, 1565 
1718956912249.00, 174679, -548506, 1534 
1718956912271.00, 174714, -544681, 1498 
1718956912294.00, 174595, -540867, 1528 
1718956912315.00, 174591, -537053, 1509 
1718956912336.00, 174717, -533232, 1499 
1718956912358.00, 174774, -529416, 1517 
1718956912380.00, 174698, -525596, 1524 
1718956912402.00, 174911, -521779, 1527 
1718956912424.00, 174717, -517972, 1518 
1718956912446.00, 174499, -514148, 1511 
1718956912467.00, 174509, -510342, 1504 
1718956912490.00, 174761, -506518, 1468 
1718956912511.00, 174782, -502714, 1457 
1718956912533.00, 174636, -498884, 1452 
1718956912555.00, 174611, -495066, 1417 
1718956912576.00, 174466, -491262, 1370 
1718956912598.00, 174469, -487445, 1341 
1718956912620.00, 174685, -483633, 1329 
1718956912642.00, 174858, -479813, 1294 
1718956912664.00, 174621, -476001, 1259 
1718956912685.00, 174633, -472199, 1230 
1718956912707.00, 173523, -468377, 1215 
1718956912729.00, 171833, -464593, 1165 
1718956912751.00, 168000, -460845, 1116 
1718956912773.00, 162873, -457193, 1046 
1718956912795.00, 155406, -453636, 986 
1718956912818.00, 147321, -450264, 927 
1718956912839.00, 139159, -447075, 870 
1718956912861.00, 130750, -444061, 799 
1718956912882.00, 121433, -441240, 719 
1718956912904.00, 111170, -438603, 656 
1718956912926.00, 101375, -436199, 597 
1718956912947.00, 91776, -434003, 530 
1718956912970.00, 82213, -432025, 429 
1718956912990.00, 44812, -430258, 321 
1718956913012.00, 22444, -429286, 271 
1718956913034.00, 9078, -428788, 190 
1718956913056.00, 1196, -428585, 93 
1718956913076.00, -2785, -428564, -48 
1718956913098.00, -8361, -428623, -198 
1718956913120.00, -20289, -428810, -370 
1718956913142.00, -37933, -429252, -485 
1718956913163.00, -55149, -430062, -694 
1718956913185.00, -77972, -431255, -748 
1718956913206.00, -94666, -432946, -827 
1718956913228.00, -109196, -435019, -879 
1718956913250.00, -120886, -437400, -893 
1718956913272.00, -128311, -440033, -906 
1718956913294.00, -133395, -442844, -932 
1718956913316.00, -137845, -445756, -966 
1718956913337.00, -142485, -448751, -959 
1718956913359.00, -144720, -451864, -986 
1718956913379.00, -147443, -455017, -1029 
1718956913401.00, -151535, -458239, -1061 
1718956913423.00, -155889, -461557, -1017 
1718956913444.00, -155519, -464946, -1034 
1718956913466.00, -155996, -468356, -1033 
1718956913492.00, -156338, -471767, -993 
1718956913510.00, -153903, -475159, -1020 
1718956913531.00, -153873, -478524, -1034 
1718956913554.00, -154713, -481881, -1006 
1718956913575.00, -153560, -485273, -1080 
1718956913598.00, -156992, -488615, -1111 
1718956913619.00, -161023, -492055, -1118 
1718956913641.00, -163640, -495571, -1115 
1718956913662.00, -164886, -499138, -1105 
1718956913684.00, -164952, -502757, -1137 
1718956913708.00, -166727, -506343, -1144 
1718956913728.00, -168073, -510004, -1104 
1718956913750.00, -166260, -513661, -1134 
1718956913771.00, -166875, -517314, -1137 
1718956913794.00, -167354, -520948, -1127 
1718956913818.00, -167073, -524610, -1174 
1718956913838.00, -169515, -528255, -1206 
1718956913859.00, -172596, -531963, -1177 
1718956913881.00, -172775, -535745, -1197 
1718956913903.00, -174005, -539520, -1215 
1718956913925.00, -174737, -543339, -1201 
1718956913946.00, -174885, -547138, -1246 
1718956913968.00, -174774, -550961, -1282 
1718956913990.00, -174649, -554777, -1230 
1718956914012.00, -174773, -558590, -1239 
1718956914034.00, -174682, -562403, -1304 
1718956914056.00, -174575, -566228, -1262 
1718956914077.00, -174687, -570031, -1218 
1718956914099.00, -174654, -573848, -1217 
1718956914121.00, -174496, -577648, -1119 
1718956914142.00, -169871, -581464, -1025 
1718956914166.00, -161283, -585165, -912 
1718956914187.00, -149364, -588658, -748 
1718956914209.00, -132293, -591886, -634 
1718956914231.00, -115202, -594728, -484 
1718956914253.00, -66435, -597194, -312 
1718956914274.00, -37242, -598641, -235 
1718956914296.00, -20023, -599452, -112 
1718956914317.00, -9653, -599892, 42 
1718956914339.00, -1286, -600104, 211 
1718956914361.00, 12796, -600132, 461 
1718956914382.00, 36514, -599868, 583 
1718956914403.00, 58282, -599091, 866 
1718956914425.00, 88194, -597828, 1003 
1718956914446.00, 114252, -595897, 1133 
1718956914467.00, 137537, -593377, 1261 
1718956914489.00, 158285, -590342, 1320 
1718956914511.00, 170278, -586878, 1370 
1718956914533.00, 175185, -583147, 1393 
1718956914554.00, 174933, -579324, 1417 
1718956914577.00, 174562, -575498, 1458 
1718956914598.00, 174779, -571685, 1442 
1718956914620.00, 174966, -567866, 1471 
1718956914642.00, 174893, -564036, 1526 
1718956914664.00, 174629, -560227, 1544 
1718956914686.00, 174853, -556407, 1576 
1718956914707.00, 174868, -552592, 1601 
1718956914729.00, 174774, -548777, 1592 
1718956914751.00, 174808, -544946, 1606 
1718956914773.00, 175012, -541132, 1605 
1718956914798.00, 174831, -537309, 1626 
1718956914816.00, 174609, -533503, 1624 
1718956914839.00, 174814, -529681, 1640 
1718956914860.00, 175016, -525855, 1650 
1718956914882.00, 174637, -522042, 1657 
1718956914904.00, 174812, -518236, 1650 
1718956914925.00, 174827, -514411, 1613 
1718956914948.00, 174677, -510591, 1628 
1718956914969.00, 174754, -506785, 1605 
1718956914991.00, 174873, -502962, 1596 
1718956915013.00, 174911, -499140, 1574 
1718956915035.00, 174610, -495330, 1550 
1718956915056.00, 174663, -491508, 1528 
1718956915078.00, 174656, -487700, 1485 
1718956915099.00, 174737, -483877, 1470 
1718956915122.00, 174810, -480070, 1448 
1718956915144.00, 174746, -476256, 1406 
1718956915166.00, 174663, -472443, 1354 
1718956915188.00, 174624, -468636, 1311 
1718956915210.00, 174671, -464824, 1275 
1718956915230.00, 174814, -461008, 1216 
1718956915253.00, 174448, -457200, 1167 
1718956915275.00, 174369, -453375, 1114 
1718956915296.00, 170937, -449583, 1047 
1718956915319.00, 164751, -445848, 986 
1718956915341.00, 157315, -442279, 924 
1718956915362.00, 149037, -438873, 853 
1718956915385.00, 139638, -435645, 789 
1718956915406.00, 130166, -432624, 713 
1718956915428.00, 119793, -429801, 602 
1718956915453.00, 70039, -427220, 473 
1718956915471.00, 40608, -425714, 376 
1718956915493.00, 23355, -424835, 233 
1718956915515.00, 13194, -424318, 132 
1718956915536.00, 7302, -424032, 39 
1718956915558.00, 3668, -423880, -48 
1718956915579.00, -765, -423809, -208 
1718956915600.00, -13104, -423830, -368 
1718956915622.00, -30431, -424107, -455 
1718956915644.00, -45886, -424768, -675 
1718956915666.00, -68500, -425754, -763 
1718956915687.00, -87130, -427236, -813 
1718956915709.00, -101197, -429135, -877 
1718956915731.00, -113300, -431340, -912 
1718956915753.00, -122319, -433812, -976 
1718956915774.00, -131527, -436483, -941 
1718956915795.00, -134767, -439362, -952 
1718956915817.00, -137183, -442291, -962 
1718956915839.00, -139294, -445292, -969 
1718956915861.00, -140539, -448306, -960 
1718956915883.00, -140895, -451388, -985 
1718956915904.00, -142583, -454449, -997 
1718956915925.00, -144442, -457550, -1005 
1718956915947.00, -145730, -460711, -1042 
1718956915969.00, -148756, -463887, -1067 
1718956915991.00, -151988, -467144, -1067 
1718956916012.00, -153809, -470475, -1085 
1718956916034.00, -155774, -473832, -1083 
1718956916056.00, -156859, -477239, -1054 
1718956916077.00, -155730, -480655, -1061 
1718956916100.00, -155414, -484069, -1048 
1718956916121.00, -154477, -487465, -1055 
1718956916143.00, -154097, -490829, -1044 
1718956916165.00, -153137, -494190, -1057 
1718956916187.00, -153241, -497533, -1065 
1718956916208.00, -153727, -500888, -1091 
1718956916231.00, -155589, -504248, -1093 
1718956916252.00, -156799, -507650, -1094 
1718956916274.00, -157530, -511075, -1095 
1718956916296.00, -157869, -514504, -1112 
1718956916318.00, -159217, -517969, -1168 
1718956916340.00, -163351, -521442, -1188 
1718956916361.00, -166912, -525020, -1212 
1718956916383.00, -170175, -528676, -1268 
1718956916405.00, -174295, -532398, -1267 
1718956916427.00, -174884, -536219, -1274 
1718956916448.00, -174716, -540028, -1303 
1718956916470.00, -174760, -543843, -1276 
1718956916492.00, -174842, -547655, -1262 
1718956916514.00, -174387, -551472, -1266 
1718956916536.00, -174433, -555270, -1186 
1718956916561.00, -170756, -559098, -1133 
1718956916579.00, -165497, -562804, -1154 
1718956916601.00, -163603, -566419, -1104 
1718956916623.00, -159402, -569982, -1073 
1718956916645.00, -155069, -573457, -1075 
1718956916668.00, -152569, -576831, -978 
1718956916689.00, -145143, -580134, -885 
1718956916711.00, -135185, -583283, -749 
1718956916733.00, -120912, -586204, -618 
1718956916755.00, -104410, -588813, -502 
1718956916776.00, -87910, -591068, -345 
1718956916798.00, -68589, -592950, -208 
1718956916820.00, -36215, -594427, -129 
1718956916841.00, -16820, -595230, -36 
1718956916863.00, -5537, -595608, 103 
1718956916884.00, 6549, -595723, 289 
1718956916906.00, 24934, -595593, 490 
1718956916927.00, 48376, -595056, 769 
1718956916949.00, 78977, -594022, 880 
1718956916969.00, 103649, -592303, 1081 
1718956916994.00, 130190, -590006, 1249 
1718956917013.00, 155973, -587134, 1328 
1718956917035.00, 171081, -583713, 1388 
1718956917057.00, 175181, -579956, 1431 
1718956917078.00, 174806, -576131, 1480 
1718956917104.00, 174682, -572305, 1513 
1718956917122.00, 174901, -568491, 1510 
1718956917144.00, 174815, -564663, 1532 
1718956917166.00, 174628, -560857, 1518 
1718956917187.00, 174673, -557037, 1528 
1718956917210.00, 174521, -553216, 1519 
1718956917231.00, 174735, -549412, 1513 
1718956917252.00, 174828, -545585, 1540 
1718956917275.00, 174788, -541766, 1564 
1718956917297.00, 174917, -537945, 1558 
1718956917319.00, 174646, -534129, 1556 
1718956917340.00, 174623, -530322, 1519 
1718956917362.00, 174612, -526515, 1486 
1718956917384.00, 174639, -522692, 1472 
1718956917406.00, 174416, -518881, 1408 
1718956917428.00, 174722, -515060, 1370 
1718956917449.00, 174597, -511246, 1361 
1718956917471.00, 174575, -507421, 1367 
1718956917493.00, 174619, -503622, 1371 
1718956917515.00, 174563, -499794, 1372 
1718956917537.00, 174726, -495969, 1388 
1718956917559.00, 174722, -492158, 1367 
1718956917580.00, 174546, -488355, 1347 
1718956917602.00, 174543, -484530, 1340 
1718956917624.00, 174636, -480715, 1331 
1718956917646.00, 174737, -476899, 1307 
1718956917668.00, 174825, -473094, 1302 
1718956917689.00, 174748, -469285, 1301 
1718956917711.00, 174511, -465460, 1253 
1718956917733.00, 174371, -461645, 1214 
1718956917755.00, 172405, -457842, 1160 
1718956917777.00, 168040, -454085, 1104 
1718956917798.00, 162023, -450418, 1038 
1718956917822.00, 154475, -446899, 951 
1718956917843.00, 145013, -443555, 874 
1718956917865.00, 134421, -440425, 803 
1718956917887.00, 123810, -437505, 757 
1718956917908.00, 114715, -434827, 697 
1718956917930.00, 105674, -432349, 612 
1718956917951.00, 57962, -430064, 538 
1718956917978.00, 29770, -428806, 479 
1718956917994.00, 13197, -428144, 400 
1718956918016.00, 3735, -427841, 360 
1718956918038.00, -1218, -427758, 298 
1718956918059.00, -4635, -427781, 176 
1718956918081.00, -6679, -427884, 35 
1718956918102.00, -7919, -428046, -127 
1718956918123.00, -15782, -428229, -318 
1718956918146.00, -32212, -428569, -438 
1718956918167.00, -49064, -429263, -700 
1718956918189.00, -74672, -430309, -766 
1718956918211.00, -93819, -431934, -829 
1718956918233.00, -108719, -433968, -892 
1718956918253.00, -121212, -436352, -907 
1718956918276.00, -129442, -439007, -927 
1718956918297.00, -135171, -441830, -917 
1718956918319.00, -137991, -444769, -892 
1718956918341.00, -137996, -447767, -883 
1718956918362.00, -137201, -450769, -849 
1718956918384.00, -134599, -453754, -819 
1718956918411.00, -131118, -456667, -832 
1718956918427.00, -129657, -459532, -860 
1718956918450.00, -130396, -462341, -861 
1718956918471.00, -130711, -465176, -854 
1718956918492.00, -130474, -468031, -901 
1718956918515.00, -133081, -470877, -944 
1718956918537.00, -137047, -473760, -955 
1718956918558.00, -139948, -476758, -990 
1718956918578.00, -143699, -479802, -1036 
1718956918600.00, -148686, -482941, -1046 
1718956918622.00, -152056, -486215, -1096 
1718956918644.00, -156862, -489534, -1144 
1718956918666.00, -162586, -492981, -1154 
1718956918688.00, -166542, -496531, -1182 
1718956918709.00, -170623, -500180, -1177 
1718956918731.00, -172566, -503904, -1142 
1718956918753.00, -171423, -507675, -1150 
1718956918775.00, -171118, -511419, -1164 
1718956918796.00, -171540, -515145, -1157 
1718956918818.00, -171472, -518908, -1152 
1718956918842.00, -170943, -522644, -1183 
1718956918862.00, -172230, -526387, -1200 
1718956918884.00, -174136, -530150, -1179 
1718956918906.00, -173933, -533962, -1216 
1718956918927.00, -174862, -537751, -1243 
1718956918949.00, -174583, -541582, -1236 
1718956918971.00, -174726, -545383, -1221 
1718956918993.00, -174814, -549216, -1209 
1718956919015.00, -174718, -553022, -1170 
1718956919036.00, -173345, -556834, -1192 
1718956919059.00, -173805, -560618, -1201 
1718956919080.00, -174258, -564404, -1084 
1718956919102.00, -167652, -568229, -1023 
1718956919124.00, -159641, -571857, -1001 
1718956919147.00, -153695, -575349, -883 
1718956919172.00, -142832, -578670, -741 
1718956919190.00, -127940, -581775, -702 
1718956919212.00, -116363, -584533, -609 
1718956919234.00, -104056, -587038, -410 
1718956919255.00, -84674, -589280, -256 
1718956919277.00, -63766, -591102, -172 
1718956919298.00, -46182, -592481, -95 
1718956919320.00, -31078, -593468, 53 
1718956919341.00, -12916, -594139, 254 
1718956919363.00, 9061, -594434, 515 
1718956919384.00, 38093, -594267, 722 
1718956919406.00, 68124, -593476, 782 
1718956919428.00, 89297, -592002, 1006 
1718956919449.00, 115178, -590039, 1145 
1718956919470.00, 138716, -587500, 1226 
1718956919492.00, 157549, -584443, 1322 
1718956919519.00, 169949, -580978, 1363 
1718956919536.00, 175125, -577251, 1395 
1718956919557.00, 174765, -573422, 1438 
1718956919580.00, 174694, -569609, 1436 
1718956919601.00, 174837, -565782, 1456 
1718956919623.00, 174739, -561974, 1497 
1718956919645.00, 174706, -558157, 1512 
1718956919667.00, 174746, -554338, 1508 
1718956919688.00, 174545, -550530, 1520 
1718956919710.00, 174591, -546712, 1535 
1718956919733.00, 174751, -542894, 1537 
1718956919754.00, 174713, -539090, 1524 
1718956919776.00, 174778, -535260, 1535 
1718956919798.00, 174735, -531446, 1538 
1718956919819.00, 174766, -527631, 1493 
1718956919842.00, 174602, -523822, 1479 
1718956919863.00, 174702, -519998, 1477 
1718956919885.00, 174820, -516182, 1466 
1718956919907.00, 174469, -512359, 1443 
1718956919928.00, 174658, -508554, 1422 
1718956919950.00, 174678, -504734, 1408 
1718956919972.00, 174618, -500916, 1423 
1718956919993.00, 174638, -497105, 1415 
1718956920015.00, 174804, -493284, 1394 
1718956920037.00, 174916, -489466, 1395 
1718956920059.00, 174723, -485649, 1362 
1718956920081.00, 174589, -481832, 1309 
1718956920103.00, 174459, -478025, 1279 
1718956920125.00, 174589, -474213, 1232 
1718956920147.00, 173615, -470402, 1166 
1718956920168.00, 169173, -466602, 1111 
1718956920190.00, 163108, -462931, 1078 
1718956920211.00, 157464, -459370, 1038 
1718956920235.00, 151789, -455936, 999 
1718956920257.00, 146039, -452643, 986 
1718956920279.00, 141776, -449471, 946 
1718956920300.00, 137002, -446405, 904 
1718956920322.00, 131643, -443427, 861 
1718956920343.00, 125848, -440578, 816 
1718956920365.00, 119556, -437846, 769 
1718956920387.00, 113063, -435248, 715 
1718956920408.00, 106099, -432792, 674 
1718956920430.00, 99648, -430490, 656 
1718956920452.00, 54575, -428362, 622 
1718956920474.00, 28064, -427163, 586 
1718956920495.00, 12596, -426531, 597 
1718956920516.00, 3487, -426248, 532 
1718956920538.00, -1092, -426170, 466 
1718956920560.00, -4719, -426191, 343 
1718956920581.00, -6795, -426296, 151 
1718956920603.00, -7940, -426456, -40 
1718956920624.00, -10560, -426643, -264 
1718956920646.00, -25699, -426884, -438 
1718956920668.00, -44903, -427441, -656 
1718956920689.00, -69559, -428404, -777 
1718956920711.00, -91473, -429908, -849 
1718956920732.00, -108485, -431893, -939 
1718956920754.00, -123905, -434272, -966 
1718956920776.00, -134529, -436987, -969 
1718956920798.00, -140786, -439920, -963 
1718956920822.00, -144080, -442992, -943 
1718956920841.00, -144602, -446121, -939 
1718956920862.00, -144492, -449261, -937 
1718956920884.00, -144066, -452423, -944 
1718956920906.00, -143964, -455551, -984 
1718956920927.00, -146339, -458697, -1024 
1718956920949.00, -149962, -461896, -1039 
1718956920970.00, -153034, -465166, -1053 
1718956920992.00, -155473, -468528, -1051 
1718956921014.00, -156679, -471922, -1056 
1718956921037.00, -157690, -475348, -1053 
1718956921058.00, -157929, -478802, -1044 
1718956921079.00, -157533, -482240, -1024 
1718956921101.00, -156035, -485684, -1012 
1718956921123.00, -154304, -489081, -1042 
1718956921147.00, -155000, -492457, -1013 
1718956921166.00, -153526, -495839, -1021 
1718956921189.00, -152953, -499188, -1079 
1718956921211.00, -155982, -502537, -1118 
1718956921232.00, -160089, -505938, -1098 
1718956921254.00, -161029, -509458, -1125 
1718956921275.00, -163276, -512983, -1120 
1718956921297.00, -164342, -516557, -1086 
1718956921320.00, -162749, -520138, -1050 
1718956921341.00, -159436, -523686, -1029 
1718956921368.00, -156311, -527163, -1032 
1718956921385.00, -154667, -530566, -1040 
1718956921407.00, -153874, -533953, -1111 
1718956921428.00, -157671, -537317, -1126 
1718956921450.00, -160878, -540764, -1124 
1718956921474.00, -162297, -544287, -1200 
1718956921494.00, -167739, -547813, -1143 
1718956921516.00, -167074, -551491, -1011 
1718956921537.00, -158940, -555136, -1037 
1718956921561.00, -155522, -558614, -955 
1718956921584.00, -148775, -561982, -903 
1718956921604.00, -141437, -565210, -958 
1718956921626.00, -140207, -568284, -891 
1718956921648.00, -135595, -571318, -837 
1718956921669.00, -129557, -574269, -819 
1718956921691.00, -124563, -577070, -775 
1718956921712.00, -118896, -579761, -707 
1718956921734.00, -111438, -582359, -607 
1718956921756.00, -100923, -584771, -505 
1718956921778.00, -88564, -586943, -427 
1718956921799.00, -76471, -588855, -324 
1718956921821.00, -63154, -590497, -233 
1718956921843.00, -49798, -591865, -219 
1718956921864.00, -40787, -592940, -174 
1718956921886.00, -22547, -593829, -104 
1718956921913.00, -11379, -594333, -31 
1718956921929.00, -4816, -594582, 59 
1718956921951.00, 1930, -594684, 161 
1718956921972.00, 12491, -594648, 303 
1718956921994.00, 27252, -594380, 455 
1718956922016.00, 45451, -593802, 544 
1718956922037.00, 61581, -592820, 815 
1718956922059.00, 87380, -591478, 1013 
1718956922079.00, 114864, -589570, 1093 
1718956922101.00, 135555, -587046, 1262 
1718956922123.00, 157097, -584054, 1339 
1718956922144.00, 169749, -580596, 1369 
1718956922167.00, 175280, -576875, 1409 
1718956922189.00, 174738, -573049, 1429 
1718956922210.00, 174756, -569237, 1397 
1718956922232.00, 174680, -565417, 1420 
1718956922254.00, 174740, -561596, 1422 
1718956922276.00, 174536, -557777, 1433 
1718956922298.00, 174770, -553969, 1438 
1718956922319.00, 174496, -550143, 1451 
1718956922342.00, 174641, -546338, 1462 
1718956922363.00, 174738, -542515, 1451 
1718956922385.00, 174679, -538705, 1452 
1718956922406.00, 174736, -534886, 1457 
1718956922428.00, 174647, -531070, 1440 
1718956922450.00, 174583, -527245, 1427 
1718956922472.00, 174652, -523429, 1440 
1718956922493.00, 174765, -519623, 1418 
1718956922516.00, 174764, -515792, 1424 
1718956922537.00, 174766, -511983, 1396 
1718956922559.00, 174782, -508166, 1407 
1718956922581.00, 174642, -504343, 1396 
1718956922603.00, 174674, -500537, 1391 
1718956922625.00, 174752, -496716, 1381 
1718956922647.00, 174492, -492893, 1342 
1718956922668.00, 174665, -489080, 1314 
1718956922690.00, 174640, -485262, 1277 
1718956922712.00, 174618, -481453, 1244 
1718956922734.00, 174619, -477647, 1227 
1718956922756.00, 174651, -473821, 1207 
1718956922777.00, 174891, -470003, 1175 
1718956922799.00, 174660, -466181, 1136 
1718956922820.00, 172516, -462373, 1107 
1718956922843.00, 169456, -458603, 1054 
1718956922865.00, 164286, -454912, 1007 
1718956922888.00, 158440, -451323, 969 
1718956922909.00, 152497, -447894, 922 
1718956922931.00, 146025, -444583, 869 
1718956922953.00, 138825, -441414, 823 
1718956922974.00, 131644, -438411, 780 
1718956922996.00, 124681, -435544, 718 
1718956923018.00, 116855, -432854, 640 
1718956923039.00, 107438, -430310, 591 
1718956923061.00, 62568, -428009, 538 
1718956923083.00, 36172, -426643, 479 
1718956923104.00, 20612, -425850, 383 
1718956923127.00, 11171, -425397, 279 
1718956923148.00, 5825, -425155, 147 
1718956923169.00, 2480, -425040, -10 
1718956923191.00, -66, -424996, -216 
1718956923212.00, -13363, -425005, -402 
1718956923234.00, -32540, -425289, -557 
1718956923255.00, -53420, -425982, -688 
1718956923277.00, -73783, -427127, -753 
1718956923299.00, -89532, -428737, -860 
1718956923321.00, -105369, -430680, -926 
1718956923342.00, -118603, -432983, -950 
1718956923364.00, -127623, -435595, -964 
1718956923386.00, -134038, -438390, -988 
1718956923407.00, -139145, -441299, -990 
1718956923429.00, -142095, -444335, -990 
1718956923451.00, -143876, -447426, -985 
1718956923472.00, -144632, -450564, -996 
1718956923493.00, -145570, -453711, -1013 
1718956923515.00, -147208, -456876, -1012 
1718956923536.00, -147918, -460101, -1017 
1718956923559.00, -148664, -463324, -1020 
1718956923581.00, -149094, -466579, -1033 
1718956923603.00, -150206, -469838, -999 
1718956923624.00, -148698, -473098, -1007 
1718956923646.00, -148184, -476354, -1025 
1718956923669.00, -148982, -479590, -990 
1718956923689.00, -147350, -482822, -1009 
1718956923711.00, -147148, -486049, -1049 
1718956923733.00, -149696, -489245, -1032 
1718956923755.00, -150074, -492524, -1065 
1718956923777.00, -152044, -495802, -1101 
1718956923799.00, -155435, -499120, -1079 
1718956923820.00, -155968, -502529, -1102 
1718956923842.00, -157545, -505925, -1139 
1718956923864.00, -160653, -509386, -1128 
1718956923885.00, -162093, -512901, -1137 
1718956923909.00, -163127, -516441, -1194 
1718956923929.00, -167015, -520006, -1215 
1718956923951.00, -170656, -523666, -1237 
1718956923973.00, -174059, -527405, -1249 
1718956923995.00, -174735, -531189, -1227 
1718956924016.00, -174737, -535022, -1207 
1718956924038.00, -174496, -538828, -1209 
1718956924060.00, -174429, -542654, -1170 
1718956924082.00, -172051, -546448, -1166 
1718956924104.00, -170450, -550217, -1206 
1718956924126.00, -171688, -553935, -1165 
1718956924147.00, -170044, -557677, -1123 
1718956924169.00, -166377, -561389, -1138 
1718956924191.00, -165218, -565018, -1066 
1718956924213.00, -160054, -568631, -1009 
1718956924235.00, -153286, -572095, -1006 
1718956924258.00, -149124, -575456, -964 
1718956924279.00, -143914, -578680, -847 
1718956924301.00, -133867, -581808, -749 
1718956924323.00, -121837, -584707, -663 
1718956924345.00, -109686, -587335, -592 
1718956924366.00, -98065, -589707, -514 
1718956924388.00, -86302, -591827, -430 
1718956924409.00, -74488, -593687, -364 
1718956924431.00, -41522, -595286, -282 
1718956924453.00, -21756, -596195, -226 
1718956924474.00, -10125, -596684, -142 
1718956924496.00, -3381, -596913, -65 
1718956924517.00, 85, -596992, -32 
1718956924538.00, 2136, -596996, 45 
1718956924560.00, 6284, -596949, 127 
1718956924582.00, 13664, -596803, 247 
1718956924604.00, 25348, -596503, 408 
1718956924625.00, 41916, -595963, 555 
1718956924647.00, 60749, -595071, 716 
1718956924668.00, 81392, -593748, 898 
1718956924689.00, 104517, -591979, 1043 
1718956924711.00, 126921, -589674, 1133 
1718956924733.00, 145503, -586881, 1238 
1718956924756.00, 162789, -583674, 1268 
1718956924776.00, 173535, -580113, 1273 
1718956924798.00, 174997, -576306, 1303 
1718956924820.00, 174638, -572491, 1288 
1718956924842.00, 174551, -568678, 1264 
1718956924864.00, 174669, -564850, 1266 
1718956924885.00, 174799, -561045, 1271 
1718956924907.00, 174836, -557222, 1274 
1718956924929.00, 174799, -553408, 1296 
1718956924950.00, 174697, -549594, 1320 
1718956924974.00, 174777, -545777, 1339 
1718956924994.00, 174715, -541950, 1355 
1718956925016.00, 174909, -538138, 1350 
1718956925038.00, 174601, -534319, 1366 
1718956925060.00, 174657, -530506, 1380 
1718956925082.00, 174829, -526689, 1350 
1718956925103.00, 174753, -522877, 1325 
1718956925125.00, 174709, -519061, 1311 
1718956925147.00, 174790, -515244, 1253 
1718956925169.00, 174686, -511426, 1216 
1718956925196.00, 174605, -507609, 1218 
1718956925213.00, 174593, -503793, 1197 
1718956925234.00, 174939, -499983, 1185 
1718956925256.00, 174772, -496155, 1200 
1718956925278.00, 174795, -492341, 1207 
1718956925301.00, 174697, -488527, 1211 
1718956925321.00, 174779, -484704, 1214 
1718956925342.00, 174690, -480888, 1197 
1718956925365.00, 174720, -477064, 1194 
1718956925387.00, 174830, -473264, 1164 
1718956925408.00, 174455, -469442, 1123 
1718956925431.00, 171560, -465620, 1085 
1718956925453.00, 167457, -461878, 1011 
1718956925475.00, 160291, -458242, 964 
1718956925497.00, 153128, -454754, 886 
1718956925519.00, 144099, -451434, 840 
1718956925541.00, 135915, -448311, 790 
1718956925562.00, 127926, -445359, 740 
1718956925584.00, 120021, -442590, 688 
1718956925606.00, 112104, -439988, 649 
1718956925628.00, 105082, -437556, 590 
1718956925649.00, 97400, -435279, 505 
1718956925671.00, 87636, -433182, 462 
1718956925692.00, 78985, -431283, 432 
1718956925714.00, 46257, -429582, 367 
1718956925738.00, 26319, -428581, 313 
1718956925757.00, 14543, -427992, 241 
1718956925779.00, 7742, -427664, 157 
1718956925801.00, 3775, -427501, 57 
1718956925822.00, 1308, -427428, -60 
1718956925845.00, -2956, -427407, -205 
1718956925865.00, -14711, -427470, -319 
1718956925886.00, -28719, -427783, -430 
1718956925908.00, -43725, -428400, -593 
1718956925930.00, -62473, -429334, -664 
1718956925952.00, -77687, -430682, -751 
1718956925973.00, -91920, -432374, -829 
1718956925995.00, -104926, -434380, -853 
1718956926017.00, -114075, -436669, -887 
1718956926039.00, -121512, -439165, -914 
1718956926060.00, -127501, -441824, -932 
1718956926082.00, -131928, -444599, -923 
1718956926104.00, -134047, -447460, -902 
1718956926125.00, -133908, -450372, -877 
1718956926147.00, -132251, -453293, -847 
1718956926169.00, -129451, -456161, -860 
1718956926190.00, -128332, -458981, -926 
1718956926212.00, -131562, -461779, -938 
1718956926234.00, -134203, -464643, -943 
1718956926255.00, -135946, -467564, -971 
1718956926280.00, -138630, -470538, -999 
1718956926299.00, -141972, -473540, -983 
1718956926321.00, -142754, -476643, -993 
1718956926342.00, -143844, -479745, -985 
1718956926364.00, -144017, -482865, -956 
1718956926386.00, -142258, -486004, -916 
1718956926408.00, -138845, -489093, -927 
1718956926429.00, -137163, -492113, -919 
1718956926451.00, -135823, -495099, -934 
1718956926472.00, -135942, -498049, -1022 
1718956926494.00, -141109, -501030, -1085 
1718956926516.00, -147894, -504125, -1077 
1718956926537.00, -151450, -507357, -1128 
1718956926559.00, -156655, -510685, -1143 
1718956926581.00, -160579, -514087, -1139 
1718956926603.00, -162470, -517616, -1163 
1718956926624.00, -165100, -521156, -1157 
1718956926647.00, -166208, -524778, -1167 
1718956926668.00, -167449, -528401, -1188 
1718956926690.00, -168972, -532053, -1172 
1718956926712.00, -169216, -535763, -1168 
1718956926733.00, -168974, -539448, -1188 
1718956926755.00, -170012, -543143, -1150 
1718956926778.00, -168325, -546847, -1111 
1718956926798.00, -164832, -550534, -1129 
1718956926821.00, -163742, -554120, -1083 
1718956926842.00, -160554, -557703, -1052 
1718956926864.00, -156704, -561199, -1087 
1718956926886.00, -156188, -564606, -1059 
1718956926908.00, -154321, -568027, -1034 
1718956926930.00, -151669, -571377, -1046 
1718956926953.00, -150748, -574703, -958 
1718956926975.00, -144958, -577955, -907 
1718956926996.00, -137882, -581100, -856 
1718956927018.00, -131056, -584099, -749 
1718956927040.00, -120397, -586925, -671 
1718956927067.00, -109291, -589530, -602 
1718956927083.00, -98702, -591894, -511 
1718956927105.00, -86588, -594012, -390 
1718956927126.00, -48641, -595867, -284 
1718956927148.00, -26025, -596924, -214 
1718956927170.00, -12720, -597511, -139 
1718956927191.00, -4912, -597795, -72 
1718956927213.00, -176, -597905, -40 
1718956927233.00, 1856, -597915, 39 
1718956927255.00, 5857, -597878, 130 
1718956927277.00, 13668, -597745, 285 
1718956927298.00, 27549, -597447, 460 
1718956927320.00, 46414, -596862, 543 
1718956927342.00, 62524, -595868, 780 
1718956927364.00, 86399, -594507, 911 
1718956927387.00, 108432, -592624, 995 
1718956927406.00, 126408, -590252, 1107 
1718956927427.00, 143701, -587474, 1159 
1718956927449.00, 156783, -584317, 1193 
1718956927471.00, 166479, -580880, 1242 
1718956927494.00, 174870, -577229, 1274 
1718956927515.00, 174895, -573403, 1295 
1718956927537.00, 174721, -569589, 1345 
1718956927559.00, 174856, -565769, 1380 
1718956927580.00, 174680, -561944, 1414 
1718956927602.00, 174593, -558129, 1419 
1718956927624.00, 174678, -554327, 1431 
1718956927646.00, 174665, -550496, 1465 
1718956927668.00, 174604, -546686, 1451 
1718956927689.00, 174638, -542875, 1469 
1718956927711.00, 174650, -539064, 1465 
1718956927732.00, 174742, -535236, 1447 
1718956927754.00, 174763, -531429, 1462 
1718956927777.00, 174765, -527605, 1435 
1718956927798.00, 174615, -523798, 1399 
1718956927820.00, 174618, -519984, 1395 
1718956927842.00, 174781, -516160, 1387 
1718956927864.00, 174412, -512345, 1387 
1718956927885.00, 174519, -508530, 1371 
1718956927907.00, 174478, -504713, 1356 
1718956927934.00, 174570, -500899, 1348 
1718956927950.00, 174593, -497094, 1335 
1718956927973.00, 174555, -493280, 1309 
1718956927994.00, 174807, -489468, 1276 
1718956928017.00, 174684, -485653, 1242 
1718956928038.00, 174034, -481834, 1198 
1718956928059.00, 171191, -478022, 1140 
1718956928082.00, 166149, -474295, 1081 
1718956928104.00, 159541, -470677, 1034 
1718956928127.00, 152871, -467202, 999 
1718956928149.00, 146795, -463881, 977 
1718956928170.00, 141861, -460701, 969 
1718956928191.00, 138377, -457631, 952 
1718956928213.00, 135305, -454617, 927 
1718956928235.00, 131788, -451672, 904 
1718956928257.00, 128553, -448813, 869 
1718956928279.00, 124541, -446013, 839 
1718956928301.00, 120293, -443315, 802 
1718956928322.00, 115619, -440714, 776 
1718956928344.00, 111334, -438194, 733 
1718956928365.00, 106240, -435774, 694 
1718956928387.00, 101161, -433473, 678 
1718956928409.00, 96938, -431281, 655 
1718956928431.00, 53127, -429198, 595 
1718956928452.00, 27113, -428035, 569 
1718956928475.00, 11853, -427422, 564 
1718956928495.00, 3023, -427148, 545 
1718956928517.00, -1394, -427075, 474 
1718956928538.00, -4544, -427100, 360 
1718956928560.00, -6442, -427200, 208 
1718956928582.00, -7466, -427350, 44 
1718956928603.00, -7937, -427525, -127 
1718956928624.00, -15775, -427708, -292 
1718956928646.00, -30001, -428050, -411 
1718956928667.00, -45920, -428695, -494 
1718956928691.00, -60052, -429675, -672 
1718956928711.00, -78998, -430976, -710 
1718956928733.00, -92652, -432692, -763 
1718956928754.00, -103736, -434717, -835 
1718956928776.00, -114500, -436981, -856 
1718956928799.00, -121870, -439478, -874 
1718956928819.00, -127093, -442142, -900 
1718956928841.00, -131781, -444927, -916 
1718956928863.00, -135459, -447785, -926 
1718956928884.00, -138111, -450744, -934 
1718956928906.00, -139961, -453756, -949 
1718956928928.00, -142074, -456788, -960 
1718956928949.00, -143745, -459885, -940 
1718956928971.00, -143262, -463010, -945 
1718956928993.00, -143348, -466122, -948 
1718956929016.00, -143314, -469248, -945 
1718956929036.00, -143070, -472358, -965 
1718956929058.00, -144083, -475483, -984 
1718956929079.00, -145466, -478616, -996 
1718956929100.00, -146968, -481776, -1005 
1718956929123.00, -148355, -485013, -1009 
1718956929144.00, -149324, -488250, -1043 
1718956929166.00, -151778, -491511, -1059 
1718956929188.00, -154277, -494834, -1066 
1718956929210.00, -155965, -498205, -1103 
1718956929232.00, -159089, -501619, -1128 
1718956929254.00, -162428, -505099, -1116 
1718956929275.00, -163613, -508657, -1129 
1718956929297.00, -165093, -512228, -1154 
1718956929319.00, -167111, -515834, -1156 
1718956929341.00, -168537, -519508, -1159 
1718956929363.00, -169452, -523184, -1179 
1718956929384.00, -171184, -526887, -1160 
1718956929406.00, -170947, -530618, -1167 
1718956929428.00, -171060, -534362, -1202 
1718956929450.00, -173264, -538085, -1149 
1718956929472.00, -171266, -541888, -1161 
1718956929493.00, -170641, -545624, -1207 
1718956929515.00, -173020, -549360, -1203 
1718956929537.00, -174036, -553145, -1193 
1718956929559.00, -174116, -556945, -1213 
1718956929581.00, -174787, -560737, -1170 
1718956929602.00, -172936, -564542, -1125 
1718956929624.00, -168967, -568332, -1089 
1718956929646.00, -164303, -572002, -1034 
1718956929672.00, -158174, -575594, -998 
1718956929691.00, -152350, -579016, -972 
1718956929712.00, -147251, -582331, -852 
1718956929734.00, -137096, -585517, -781 
1718956929756.00, -126340, -588476, -706 
1718956929777.00, -115373, -591213, -532 
1718956929799.00, -98571, -593703, -390 
1718956929821.00, -56204, -595812, -331 
1718956929843.00, -31001, -597031, -294 
1718956929864.00, -16100, -597725, -190 
1718956929885.00, -7552, -598083, -122 
1718956929907.00, -2567, -598257, -116 
1718956929929.00, 26, -598314, -60 
1718956929950.00, 1408, -598317, -16 
1718956929972.00, 2418, -598290, 25 
1718956929993.00, 4696, -598238, 60 
1718956930015.00, 8173, -598138, 106 
1718956930036.00, 13049, -597957, 182 
1718956930058.00, 20355, -597672, 283 
1718956930080.00, 30769, -597226, 460 
1718956930101.00, 47640, -596562, 605 
1718956930123.00, 66354, -595545, 812 
1718956930144.00, 89878, -594091, 988 
1718956930165.00, 114558, -592136, 1112 
1718956930187.00, 136557, -589608, 1194 
1718956930209.00, 154368, -586602, 1256 
1718956930230.00, 168124, -583215, 1302 
1718956930252.00, 175206, -579541, 1313 
1718956930274.00, 174888, -575704, 1349 
1718956930296.00, 174678, -571889, 1402 
1718956930318.00, 174823, -568062, 1400 
1718956930339.00, 174507, -564242, 1419 
1718956930362.00, 174712, -560429, 1416 
1718956930383.00, 174624, -556617, 1427 
1718956930405.00, 174684, -552796, 1421 
1718956930427.00, 174711, -548974, 1417 
1718956930448.00, 174644, -545162, 1409 
1718956930471.00, 174855, -541338, 1412 
1718956930492.00, 174729, -537529, 1407 
1718956930513.00, 174592, -533710, 1411 
1718956930535.00, 174678, -529901, 1411 
1718956930559.00, 174707, -526077, 1408 
1718956930579.00, 174765, -522264, 1407 
1718956930601.00, 174741, -518452, 1389 
1718956930623.00, 174870, -514619, 1386 
1718956930645.00, 174511, -510806, 1398 
1718956930667.00, 174713, -506994, 1383 
1718956930689.00, 174739, -503173, 1373 
1718956930711.00, 174465, -499360, 1354 
1718956930732.00, 174608, -495537, 1342 
1718956930754.00, 174602, -491725, 1320 
1718956930775.00, 174645, -487906, 1291 
1718956930797.00, 174656, -484088, 1277 
1718956930820.00, 174669, -480275, 1268 
1718956930841.00, 174910, -476459, 1243 
1718956930863.00, 174571, -472642, 1209 
1718956930885.00, 174455, -468836, 1164 
1718956930906.00, 174153, -465015, 1121 
1718956930929.00, 171342, -461224, 1062 
1718956930950.00, 166120, -457478, 1009 
1718956930973.00, 159587, -453867, 961 
1718956930995.00, 152789, -450396, 914 
1718956931017.00, 145513, -447089, 859 
1718956931039.00, 138123, -443924, 810 
1718956931060.00, 130643, -440943, 769 
1718956931082.00, 123620, -438107, 724 
1718956931104.00, 116553, -435420, 680 
1718956931125.00, 109829, -432899, 649 
1718956931147.00, 104074, -430513, 617 
1718956931168.00, 60762, -428282, 563 
1718956931190.00, 34982, -426957, 531 
1718956931211.00, 20194, -426181, 471 
1718956931234.00, 11330, -425735, 458 
1718956931255.00, 6042, -425481, 460 
1718956931276.00, 2934, -425348, 421 
1718956931299.00, 1116, -425287, 354 
1718956931319.00, 0, -425268, 265 
1718956931341.00, -117, -425274, 127 
1718956931362.00, -185, -425295, -51 
1718956931384.00, -3395, -425310, -234 
1718956931406.00, -15930, -425394, -392 
1718956931429.00, -33052, -425740, -483 
1718956931449.00, -48841, -426448, -662 
1718956931470.00, -68909, -427497, -708 
1718956931492.00, -83703, -428998, -756 
1718956931513.00, -95285, -430812, -795 
1718956931540.00, -104547, -432883, -796 
1718956931557.00, -110007, -435169, -804 
1718956931579.00, -113541, -437561, -819 
1718956931601.00, -116606, -440033, -846 
1718956931622.00, -119793, -442577, -867 
1718956931646.00, -122962, -445190, -895 
1718956931665.00, -126454, -447861, -930 
1718956931687.00, -130580, -450627, -944 
1718956931709.00, -133919, -453462, -939 
1718956931731.00, -135430, -456372, -933 
1718956931756.00, -135775, -459332, -931 
1718956931774.00, -135851, -462283, -923 
1718956931796.00, -135434, -465224, -922 
1718956931818.00, -135111, -468192, -907 
1718956931839.00, -133985, -471127, -920 
1718956931864.00, -133874, -474037, -939 
1718956931883.00, -134907, -476954, -955 
1718956931905.00, -136614, -479883, -968 
1718956931926.00, -138437, -482862, -973 
1718956931948.00, -139738, -485877, -986 
1718956931971.00, -140999, -488915, -1010 
1718956931990.00, -143261, -492006, -1029 
1718956932012.00, -145622, -495133, -1043 
1718956932034.00, -147988, -498312, -1078 
1718956932056.00, -151390, -501565, -1107 
1718956932081.00, -155181, -504871, -1117 
1718956932099.00, -157958, -508262, -1109 
1718956932121.00, -158930, -511717, -1108 
1718956932143.00, -159528, -515184, -1111 
1718956932165.00, -159974, -518677, -1134 
1718956932187.00, -161690, -522167, -1184 
1718956932208.00, -165290, -525711, -1225 
1718956932230.00, -170018, -529325, -1223 
1718956932252.00, -172483, -533064, -1268 
1718956932274.00, -174766, -536826, -1300 
1718956932296.00, -174883, -540648, -1273 
1718956932317.00, -174901, -544463, -1280 
1718956932339.00, -174657, -548282, -1278 
1718956932361.00, -174650, -552105, -1279 
1718956932383.00, -174581, -555917, -1263 
1718956932404.00, -174594, -559730, -1266 
1718956932427.00, -174661, -563524, -1203 
1718956932449.00, -174293, -567345, -1158 
1718956932470.00, -171172, -571141, -1122 
1718956932492.00, -167024, -574876, -1052 
1718956932515.00, -160297, -578507, -989 
1718956932537.00, -152552, -581992, -932 
1718956932559.00, -144462, -585301, -869 
1718956932580.00, -135569, -588423, -815 
1718956932602.00, -127209, -591350, -683 
1718956932624.00, -114164, -594094, -528 
1718956932645.00, -64502, -596539, -414 
1718956932667.00, -35176, -597942, -328 
1718956932689.00, -18056, -598719, -199 
1718956932710.00, -8178, -599123, -154 
1718956932732.00, -2286, -599304, -150 
1718956932753.00, 414, -599354, -75 
1718956932775.00, 2497, -599347, 7 
1718956932795.00, 3963, -599289, 145 
1718956932818.00, 13406, -599192, 355 
1718956932839.00, 31551, -598903, 536 
1718956932860.00, 53255, -598228, 738 
1718956932883.00, 78464, -597078, 876 
1718956932902.00, 101369, -595376, 1058 
1718956932925.00, 126081, -593137, 1166 
1718956932947.00, 147020, -590353, 1235 
1718956932968.00, 163605, -587127, 1298 
1718956932990.00, 173955, -583540, 1319 
1718956933012.00, 174905, -579729, 1342 
1718956933034.00, 174877, -575907, 1378 
1718956933056.00, 174799, -572099, 1383 
1718956933078.00, 174787, -568271, 1401 
1718956933099.00, 174762, -564464, 1419 
1718956933121.00, 174784, -560647, 1446 
1718956933143.00, 174803, -556834, 1449 
1718956933165.00, 174499, -553012, 1479 
1718956933186.00, 174550, -549188, 1479 
1718956933208.00, 174853, -545380, 1468 
1718956933230.00, 174784, -541556, 1466 
1718956933252.00, 174676, -537755, 1445 
1718956933274.00, 174661, -533926, 1430 
1718956933295.00, 174607, -530112, 1405 
1718956933318.00, 174614, -526302, 1357 
1718956933339.00, 174827, -522500, 1300 
1718956933361.00, 174985, -518673, 1298 
1718956933383.00, 174591, -514854, 1305 
1718956933405.00, 174701, -511031, 1308 
1718956933426.00, 174816, -507218, 1320 
1718956933448.00, 174764, -503403, 1333 
1718956933470.00, 174924, -499583, 1326 
1718956933492.00, 174872, -495757, 1323 
1718956933514.00, 174854, -491943, 1342 
1718956933536.00, 174571, -488129, 1330 
1718956933557.00, 174790, -484307, 1305 
1718956933579.00, 174986, -480499, 1281 
1718956933601.00, 174558, -476680, 1267 
1718956933623.00, 174801, -472861, 1233 
1718956933644.00, 174743, -469047, 1201 
1718956933666.00, 174737, -465244, 1153 
1718956933688.00, 174388, -461421, 1111 
1718956933710.00, 171458, -457615, 1068 
1718956933733.00, 166729, -453891, 973 
1718956933755.00, 158479, -450258, 923 
1718956933776.00, 150366, -446826, 868 
1718956933798.00, 142141, -443571, 829 
1718956933820.00, 134746, -440496, 783 
1718956933842.00, 127314, -437577, 728 
1718956933863.00, 119556, -434820, 664 
1718956933885.00, 111120, -432230, 611 
1718956933907.00, 65669, -429837, 582 
1718956933928.00, 38549, -428424, 594 
1718956933951.00, 22446, -427575, 546 
1718956933972.00, 12971, -427076, 500 
1718956933993.00, 7570, -426787, 457 
1718956934015.00, 4348, -426626, 373 
1718956934036.00, 2249, -426539, 260 
1718956934058.00, 963, -426499, 124 
1718956934079.00, 116, -426493, -28 
1718956934101.00, -1451, -426503, -224 
1718956934122.00, -14123, -426538, -408 
1718956934143.00, -33334, -426840, -465 
1718956934165.00, -48109, -427556, -707 
1718956934187.00, -71471, -428590, -758 
1718956934209.00, -88223, -430133, -776 
1718956934231.00, -99247, -432054, -845 
1718956934252.00, -109910, -434210, -881 
1718956934274.00, -118169, -436624, -903 
1718956934295.00, -124503, -439192, -909 
1718956934317.00, -128616, -441915, -924 
1718956934339.00, -131844, -444720, -942 
1718956934361.00, -134660, -447578, -943 
1718956934383.00, -136388, -450508, -944 
1718956934404.00, -137389, -453483, -965 
1718956934426.00, -139086, -456462, -980 
1718956934448.00, -141154, -459504, -984 
1718956934470.00, -142446, -462565, -997 
1718956934490.00, -143782, -465661, -1013 
1718956934512.00, -145433, -468818, -1010 
1718956934534.00, -146324, -471991, -1004 
1718956934556.00, -146304, -475196, -1015 
1718956934577.00, -147021, -478393, -1017 
1718956934600.00, -147407, -481595, -1026 
1718956934621.00, -148208, -484838, -1044 
1718956934643.00, -149574, -488070, -1067 
1718956934664.00, -151777, -491345, -1105 
1718956934686.00, -155280, -494671, -1149 
1718956934708.00, -160178, -498045, -1130 
1718956934730.00, -161739, -501568, -1151 
1718956934752.00, -163772, -505103, -1170 
1718956934774.00, -166054, -508687, -1154 
1718956934796.00, -166608, -512318, -1169 
1718956934817.00, -167610, -515963, -1204 
1718956934839.00, -170526, -519634, -1164 
1718956934861.00, -169560, -523350, -1176 
1718956934883.00, -169696, -527064, -1196 
1718956934905.00, -171095, -530744, -1179 
1718956934926.00, -170706, -534497, -1192 
1718956934948.00, -171116, -538214, -1200 
1718956934970.00, -171814, -541968, -1184 
1718956934992.00, -171201, -545715, -1186 
1718956935014.00, -170789, -549468, -1207 
1718956935040.00, -171790, -553198, -1153 
1718956935057.00, -169369, -556949, -1144 
1718956935078.00, -167154, -560640, -1178 
1718956935100.00, -167849, -564274, -1136 
1718956935123.00, -165571, -567955, -1092 
1718956935150.00, -161655, -571549, -1029 
1718956935167.00, -155375, -575086, -967 
1718956935189.00, -147930, -578444, -929 
1718956935211.00, -140977, -581659, -869 
1718956935233.00, -133607, -584722, -806 
1718956935255.00, -125162, -587601, -751 
1718956935276.00, -116641, -590314, -657 
1718956935298.00, -105964, -592831, -487 
1718956935320.00, -59684, -595117, -415 
1718956935341.00, -32167, -596411, -410 
1718956935362.00, -15974, -597124, -290 
1718956935384.00, -6695, -597481, -175 
1718956935406.00, -1194, -597635, -155 
1718956935427.00, 1403, -597661, -48 
1718956935449.00, 3581, -597634, 77 
1718956935470.00, 9421, -597548, 239 
1718956935492.00, 22111, -597334, 492 
1718956935513.00, 45203, -596857, 604 
1718956935535.00, 65660, -595901, 757 
1718956935556.00, 86891, -594467, 961 
1718956935581.00, 111681, -592571, 1063 
1718956935599.00, 132605, -590115, 1142 
1718956935621.00, 149609, -587197, 1193 
1718956935643.00, 162644, -583918, 1209 
1718956935665.00, 171017, -580358, 1201 
1718956935687.00, 174976, -576607, 1162 
1718956935708.00, 174912, -572791, 1138 
1718956935730.00, 173676, -568965, 1148 
1718956935752.00, 173088, -565184, 1174 
1718956935774.00, 174366, -561395, 1161 
1718956935796.00, 174367, -557577, 1181 
1718956935817.00, 174682, -553785, 1198 
1718956935839.00, 174824, -549966, 1243 
1718956935860.00, 174929, -546145, 1252 
1718956935883.00, 174796, -542326, 1289 
1718956935907.00, 174735, -538503, 1306 
1718956935926.00, 174913, -534686, 1318 
1718956935948.00, 174799, -530880, 1313 
1718956935970.00, 174540, -527054, 1303 
1718956935992.00, 174704, -523248, 1272 
1718956936016.00, 174870, -519434, 1236 
1718956936036.00, 174785, -515607, 1182 
1718956936057.00, 174762, -511793, 1158 
1718956936079.00, 173864, -507978, 1147 
1718956936101.00, 172374, -504182, 1134 
1718956936126.00, 170640, -500415, 1126 
1718956936145.00, 169132, -496680, 1125 
1718956936167.00, 168110, -492992, 1134 
1718956936188.00, 168033, -489314, 1135 
1718956936210.00, 167683, -485654, 1131 
1718956936232.00, 167320, -481984, 1108 
1718956936254.00, 165496, -478334, 1095 
1718956936276.00, 163538, -474713, 1081 
1718956936297.00, 161479, -471148, 1073 
1718956936319.00, 159578, -467623, 1059 
1718956936341.00, 157767, -464137, 1047 
1718956936363.00, 155977, -460693, 1031 
1718956936386.00, 153781, -457305, 998 
1718956936408.00, 150293, -453958, 970 
1718956936428.00, 146597, -450684, 940 
1718956936451.00, 142597, -447511, 913 
1718956936472.00, 138364, -444417, 864 
1718956936494.00, 132800, -441413, 810 
1718956936516.00, 126165, -438532, 753 
1718956936538.00, 118642, -435798, 703 
1718956936560.00, 111368, -433225, 647 
1718956936581.00, 103525, -430809, 593 
1718956936603.00, 59429, -428587, 545 
1718956936624.00, 33383, -427296, 561 
1718956936646.00, 18007, -426554, 517 
1718956936668.00, 8992, -426150, 480 
1718956936689.00, 3797, -425950, 413 
1718956936711.00, 474, -425876, 307 
1718956936732.00, -819, -425871, 167 
1718956936754.00, -2108, -425900, 5 
1718956936775.00, -2914, -425957, -197 
1718956936796.00, -14865, -426035, -394 
1718956936818.00, -34338, -426350, -476 
1718956936840.00, -50413, -427085, -721 
1718956936861.00, -74756, -428175, -794 
1718956936883.00, -93512, -429791, -830 
1718956936905.00, -106839, -431826, -880 
1718956936927.00, -117546, -434164, -894 
1718956936948.00, -124552, -436723, -885 
1718956936970.00, -128042, -439441, -862 
1718956936992.00, -128844, -442234, -849 
1718956937014.00, -128371, -445036, -843 
1718956937035.00, -127561, -447819, -842 
1718956937057.00, -127098, -450593, -840 
1718956937078.00, -126419, -453361, -847 
1718956937100.00, -126369, -456102, -860 
1718956937122.00, -126921, -458862, -878 
1718956937143.00, -128464, -461624, -893 
1718956937165.00, -130186, -464415, -902 
1718956937187.00, -131616, -467258, -917 
1718956937209.00, -133367, -470126, -924 
1718956937230.00, -134707, -473005, -933 
1718956937252.00, -135899, -475958, -952 
1718956937274.00, -137631, -478914, -958 
1718956937296.00, -138934, -481907, -977 
1718956937318.00, -140811, -484942, -974 
1718956937339.00, -141584, -488004, -990 
1718956937361.00, -143081, -491091, -995 
1718956937383.00, -144309, -494211, -980 
1718956937405.00, -143912, -497341, -972 
1718956937426.00, -143033, -500486, -991 
1718956937448.00, -143753, -503598, -980 
1718956937469.00, -143584, -506715, -991 
1718956937490.00, -143918, -509850, -1018 
1718956937512.00, -145482, -512990, -1028 
1718956937534.00, -146983, -516171, -1051 
1718956937557.00, -149120, -519399, -1077 
1718956937577.00, -152137, -522655, -1086 
1718956937599.00, -154633, -525997, -1088 
1718956937622.00, -156039, -529365, -1108 
1718956937643.00, -158071, -532783, -1135 
1718956937665.00, -160789, -536245, -1119 
1718956937687.00, -161256, -539742, -1120 
1718956937708.00, -161585, -543280, -1144 
1718956937730.00, -163187, -546787, -1119 
1718956937752.00, -162872, -550365, -1150 
1718956937773.00, -164171, -553916, -1176 
1718956937795.00, -166558, -557513, -1117 
1718956937817.00, -164176, -561134, -1083 
1718956937839.00, -160745, -564723, -1092 
1718956937860.00, -159210, -568228, -1016 
1718956937884.00, -153825, -571690, -980 
1718956937906.00, -148080, -575041, -987 
1718956937928.00, -145024, -578245, -945 
1718956937949.00, -140846, -581403, -912 
1718956937971.00, -136017, -584458, -846 
1718956937999.00, -129427, -587407, -729 
1718956938014.00, -118205, -590204, -597 
1718956938036.00, -103672, -592763, -486 
1718956938058.00, -58794, -594993, -372 
1718956938079.00, -32158, -596260, -354 
1718956938100.00, -16487, -596980, -269 
1718956938122.00, -7472, -597349, -226 
1718956938144.00, -2036, -597522, -267 
1718956938165.00, 187, -597570, -220 
1718956938187.00, 1977, -597572, -223 
1718956938209.00, 3176, -597536, -224 
1718956938230.00, 4043, -597467, -197 
1718956938252.00, 4274, -597383, -186 
1718956938274.00, 4528, -597289, -186 
1718956938296.00, 4485, -597192, -173 
1718956938317.00, 4419, -597091, -160 
1718956938339.00, 4189, -596995, -144 
1718956938360.00, 4118, -596901, -134 
1718956938382.00, 4156, -596809, -121 
1718956938403.00, 4108, -596720, -107 
1718956938425.00, 3979, -596629, -89 
1718956938491.00, 4016, -596544, -74 
1718956938492.00, 3902, -596458, -61 
1718956938492.00, 3693, -596371, -48 
1718956938510.00, 3500, -596288, -33 
1718956938533.00, 0, -596211, -209 
1718956938554.00, 0, -596198, -198 
1718956938575.00, 0, -596198, -197 
1718956938596.00, 0, -596198, -187 
1718956938618.00, 0, -596198, -181 
1718956938639.00, 0, -596198, -178 
1718956938659.00, 0, -596198, -175 
1718956938681.00, 0, -596198, -173 
1718956938702.00, 0, -596198, -172 
1718956938723.00, 0, -596198, -170 
1718956938744.00, 0, -596198, -169 
1718956938765.00, 0, -596198, -167 
1718956938786.00, 0, -596197, -165 
1718956938807.00, 0, -596198, -166 
1718956938829.00, 0, -596198, -166 
1718956938850.00, 0, -596198, -166 
1718956938871.00, 0, -596198, -163 
1718956938892.00, 0, -596198, -164 
1718956938913.00, 0, -596198, -164 
1718956938933.00, 0, -596198, -162 
1718956938955.00, 0, -596198, -160 
1718956938976.00, 0, -596198, -158 
1718956938998.00, 0, -596198, -158 
1718956939019.00, 0, -596198, -156 
1718956939040.00, 0, -596198, -154 
1718956939060.00, 0, -596197, -153 
1718956939082.00, 0, -596197, -153 
1718956939103.00, 0, -596197, -152 
1718956939124.00, 0, -596198, -151 
1718956939145.00, 0, -596198, -150 
1718956939165.00, 0, -596197, -150 
1718956939187.00, 0, -596197, -151 
1718956939209.00, 0, -596197, -151 
1718956939229.00, 0, -596197, -151 
1718956939251.00, 0, -596198, -150 
1718956939271.00, 0, -596197, -149 
1718956939293.00, 0, -596198, -148 
1718956939314.00, 0, -596197, -148 
1718956939335.00, 0, -596197, -148 
1718956939357.00, 0, -596197, -147 
1718956939377.00, 0, -596198, -146 
1718956939399.00, 0, -596198, -144 
1718956939420.00, 0, -596198, -144 
1718956939441.00, 0, -596197, -143 
1718956939462.00, 0, -596197, -143 
1718956939483.00, 0, -596197, -142 
1718956939504.00, 0, -596198, -142 
1718956939525.00, 0, -596197, -143 
1718956939546.00, 0, -596197, -142 
1718956939567.00, 0, -596198, -141 
1718956939589.00, 0, -596198, -140 
1718956939610.00, 0, -596197, -140 
1718956939631.00, 0, -596198, -139 
1718956939652.00, 0, -596197, -139 
1718956939673.00, 0, -596197, -139 
1718956939694.00, 0, -596197, -139 
1718956939715.00, 0, -596197, -139 
1718956939736.00, 0, -596197, -139 
1718956939758.00, 0, -596197, -138 
1718956939778.00, 0, -596197, -138 
1718956939800.00, 0, -596198, -138 
1718956939821.00, 0, -596197, -137 
1718956939842.00, 0, -596197, -136 
1718956939863.00, 0, -596197, -135 
1718956939884.00, 0, -596197, -135 
1718956939905.00, 0, -596198, -135 
1718956939927.00, 0, -596197, -135 
1718956939948.00, 0, -596197, -134 
1718956939969.00, 0, -596198, -133 
1718956939990.00, 0, -596198, -132 
1718956940011.00, 0, -596198, -133 
1718956940032.00, 0, -596197, -133 
1718956940053.00, 0, -596197, -133 
1718956940074.00, 0, -596197, -133 
1718956940095.00, 0, -596197, -133 
1718956940116.00, 0, -596198, -133 
1718956940138.00, 0, -596197, -133 
1718956940158.00, 0, -596197, -133 
1718956940180.00, 0, -596198, -133 
1718956940201.00, 0, -596197, -134 
1718956940222.00, 0, -596197, -134 
1718956940243.00, 0, -596198, -134 
1718956940264.00, 0, -596197, -135 
1718956940285.00, 0, -596198, -135 
1718956940307.00, 0, -596197, -136 
1718956940328.00, 0, -596197, -137 
1718956940349.00, 0, -596198, -136 
1718956940369.00, 0, -596197, -136 
1718956940391.00, 0, -596197, -135 
1718956940412.00, 0, -596197, -135 
1718956940433.00, 0, -596197, -136 
1718956940454.00, 0, -596197, -135 
1718956940475.00, 0, -596198, -135 
1718956940497.00, 0, -596198, -134 
1718956940518.00, 0, -596197, -134 
1718956940539.00, 0, -596197, -134 
1718956940560.00, 0, -596198, -134 
1718956940581.00, 0, -596198, -134 
1718956940602.00, 0, -596197, -134 
1718956940623.00, 0, -596197, -133 
1718956940644.00, 0, -596198, -134 
1718956940666.00, 0, -596197, -135 
1718956940687.00, 0, -596197, -135 
1718956940708.00, 0, -596197, -135 
1718956940729.00, 0, -596198, -136 
1718956940750.00, 0, -596197, -137 
1718956940771.00, 0, -596197, -137 
1718956940792.00, 0, -596198, -137 
1718956940813.00, 0, -596197, -136 
1718956940834.00, 0, -596197, -136 
1718956940856.00, 0, -596197, -135 
1718956940876.00, 0, -596197, -134 
1718956940898.00, 0, -596198, -133 
1718956940919.00, 0, -596197, -133 
1718956940940.00, 0, -596198, -134 
1718956940961.00, 0, -596196, -134 
1718956940982.00, 0, -596197, -135 
1718956941003.00, 0, -596197, -136 
1718956941025.00, 0, -596198, -136 
1718956941046.00, 0, -596198, -136 
1718956941066.00, 0, -596197, -136 
1718956941087.00, 0, -596197, -138 
1718956941109.00, 0, -596197, -139 
1718956941130.00, 0, -596197, -139 
1718956941151.00, 0, -596197, -140 
1718956941172.00, 0, -596197, -140 
1718956941193.00, 0, -596198, -140 
1718956941214.00, 0, -596197, -139 
1718956941236.00, 0, -596198, -139 
1718956941256.00, 0, -596197, -140 
1718956941278.00, 0, -596197, -141 
1718956941299.00, 0, -596197, -141 
1718956941320.00, 0, -596198, -142 
1718956941341.00, 0, -596198, -143 
1718956941362.00, 0, -596197, -144 
1718956941383.00, 0, -596198, -144 
1718956941404.00, 0, -596197, -143 
1718956941426.00, 0, -596198, -142 
1718956941447.00, 0, -596197, -142 
