1720530063281.00, 0, -597818, -623 
1720530063302.00, 32, -597818, -625 
1720530063323.00, 0, -597819, -624 
1720530063345.00, 0, -597819, -620 
1720530063366.00, 0, -597818, -621 
1720530063387.00, 0, -597819, -623 
1720530063409.00, 0, -597819, -623 
1720530063430.00, 0, -597818, -622 
1720530063451.00, 0, -597819, -623 
1720530063472.00, 0, -597818, -624 
1720530063495.00, 0, -597818, -620 
1720530063515.00, 0, -597817, -618 
1720530063536.00, 0, -597818, -619 
1720530063557.00, -16, -597818, -622 
1720530063579.00, 9, -597818, -623 
1720530063604.00, 0, -597817, -623 
1720530063622.00, 0, -597818, -623 
1720530063643.00, 0, -597818, -622 
1720530063664.00, 0, -597819, -622 
1720530063693.00, 0, -597819, -620 
1720530063713.00, 0, -597817, -620 
1720530063728.00, 0, -597818, -621 
1720530063749.00, 0, -597819, -622 
1720530063770.00, 0, -597819, -622 
1720530063792.00, 0, -597818, -623 
1720530063813.00, 0, -597819, -622 
1720530063835.00, 0, -597817, -621 
1720530063856.00, 0, -597818, -620 
1720530063876.00, 0, -597819, -621 
1720530063898.00, 0, -597819, -622 
1720530063920.00, 0, -597819, -623 
1720530063941.00, 0, -597818, -621 
1720530063962.00, 0, -597819, -616 
1720530063984.00, 0, -597818, -614 
1720530064005.00, 0, -597818, -616 
1720530064026.00, 0, -597819, -613 
1720530064047.00, 0, -597819, -618 
1720530064069.00, 0, -597819, -621 
1720530064090.00, 0, -597818, -615 
1720530064111.00, 0, -597818, -611 
1720530064132.00, 0, -597819, -607 
1720530064154.00, 0, -597818, -604 
1720530064175.00, 0, -597818, -608 
1720530064197.00, 0, -597818, -610 
1720530064218.00, 0, -597819, -611 
1720530064239.00, 0, -597819, -612 
1720530064260.00, 0, -597819, -614 
1720530064282.00, 0, -597818, -614 
1720530064303.00, 0, -597817, -613 
1720530064324.00, 0, -597818, -614 
1720530064345.00, 0, -597819, -618 
1720530064368.00, 0, -597819, -621 
1720530064388.00, 0, -597818, -621 
1720530064409.00, 0, -597820, -626 
1720530064431.00, 0, -597819, -630 
1720530064452.00, -4, -597819, -631 
1720530064474.00, 1, -597819, -634 
1720530064495.00, 0, -597819, -633 
1720530064516.00, 0, -597818, -630 
1720530064537.00, 0, -597819, -629 
1720530064558.00, 0, -597818, -631 
1720530064579.00, 0, -597819, -636 
1720530064601.00, 0, -597819, -639 
1720530064622.00, 0, -597819, -638 
1720530064644.00, 0, -597820, -635 
1720530064665.00, 0, -597819, -632 
1720530064686.00, 0, -597820, -630 
1720530064708.00, 0, -597820, -630 
1720530064729.00, 0, -597820, -630 
1720530064750.00, 0, -597820, -626 
1720530064771.00, 0, -597820, -626 
1720530064792.00, 0, -597819, -630 
1720530064814.00, 0, -597819, -629 
1720530064835.00, 0, -597820, -622 
1720530064856.00, 0, -597819, -610 
1720530064877.00, 0, -597818, -597 
1720530064899.00, 0, -597819, -592 
1720530064922.00, 0, -597818, -592 
1720530064941.00, 0, -597818, -595 
1720530064963.00, 0, -597818, -594 
1720530064984.00, 0, -597817, -590 
1720530065006.00, -57, -597818, -586 
1720530065031.00, 0, -597818, -581 
1720530065048.00, 0, -597817, -581 
1720530065070.00, 0, -597819, -588 
1720530065090.00, 0, -597818, -598 
1720530065112.00, 66, -597819, -605 
1720530065133.00, 0, -597819, -610 
1720530065155.00, 0, -597819, -612 
1720530065176.00, 0, -597819, -614 
1720530065197.00, 0, -597819, -615 
1720530065218.00, 0, -597820, -621 
1720530065240.00, 0, -597819, -624 
1720530065261.00, 0, -597819, -621 
1720530065282.00, 0, -597819, -616 
1720530065303.00, 0, -597819, -610 
1720530065325.00, 0, -597819, -607 
1720530065346.00, 0, -597819, -607 
1720530065368.00, 0, -597819, -605 
1720530065389.00, 0, -597819, -602 
1720530065410.00, 0, -597819, -596 
1720530065431.00, 0, -597819, -596 
1720530065453.00, 0, -597819, -598 
1720530065474.00, 0, -597819, -596 
1720530065495.00, 0, -597819, -594 
1720530065516.00, 0, -597819, -594 
1720530065537.00, 0, -597819, -594 
1720530065559.00, 0, -597819, -591 
1720530065581.00, 0, -597819, -589 
1720530065601.00, 0, -597819, -588 
1720530065623.00, 0, -597818, -589 
1720530065644.00, 0, -597819, -591 
1720530065665.00, 0, -597819, -594 
1720530065687.00, 0, -597818, -594 
1720530065708.00, 0, -597819, -593 
1720530065729.00, 0, -597819, -591 
1720530065751.00, 0, -597819, -589 
1720530065771.00, 0, -597819, -586 
1720530065793.00, 0, -597817, -582 
1720530065815.00, 0, -597819, -584 
1720530065835.00, 0, -597819, -587 
1720530065857.00, 0, -597819, -589 
1720530065878.00, 0, -597819, -590 
1720530065903.00, 0, -597819, -590 
1720530065921.00, 0, -597818, -581 
1720530065942.00, -9, -597818, -580 
1720530065963.00, 0, -597818, -577 
1720530065985.00, 2, -597818, -571 
1720530066012.00, 0, -597818, -571 
1720530066027.00, 0, -597818, -579 
1720530066049.00, 0, -597817, -580 
1720530066070.00, 0, -597817, -578 
1720530066091.00, 0, -597818, -579 
1720530066113.00, 0, -597818, -585 
1720530066134.00, 0, -597818, -587 
1720530066155.00, 0, -597818, -589 
1720530066176.00, 0, -597818, -590 
1720530066198.00, 0, -597819, -587 
1720530066219.00, 1, -597818, -580 
1720530066241.00, 0, -597818, -577 
1720530066261.00, 0, -597818, -579 
1720530066282.00, 0, -597818, -582 
1720530066304.00, 0, -597818, -589 
1720530066326.00, 0, -597819, -595 
1720530066349.00, 0, -597819, -601 
1720530066368.00, 0, -597819, -603 
1720530066389.00, 0, -597820, -607 
1720530066411.00, 0, -597819, -607 
1720530066432.00, 0, -597820, -608 
1720530066453.00, 0, -597820, -607 
1720530066474.00, 0, -597818, -606 
1720530066496.00, 0, -597819, -606 
1720530066517.00, 0, -597818, -602 
1720530066539.00, 0, -597819, -599 
1720530066560.00, 0, -597819, -601 
1720530066581.00, 0, -597819, -607 
1720530066602.00, 0, -597818, -610 
1720530066624.00, 0, -597819, -607 
1720530066645.00, 0, -597820, -605 
1720530066665.00, 0, -597819, -604 
1720530066687.00, 0, -597818, -601 
1720530066709.00, 0, -597819, -600 
1720530066730.00, 0, -597819, -600 
1720530066751.00, 0, -597819, -600 
1720530066773.00, 0, -597819, -597 
1720530066794.00, 0, -597818, -592 
1720530066815.00, 0, -597819, -588 
1720530066836.00, 0, -597818, -586 
1720530066858.00, 0, -597817, -586 
1720530066879.00, 0, -597819, -586 
1720530066900.00, 0, -597817, -585 
1720530066922.00, 0, -597819, -585 
1720530066943.00, 0, -597819, -586 
1720530066964.00, 0, -597819, -585 
1720530066986.00, 0, -597819, -581 
1720530067007.00, 0, -597818, -579 
1720530067028.00, 0, -597818, -580 
1720530067049.00, 0, -597819, -579 
1720530067070.00, 0, -597818, -576 
1720530067092.00, 0, -597819, -575 
1720530067113.00, 0, -597819, -578 
1720530067134.00, 0, -597819, -580 
1720530067156.00, 0, -597818, -578 
1720530067177.00, 0, -597818, -577 
1720530067198.00, 0, -597819, -578 
1720530067219.00, 0, -597819, -578 
1720530067240.00, 0, -597818, -578 
1720530067262.00, 0, -597818, -577 
1720530067283.00, 0, -597817, -576 
1720530067305.00, 0, -597818, -575 
1720530067326.00, 0, -597819, -576 
1720530067347.00, 0, -597818, -576 
1720530067369.00, 0, -597818, -575 
1720530067390.00, 0, -597818, -575 
1720530067411.00, 0, -597818, -574 
1720530067433.00, 0, -597818, -574 
1720530067454.00, 0, -597818, -573 
1720530067475.00, 0, -597818, -572 
1720530067496.00, 0, -597818, -572 
1720530067516.00, 0, -597819, -572 
1720530067544.00, 0, -597817, -573 
1720530067561.00, 0, -597818, -573 
1720530067582.00, 0, -597818, -572 
1720530067603.00, 0, -597819, -571 
1720530067624.00, 0, -597818, -570 
1720530067646.00, 0, -597818, -570 
1720530067667.00, 0, -597818, -570 
1720530067688.00, 0, -597819, -572 
1720530067710.00, 0, -597818, -573 
1720530067731.00, 0, -597818, -574 
1720530067753.00, 0, -597819, -572 
1720530067773.00, 0, -597819, -570 
1720530067795.00, 0, -597817, -567 
1720530067816.00, 0, -597818, -564 
1720530067838.00, 2, -597818, -562 
1720530067859.00, 0, -597818, -563 
1720530067880.00, 1, -597818, -564 
1720530067902.00, 0, -597819, -564 
1720530067923.00, 24, -597817, -562 
1720530067944.00, 0, -597818, -562 
1720530067965.00, 0, -597817, -563 
1720530067987.00, 0, -597818, -563 
1720530068008.00, 0, -597818, -563 
1720530068030.00, 0, -597818, -560 
1720530068050.00, 0, -597818, -558 
1720530068072.00, 0, -597818, -558 
1720530068093.00, 0, -597818, -559 
1720530068115.00, 0, -597817, -558 
1720530068136.00, 0, -597818, -558 
1720530068157.00, 0, -597817, -558 
1720530068178.00, 0, -597818, -556 
1720530068200.00, 0, -597817, -557 
1720530068221.00, 0, -597817, -558 
1720530068242.00, 0, -597818, -557 
1720530068263.00, 0, -597818, -556 
1720530068285.00, 0, -597817, -557 
1720530068309.00, 0, -597818, -556 
1720530068328.00, 0, -597819, -553 
1720530068349.00, 0, -597817, -552 
1720530068370.00, 0, -597818, -552 
1720530068391.00, 0, -597817, -551 
1720530068412.00, 0, -597817, -552 
1720530068434.00, 0, -597817, -554 
1720530068455.00, 0, -597817, -552 
1720530068477.00, 0, -597818, -545 
1720530068498.00, 0, -597817, -535 
1720530068519.00, 0, -597817, -520 
1720530068541.00, 0, -597815, -495 
1720530068562.00, 0, -597815, -477 
1720530068583.00, 0, -597815, -460 
1720530068604.00, 0, -597812, -439 
1720530068626.00, 0, -597810, -396 
1720530068647.00, 1, -597807, -328 
1720530068668.00, 33, -597802, -240 
1720530068690.00, 42, -597797, -152 
1720530068711.00, 1, -597793, -103 
1720530068732.00, 0, -597791, -73 
1720530068754.00, 0, -597791, -72 
1720530068775.00, 1, -597791, -72 
1720530068795.00, 0, -597791, -76 
1720530068817.00, 0, -597791, -79 
1720530068839.00, 0, -597791, -88 
1720530068859.00, 0, -597792, -100 
1720530068880.00, 0, -597793, -119 
1720530068903.00, 0, -597794, -133 
1720530068924.00, 0, -597794, -143 
1720530068945.00, 0, -597794, -148 
1720530068967.00, 0, -597795, -149 
1720530068987.00, 0, -597793, -145 
1720530069009.00, 32, -597794, -135 
1720530069030.00, 0, -597793, -116 
1720530069051.00, -2, -597791, -81 
1720530069073.00, 0, -597787, -28 
1720530069094.00, 18, -597783, 33 
1720530069115.00, 2139, -597775, 95 
1720530069137.00, 7084, -597721, 169 
1720530069158.00, 14587, -597563, 294 
1720530069183.00, 26690, -597250, 373 
1720530069202.00, 38281, -596673, 579 
1720530069223.00, 57761, -595852, 634 
1720530069245.00, 72727, -594608, 679 
1720530069266.00, 84077, -593026, 758 
1720530069295.00, 95429, -591200, 844 
1720530069310.00, 107583, -589122, 861 
1720530069332.00, 115621, -586771, 892 
1720530069354.00, 122127, -584248, 968 
1720530069373.00, 130690, -581580, 1010 
1720530069396.00, 138184, -578722, 1015 
1720530069418.00, 142818, -575710, 1028 
1720530069440.00, 146291, -572572, 1049 
1720530069461.00, 149519, -569372, 1058 
1720530069483.00, 151963, -566097, 1070 
1720530069505.00, 153880, -562784, 1072 
1720530069527.00, 155192, -559424, 1067 
1720530069548.00, 155612, -556027, 1086 
1720530069570.00, 156757, -552628, 1106 
1720530069592.00, 158666, -549198, 1112 
1720530069614.00, 160118, -545731, 1111 
1720530069636.00, 160839, -542226, 1140 
1720530069658.00, 163089, -538712, 1157 
1720530069680.00, 165262, -535147, 1157 
1720530069701.00, 166551, -531533, 1177 
1720530069723.00, 168281, -527895, 1175 
1720530069745.00, 169197, -524212, 1168 
1720530069767.00, 169079, -520519, 1161 
1720530069789.00, 168677, -516825, 1183 
1720530069810.00, 169707, -513135, 1205 
1720530069832.00, 171715, -509424, 1207 
1720530069853.00, 173111, -505673, 1204 
1720530069876.00, 173381, -501898, 1212 
1720530069898.00, 174118, -498100, 1217 
1720530069919.00, 174942, -494300, 1226 
1720530069941.00, 174808, -490476, 1231 
1720530069963.00, 174883, -486649, 1264 
1720530069985.00, 174900, -482826, 1277 
1720530070007.00, 174804, -479013, 1292 
1720530070028.00, 174619, -475195, 1321 
1720530070051.00, 174767, -471375, 1315 
1720530070073.00, 174974, -467572, 1303 
1720530070094.00, 174642, -463746, 1295 
1720530070116.00, 174691, -459934, 1287 
1720530070138.00, 174763, -456125, 1258 
1720530070160.00, 174733, -452299, 1236 
1720530070181.00, 174684, -448489, 1210 
1720530070203.00, 174496, -444675, 1166 
1720530070224.00, 171723, -440885, 1061 
1720530070248.00, 163539, -437146, 869 
1720530070271.00, 147037, -433597, 717 
1720530070291.00, 127656, -430434, 570 
1720530070313.00, 72219, -427692, 418 
1720530070334.00, 40107, -426131, 350 
1720530070356.00, 21096, -425266, 205 
1720530070377.00, 10305, -424805, 77 
1720530070399.00, 3583, -424577, 21 
1720530070420.00, 2, -424497, -55 
1720530070442.00, -5205, -424496, -122 
1720530070463.00, -12634, -424605, -191 
1720530070485.00, -21357, -424880, -285 
1720530070507.00, -31822, -425336, -374 
1720530070529.00, -43341, -426021, -514 
1720530070550.00, -58476, -426951, -600 
1720530070572.00, -72726, -428229, -637 
1720530070594.00, -83224, -429798, -695 
1720530070615.00, -93018, -431613, -709 
1720530070637.00, -99536, -433626, -717 
1720530070659.00, -103679, -435793, -731 
1720530070680.00, -106987, -438060, -724 
1720530070702.00, -108290, -440378, -745 
1720530070723.00, -110307, -442745, -774 
1720530070746.00, -113245, -445162, -777 
1720530070767.00, -115045, -447624, -797 
1720530070789.00, -117094, -450120, -838 
1720530070811.00, -120769, -452677, -834 
1720530070831.00, -122817, -455310, -835 
1720530070854.00, -123797, -457989, -857 
1720530070876.00, -125725, -460687, -832 
1720530070897.00, -125431, -463410, -839 
1720530070919.00, -125316, -466135, -880 
1720530070941.00, -127786, -468871, -909 
1720530070963.00, -130807, -471660, -894 
1720530070984.00, -132032, -474503, -908 
1720530071006.00, -133057, -477380, -957 
1720530071028.00, -136692, -480278, -909 
1720530071050.00, -135906, -483257, -958 
1720530071070.00, -138261, -486215, -1014 
1720530071093.00, -143120, -489229, -981 
1720530071115.00, -144040, -492344, -989 
1720530071135.00, -144795, -495474, -1032 
1720530071158.00, -147775, -498639, -1025 
1720530071180.00, -149009, -501860, -999 
1720530071200.00, -148033, -505105, -1010 
1720530071223.00, -148059, -508347, -969 
1720530071245.00, -145733, -511560, -921 
1720530071268.00, -141144, -514714, -996 
1720530071289.00, -142915, -517800, -957 
1720530071310.00, -141706, -520904, -973 
1720530071331.00, -141478, -523987, -1064 
1720530071354.00, -146929, -527083, -987 
1720530071381.00, -145788, -530277, -955 
1720530071397.00, -142892, -533456, -1044 
1720530071418.00, -146404, -536584, -1043 
1720530071440.00, -148353, -539778, -1027 
1720530071462.00, -148366, -543029, -1118 
1720530071485.00, -153911, -546270, -1073 
1720530071506.00, -154589, -549646, -1034 
1720530071527.00, -152590, -553007, -1063 
1720530071549.00, -152962, -556344, -1075 
1720530071571.00, -153809, -559688, -1031 
1720530071593.00, -151764, -563035, -1055 
1720530071614.00, -151906, -566365, -1081 
1720530071636.00, -153545, -569677, -1100 
1720530071658.00, -155678, -573034, -1136 
1720530071680.00, -159114, -576440, -1153 
1720530071702.00, -162108, -579898, -1162 
1720530071724.00, -164331, -583453, -1187 
1720530071745.00, -166983, -587033, -1171 
1720530071767.00, -167674, -590697, -1149 
1720530071788.00, -166619, -594353, -1103 
1720530071812.00, -94371, -597958, -1039 
1720530071834.00, -51862, -600034, -1099 
1720530071855.00, -27250, -601170, -939 
1720530071877.00, -13558, -601788, -793 
1720530071898.00, -5653, -602097, -737 
1720530071923.00, -927, -602218, -573 
1720530071941.00, 1177, -602234, -395 
1720530071963.00, 2825, -602211, -195 
1720530071985.00, 3811, -602141, -50 
1720530072006.00, 4364, -602052, 70 
1720530072028.00, 8567, -601936, 266 
1720530072050.00, 22829, -601740, 441 
1720530072071.00, 41910, -601236, 757 
1720530072093.00, 72395, -600341, 866 
1720530072115.00, 97070, -598773, 961 
1720530072135.00, 117213, -596658, 1076 
1720530072157.00, 136009, -594067, 1138 
1720530072179.00, 150877, -591079, 1176 
1720530072200.00, 161973, -587781, 1201 
1720530072222.00, 169704, -584233, 1226 
1720530072244.00, 175255, -580513, 1227 
1720530072266.00, 174882, -576675, 1257 
1720530072288.00, 174763, -572862, 1287 
1720530072310.00, 174660, -569048, 1287 
1720530072331.00, 174737, -565230, 1305 
1720530072355.00, 174748, -561409, 1345 
1720530072375.00, 174827, -557585, 1373 
1720530072397.00, 174700, -553768, 1400 
1720530072419.00, 174810, -549953, 1451 
1720530072440.00, 174866, -546133, 1484 
1720530072483.00, 174776, -542324, 1524 
1720530072484.00, 174821, -538498, 1541 
1720530072506.00, 174925, -534681, 1578 
1720530072527.00, 174710, -530858, 1567 
1720530072550.00, 174527, -527051, 1576 
1720530072573.00, 174774, -523232, 1576 
1720530072593.00, 174910, -519406, 1585 
1720530072615.00, 174720, -515594, 1571 
1720530072637.00, 174773, -511772, 1558 
1720530072658.00, 174756, -507959, 1549 
1720530072680.00, 174693, -504150, 1557 
1720530072702.00, 174857, -500326, 1545 
1720530072724.00, 174892, -496511, 1522 
1720530072746.00, 174912, -492695, 1531 
1720530072768.00, 174654, -488874, 1519 
1720530072792.00, 174553, -485064, 1491 
1720530072811.00, 174761, -481250, 1461 
1720530072833.00, 174727, -477445, 1488 
1720530072855.00, 174893, -473628, 1485 
1720530072876.00, 174822, -469805, 1476 
1720530072903.00, 174781, -465993, 1458 
1720530072920.00, 174638, -462177, 1450 
1720530072941.00, 174661, -458367, 1415 
1720530072964.00, 174880, -454554, 1381 
1720530072985.00, 174638, -450735, 1354 
1720530073013.00, 174594, -446916, 1311 
1720530073030.00, 174539, -443106, 1250 
1720530073051.00, 174467, -439301, 1184 
1720530073073.00, 170522, -435499, 1087 
1720530073096.00, 162252, -431796, 929 
1720530073119.00, 89326, -428299, 723 
1720530073139.00, 47189, -426332, 632 
1720530073160.00, 22748, -425314, 423 
1720530073182.00, 9040, -424802, 274 
1720530073204.00, 1174, -424595, 157 
1720530073225.00, -2959, -424573, 44 
1720530073246.00, -5722, -424637, -67 
1720530073268.00, -10918, -424765, -189 
1720530073290.00, -21326, -425004, -245 
1720530073311.00, -30633, -425457, -293 
1720530073333.00, -39521, -426111, -291 
1720530073355.00, -44092, -426968, -480 
1720530073377.00, -58279, -427930, -432 
1720530073398.00, -63645, -429184, -479 
1720530073420.00, -69443, -430562, -497 
1720530073442.00, -74019, -432079, -526 
1720530073463.00, -78194, -433678, -544 
1720530073485.00, -81838, -435396, -550 
1720530073506.00, -84207, -437161, -587 
1720530073528.00, -87916, -438993, -631 
1720530073550.00, -92548, -440899, -665 
1720530073572.00, -97262, -442910, -704 
1720530073593.00, -102385, -445027, -722 
1720530073614.00, -106187, -447248, -739 
1720530073636.00, -109398, -449552, -753 
1720530073658.00, -111820, -451958, -738 
1720530073680.00, -112459, -454396, -731 
1720530073702.00, -112315, -456827, -737 
1720530073723.00, -112491, -459284, -734 
1720530073745.00, -112122, -461738, -736 
1720530073767.00, -112204, -464179, -760 
1720530073789.00, -113484, -466614, -785 
1720530073810.00, -115861, -469094, -796 
1720530073831.00, -117843, -471614, -796 
1720530073854.00, -118863, -474177, -833 
1720530073876.00, -121581, -476778, -883 
1720530073897.00, -126146, -479412, -900 
1720530073919.00, -129859, -482166, -950 
1720530073939.00, -134982, -485000, -1014 
1720530073961.00, -141568, -487960, -1024 
1720530073983.00, -146174, -491061, -1067 
1720530074005.00, -151156, -494269, -1141 
1720530074027.00, -158650, -497577, -1133 
1720530074048.00, -162557, -501067, -1181 
1720530074070.00, -167734, -504608, -1184 
1720530074092.00, -171027, -508284, -1181 
1720530074114.00, -172591, -512013, -1203 
1720530074136.00, -174621, -515790, -1212 
1720530074157.00, -174720, -519617, -1238 
1720530074179.00, -174564, -523428, -1247 
1720530074201.00, -174732, -527245, -1230 
1720530074223.00, -174893, -531052, -1293 
1720530074245.00, -174802, -534871, -1325 
1720530074266.00, -174799, -538687, -1265 
1720530074289.00, -174588, -542529, -1323 
1720530074310.00, -174547, -546332, -1298 
1720530074332.00, -174835, -550155, -1248 
1720530074354.00, -174699, -553950, -1297 
1720530074376.00, -174689, -557777, -1268 
1720530074397.00, -174677, -561574, -1200 
1720530074419.00, -174529, -565399, -1153 
1720530074441.00, -172312, -569208, -1104 
1720530074463.00, -168285, -572959, -1017 
1720530074486.00, -160364, -576631, -982 
1720530074507.00, -153453, -580091, -921 
1720530074529.00, -145519, -583437, -903 
1720530074551.00, -139771, -586573, -848 
1720530074573.00, -133030, -589611, -819 
1720530074594.00, -127026, -592503, -795 
1720530074616.00, -122070, -595245, -755 
1720530074638.00, -70446, -597881, -669 
1720530074660.00, -39923, -599414, -662 
1720530074681.00, -21677, -600291, -615 
1720530074703.00, -11174, -600781, -516 
1720530074724.00, -4889, -601038, -467 
1720530074746.00, -1345, -601146, -313 
1720530074767.00, 59, -601172, -199 
1720530074789.00, 1204, -601167, -30 
1720530074810.00, 2002, -601135, 100 
1720530074832.00, 8113, -601073, 283 
1720530074854.00, 23218, -600887, 431 
1720530074875.00, 40979, -600386, 742 
1720530074896.00, 70078, -599512, 907 
1720530074919.00, 97586, -597995, 971 
1720530074939.00, 117651, -595866, 1083 
1720530074961.00, 136236, -593274, 1123 
1720530074983.00, 149561, -590291, 1125 
1720530075004.00, 157441, -587021, 1164 
1720530075026.00, 164316, -583568, 1174 
1720530075048.00, 168924, -579978, 1196 
1720530075070.00, 172562, -576287, 1216 
1720530075091.00, 174777, -572506, 1252 
1720530075113.00, 174683, -568681, 1310 
1720530075135.00, 174861, -564870, 1330 
1720530075157.00, 174783, -561052, 1370 
1720530075178.00, 174834, -557234, 1365 
1720530075200.00, 174790, -553418, 1385 
1720530075222.00, 174624, -549603, 1432 
1720530075244.00, 174693, -545782, 1432 
1720530075265.00, 174799, -541961, 1460 
1720530075288.00, 174847, -538149, 1485 
1720530075309.00, 174679, -534327, 1509 
1720530075331.00, 174737, -530516, 1554 
1720530075353.00, 174791, -526695, 1574 
1720530075375.00, 174852, -522879, 1620 
1720530075398.00, 174816, -519058, 1629 
1720530075418.00, 174871, -515229, 1649 
1720530075441.00, 174704, -511418, 1630 
1720530075463.00, 174531, -507594, 1627 
1720530075485.00, 174628, -503786, 1611 
1720530075506.00, 174915, -499971, 1602 
1720530075528.00, 174757, -496145, 1592 
1720530075550.00, 174719, -492337, 1604 
1720530075572.00, 174718, -488519, 1590 
1720530075593.00, 174592, -484708, 1560 
1720530075615.00, 174709, -480893, 1550 
1720530075637.00, 174750, -477074, 1548 
1720530075660.00, 174866, -473275, 1513 
1720530075681.00, 174588, -469446, 1482 
1720530075702.00, 174630, -465631, 1449 
1720530075724.00, 174767, -461817, 1414 
1720530075750.00, 174626, -458012, 1376 
1720530075768.00, 174698, -454201, 1353 
1720530075789.00, 174694, -450376, 1311 
1720530075811.00, 174571, -446578, 1208 
1720530075833.00, 172019, -442762, 1110 
1720530075857.00, 164526, -439017, 999 
1720530075878.00, 153450, -435457, 879 
1720530075900.00, 139499, -432145, 763 
1720530075921.00, 76915, -429136, 667 
1720530075943.00, 40171, -427454, 642 
1720530075965.00, 19365, -426574, 472 
1720530075986.00, 7167, -426145, 363 
1720530076007.00, 59, -425985, 247 
1720530076029.00, -3834, -425984, 86 
1720530076050.00, -6117, -426072, -82 
1720530076072.00, -12140, -426208, -182 
1720530076094.00, -21814, -426473, -265 
1720530076115.00, -32540, -426931, -289 
1720530076137.00, -40138, -427640, -465 
1720530076158.00, -55121, -428503, -434 
1720530076183.00, -62116, -429680, -490 
1720530076202.00, -69741, -431031, -531 
1720530076223.00, -76426, -432541, -636 
1720530076245.00, -86497, -434214, -731 
1720530076266.00, -97912, -436097, -767 
1720530076289.00, -107008, -438231, -794 
1720530076310.00, -113954, -440549, -809 
1720530076332.00, -118561, -443047, -829 
1720530076354.00, -122611, -445635, -855 
1720530076375.00, -126430, -448297, -845 
1720530076397.00, -127983, -451066, -874 
1720530076419.00, -130511, -453849, -894 
1720530076440.00, -133168, -456677, -903 
1720530076462.00, -135098, -459585, -938 
1720530076483.00, -138223, -462526, -962 
1720530076505.00, -141585, -465528, -965 
1720530076526.00, -143604, -468623, -1027 
1720530076548.00, -148272, -471763, -1055 
1720530076569.00, -152698, -475000, -1093 
1720530076591.00, -157422, -478352, -1149 
1720530076613.00, -163472, -481781, -1168 
1720530076635.00, -168295, -485373, -1195 
1720530076657.00, -172586, -489048, -1216 
1720530076679.00, -175024, -492831, -1235 
1720530076700.00, -174924, -496650, -1262 
1720530076722.00, -174686, -500480, -1306 
1720530076744.00, -174812, -504299, -1355 
1720530076766.00, -174854, -508106, -1397 
1720530076788.00, -174816, -511927, -1417 
1720530076809.00, -174568, -515742, -1430 
1720530076831.00, -174898, -519570, -1438 
1720530076854.00, -174748, -523386, -1418 
1720530076875.00, -174658, -527205, -1449 
1720530076897.00, -174932, -531014, -1429 
1720530076918.00, -174935, -534825, -1426 
1720530076941.00, -174790, -538636, -1446 
1720530076962.00, -174577, -542472, -1415 
1720530076984.00, -174773, -546283, -1367 
1720530077005.00, -174774, -550106, -1399 
1720530077027.00, -174700, -553907, -1369 
1720530077050.00, -174808, -557723, -1357 
1720530077071.00, -174680, -561544, -1348 
1720530077093.00, -174548, -565360, -1291 
1720530077115.00, -174640, -569172, -1247 
1720530077137.00, -174752, -572985, -1207 
1720530077159.00, -174632, -576798, -1145 
1720530077182.00, -172786, -580582, -998 
1720530077204.00, -162804, -584343, -908 
1720530077225.00, -151272, -587859, -768 
1720530077247.00, -135877, -591136, -656 
1720530077268.00, -119779, -594060, -525 
1720530077290.00, -69788, -596625, -415 
1720530077312.00, -40278, -598146, -343 
1720530077333.00, -22884, -599031, -205 
1720530077355.00, -12859, -599540, -118 
1720530077376.00, -7033, -599833, -87 
1720530077398.00, -3719, -599988, -11 
1720530077419.00, -1333, -600062, 54 
1720530077440.00, 2471, -600076, 314 
1720530077462.00, 20803, -600028, 510 
1720530077484.00, 43230, -599589, 786 
1720530077506.00, 73539, -598674, 866 
1720530077528.00, 96399, -597069, 993 
1720530077548.00, 117455, -594963, 1208 
1720530077570.00, 143146, -592382, 1161 
1720530077592.00, 155366, -589234, 1220 
1720530077614.00, 165868, -585824, 1282 
1720530077635.00, 173716, -582203, 1264 
1720530077658.00, 174939, -578397, 1314 
1720530077679.00, 174775, -574574, 1345 
1720530077701.00, 174774, -570749, 1382 
1720530077722.00, 174814, -566928, 1414 
1720530077744.00, 174626, -563117, 1461 
1720530077766.00, 174695, -559310, 1505 
1720530077788.00, 174903, -555498, 1542 
1720530077810.00, 174655, -551667, 1560 
1720530077832.00, 174757, -547851, 1561 
1720530077853.00, 174719, -544036, 1589 
1720530077875.00, 174601, -540220, 1604 
1720530077897.00, 174642, -536403, 1621 
1720530077918.00, 174701, -532593, 1653 
1720530077944.00, 174740, -528776, 1663 
1720530077962.00, 174867, -524951, 1672 
1720530077984.00, 174773, -521137, 1681 
1720530078006.00, 174613, -517324, 1695 
1720530078027.00, 174656, -513502, 1716 
1720530078051.00, 174747, -509691, 1710 
1720530078072.00, 174379, -505865, 1729 
1720530078093.00, 174487, -502054, 1721 
1720530078115.00, 174510, -498232, 1713 
1720530078137.00, 174433, -494428, 1702 
1720530078158.00, 174514, -490610, 1701 
1720530078181.00, 174559, -486800, 1711 
1720530078202.00, 174868, -482981, 1698 
1720530078224.00, 174632, -479163, 1703 
1720530078246.00, 174506, -475344, 1689 
1720530078268.00, 174504, -471534, 1651 
1720530078290.00, 174588, -467718, 1637 
1720530078312.00, 174567, -463914, 1613 
1720530078333.00, 174725, -460089, 1586 
1720530078355.00, 174766, -456274, 1567 
1720530078376.00, 174452, -452470, 1525 
1720530078399.00, 174437, -448651, 1468 
1720530078421.00, 174483, -444845, 1406 
1720530078442.00, 174411, -441043, 1358 
1720530078464.00, 174436, -437226, 1317 
1720530078485.00, 174388, -433415, 1256 
1720530078507.00, 174379, -429607, 1165 
1720530078530.00, 96106, -425826, 1040 
1720530078552.00, 50698, -423709, 1032 
1720530078574.00, 24897, -422611, 736 
1720530078596.00, 10252, -422053, 625 
1720530078618.00, 1765, -421820, 540 
1720530078639.00, -2737, -421787, 335 
1720530078660.00, -5683, -421850, 96 
1720530078682.00, -7300, -421979, -73 
1720530078703.00, -12640, -422140, -190 
1720530078724.00, -22882, -422406, -307 
1720530078747.00, -35142, -422897, -537 
1720530078768.00, -56457, -423648, -540 
1720530078790.00, -69201, -424863, -585 
1720530078812.00, -79439, -426375, -709 
1720530078833.00, -92898, -428106, -684 
1720530078855.00, -99285, -430109, -745 
1720530078876.00, -106521, -432273, -770 
1720530078898.00, -112193, -434602, -766 
1720530078920.00, -115209, -437039, -785 
1720530078942.00, -117884, -439552, -853 
1720530078963.00, -123340, -442126, -865 
1720530078985.00, -127542, -444824, -862 
1720530079007.00, -129700, -447590, -902 
1720530079029.00, -133239, -450411, -946 
1720530079050.00, -137931, -453323, -983 
1720530079071.00, -142629, -456321, -1052 
1720530079092.00, -149503, -459455, -1035 
1720530079114.00, -152481, -462717, -1039 
1720530079135.00, -154340, -466048, -1045 
1720530079158.00, -155766, -469427, -983 
1720530079180.00, -152811, -472790, -941 
1720530079202.00, -148519, -476125, -1013 
1720530079222.00, -149908, -479359, -1029 
1720530079246.00, -151734, -482621, -959 
1720530079267.00, -148443, -485934, -1003 
1720530079289.00, -148997, -489177, -1082 
1720530079311.00, -154058, -492441, -1064 
1720530079332.00, -155840, -495801, -1079 
1720530079354.00, -157588, -499207, -1130 
1720530079375.00, -161810, -502666, -1152 
1720530079398.00, -165209, -506189, -1147 
1720530079420.00, -166954, -509830, -1236 
1720530079441.00, -173321, -513470, -1245 
1720530079464.00, -174856, -517272, -1257 
1720530079485.00, -174854, -521091, -1337 
1720530079506.00, -174754, -524910, -1330 
1720530079528.00, -174731, -528721, -1312 
1720530079550.00, -174757, -532554, -1351 
1720530079574.00, -174633, -536372, -1313 
1720530079594.00, -174691, -540177, -1317 
1720530079616.00, -174827, -543999, -1375 
1720530079637.00, -174841, -547810, -1380 
1720530079659.00, -174795, -551634, -1380 
1720530079681.00, -174615, -555442, -1372 
1720530079703.00, -174729, -559272, -1358 
1720530079724.00, -174782, -563064, -1335 
1720530079747.00, -174579, -566894, -1330 
1720530079768.00, -174608, -570694, -1289 
1720530079790.00, -174577, -574524, -1183 
1720530079812.00, -174345, -578315, -1075 
1720530079835.00, -167686, -582128, -933 
1720530079856.00, -155019, -585753, -826 
1720530079878.00, -141008, -589111, -752 
1720530079911.00, -128103, -592165, -678 
1720530079922.00, -116011, -594926, -641 
1720530079944.00, -66989, -597415, -578 
1720530079965.00, -37861, -598886, -549 
1720530079987.00, -20686, -599722, -456 
1720530080011.00, -11261, -600190, -348 
1720530080030.00, -5509, -600440, -334 
1720530080051.00, -2234, -600558, -206 
1720530080073.00, -180, -600604, -118 
1720530080094.00, 148, -600603, 24 
1720530080117.00, 2602, -600585, 155 
1720530080137.00, 11963, -600521, 414 
1720530080159.00, 32966, -600257, 669 
1720530080181.00, 60771, -599558, 818 
1720530080202.00, 86488, -598255, 917 
1720530080223.00, 107598, -596363, 1118 
1720530080245.00, 132145, -593993, 1176 
1720530080266.00, 150249, -591091, 1158 
1720530080288.00, 159610, -587799, 1225 
1720530080311.00, 168998, -584293, 1233 
1720530080331.00, 174950, -580598, 1209 
1720530080353.00, 174910, -576764, 1230 
1720530080376.00, 174876, -572950, 1263 
1720530080397.00, 174754, -569134, 1266 
1720530080419.00, 174648, -565316, 1322 
1720530080441.00, 174782, -561493, 1341 
1720530080463.00, 174630, -557672, 1382 
1720530080484.00, 174776, -553858, 1401 
1720530080507.00, 174753, -550044, 1419 
1720530080529.00, 174762, -546233, 1448 
1720530080550.00, 174625, -542407, 1480 
1720530080571.00, 174659, -538593, 1501 
1720530080594.00, 175029, -534778, 1503 
1720530080616.00, 174802, -530951, 1515 
1720530080638.00, 174617, -527136, 1522 
1720530080659.00, 174558, -523332, 1529 
1720530080681.00, 174834, -519511, 1511 
1720530080703.00, 174845, -515689, 1515 
1720530080724.00, 174741, -511876, 1529 
1720530080747.00, 174779, -508051, 1506 
1720530080768.00, 174552, -504241, 1497 
1720530080790.00, 174695, -500427, 1495 
1720530080812.00, 174832, -496605, 1500 
1720530080834.00, 174778, -492797, 1501 
1720530080855.00, 174650, -488973, 1512 
1720530080877.00, 174668, -485153, 1503 
1720530080899.00, 174685, -481349, 1480 
1720530080921.00, 174681, -477543, 1469 
1720530080942.00, 174577, -473719, 1430 
1720530080964.00, 174870, -469902, 1336 
1720530080987.00, 174706, -466081, 1302 
1720530081008.00, 174484, -462264, 1289 
1720530081030.00, 174600, -458455, 1237 
1720530081051.00, 174764, -454651, 1175 
1720530081073.00, 174554, -450836, 1131 
1720530081095.00, 171605, -447020, 1054 
1720530081118.00, 164960, -443274, 981 
1720530081140.00, 156311, -439709, 852 
1720530081162.00, 143472, -436325, 661 
1720530081184.00, 124246, -433236, 478 
1720530081206.00, 101737, -430549, 328 
1720530081227.00, 59096, -428390, 189 
1720530081249.00, 33941, -427108, 73 
1720530081270.00, 18816, -426365, -18 
1720530081292.00, 9221, -425947, -112 
1720530081313.00, -1425, -425749, -187 
1720530081335.00, -12549, -425773, -260 
1720530081357.00, -23991, -426032, -291 
1720530081378.00, -32463, -426552, -516 
1720530081399.00, -50949, -427264, -644 
1720530081422.00, -69823, -428357, -696 
1720530081443.00, -83872, -429867, -756 
1720530081465.00, -96030, -431695, -811 
1720530081487.00, -106463, -433777, -816 
1720530081508.00, -112950, -436104, -847 
1720530081530.00, -118452, -438573, -863 
1720530081552.00, -122594, -441146, -871 
1720530081574.00, -125412, -443819, -919 
1720530081595.00, -129906, -446552, -915 
1720530081617.00, -132394, -449375, -946 
1720530081638.00, -135520, -452273, -964 
1720530081660.00, -138278, -455223, -971 
1720530081682.00, -140429, -458236, -959 
1720530081704.00, -140612, -461292, -955 
1720530081724.00, -140428, -464349, -973 
1720530081747.00, -141428, -467411, -941 
1720530081768.00, -140227, -470491, -894 
1720530081791.00, -136619, -473527, -901 
1720530081812.00, -134775, -476503, -933 
1720530081834.00, -135587, -479436, -951 
1720530081856.00, -137089, -482375, -975 
1720530081876.00, -139315, -485367, -1019 
1720530081898.00, -143285, -488417, -1080 
1720530081920.00, -149118, -491555, -1099 
1720530081942.00, -153832, -494820, -1136 
1720530081963.00, -158756, -498184, -1214 
1720530081986.00, -166330, -501668, -1207 
1720530082007.00, -170343, -505307, -1248 
1720530082029.00, -175054, -509034, -1304 
1720530082051.00, -174776, -512855, -1309 
1720530082073.00, -174662, -516695, -1359 
1720530082095.00, -174697, -520503, -1399 
1720530082116.00, -174789, -524323, -1425 
1720530082138.00, -174739, -528143, -1460 
1720530082160.00, -174514, -531955, -1510 
1720530082182.00, -174772, -535786, -1547 
1720530082204.00, -174565, -539589, -1586 
1720530082225.00, -174779, -543419, -1605 
1720530082247.00, -174855, -547211, -1559 
1720530082269.00, -174704, -551034, -1559 
1720530082290.00, -174655, -554847, -1504 
1720530082316.00, -174474, -558669, -1440 
1720530082334.00, -174585, -562467, -1406 
1720530082356.00, -174643, -566294, -1390 
1720530082378.00, -174640, -570104, -1367 
1720530082400.00, -174669, -573913, -1290 
1720530082426.00, -174532, -577724, -1218 
1720530082443.00, -174613, -581544, -1119 
1720530082465.00, -169462, -585350, -1051 
1720530082488.00, -162438, -589024, -893 
1720530082510.00, -148568, -592545, -809 
1720530082535.00, -134873, -595742, -668 
1720530082553.00, -76917, -598665, -511 
1720530082575.00, -42756, -600324, -416 
1720530082596.00, -22736, -601261, -300 
1720530082617.00, -11308, -601774, -157 
1720530082639.00, -4758, -602032, -104 
1720530082661.00, -1051, -602136, -27 
1720530082683.00, 915, -602155, 55 
1720530082704.00, 5712, -602129, 370 
1720530082725.00, 27007, -601996, 668 
1720530082748.00, 57828, -601423, 825 
1720530082769.00, 85927, -600194, 864 
1720530082790.00, 104740, -598311, 1103 
1720530082812.00, 130167, -596009, 1183 
1720530082833.00, 150142, -593145, 1132 
1720530082858.00, 158472, -589854, 1216 
1720530082878.00, 168500, -586372, 1222 
1720530082899.00, 174709, -582689, 1220 
1720530082921.00, 174746, -578876, 1246 
1720530082942.00, 174851, -575062, 1251 
1720530082964.00, 174923, -571245, 1260 
1720530082985.00, 174651, -567418, 1309 
1720530083008.00, 174763, -563595, 1341 
1720530083030.00, 174849, -559777, 1362 
1720530083052.00, 174827, -555967, 1401 
1720530083074.00, 174812, -552148, 1408 
1720530083095.00, 174723, -548330, 1419 
1720530083116.00, 174868, -544517, 1422 
1720530083139.00, 174688, -540692, 1428 
1720530083161.00, 174777, -536881, 1429 
1720530083185.00, 174845, -533053, 1470 
1720530083204.00, 174717, -529247, 1473 
1720530083225.00, 174732, -525422, 1474 
1720530083248.00, 174904, -521609, 1466 
1720530083270.00, 174629, -517787, 1490 
1720530083291.00, 174640, -513984, 1486 
1720530083313.00, 174735, -510167, 1507 
1720530083335.00, 174726, -506351, 1518 
1720530083357.00, 174615, -502529, 1514 
1720530083379.00, 174645, -498708, 1487 
1720530083410.00, 174594, -494882, 1489 
1720530083422.00, 174569, -491073, 1461 
1720530083444.00, 174704, -487266, 1430 
1720530083466.00, 174672, -483452, 1402 
1720530083487.00, 174722, -479637, 1385 
1720530083510.00, 174765, -475813, 1335 
1720530083532.00, 174552, -472005, 1284 
1720530083553.00, 174513, -468184, 1232 
1720530083575.00, 173578, -464387, 1182 
1720530083596.00, 170106, -460593, 1113 
1720530083618.00, 163895, -456891, 1055 
1720530083641.00, 156592, -453317, 958 
1720530083663.00, 146413, -449924, 871 
1720530083685.00, 135096, -446759, 817 
1720530083707.00, 125139, -443831, 749 
1720530083731.00, 115050, -441144, 602 
1720530083750.00, 100188, -438657, 451 
1720530083772.00, 82372, -436491, 320 
1720530083794.00, 63972, -434734, 198 
1720530083815.00, 45510, -433355, 102 
1720530083837.00, 29164, -432370, 16 
1720530083859.00, 13183, -431739, -81 
1720530083880.00, -452, -431445, -182 
1720530083901.00, -14665, -431443, -270 
1720530083923.00, -28949, -431746, -272 
1720530083948.00, -37235, -432370, -530 
1720530083966.00, -57554, -433175, -623 
1720530083987.00, -75116, -434417, -666 
1720530084010.00, -88076, -436047, -714 
1720530084031.00, -98669, -437966, -744 
1720530084052.00, -106528, -440092, -759 
1720530084074.00, -112015, -442432, -794 
1720530084096.00, -117114, -444871, -806 
1720530084118.00, -120780, -447416, -798 
1720530084140.00, -122163, -450043, -802 
1720530084162.00, -123176, -452714, -844 
1720530084183.00, -126093, -455397, -856 
1720530084205.00, -128327, -458155, -858 
1720530084227.00, -129906, -460954, -894 
1720530084249.00, -132810, -463775, -929 
1720530084270.00, -136433, -466669, -958 
1720530084291.00, -140413, -469640, -961 
1720530084314.00, -142892, -472695, -990 
1720530084334.00, -145873, -475818, -1017 
1720530084356.00, -149219, -479001, -1049 
1720530084378.00, -152926, -482262, -1055 
1720530084399.00, -155559, -485617, -1071 
1720530084421.00, -157933, -489003, -1116 
1720530084444.00, -161811, -492469, -1129 
1720530084465.00, -164831, -496006, -1135 
1720530084487.00, -166663, -499605, -1156 
1720530084508.00, -169097, -503260, -1171 
1720530084531.00, -171168, -506961, -1205 
1720530084552.00, -174354, -510708, -1218 
1720530084574.00, -174887, -514509, -1225 
1720530084596.00, -174800, -518334, -1244 
1720530084618.00, -174442, -522143, -1258 
1720530084640.00, -174886, -525981, -1228 
1720530084661.00, -174818, -529795, -1265 
1720530084683.00, -174774, -533612, -1272 
1720530084705.00, -174813, -537429, -1292 
1720530084726.00, -174905, -541252, -1335 
1720530084749.00, -174825, -545057, -1389 
1720530084770.00, -174627, -548875, -1373 
1720530084792.00, -174855, -552703, -1361 
1720530084814.00, -174694, -556502, -1389 
1720530084836.00, -174771, -560320, -1364 
1720530084858.00, -174867, -564126, -1370 
1720530084880.00, -174741, -567956, -1343 
1720530084901.00, -174648, -571743, -1267 
1720530084923.00, -174631, -575575, -1205 
1720530084945.00, -174766, -579374, -1120 
1720530084967.00, -171168, -583187, -1053 
1720530084989.00, -164780, -586902, -946 
1720530085012.00, -154440, -590480, -810 
1720530085033.00, -139916, -593823, -695 
1720530085055.00, -81242, -596818, -572 
1720530085077.00, -46579, -598597, -558 
1720530085098.00, -26001, -599606, -425 
1720530085124.00, -14522, -600194, -350 
1720530085142.00, -7650, -600524, -341 
1720530085162.00, -3855, -600693, -237 
1720530085184.00, -1517, -600780, -229 
1720530085206.00, -139, -600809, -122 
1720530085227.00, 32, -600799, 55 
1720530085249.00, 3838, -600786, 213 
1720530085270.00, 15945, -600702, 386 
1720530085292.00, 33289, -600359, 635 
1720530085313.00, 58596, -599647, 779 
1720530085335.00, 82406, -598384, 930 
1720530085356.00, 105546, -596579, 1118 
1720530085377.00, 130682, -594261, 1184 
1720530085399.00, 149477, -591382, 1197 
1720530085421.00, 161401, -588110, 1238 
1720530085443.00, 170576, -584568, 1258 
1720530085465.00, 175076, -580839, 1231 
1720530085488.00, 174952, -577012, 1216 
1720530085509.00, 174711, -573193, 1193 
1720530085530.00, 174882, -569374, 1244 
1720530085552.00, 174971, -565549, 1295 
1720530085574.00, 174755, -561743, 1322 
1720530085595.00, 174797, -557914, 1375 
1720530085617.00, 174876, -554102, 1402 
1720530085640.00, 174891, -550283, 1442 
1720530085661.00, 174600, -546459, 1497 
1720530085683.00, 174845, -542636, 1514 
1720530085705.00, 174995, -538832, 1546 
1720530085727.00, 174686, -535000, 1570 
1720530085749.00, 174757, -531185, 1584 
1720530085770.00, 174716, -527370, 1557 
1720530085792.00, 174741, -523553, 1541 
1720530085814.00, 174834, -519748, 1560 
1720530085835.00, 174811, -515919, 1578 
1720530085857.00, 174875, -512093, 1602 
1720530085879.00, 174723, -508282, 1634 
1720530085901.00, 174642, -504463, 1638 
1720530085923.00, 174762, -500646, 1640 
1720530085945.00, 174743, -496839, 1629 
1720530085967.00, 174739, -493019, 1636 
1720530085988.00, 174712, -489195, 1620 
1720530086010.00, 174724, -485376, 1577 
1720530086032.00, 174640, -481570, 1572 
1720530086054.00, 174731, -477756, 1560 
1720530086076.00, 174846, -473939, 1540 
1720530086097.00, 174562, -470129, 1543 
1720530086120.00, 174622, -466302, 1551 
1720530086141.00, 174658, -462487, 1548 
1720530086163.00, 174445, -458677, 1520 
1720530086185.00, 174335, -454862, 1491 
1720530086206.00, 174324, -451055, 1417 
1720530086228.00, 174495, -447248, 1331 
1720530086250.00, 174463, -443442, 1233 
1720530086272.00, 173599, -439645, 1142 
1720530086294.00, 167666, -435857, 1090 
1720530086316.00, 160967, -432209, 990 
1720530086338.00, 88786, -428740, 852 
1720530086360.00, 46960, -426790, 825 
1720530086382.00, 23096, -425771, 698 
1720530086403.00, 9520, -425252, 619 
1720530086425.00, 1413, -425044, 528 
1720530086446.00, -2979, -425014, 380 
1720530086470.00, -5875, -425079, 170 
1720530086490.00, -7383, -425216, -18 
1720530086511.00, -9442, -425382, -173 
1720530086532.00, -19763, -425593, -319 
1720530086554.00, -34095, -426015, -474 
1720530086577.00, -52031, -426743, -554 
1720530086597.00, -67516, -427866, -575 
1720530086619.00, -77836, -429336, -746 
1720530086641.00, -94204, -431024, -730 
1720530086662.00, -102857, -433060, -768 
1720530086686.00, -110106, -435324, -809 
1720530086705.00, -116789, -437725, -824 
1720530086727.00, -121503, -440254, -823 
1720530086749.00, -123866, -442918, -875 
1720530086771.00, -128536, -445624, -913 
1720530086794.00, -133076, -448417, -927 
1720530086815.00, -136882, -451340, -970 
1720530086836.00, -141662, -454315, -981 
1720530086858.00, -145043, -457385, -961 
1720530086878.00, -145682, -460556, -1006 
1720530086902.00, -148484, -463734, -1022 
1720530086922.00, -151128, -466989, -1033 
1720530086944.00, -153313, -470292, -1059 
1720530086966.00, -155893, -473632, -1094 
1720530086987.00, -159283, -477051, -1091 
1720530087009.00, -161297, -480532, -1085 
1720530087031.00, -161706, -484071, -1102 
1720530087053.00, -162844, -487608, -1066 
1720530087074.00, -161577, -491157, -1061 
1720530087096.00, -160226, -494686, -1075 
1720530087119.00, -160206, -498173, -1043 
1720530087140.00, -158122, -501690, -1109 
1720530087162.00, -160720, -505139, -1148 
1720530087184.00, -164649, -508656, -1118 
1720530087206.00, -161351, -512257, -1161 
1720530087228.00, -161698, -515778, -1232 
1720530087249.00, -166494, -519319, -1153 
1720530087271.00, -164311, -522951, -1241 
1720530087292.00, -168273, -526549, -1293 
1720530087315.00, -171166, -530219, -1276 
1720530087337.00, -172907, -533975, -1337 
1720530087358.00, -173921, -537748, -1417 
1720530087380.00, -174462, -541560, -1395 
1720530087402.00, -174641, -545358, -1425 
1720530087423.00, -174634, -549190, -1418 
1720530087448.00, -174682, -552999, -1355 
1720530087467.00, -174721, -556817, -1393 
1720530087489.00, -174884, -560625, -1385 
1720530087511.00, -174557, -564426, -1330 
1720530087533.00, -174563, -568249, -1320 
1720530087558.00, -174512, -572049, -1265 
1720530087576.00, -174644, -575870, -1240 
1720530087598.00, -174145, -579659, -1187 
1720530087620.00, -170749, -583468, -1124 
1720530087642.00, -164660, -587184, -1062 
1720530087669.00, -157590, -590775, -953 
1720530087686.00, -146610, -594174, -847 
1720530087708.00, -80794, -597329, -716 
1720530087730.00, -42083, -599110, -711 
1720530087751.00, -19728, -600029, -535 
1720530087772.00, -7030, -600481, -456 
1720530087794.00, -4, -600655, -443 
1720530087816.00, 3643, -600664, -318 
1720530087837.00, 2306, -600594, -247 
1720530087858.00, 1572, -600536, -86 
1720530087882.00, 1315, -600489, 54 
1720530087902.00, 4492, -600434, 314 
1720530087924.00, 21491, -600324, 647 
1720530087945.00, 51822, -599863, 907 
1720530087967.00, 85921, -598774, 902 
1720530087988.00, 105779, -596904, 1037 
1720530088009.00, 125326, -594577, 1187 
1720530088030.00, 146131, -591819, 1145 
1720530088053.00, 155722, -588629, 1191 
1720530088075.00, 163864, -585203, 1208 
1720530088096.00, 169665, -581629, 1189 
1720530088119.00, 171895, -577907, 1201 
1720530088139.00, 173787, -574153, 1211 
1720530088162.00, 174856, -570358, 1241 
1720530088184.00, 174805, -566538, 1261 
1720530088205.00, 174736, -562725, 1311 
1720530088227.00, 174622, -558907, 1336 
1720530088249.00, 174803, -555088, 1373 
1720530088270.00, 174493, -551260, 1400 
1720530088293.00, 174731, -547440, 1419 
1720530088315.00, 174699, -543625, 1442 
1720530088336.00, 174724, -539813, 1470 
1720530088357.00, 174707, -535994, 1509 
1720530088380.00, 174626, -532167, 1532 
1720530088402.00, 174776, -528359, 1547 
1720530088423.00, 174727, -524538, 1539 
1720530088445.00, 174426, -520724, 1520 
1720530088467.00, 174447, -516914, 1501 
1720530088489.00, 174680, -513104, 1489 
1720530088510.00, 174779, -509284, 1469 
1720530088532.00, 174773, -505461, 1470 
1720530088555.00, 174934, -501657, 1489 
1720530088576.00, 174495, -497837, 1475 
1720530088598.00, 174510, -494017, 1469 
1720530088620.00, 174534, -490212, 1476 
1720530088642.00, 174467, -486389, 1463 
1720530088664.00, 174498, -482568, 1475 
1720530088685.00, 174461, -478761, 1459 
1720530088707.00, 174478, -474937, 1428 
1720530088729.00, 174425, -471145, 1412 
1720530088751.00, 174545, -467334, 1377 
1720530088772.00, 174923, -463517, 1341 
1720530088794.00, 174647, -459708, 1317 
1720530088816.00, 174582, -455892, 1273 
1720530088837.00, 174515, -452079, 1224 
1720530088860.00, 173091, -448274, 1174 
1720530088882.00, 169238, -444500, 1107 
1720530088903.00, 162862, -440811, 1046 
1720530088926.00, 155508, -437257, 964 
1720530088948.00, 146236, -433898, 850 
1720530088970.00, 133737, -430744, 715 
1720530088991.00, 73656, -427865, 576 
1720530089013.00, 38498, -426260, 503 
1720530089034.00, 18151, -425421, 358 
1720530089056.00, 6567, -425016, 235 
1720530089077.00, 0, -424863, 216 
1720530089099.00, -3695, -424858, 142 
1720530089120.00, -2450, -424945, 19 
1720530089142.00, -1650, -425007, -133 
1720530089163.00, -9396, -425053, -285 
1720530089185.00, -22902, -425252, -404 
1720530089207.00, -37829, -425741, -635 
1720530089229.00, -60804, -426546, -708 
1720530089250.00, -78746, -427858, -723 
1720530089272.00, -90280, -429565, -798 
1720530089293.00, -101627, -431528, -833 
1720530089315.00, -110403, -433737, -841 
1720530089337.00, -115966, -436154, -865 
1720530089358.00, -120643, -438685, -889 
1720530089380.00, -124811, -441314, -877 
1720530089402.00, -126517, -444033, -888 
1720530089424.00, -128144, -446779, -905 
1720530089445.00, -129959, -449557, -927 
1720530089467.00, -132366, -452406, -919 
1720530089488.00, -133237, -455281, -928 
1720530089510.00, -134183, -458185, -981 
1720530089533.00, -137950, -461113, -964 
1720530089554.00, -139176, -464102, -971 
1720530089575.00, -140275, -467141, -969 
1720530089596.00, -140606, -470198, -1007 
1720530089618.00, -143006, -473251, -1036 
1720530089641.00, -146252, -476390, -963 
1720530089662.00, -143608, -479565, -904 
1720530089685.00, -138598, -482677, -924 
1720530089706.00, -136756, -485690, -903 
1720530089727.00, -134438, -488665, -938 
1720530089748.00, -135031, -491601, -1076 
1720530089770.00, -143572, -494557, -1101 
1720530089792.00, -150037, -497701, -1164 
1720530089814.00, -157616, -500997, -1192 
1720530089836.00, -163914, -504451, -1177 
1720530089861.00, -166551, -508025, -1178 
1720530089879.00, -168374, -511671, -1165 
1720530089900.00, -168554, -515346, -1161 
1720530089923.00, -167992, -519035, -1183 
1720530089945.00, -169249, -522697, -1163 
1720530089967.00, -168562, -526412, -1166 
1720530089988.00, -168117, -530094, -1273 
1720530090010.00, -172818, -533774, -1250 
1720530090032.00, -175023, -537544, -1145 
1720530090054.00, -170957, -541373, -1232 
1720530090076.00, -173659, -545097, -1213 
1720530090098.00, -174061, -548899, -1145 
1720530090119.00, -170136, -552696, -1202 
1720530090141.00, -171148, -556400, -1237 
1720530090163.00, -173930, -560150, -1258 
1720530090184.00, -174850, -563930, -1257 
1720530090207.00, -174564, -567751, -1196 
1720530090229.00, -173084, -571548, -1130 
1720530090250.00, -168267, -575350, -1066 
1720530090273.00, -161536, -578999, -945 
1720530090295.00, -150190, -582519, -903 
1720530090317.00, -140719, -585762, -860 
1720530090339.00, -132790, -588808, -729 
1720530090360.00, -119948, -591687, -677 
1720530090382.00, -109025, -594265, -611 
1720530090403.00, -61133, -596611, -488 
1720530090424.00, -32790, -597945, -417 
1720530090447.00, -16078, -598684, -318 
1720530090469.00, -6636, -599050, -244 
1720530090489.00, -1107, -599203, -202 
1720530090512.00, 1282, -599227, -123 
1720530090533.00, 3160, -599211, -77 
1720530090554.00, 4925, -599144, -6 
1720530090575.00, 5899, -599019, 285 
1720530090598.00, 22830, -598883, 536 
1720530090625.00, 48289, -598390, 803 
1720530090641.00, 79410, -597371, 815 
1720530090662.00, 98473, -595649, 956 
1720530090683.00, 118107, -593490, 1152 
1720530090705.00, 141724, -590891, 1083 
1720530090726.00, 151278, -587786, 1166 
1720530090748.00, 161649, -584458, 1210 
1720530090770.00, 170460, -580919, 1166 
1720530090792.00, 172765, -577198, 1228 
1720530090814.00, 174934, -573412, 1233 
1720530090839.00, 174672, -569595, 1248 
1720530090858.00, 174812, -565770, 1294 
1720530090879.00, 174656, -561965, 1299 
1720530090901.00, 174602, -558143, 1335 
1720530090923.00, 174880, -554326, 1355 
1720530090946.00, 174840, -550518, 1366 
1720530090966.00, 174625, -546702, 1409 
1720530090988.00, 174695, -542891, 1423 
1720530091010.00, 174788, -539064, 1456 
1720530091032.00, 174782, -535241, 1500 
1720530091056.00, 174840, -531424, 1522 
1720530091076.00, 174752, -527607, 1545 
1720530091097.00, 174674, -523788, 1557 
1720530091119.00, 174715, -519973, 1573 
1720530091141.00, 174735, -516156, 1568 
1720530091167.00, 174434, -512330, 1571 
1720530091185.00, 174790, -508513, 1581 
1720530091206.00, 174654, -504699, 1587 
1720530091229.00, 174622, -500879, 1576 
1720530091249.00, 174634, -497078, 1554 
1720530091277.00, 174675, -493256, 1544 
1720530091293.00, 174905, -489429, 1519 
1720530091315.00, 174583, -485629, 1504 
1720530091337.00, 174425, -481804, 1480 
1720530091359.00, 174531, -477983, 1423 
1720530091381.00, 174818, -474182, 1420 
1720530091403.00, 174822, -470356, 1400 
1720530091424.00, 174734, -466538, 1385 
1720530091446.00, 174786, -462723, 1362 
1720530091468.00, 174513, -458916, 1335 
1720530091490.00, 174513, -455104, 1303 
1720530091512.00, 174636, -451284, 1254 
1720530091534.00, 174694, -447474, 1185 
1720530091555.00, 174581, -443648, 1116 
1720530091576.00, 171634, -439850, 1030 
1720530091600.00, 164645, -436108, 927 
1720530091622.00, 154045, -432539, 837 
1720530091643.00, 142290, -429206, 719 
1720530091665.00, 83543, -426145, 608 
1720530091687.00, 48805, -424339, 556 
1720530091709.00, 28705, -423283, 387 
1720530091730.00, 16787, -422652, 249 
1720530091752.00, 9904, -422287, 97 
1720530091774.00, 5738, -422081, -43 
1720530091795.00, 689, -421967, -187 
1720530091816.00, -9720, -421952, -309 
1720530091838.00, -24147, -422145, -294 
1720530091859.00, -31776, -422661, -543 
1720530091881.00, -51185, -423345, -580 
1720530091903.00, -65322, -424439, -605 
1720530091924.00, -75091, -425873, -758 
1720530091946.00, -89968, -427513, -900 
1720530091968.00, -107041, -429460, -919 
1720530091989.00, -118616, -431806, -945 
1720530092011.00, -126991, -434405, -953 
1720530092033.00, -132351, -437170, -952 
1720530092055.00, -135284, -440046, -910 
1720530092077.00, -134479, -442994, -871 
1720530092098.00, -131498, -445923, -865 
1720530092120.00, -129624, -448767, -835 
1720530092141.00, -126497, -451608, -854 
1720530092163.00, -125824, -454358, -887 
1720530092185.00, -127345, -457072, -917 
1720530092207.00, -129833, -459854, -947 
1720530092229.00, -133132, -462679, -978 
1720530092249.00, -136930, -465581, -1022 
1720530092270.00, -141633, -468595, -1090 
1720530092293.00, -148474, -471692, -1104 
1720530092315.00, -153394, -474948, -1118 
1720530092336.00, -157188, -478312, -1128 
1720530092358.00, -159981, -481722, -1140 
1720530092380.00, -162350, -485233, -1147 
1720530092402.00, -164162, -488777, -1163 
1720530092424.00, -166045, -492376, -1162 
1720530092445.00, -167155, -495997, -1188 
1720530092467.00, -168855, -499654, -1229 
1720530092489.00, -172499, -503356, -1191 
1720530092511.00, -172213, -507129, -1191 
1720530092533.00, -172141, -510885, -1188 
1720530092555.00, -172064, -514636, -1115 
1720530092576.00, -167480, -518402, -1145 
1720530092605.00, -166576, -522043, -1100 
1720530092620.00, -162740, -525687, -1092 
1720530092642.00, -160262, -529242, -1123 
1720530092664.00, -160815, -532745, -1100 
1720530092685.00, -159552, -536262, -1085 
1720530092707.00, -157720, -539740, -1144 
1720530092729.00, -160252, -543193, -1119 
1720530092751.00, -160248, -546690, -1166 
1720530092773.00, -163069, -550205, -1230 
1720530092795.00, -168721, -553760, -1187 
1720530092819.00, -169365, -557451, -1152 
1720530092838.00, -167289, -561135, -1139 
1720530092859.00, -165424, -564790, -1093 
1720530092881.00, -161448, -568412, -1004 
1720530092905.00, -153674, -571918, -959 
1720530092927.00, -146355, -575267, -961 
1720530092948.00, -142301, -578428, -948 
1720530092970.00, -138985, -581521, -951 
1720530092992.00, -136997, -584532, -916 
1720530093013.00, -133796, -587506, -877 
1720530093035.00, -129455, -590417, -837 
1720530093057.00, -124518, -593217, -721 
1720530093079.00, -70113, -595884, -594 
1720530093099.00, -37958, -597414, -530 
1720530093121.00, -19084, -598253, -409 
1720530093143.00, -8166, -598686, -294 
1720530093165.00, -1979, -598884, -350 
1720530093186.00, 926, -598927, -253 
1720530093208.00, 3235, -598911, -152 
1720530093230.00, 4723, -598836, 21 
1720530093252.00, 6560, -598714, 265 
1720530093272.00, 22249, -598555, 467 
1720530093294.00, 43511, -598079, 677 
1720530093316.00, 69021, -597149, 748 
1720530093337.00, 88440, -595660, 830 
1720530093360.00, 104599, -593731, 921 
1720530093381.00, 119861, -591443, 976 
1720530093402.00, 131963, -588832, 967 
1720530093424.00, 138636, -585953, 989 
1720530093446.00, 143754, -582927, 999 
1720530093470.00, 146917, -579806, 997 
1720530093488.00, 148700, -576601, 1045 
1720530093510.00, 152528, -573354, 1073 
1720530093531.00, 156265, -570015, 1080 
1720530093553.00, 158814, -566598, 1115 
1720530093579.00, 162241, -563129, 1153 
1720530093597.00, 166452, -559572, 1169 
1720530093620.00, 169948, -555936, 1185 
1720530093641.00, 172894, -552219, 1197 
1720530093663.00, 174906, -548438, 1213 
1720530093684.00, 174932, -544621, 1204 
1720530093706.00, 174617, -540799, 1229 
1720530093728.00, 174823, -536988, 1245 
1720530093750.00, 174939, -533159, 1274 
1720530093772.00, 174807, -529352, 1309 
1720530093795.00, 174793, -525522, 1343 
1720530093815.00, 174899, -521699, 1355 
1720530093837.00, 174710, -517888, 1349 
1720530093859.00, 174513, -514084, 1343 
1720530093881.00, 174719, -510270, 1330 
1720530093913.00, 174961, -506452, 1288 
1720530093924.00, 174669, -502623, 1279 
1720530093946.00, 174694, -498814, 1266 
1720530093968.00, 174767, -495003, 1265 
1720530093990.00, 174700, -491180, 1278 
1720530094013.00, 174651, -487369, 1285 
1720530094033.00, 174748, -483544, 1274 
1720530094056.00, 174909, -479736, 1284 
1720530094077.00, 174646, -475907, 1272 
1720530094099.00, 174663, -472091, 1266 
1720530094122.00, 174681, -468284, 1256 
1720530094142.00, 174673, -464475, 1243 
1720530094165.00, 174577, -460655, 1219 
1720530094186.00, 173036, -456839, 1220 
1720530094208.00, 171956, -453076, 1218 
1720530094231.00, 171025, -449309, 1192 
1720530094251.00, 168932, -445574, 1131 
1720530094273.00, 164091, -441897, 1052 
1720530094297.00, 156529, -438320, 982 
1720530094318.00, 147744, -434924, 922 
1720530094340.00, 138906, -431732, 861 
1720530094362.00, 76599, -428732, 767 
1720530094384.00, 40022, -427055, 753 
1720530094405.00, 19017, -426180, 543 
1720530094426.00, 6925, -425754, 449 
1720530094450.00, 0, -425600, 347 
1720530094469.00, -4005, -425595, 210 
1720530094491.00, -2639, -425691, 3 
1720530094512.00, -1618, -425761, -216 
1720530094533.00, -14175, -425802, -296 
1720530094556.00, -26272, -426112, -561 
1720530094577.00, -49335, -426674, -712 
1720530094598.00, -72268, -427730, -780 
1720530094620.00, -89913, -429298, -822 
1720530094641.00, -102843, -431248, -877 
1720530094666.00, -113677, -433492, -906 
1720530094686.00, -122016, -435983, -907 
1720530094707.00, -126695, -438649, -911 
1720530094729.00, -129794, -441411, -890 
1720530094750.00, -130372, -444238, -886 
1720530094772.00, -130328, -447064, -897 
1720530094794.00, -130722, -449897, -934 
1720530094816.00, -133332, -452754, -940 
1720530094838.00, -134988, -455653, -954 
1720530094858.00, -136807, -458603, -1020 
1720530094881.00, -141790, -461601, -1067 
1720530094902.00, -147530, -464696, -1103 
1720530094923.00, -153023, -467937, -1118 
1720530094945.00, -157246, -471291, -1094 
1720530094967.00, -158118, -474723, -1113 
1720530094990.00, -159912, -478182, -1105 
1720530095010.00, -160377, -481661, -1077 
1720530095032.00, -158806, -485181, -1101 
1720530095054.00, -159227, -488647, -1134 
1720530095076.00, -161450, -492133, -1137 
1720530095098.00, -162963, -495656, -1167 
1720530095120.00, -165678, -499216, -1203 
1720530095142.00, -169088, -502851, -1190 
1720530095163.00, -170383, -506538, -1204 
1720530095185.00, -171847, -510277, -1186 
1720530095207.00, -171708, -514031, -1181 
1720530095229.00, -171507, -517784, -1208 
1720530095250.00, -172722, -521510, -1193 
1720530095273.00, -172751, -525299, -1166 
1720530095294.00, -170783, -529060, -1190 
1720530095316.00, -170789, -532799, -1162 
1720530095338.00, -169191, -536527, -1061 
1720530095360.00, -162232, -540215, -1037 
1720530095382.00, -156708, -543759, -1066 
1720530095402.00, -155091, -547163, -1061 
1720530095425.00, -153850, -550560, -1055 
1720530095446.00, -152740, -553902, -1107 
1720530095468.00, -155065, -557246, -1115 
1720530095491.00, -157021, -560628, -1078 
1720530095513.00, -155922, -564054, -1105 
1720530095536.00, -156823, -567463, -1135 
1720530095555.00, -159139, -570868, -1075 
1720530095577.00, -156584, -574358, -1058 
1720530095599.00, -154150, -577768, -1025 
1720530095623.00, -150642, -581132, -974 
1720530095646.00, -145515, -584408, -894 
1720530095666.00, -137298, -587545, -859 
1720530095688.00, -130378, -590541, -791 
1720530095709.00, -122152, -593360, -690 
1720530095731.00, -68783, -595978, -602 
1720530095753.00, -37298, -597483, -559 
1720530095775.00, -18809, -598309, -442 
1720530095796.00, -8415, -598735, -350 
1720530095818.00, -2135, -598929, -396 
1720530095839.00, 778, -598976, -283 
1720530095861.00, 2932, -598965, -210 
1720530095882.00, 4542, -598900, -101 
1720530095904.00, 5468, -598791, 79 
1720530095926.00, 10448, -598657, 303 
1720530095947.00, 26598, -598425, 440 
1720530095969.00, 44600, -597847, 688 
1720530095990.00, 70030, -596896, 765 
1720530096012.00, 89995, -595375, 937 
1720530096033.00, 112004, -593401, 1092 
1720530096054.00, 134377, -590939, 1111 
1720530096076.00, 148786, -587997, 1127 
1720530096098.00, 158104, -584723, 1180 
1720530096120.00, 166525, -581261, 1185 
1720530096141.00, 171746, -577617, 1200 
1720530096164.00, 174822, -573858, 1219 
1720530096185.00, 174812, -570044, 1230 
1720530096209.00, 174745, -566218, 1265 
1720530096229.00, 174787, -562409, 1295 
1720530096251.00, 174810, -558578, 1315 
1720530096272.00, 174725, -554766, 1362 
1720530096294.00, 174859, -550949, 1356 
1720530096320.00, 174704, -547129, 1418 
1720530096338.00, 174691, -543312, 1442 
1720530096360.00, 174701, -539498, 1458 
1720530096381.00, 174875, -535680, 1470 
1720530096403.00, 174458, -531858, 1499 
1720530096425.00, 174736, -528037, 1492 
1720530096447.00, 174594, -524224, 1475 
1720530096469.00, 174612, -520400, 1467 
1720530096491.00, 174666, -516599, 1457 
1720530096512.00, 174666, -512775, 1441 
1720530096534.00, 174868, -508957, 1436 
1720530096556.00, 174763, -505146, 1454 
1720530096578.00, 174617, -501328, 1445 
1720530096600.00, 174675, -497512, 1425 
1720530096622.00, 174708, -493701, 1419 
1720530096643.00, 174777, -489883, 1416 
1720530096665.00, 174730, -486056, 1399 
1720530096686.00, 174788, -482241, 1367 
1720530096709.00, 174567, -478430, 1323 
1720530096731.00, 174689, -474609, 1306 
1720530096752.00, 174732, -470801, 1273 
1720530096774.00, 174532, -466984, 1233 
1720530096796.00, 174631, -463165, 1180 
1720530096818.00, 174451, -459357, 1138 
1720530096840.00, 172928, -455542, 1070 
1720530096865.00, 167816, -451774, 997 
1720530096884.00, 160171, -448140, 938 
1720530096906.00, 152023, -444664, 880 
1720530096928.00, 143524, -441365, 833 
1720530096950.00, 135592, -438252, 794 
1720530096971.00, 128317, -435319, 725 
1720530096993.00, 119613, -432543, 621 
1720530097015.00, 108357, -429942, 511 
1720530097036.00, 63598, -427615, 414 
1720530097058.00, 37164, -426232, 394 
1720530097083.00, 21710, -425421, 320 
1720530097101.00, 12365, -424946, 233 
1720530097123.00, 6971, -424676, 133 
1720530097144.00, 3566, -424527, -7 
1720530097165.00, 1579, -424459, -176 
1720530097187.00, -9424, -424433, -309 
1720530097209.00, -24289, -424638, -537 
1720530097231.00, -47013, -425155, -591 
1720530097252.00, -63761, -426146, -722 
1720530097274.00, -81613, -427535, -775 
1720530097296.00, -95290, -429307, -833 
1720530097318.00, -106962, -431381, -848 
1720530097339.00, -114618, -433707, -857 
1720530097361.00, -119626, -436215, -863 
1720530097382.00, -122650, -438829, -866 
1720530097413.00, -124778, -441503, -879 
1720530097426.00, -126727, -444221, -884 
1720530097448.00, -128208, -446980, -899 
1720530097470.00, -129889, -449763, -929 
1720530097491.00, -132602, -452607, -940 
1720530097515.00, -134918, -455489, -973 
1720530097533.00, -138195, -458427, -1019 
1720530097555.00, -142815, -461463, -1024 
1720530097577.00, -145602, -464574, -1039 
1720530097599.00, -148274, -467773, -1045 
1720530097624.00, -150109, -471010, -1031 
1720530097642.00, -150377, -474289, -1059 
1720530097664.00, -152008, -477579, -1056 
1720530097686.00, -152791, -480889, -1037 
1720530097707.00, -151885, -484245, -1034 
1720530097731.00, -151450, -487560, -1027 
1720530097752.00, -150530, -490859, -1052 
1720530097773.00, -151341, -494153, -1074 
1720530097795.00, -153174, -497460, -1086 
1720530097817.00, -154921, -500817, -1097 
1720530097839.00, -156711, -504209, -1127 
1720530097861.00, -159444, -507619, -1150 
1720530097882.00, -162321, -511104, -1172 
1720530097905.00, -165466, -514650, -1195 
1720530097926.00, -168580, -518273, -1219 
1720530097951.00, -171882, -521956, -1207 
1720530097969.00, -173001, -525725, -1225 
1720530097992.00, -174570, -529499, -1237 
1720530098013.00, -174767, -533323, -1252 
1720530098035.00, -174911, -537143, -1271 
1720530098061.00, -174727, -540947, -1307 
1720530098079.00, -174742, -544760, -1302 
1720530098101.00, -174775, -548586, -1305 
1720530098122.00, -174517, -552410, -1305 
1720530098144.00, -174683, -556214, -1268 
1720530098167.00, -174816, -560038, -1241 
1720530098188.00, -174731, -563824, -1204 
1720530098209.00, -174330, -567649, -1103 
1720530098231.00, -168052, -571436, -1068 
1720530098253.00, -161853, -575115, -1018 
1720530098280.00, -155098, -578638, -963 
1720530098297.00, -147774, -582005, -900 
1720530098319.00, -139301, -585206, -813 
1720530098341.00, -129369, -588218, -735 
1720530098363.00, -118470, -591020, -606 
1720530098387.00, -104153, -593571, -460 
1720530098406.00, -58864, -595805, -328 
1720530098428.00, -31940, -597088, -292 
1720530098449.00, -15952, -597805, -216 
1720530098471.00, -7098, -598169, -167 
1720530098496.00, -1785, -598338, -208 
1720530098514.00, 529, -598382, -167 
1720530098536.00, 2440, -598377, -120 
1720530098557.00, 3743, -598324, -13 
1720530098579.00, 4653, -598232, 114 
1720530098604.00, 12488, -598116, 329 
1720530098623.00, 29259, -597846, 603 
1720530098644.00, 55654, -597221, 810 
1720530098665.00, 84073, -596042, 854 
1720530098686.00, 103375, -594204, 1012 
1720530098708.00, 124218, -591933, 1150 
1720530098730.00, 144944, -589197, 1128 
1720530098752.00, 155689, -586020, 1173 
1720530098774.00, 164531, -582607, 1201 
1720530098796.00, 171201, -579009, 1209 
1720530098817.00, 174964, -575255, 1205 
1720530098839.00, 174707, -571441, 1227 
1720530098860.00, 174742, -567612, 1256 
1720530098883.00, 174818, -563797, 1264 
1720530098904.00, 174920, -559981, 1292 
1720530098926.00, 174521, -556161, 1329 
1720530098948.00, 174696, -552341, 1361 
1720530098969.00, 174767, -548523, 1388 
1720530098991.00, 174531, -544695, 1430 
1720530099013.00, 174666, -540878, 1439 
1720530099035.00, 174620, -537066, 1472 
1720530099057.00, 174736, -533251, 1488 
1720530099079.00, 174708, -529427, 1512 
1720530099101.00, 174755, -525604, 1535 
1720530099122.00, 174989, -521790, 1571 
1720530099144.00, 174617, -517968, 1591 
1720530099166.00, 174519, -514161, 1593 
1720530099188.00, 174651, -510340, 1625 
1720530099210.00, 174770, -506516, 1635 
1720530099232.00, 174755, -502705, 1638 
1720530099253.00, 174761, -498887, 1636 
1720530099274.00, 174769, -495064, 1619 
1720530099297.00, 174545, -491239, 1618 
1720530099319.00, 174673, -487439, 1605 
1720530099341.00, 174966, -483619, 1591 
1720530099362.00, 174876, -479799, 1594 
1720530099384.00, 174612, -475975, 1587 
1720530099406.00, 174701, -472174, 1577 
1720530099428.00, 174750, -468349, 1565 
1720530099450.00, 174723, -464548, 1542 
1720530099472.00, 174733, -460736, 1508 
1720530099493.00, 174837, -456916, 1469 
1720530099515.00, 174637, -453107, 1417 
1720530099537.00, 174490, -449280, 1359 
1720530099559.00, 174377, -445469, 1284 
1720530099581.00, 174591, -441672, 1202 
1720530099602.00, 171923, -437867, 1114 
1720530099624.00, 164912, -434128, 1022 
1720530099646.00, 155179, -430534, 915 
1720530099669.00, 85444, -427188, 777 
1720530099690.00, 44893, -425321, 738 
1720530099712.00, 21756, -424341, 546 
1720530099734.00, 8536, -423853, 432 
1720530099755.00, 813, -423662, 327 
1720530099776.00, -3304, -423644, 173 
1720530099798.00, -5904, -423722, -11 
1720530099819.00, -7805, -423861, -207 
1720530099841.00, -20804, -424037, -285 
1720530099863.00, -33294, -424494, -568 
1720530099885.00, -57245, -425214, -685 
1720530099906.00, -78553, -426440, -736 
1720530099927.00, -94280, -428163, -846 
1720530099950.00, -110021, -430209, -939 
1720530099971.00, -124982, -432609, -937 
1720530099993.00, -133529, -435355, -976 
1720530100015.00, -140853, -438279, -971 
1720530100037.00, -144645, -441332, -991 
1720530100056.00, -147960, -444494, -1010 
1720530100078.00, -150907, -447719, -1016 
1720530100101.00, -152868, -451034, -1037 
1720530100122.00, -155117, -454374, -1065 
1720530100146.00, -157999, -457760, -1078 
1720530100166.00, -160432, -461219, -1079 
1720530100188.00, -161812, -464722, -1090 
1720530100210.00, -163119, -468264, -1097 
1720530100232.00, -164069, -471828, -1098 
1720530100255.00, -164729, -475405, -1087 
1720530100275.00, -164579, -479008, -1076 
1720530100296.00, -163556, -482589, -1092 
1720530100319.00, -163772, -486168, -1127 
1720530100340.00, -165939, -489740, -1140 
1720530100362.00, -167804, -493381, -1170 
1720530100384.00, -170608, -497051, -1216 
1720530100406.00, -174748, -500784, -1225 
1720530100428.00, -174866, -504598, -1237 
1720530100449.00, -174772, -508414, -1277 
1720530100471.00, -174818, -512229, -1269 
1720530100493.00, -174682, -516054, -1258 
1720530100514.00, -174600, -519875, -1236 
1720530100537.00, -174655, -523693, -1231 
1720530100559.00, -174996, -527506, -1232 
1720530100582.00, -174870, -531305, -1255 
1720530100602.00, -174613, -535138, -1278 
1720530100624.00, -174890, -538953, -1254 
1720530100645.00, -174712, -542774, -1257 
1720530100668.00, -174705, -546585, -1324 
1720530100690.00, -174818, -550412, -1346 
1720530100711.00, -174953, -554206, -1368 
1720530100733.00, -174767, -558036, -1372 
1720530100755.00, -174622, -561845, -1338 
1720530100777.00, -174725, -565666, -1297 
1720530100800.00, -174650, -569482, -1249 
1720530100820.00, -174659, -573278, -1181 
1720530100842.00, -174675, -577095, -1116 
1720530100864.00, -170903, -580893, -1002 
1720530100887.00, -161527, -584613, -859 
1720530100913.00, -147050, -588105, -719 
1720530100930.00, -130154, -591291, -575 
1720530100952.00, -111189, -594090, -474 
1720530100974.00, -64874, -596468, -349 
1720530100995.00, -37234, -597878, -276 
1720530101018.00, -21017, -598701, -191 
1720530101039.00, -11371, -599169, -122 
1720530101061.00, -5816, -599427, -99 
1720530101082.00, -2718, -599557, -46 
1720530101102.00, -848, -599605, 54 
1720530101125.00, 3152, -599616, 196 
1720530101146.00, 14418, -599553, 411 
1720530101168.00, 33976, -599241, 706 
1720530101189.00, 63605, -598527, 807 
1720530101211.00, 87154, -597162, 835 
1720530101233.00, 102620, -595266, 1027 
1720530101254.00, 123330, -593006, 1098 
1720530101275.00, 139868, -590296, 1062 
1720530101297.00, 147493, -587227, 1134 
1720530101319.00, 156143, -583993, 1130 
1720530101340.00, 161022, -580584, 1127 
1720530101362.00, 163503, -577056, 1159 
1720530101384.00, 166954, -573484, 1187 
1720530101406.00, 170369, -569833, 1198 
1720530101428.00, 172877, -566106, 1234 
1720530101450.00, 174888, -562333, 1259 
1720530101471.00, 174748, -558506, 1285 
1720530101493.00, 174729, -554696, 1303 
1720530101515.00, 174738, -550869, 1305 
1720530101537.00, 174809, -547059, 1322 
1720530101559.00, 174621, -543244, 1318 
1720530101580.00, 174701, -539420, 1343 
1720530101603.00, 174642, -535603, 1358 
1720530101624.00, 174485, -531786, 1349 
1720530101645.00, 174707, -527960, 1354 
1720530101668.00, 174689, -524146, 1356 
1720530101690.00, 174705, -520333, 1375 
1720530101711.00, 174717, -516520, 1370 
1720530101733.00, 174737, -512700, 1397 
1720530101755.00, 174944, -508875, 1390 
1720530101780.00, 174622, -505063, 1402 
1720530101799.00, 174511, -501248, 1399 
1720530101821.00, 174500, -497429, 1410 
1720530101842.00, 174682, -493620, 1404 
1720530101864.00, 174830, -489809, 1394 
1720530101890.00, 174718, -485990, 1373 
1720530101908.00, 174828, -482175, 1368 
1720530101929.00, 174517, -478354, 1356 
1720530101951.00, 174573, -474540, 1362 
1720530101973.00, 174644, -470729, 1377 
1720530101996.00, 174686, -466904, 1375 
1720530102017.00, 174636, -463085, 1363 
1720530102038.00, 174588, -459275, 1338 
1720530102060.00, 174568, -455475, 1303 
1720530102082.00, 174493, -451659, 1234 
1720530102104.00, 173616, -447853, 1181 
1720530102125.00, 170033, -444053, 1118 
1720530102147.00, 164090, -440363, 1051 
1720530102171.00, 156232, -436791, 976 
1720530102192.00, 147221, -433404, 883 
1720530102214.00, 136315, -430209, 781 
1720530102236.00, 75186, -427273, 663 
1720530102257.00, 39470, -425643, 615 
1720530102279.00, 18685, -424784, 443 
1720530102300.00, 6834, -424359, 304 
1720530102321.00, 0, -424216, 168 
1720530102343.00, -3984, -424223, -39 
1720530102365.00, -4413, -424314, -270 
1720530102386.00, -18601, -424426, -347 
1720530102408.00, -32105, -424839, -594 
1720530102432.00, -54733, -425533, -750 
1720530102451.00, -77496, -426700, -837 
1720530102473.00, -96619, -428396, -892 
1720530102495.00, -111091, -430488, -916 
1720530102517.00, -120990, -432911, -943 
1720530102538.00, -128084, -435566, -934 
1720530102560.00, -132089, -438371, -924 
1720530102581.00, -133758, -441240, -938 
1720530102603.00, -135574, -444158, -930 
1720530102625.00, -136241, -447099, -926 
1720530102647.00, -136182, -450055, -963 
1720530102668.00, -138204, -453030, -990 
1720530102690.00, -141043, -456029, -993 
1720530102711.00, -142789, -459111, -1013 
1720530102732.00, -144797, -462231, -1043 
1720530102754.00, -147877, -465388, -1054 
1720530102776.00, -150268, -468635, -1017 
1720530102798.00, -149555, -471918, -1009 
1720530102821.00, -148474, -475183, -994 
1720530102843.00, -147032, -478408, -968 
1720530102864.00, -144371, -481587, -967 
1720530102886.00, -142603, -484752, -962 
1720530102906.00, -141223, -487851, -1024 
1720530102929.00, -144092, -490939, -1078 
1720530102950.00, -149273, -494106, -1120 
1720530102972.00, -154685, -497352, -1177 
1720530102994.00, -161079, -500755, -1224 
1720530103016.00, -167775, -504288, -1234 
1720530103038.00, -172322, -507947, -1252 
1720530103059.00, -174834, -511720, -1280 
1720530103081.00, -174832, -515536, -1256 
1720530103103.00, -174616, -519372, -1224 
1720530103124.00, -174478, -523174, -1236 
1720530103146.00, -174535, -526994, -1150 
1720530103169.00, -171263, -530797, -1090 
1720530103190.00, -165505, -534531, -1093 
1720530103212.00, -162224, -538135, -1037 
1720530103234.00, -156994, -541676, -1008 
1720530103256.00, -151892, -545092, -1055 
1720530103277.00, -151653, -548413, -1064 
1720530103299.00, -151946, -551718, -1019 
1720530103321.00, -149444, -555039, -1076 
1720530103343.00, -151074, -558312, -1108 
1720530103365.00, -154229, -561614, -1109 
1720530103387.00, -156181, -564983, -1102 
1720530103408.00, -156730, -568407, -1096 
1720530103430.00, -156842, -571818, -1072 
1720530103452.00, -155221, -575255, -1057 
1720530103474.00, -153376, -578631, -1009 
1720530103497.00, -149302, -581978, -913 
1720530103519.00, -140848, -585210, -827 
1720530103540.00, -130575, -588261, -735 
1720530103562.00, -119016, -591090, -627 
1720530103583.00, -105550, -593661, -522 
1720530103605.00, -59235, -595927, -425 
1720530103627.00, -32008, -597221, -349 
1720530103649.00, -15851, -597939, -286 
1720530103670.00, -6534, -598300, -204 
1720530103692.00, -1217, -598462, -221 
1720530103713.00, 1126, -598491, -164 
1720530103735.00, 2876, -598477, -135 
1720530103756.00, 4237, -598412, -40 
1720530103778.00, 4966, -598315, 80 
1720530103800.00, 10179, -598197, 213 
1720530103821.00, 21152, -597970, 411 
1720530103842.00, 39402, -597503, 714 
1720530103867.00, 68397, -596664, 825 
1720530103886.00, 92401, -595195, 869 
1720530103907.00, 109026, -593173, 1024 
1720530103929.00, 128142, -590772, 1124 
1720530103950.00, 145518, -587966, 1080 
1720530103972.00, 153180, -584756, 1154 
1720530103994.00, 161852, -581405, 1163 
1720530104016.00, 167333, -577860, 1155 
1720530104038.00, 170060, -574194, 1156 
1720530104059.00, 171774, -570481, 1164 
1720530104085.00, 172905, -566740, 1175 
1720530104103.00, 174198, -562961, 1184 
1720530104125.00, 174811, -559156, 1210 
1720530104147.00, 174732, -555335, 1234 
1720530104169.00, 174637, -551513, 1238 
1720530104190.00, 174905, -547695, 1253 
1720530104212.00, 174822, -543884, 1271 
1720530104234.00, 174518, -540066, 1287 
1720530104256.00, 174785, -536249, 1290 
1720530104278.00, 174885, -532427, 1303 
1720530104299.00, 174734, -528601, 1319 
1720530104321.00, 174784, -524795, 1326 
1720530104343.00, 174734, -520972, 1324 
1720530104365.00, 174690, -517161, 1331 
1720530104387.00, 174794, -513347, 1354 
1720530104408.00, 174912, -509533, 1345 
1720530104430.00, 174894, -505708, 1345 
1720530104452.00, 174692, -501894, 1362 
1720530104473.00, 174579, -498078, 1363 
1720530104495.00, 174842, -494265, 1336 
1720530104517.00, 174787, -490444, 1339 
1720530104539.00, 174913, -486618, 1340 
1720530104560.00, 174887, -482796, 1332 
1720530104583.00, 174715, -478984, 1322 
1720530104605.00, 174590, -475168, 1325 
1720530104626.00, 174730, -471359, 1333 
1720530104648.00, 174857, -467546, 1319 
1720530104670.00, 174500, -463718, 1268 
1720530104692.00, 174583, -459916, 1206 
1720530104713.00, 174631, -456110, 1146 
1720530104737.00, 172897, -452293, 1076 
1720530104758.00, 167475, -448533, 994 
1720530104780.00, 159239, -444900, 904 
1720530104802.00, 148733, -441446, 797 
1720530104824.00, 136056, -438224, 699 
1720530104848.00, 122443, -435283, 583 
1720530104867.00, 107233, -432644, 482 
1720530104889.00, 92353, -430321, 380 
1720530104910.00, 53894, -428364, 282 
1720530104932.00, 31206, -427180, 216 
1720530104954.00, 17615, -426494, 100 
1720530104975.00, 9777, -426106, -9 
1720530104997.00, 5033, -425904, -152 
1720530105018.00, -6466, -425802, -282 
1720530105039.00, -21053, -425936, -481 
1720530105061.00, -41695, -426380, -580 
1720530105083.00, -60396, -427266, -592 
1720530105105.00, -72101, -428585, -776 
1720530105127.00, -89984, -430139, -810 
1720530105148.00, -102596, -432099, -837 
1720530105171.00, -111801, -434344, -881 
1720530105191.00, -119863, -436774, -884 
1720530105213.00, -124497, -439383, -912 
1720530105235.00, -128643, -442109, -930 
1720530105257.00, -132449, -444924, -923 
1720530105279.00, -134157, -447796, -947 
1720530105300.00, -136466, -450718, -957 
1720530105322.00, -138425, -453695, -959 
1720530105344.00, -139648, -456693, -972 
1720530105366.00, -141191, -459749, -987 
1720530105387.00, -142821, -462810, -1002 
1720530105409.00, -144706, -465933, -999 
1720530105429.00, -145525, -469078, -1005 
1720530105452.00, -146236, -472258, -1031 
1720530105478.00, -148329, -475460, -1047 
1720530105495.00, -150399, -478700, -1072 
1720530105517.00, -153089, -481983, -1081 
1720530105539.00, -155002, -485339, -1117 
1720530105560.00, -158232, -488718, -1135 
1720530105582.00, -161256, -492185, -1127 
1720530105611.00, -162517, -495711, -1113 
1720530105625.00, -162399, -499261, -1144 
1720530105648.00, -163990, -502820, -1144 
1720530105670.00, -165011, -506389, -1139 
1720530105691.00, -165110, -510013, -1179 
1720530105715.00, -167446, -513622, -1194 
1720530105735.00, -169848, -517286, -1185 
1720530105756.00, -170711, -520982, -1212 
1720530105778.00, -172774, -524725, -1235 
1720530105800.00, -174999, -528493, -1230 
1720530105825.00, -174521, -532326, -1227 
1720530105844.00, -174560, -536147, -1193 
1720530105865.00, -173551, -539951, -1176 
1720530105888.00, -172072, -543746, -1175 
1720530105909.00, -170943, -547492, -1175 
1720530105931.00, -170364, -551231, -1172 
1720530105953.00, -169711, -554942, -1170 
1720530105975.00, -169097, -558662, -1140 
1720530105997.00, -166959, -562337, -1077 
1720530106019.00, -161692, -565991, -1071 
1720530106040.00, -158147, -569510, -1006 
1720530106063.00, -152064, -572949, -963 
1720530106085.00, -145827, -576252, -916 
1720530106106.00, -139243, -579403, -875 
1720530106129.00, -132867, -582439, -817 
1720530106150.00, -125436, -585320, -742 
1720530106172.00, -116441, -588023, -675 
1720530106193.00, -107138, -590553, -624 
1720530106215.00, -98512, -592869, -561 
1720530106236.00, -55540, -594982, -464 
1720530106262.00, -29943, -596187, -476 
1720530106280.00, -14931, -596864, -386 
1720530106302.00, -6250, -597200, -325 
1720530106323.00, -1075, -597344, -300 
1720530106344.00, 1215, -597372, -229 
1720530106366.00, 3009, -597353, -167 
1720530106388.00, 4154, -597286, -50 
1720530106410.00, 4703, -597179, 106 
1720530106431.00, 11198, -597060, 263 
1720530106453.00, 24969, -596812, 399 
1720530106484.00, 41273, -596277, 648 
1720530106496.00, 65804, -595404, 855 
1720530106518.00, 92776, -593983, 838 
1720530106539.00, 107852, -591982, 909 
1720530106560.00, 120477, -589612, 1062 
1720530106581.00, 137340, -586968, 1029 
1720530106604.00, 145047, -583963, 1062 
1720530106625.00, 151614, -580779, 1115 
1720530106646.00, 158618, -577462, 1097 
1720530106669.00, 161315, -573988, 1132 
1720530106690.00, 164881, -570473, 1135 
1720530106712.00, 167230, -566867, 1147 
1720530106734.00, 169155, -563211, 1173 
1720530106756.00, 171509, -559518, 1198 
1720530106778.00, 174264, -555772, 1195 
1720530106800.00, 174723, -551946, 1217 
1720530106821.00, 174755, -548138, 1231 
1720530106843.00, 174846, -544319, 1242 
1720530106865.00, 174787, -540496, 1261 
1720530106887.00, 174600, -536687, 1296 
1720530106909.00, 174771, -532859, 1291 
1720530106931.00, 174650, -529052, 1309 
1720530106952.00, 174742, -525225, 1306 
1720530106974.00, 174641, -521409, 1306 
1720530106996.00, 174737, -517590, 1288 
1720530107018.00, 174601, -513789, 1286 
1720530107040.00, 174766, -509969, 1271 
1720530107062.00, 174761, -506154, 1266 
1720530107083.00, 174846, -502323, 1266 
1720530107105.00, 174783, -498507, 1282 
1720530107127.00, 174526, -494689, 1301 
1720530107148.00, 174550, -490875, 1326 
1720530107171.00, 174900, -487067, 1342 
1720530107192.00, 174808, -483237, 1336 
1720530107214.00, 174736, -479419, 1345 
1720530107236.00, 174777, -475590, 1359 
1720530107258.00, 174659, -471790, 1345 
1720530107280.00, 174612, -467978, 1320 
1720530107301.00, 174733, -464158, 1291 
1720530107323.00, 174796, -460345, 1236 
1720530107345.00, 174432, -456530, 1149 
1720530107367.00, 172842, -452731, 1059 
1720530107389.00, 166312, -448966, 962 
1720530107411.00, 156300, -445353, 860 
1720530107433.00, 144252, -441963, 753 
1720530107456.00, 130588, -438854, 640 
1720530107477.00, 115429, -436022, 534 
1720530107498.00, 100137, -433542, 428 
1720530107520.00, 84490, -431390, 330 
1720530107542.00, 49444, -429568, 202 
1720530107563.00, 28465, -428516, 102 
1720530107585.00, 15830, -427893, -54 
1720530107606.00, 5234, -427540, -183 
1720530107628.00, -7710, -427425, -289 
1720530107649.00, -22848, -427579, -330 
1720530107671.00, -34055, -428069, -522 
1720530107692.00, -52237, -428798, -553 
1720530107715.00, -64720, -429904, -566 
1720530107737.00, -72994, -431316, -619 
1720530107758.00, -81065, -432900, -687 
1720530107779.00, -89832, -434675, -703 
1720530107801.00, -96015, -436615, -744 
1720530107823.00, -102153, -438711, -793 
1720530107844.00, -108761, -440931, -795 
1720530107866.00, -112690, -443302, -819 
1720530107888.00, -116293, -445762, -902 
1720530107910.00, -123218, -448294, -885 
1720530107932.00, -126397, -450990, -900 
1720530107953.00, -129180, -453737, -937 
1720530107975.00, -132897, -456543, -944 
1720530107996.00, -135491, -459453, -946 
1720530108020.00, -137075, -462385, -963 
1720530108040.00, -138894, -465370, -993 
1720530108062.00, -141722, -468408, -989 
1720530108082.00, -143019, -471499, -1023 
1720530108104.00, -145916, -474625, -1037 
1720530108128.00, -148304, -477820, -1039 
1720530108147.00, -150060, -481053, -1069 
1720530108169.00, -152544, -484348, -1100 
1720530108191.00, -155809, -487676, -1108 
1720530108213.00, -158278, -491088, -1138 
1720530108235.00, -161444, -494552, -1157 
1720530108257.00, -164394, -498065, -1165 
1720530108279.00, -166732, -501682, -1166 
1720530108300.00, -168052, -505313, -1181 
1720530108322.00, -169719, -508991, -1177 
1720530108343.00, -170429, -512701, -1164 
1720530108366.00, -169840, -516430, -1175 
1720530108387.00, -170012, -520138, -1171 
1720530108410.00, -169932, -523855, -1184 
1720530108431.00, -170723, -527565, -1211 
1720530108453.00, -172730, -531280, -1200 
1720530108475.00, -173058, -535069, -1178 
1720530108496.00, -171872, -538838, -1200 
1720530108518.00, -172391, -542611, -1228 
1720530108540.00, -174342, -546367, -1222 
1720530108562.00, -174919, -550184, -1277 
1720530108584.00, -174634, -553999, -1313 
1720530108606.00, -174400, -557824, -1290 
1720530108628.00, -174635, -561624, -1222 
1720530108649.00, -174482, -565450, -1189 
1720530108671.00, -173037, -569261, -1157 
1720530108693.00, -170338, -573027, -1083 
1720530108715.00, -164212, -576739, -1026 
1720530108738.00, -157086, -580308, -965 
1720530108760.00, -149067, -583721, -855 
1720530108781.00, -137433, -586935, -759 
1720530108803.00, -124717, -589916, -671 
1720530108825.00, -111753, -592604, -570 
1720530108846.00, -98229, -595019, -476 
1720530108868.00, -55309, -597117, -391 
1720530108889.00, -29879, -598330, -345 
1720530108911.00, -14739, -599001, -276 
1720530108933.00, -6183, -599335, -238 
1720530108954.00, -1073, -599478, -226 
1720530108976.00, 1065, -599502, -143 
1720530108997.00, 2823, -599486, -88 
1720530109019.00, 3999, -599420, 58 
1720530109041.00, 8365, -599321, 214 
1720530109062.00, 20541, -599139, 392 
1720530109083.00, 37736, -598693, 750 
1720530109105.00, 69641, -597885, 807 
1720530109126.00, 92202, -596384, 849 
1720530109148.00, 107769, -594371, 1060 
1720530109169.00, 129719, -592006, 1138 
1720530109191.00, 147350, -589151, 1100 
1720530109214.00, 155309, -585911, 1165 
1720530109235.00, 163842, -582511, 1185 
1720530109256.00, 169773, -578931, 1159 
1720530109279.00, 171759, -575208, 1193 
1720530109300.00, 174742, -571458, 1207 
1720530109323.00, 174724, -567639, 1198 
1720530109344.00, 174872, -563819, 1224 
1720530109366.00, 174890, -560002, 1252 
1720530109388.00, 174599, -556188, 1258 
1720530109409.00, 174661, -552369, 1288 
1720530109431.00, 174674, -548561, 1276 
1720530109452.00, 174547, -544747, 1286 
1720530109475.00, 174675, -540929, 1301 
1720530109497.00, 174628, -537107, 1313 
1720530109518.00, 174683, -533293, 1314 
1720530109540.00, 174719, -529480, 1317 
1720530109562.00, 174734, -525663, 1325 
1720530109583.00, 174857, -521847, 1343 
1720530109605.00, 174662, -518026, 1339 
1720530109627.00, 174491, -514204, 1340 
1720530109651.00, 174423, -510394, 1331 
1720530109671.00, 174666, -506580, 1342 
1720530109693.00, 174737, -502767, 1329 
1720530109715.00, 174653, -498941, 1314 
1720530109737.00, 174720, -495136, 1302 
1720530109763.00, 174544, -491313, 1310 
1720530109780.00, 174516, -487502, 1305 
1720530109802.00, 174686, -483691, 1284 
1720530109823.00, 174736, -479877, 1264 
1720530109845.00, 174535, -476051, 1234 
1720530109867.00, 173763, -472246, 1195 
1720530109888.00, 170911, -468446, 1161 
1720530109911.00, 167227, -464723, 1124 
1720530109933.00, 162798, -461084, 1087 
1720530109955.00, 157801, -457529, 1045 
1720530109976.00, 152274, -454096, 1002 
1720530110000.00, 146439, -450765, 962 
1720530110021.00, 140663, -447594, 907 
1720530110043.00, 133822, -444549, 848 
1720530110065.00, 126312, -441642, 783 
1720530110086.00, 117811, -438898, 730 
1720530110108.00, 109834, -436349, 674 
1720530110130.00, 101700, -433975, 638 
1720530110151.00, 94728, -431779, 602 
1720530110173.00, 51881, -429732, 569 
1720530110195.00, 26511, -428601, 607 
1720530110216.00, 11434, -428010, 559 
1720530110238.00, 2774, -427742, 541 
1720530110259.00, -1629, -427677, 486 
1720530110280.00, -4612, -427706, 399 
1720530110307.00, -6594, -427816, 240 
1720530110323.00, -7861, -427969, 73 
1720530110345.00, -8102, -428152, -124 
1720530110366.00, -15666, -428336, -233 
1720530110389.00, -26690, -428690, -544 
1720530110410.00, -51910, -429263, -723 
1720530110432.00, -77646, -430357, -757 
1720530110453.00, -94840, -432050, -843 
1720530110475.00, -110178, -434111, -883 
1720530110497.00, -121281, -436512, -887 
1720530110518.00, -128181, -439168, -895 
1720530110541.00, -132043, -441969, -895 
1720530110561.00, -134552, -444854, -892 
1720530110584.00, -135719, -447779, -896 
1720530110605.00, -136519, -450734, -901 
1720530110627.00, -137207, -453703, -923 
1720530110649.00, -138848, -456682, -956 
1720530110671.00, -141642, -459722, -972 
1720530110691.00, -144288, -462800, -1003 
1720530110713.00, -147490, -465954, -1030 
1720530110735.00, -151024, -469186, -1048 
1720530110756.00, -154113, -472480, -1084 
1720530110778.00, -157912, -475856, -1097 
1720530110800.00, -160795, -479307, -1118 
1720530110822.00, -163572, -482818, -1167 
1720530110844.00, -168228, -486414, -1164 
1720530110866.00, -170517, -490083, -1172 
1720530110887.00, -172267, -493818, -1157 
1720530110909.00, -172094, -497574, -1137 
1720530110931.00, -170780, -501350, -1156 
1720530110953.00, -171215, -505072, -1157 
1720530110974.00, -171498, -508823, -1162 
1720530110996.00, -171374, -512563, -1181 
1720530111018.00, -172641, -516322, -1158 
1720530111040.00, -171976, -520094, -1152 
1720530111062.00, -171142, -523856, -1184 
1720530111083.00, -172655, -527591, -1175 
1720530111106.00, -172947, -531357, -1176 
1720530111127.00, -172726, -535129, -1187 
1720530111149.00, -173317, -538902, -1142 
1720530111171.00, -170899, -542714, -1125 
1720530111193.00, -168393, -546421, -1159 
1720530111214.00, -168825, -550114, -1184 
1720530111237.00, -170647, -553793, -1179 
1720530111258.00, -171352, -557528, -1188 
1720530111280.00, -171985, -561251, -1178 
1720530111302.00, -171841, -565017, -1141 
1720530111323.00, -169409, -568773, -1107 
1720530111346.00, -165710, -572458, -1043 
1720530111369.00, -159637, -576080, -955 
1720530111390.00, -150538, -579524, -864 
1720530111418.00, -139555, -582797, -781 
1720530111434.00, -128136, -585813, -664 
1720530111455.00, -114001, -588585, -593 
1720530111477.00, -101446, -591057, -515 
1720530111499.00, -89191, -593244, -431 
1720530111520.00, -50919, -595155, -373 
1720530111542.00, -27908, -596266, -395 
1720530111564.00, -14249, -596897, -355 
1720530111585.00, -6582, -597225, -320 
1720530111606.00, -2129, -597382, -397 
1720530111628.00, 62, -597433, -373 
1720530111649.00, 1314, -597436, -359 
1720530111672.00, 2278, -597414, -325 
1720530111693.00, 2946, -597365, -275 
1720530111714.00, 3605, -597301, -243 
1720530111736.00, 3698, -597228, -219 
1720530111758.00, 3673, -597145, -192 
1720530111780.00, 3580, -597064, -163 
1720530111802.00, 3496, -596986, -139 
1720530111822.00, 3484, -596911, -120 
1720530111845.00, 3429, -596835, -101 
1720530111866.00, 3306, -596763, -83 
1720530111888.00, 3085, -596690, -70 
1720530111909.00, 3079, -596620, -60 
1720530111931.00, 2968, -596557, -57 
1720530111952.00, 2896, -596492, -56 
1720530111974.00, 2820, -596430, -52 
1720530111995.00, 2728, -596371, -52 
1720530112059.00, 2595, -596310, -50 
1720530112060.00, 2409, -596254, -46 
1720530112060.00, 2391, -596205, -46 
1720530112081.00, 0, -596153, -153 
1720530112103.00, 8, -596143, -149 
1720530112124.00, 38, -596142, -148 
1720530112145.00, 0, -596142, -143 
1720530112167.00, 0, -596142, -140 
1720530112188.00, -48, -596142, -140 
1720530112209.00, 49, -596142, -134 
1720530112229.00, -2, -596142, -134 
1720530112251.00, -48, -596142, -130 
1720530112272.00, 63, -596141, -128 
1720530112293.00, 0, -596142, -125 
1720530112315.00, 45, -596141, -122 
1720530112336.00, 0, -596141, -120 
1720530112357.00, -62, -596141, -118 
1720530112378.00, 0, -596142, -115 
1720530112399.00, 0, -596140, -113 
1720530112421.00, 0, -596141, -111 
1720530112441.00, 63, -596140, -110 
1720530112463.00, -71, -596141, -109 
1720530112484.00, 2, -596141, -108 
1720530112505.00, 0, -596140, -106 
1720530112526.00, 0, -596141, -105 
1720530112547.00, -3, -596140, -104 
1720530112569.00, -25, -596140, -103 
1720530112590.00, 73, -596140, -101 
1720530112611.00, 0, -596141, -100 
1720530112633.00, 4, -596141, -98 
1720530112653.00, 31, -596141, -97 
1720530112674.00, -31, -596140, -95 
1720530112696.00, 4, -596140, -94 
1720530112716.00, 0, -596139, -93 
1720530112738.00, -1, -596139, -91 
1720530112759.00, 2, -596140, -89 
1720530112782.00, 0, -596140, -88 
1720530112803.00, 0, -596139, -87 
1720530112821.00, 0, -596139, -84 
1720530112843.00, -53, -596139, -81 
1720530112864.00, 49, -596140, -80 
1720530112885.00, -66, -596139, -79 
1720530112906.00, 0, -596139, -79 
1720530112930.00, 0, -596139, -78 
1720530112949.00, 0, -596139, -75 
1720530112969.00, 0, -596139, -73 
1720530112990.00, 1, -596140, -73 
1720530113011.00, -14, -596139, -73 
1720530113032.00, 0, -596139, -72 
1720530113054.00, 12, -596139, -72 
1720530113075.00, -3, -596139, -73 
1720530113104.00, 0, -596140, -73 
1720530113117.00, 0, -596139, -73 
1720530113138.00, 0, -596140, -73 
1720530113159.00, 0, -596139, -74 
1720530113180.00, 0, -596138, -74 
1720530113201.00, 0, -596140, -74 
1720530113222.00, 16, -596140, -75 
1720530113243.00, 0, -596139, -76 
1720530113264.00, 0, -596139, -76 
1720530113285.00, 0, -596139, -76 
1720530113307.00, 0, -596140, -76 
1720530113328.00, 0, -596140, -77 
1720530113349.00, 2, -596140, -78 
1720530113370.00, 0, -596140, -78 
1720530113391.00, 2, -596139, -78 
1720530113412.00, 0, -596139, -78 
1720530113433.00, -7, -596139, -78 
1720530113454.00, -1, -596139, -79 
1720530113475.00, 0, -596139, -79 
1720530113496.00, 17, -596139, -80 
1720530113517.00, 0, -596139, -81 
1720530113538.00, 0, -596139, -82 
1720530113559.00, 0, -596139, -84 
1720530113580.00, 0, -596139, -85 
1720530113601.00, -7, -596140, -85 
1720530113621.00, -7, -596139, -84 
1720530113643.00, -67, -596140, -86 
1720530113663.00, 5, -596140, -87 
1720530113685.00, 44, -596139, -87 
1720530113707.00, 40, -596140, -87 
1720530113727.00, 1, -596139, -88 
1720530113749.00, 14, -596140, -89 
1720530113770.00, 0, -596139, -88 
1720530113791.00, 0, -596140, -88 
1720530113812.00, 0, -596140, -89 
1720530113833.00, 0, -596139, -89 
1720530113854.00, 3, -596140, -88 
1720530113876.00, 0, -596139, -88 
1720530113897.00, 1, -596140, -88 
1720530113918.00, 12, -596140, -89 
1720530113939.00, 0, -596140, -89 
1720530113960.00, 0, -596140, -91 
1720530113981.00, 0, -596140, -94 
1720530114002.00, 60, -596140, -99 
1720530114023.00, 0, -596141, -102 
1720530114044.00, -38, -596140, -103 
1720530114066.00, -3, -596139, -104 
1720530114086.00, 0, -596141, -104 
1720530114107.00, 0, -596140, -104 
1720530114129.00, 64, -596141, -104 
1720530114150.00, 0, -596140, -104 
1720530114171.00, 0, -596140, -105 
1720530114192.00, 51, -596140, -106 
1720530114213.00, 0, -596140, -108 
1720530114235.00, 0, -596140, -108 
1720530114261.00, 0, -596141, -108 
1720530114284.00, 15, -596140, -109 
1720530114298.00, 0, -596139, -111 
1720530114319.00, 0, -596140, -112 
1720530114341.00, 3, -596140, -112 
1720530114362.00, 0, -596140, -112 
1720530114383.00, 0, -596140, -113 
1720530114404.00, 13, -596141, -113 
1720530114425.00, -60, -596140, -112 
1720530114446.00, -3, -596140, -110 
1720530114467.00, 0, -596141, -110 
1720530114489.00, 46, -596141, -112 
1720530114510.00, 0, -596141, -112 
1720530114531.00, 0, -596141, -112 
1720530114552.00, 0, -596141, -111 
1720530114573.00, -60, -596141, -110 
1720530114594.00, 0, -596140, -108 
1720530114615.00, 0, -596141, -106 
1720530114637.00, 0, -596140, -104 
1720530114658.00, 0, -596140, -102 
1720530114679.00, -46, -596140, -100 
1720530114700.00, 14, -596140, -101 
1720530114721.00, -38, -596141, -104 
1720530114742.00, 0, -596140, -105 
1720530114763.00, 7, -596140, -105 
1720530114785.00, 0, -596141, -106 
1720530114806.00, -50, -596141, -108 
1720530114827.00, 0, -596140, -107 
1720530114848.00, 0, -596140, -104 
1720530114870.00, 0, -596140, -103 
1720530114890.00, 39, -596140, -103 
1720530114911.00, 0, -596140, -103 
1720530114932.00, 1, -596141, -103 
1720530114954.00, 0, -596139, -104 
1720530114975.00, 6, -596140, -105 
1720530114996.00, -32, -596141, -107 
1720530115017.00, 0, -596140, -106 
