1721654092072.00, 0, -595832, -423 
1721654092093.00, 0, -595834, -416 
1721654092114.00, 6, -595833, -413 
1721654092136.00, 0, -595833, -414 
1721654092158.00, 0, -595832, -419 
1721654092179.00, 0, -595834, -418 
1721654092200.00, 0, -595833, -418 
1721654092221.00, 0, -595833, -421 
1721654092242.00, 0, -595833, -423 
1721654092264.00, 0, -595832, -423 
1721654092285.00, 0, -595833, -421 
1721654092307.00, 0, -595833, -423 
1721654092328.00, 0, -595834, -422 
1721654092349.00, 50, -595832, -422 
1721654092370.00, 0, -595833, -423 
1721654092392.00, 0, -595833, -422 
1721654092413.00, 0, -595834, -420 
1721654092434.00, 0, -595833, -420 
1721654092456.00, 0, -595834, -420 
1721654092477.00, -67, -595833, -418 
1721654092498.00, -66, -595833, -418 
1721654092522.00, 0, -595833, -417 
1721654092541.00, 0, -595834, -417 
1721654092562.00, 0, -595834, -419 
1721654092584.00, 0, -595835, -421 
1721654092608.00, 0, -595833, -422 
1721654092626.00, -4, -595833, -426 
1721654092647.00, 0, -595835, -428 
1721654092669.00, 0, -595833, -428 
1721654092689.00, 0, -595834, -428 
1721654092716.00, 0, -595834, -429 
1721654092733.00, 0, -595834, -431 
1721654092754.00, -43, -595834, -431 
1721654092775.00, 0, -595833, -431 
1721654092797.00, 0, -595834, -433 
1721654092818.00, 0, -595835, -435 
1721654092839.00, 0, -595834, -435 
1721654092860.00, 0, -595835, -439 
1721654092882.00, 0, -595835, -438 
1721654092903.00, 0, -595834, -432 
1721654092924.00, 0, -595835, -427 
1721654092945.00, 0, -595835, -425 
1721654092967.00, 15, -595834, -426 
1721654092988.00, 0, -595836, -428 
1721654093009.00, 0, -595835, -430 
1721654093031.00, 0, -595835, -433 
1721654093052.00, 0, -595834, -431 
1721654093074.00, 0, -595834, -426 
1721654093094.00, 9, -595835, -420 
1721654093116.00, 0, -595834, -418 
1721654093137.00, 0, -595834, -420 
1721654093159.00, 0, -595834, -418 
1721654093180.00, 0, -595834, -414 
1721654093201.00, 0, -595835, -413 
1721654093223.00, 0, -595834, -419 
1721654093244.00, 0, -595835, -422 
1721654093268.00, 0, -595835, -422 
1721654093286.00, 0, -595835, -421 
1721654093307.00, 0, -595834, -418 
1721654093330.00, 0, -595835, -418 
1721654093350.00, 0, -595835, -419 
1721654093373.00, 0, -595834, -420 
1721654093394.00, 7, -595834, -421 
1721654093415.00, 0, -595835, -421 
1721654093436.00, 0, -595835, -422 
1721654093458.00, 0, -595835, -423 
1721654093482.00, 0, -595835, -432 
1721654093500.00, 0, -595835, -429 
1721654093522.00, -3, -595835, -425 
1721654093543.00, 1, -595835, -428 
1721654093564.00, 0, -595836, -423 
1721654093590.00, 0, -595835, -423 
1721654093606.00, 0, -595835, -422 
1721654093628.00, 0, -595836, -416 
1721654093649.00, 0, -595834, -424 
1721654093671.00, -62, -595834, -413 
1721654093692.00, 0, -595835, -424 
1721654093714.00, -30, -595836, -428 
1721654093734.00, -59, -595835, -427 
1721654093756.00, -54, -595836, -425 
1721654093778.00, -20, -595835, -416 
1721654093799.00, 1, -595835, -413 
1721654093820.00, 0, -595834, -412 
1721654093842.00, 0, -595835, -410 
1721654093863.00, 0, -595835, -402 
1721654093884.00, -66, -595836, -396 
1721654093905.00, 5, -595833, -392 
1721654093927.00, 0, -595834, -390 
1721654093948.00, 0, -595835, -391 
1721654093969.00, 0, -595835, -398 
1721654093991.00, 0, -595836, -404 
1721654094012.00, 1, -595835, -414 
1721654094033.00, 0, -595835, -420 
1721654094054.00, 0, -595836, -420 
1721654094076.00, 0, -595836, -416 
1721654094098.00, 3, -595835, -414 
1721654094119.00, 2, -595836, -413 
1721654094140.00, 0, -595836, -413 
1721654094161.00, 0, -595835, -408 
1721654094182.00, 0, -595835, -409 
1721654094203.00, 0, -595836, -398 
1721654094225.00, 0, -595834, -363 
1721654094247.00, 0, -595835, -357 
1721654094268.00, 0, -595834, -388 
1721654094288.00, 0, -595834, -375 
1721654094310.00, 0, -595834, -367 
1721654094331.00, 0, -595834, -369 
1721654094353.00, 0, -595835, -363 
1721654094374.00, 0, -595833, -362 
1721654094395.00, 0, -595835, -351 
1721654094416.00, 0, -595834, -349 
1721654094438.00, 0, -595834, -351 
1721654094459.00, 0, -595834, -343 
1721654094480.00, 0, -595834, -333 
1721654094501.00, 0, -595833, -328 
1721654094523.00, 0, -595833, -317 
1721654094544.00, 0, -595831, -299 
1721654094566.00, 56, -595832, -283 
1721654094587.00, 50, -595829, -261 
1721654094608.00, 0, -595827, -221 
1721654094630.00, 10, -595825, -183 
1721654094651.00, 0, -595822, -127 
1721654094673.00, 0, -595818, -59 
1721654094693.00, -4, -595813, -6 
1721654094714.00, 0, -595808, 30 
1721654094736.00, 1811, -595805, 76 
1721654094758.00, 5912, -595773, 121 
1721654094780.00, 10887, -595644, 169 
1721654094801.00, 16792, -595406, 238 
1721654094822.00, 24725, -595042, 304 
1721654094844.00, 33298, -594513, 363 
1721654094866.00, 42243, -593805, 422 
1721654094887.00, 50442, -592898, 554 
1721654094909.00, 63495, -591810, 613 
1721654094930.00, 74652, -590435, 574 
1721654094952.00, 78839, -588825, 630 
1721654094974.00, 84673, -587105, 664 
1721654094996.00, 90041, -585269, 679 
1721654095017.00, 94201, -583315, 680 
1721654095039.00, 96606, -581279, 707 
1721654095061.00, 99555, -579189, 692 
1721654095082.00, 100460, -577022, 699 
1721654095104.00, 101121, -574848, 701 
1721654095126.00, 101872, -572648, 684 
1721654095147.00, 101145, -570427, 692 
1721654095169.00, 101119, -568227, 706 
1721654095191.00, 101766, -566027, 711 
1721654095213.00, 102615, -563813, 722 
1721654095234.00, 103767, -561575, 758 
1721654095256.00, 106597, -559324, 785 
1721654095278.00, 109692, -556995, 797 
1721654095300.00, 112244, -554609, 823 
1721654095321.00, 115253, -552156, 859 
1721654095344.00, 119302, -549653, 880 
1721654095365.00, 122937, -547053, 918 
1721654095386.00, 127225, -544369, 941 
1721654095408.00, 131179, -541585, 944 
1721654095430.00, 133672, -538741, 965 
1721654095455.00, 136364, -535830, 991 
1721654095471.00, 139370, -532854, 1001 
1721654095494.00, 141791, -529811, 1001 
1721654095516.00, 143085, -526706, 1005 
1721654095537.00, 143946, -523580, 1003 
1721654095562.00, 144454, -520426, 1000 
1721654095581.00, 144385, -517264, 1004 
1721654095603.00, 144765, -514107, 1011 
1721654095624.00, 145217, -510947, 1017 
1721654095646.00, 145842, -507765, 1015 
1721654095673.00, 146007, -504578, 1014 
1721654095691.00, 145945, -501392, 1020 
1721654095713.00, 146273, -498196, 1001 
1721654095735.00, 145348, -494993, 990 
1721654095755.00, 144115, -491832, 1012 
1721654095779.00, 144747, -488680, 1056 
1721654095799.00, 147635, -485527, 1074 
1721654095821.00, 150474, -482287, 1097 
1721654095843.00, 153331, -478998, 1123 
1721654095864.00, 156572, -475632, 1133 
1721654095890.00, 159271, -472223, 1115 
1721654095908.00, 159630, -468733, 1117 
1721654095930.00, 159821, -465255, 1098 
1721654095951.00, 158717, -461751, 1062 
1721654095973.00, 155816, -458289, 1042 
1721654095999.00, 153030, -454883, 1019 
1721654096018.00, 149748, -451556, 974 
1721654096040.00, 145291, -448299, 935 
1721654096062.00, 140104, -445149, 893 
1721654096084.00, 134364, -442110, 806 
1721654096107.00, 125600, -439195, 688 
1721654096127.00, 113602, -436473, 550 
1721654096148.00, 97872, -434022, 507 
1721654096171.00, 85919, -431927, 428 
1721654096192.00, 47820, -430067, 324 
1721654096216.00, 25491, -429035, 261 
1721654096235.00, 12189, -428473, 113 
1721654096257.00, 4565, -428209, -16 
1721654096279.00, -217, -428111, -121 
1721654096300.00, -9598, -428119, -238 
1721654096321.00, -22347, -428320, -323 
1721654096343.00, -34683, -428792, -424 
1721654096364.00, -48471, -429531, -544 
1721654096386.00, -63524, -430568, -551 
1721654096408.00, -73190, -431954, -606 
1721654096436.00, -81937, -433541, -750 
1721654096451.00, -95700, -435330, -753 
1721654096473.00, -104046, -437410, -779 
1721654096494.00, -110433, -439673, -842 
1721654096517.00, -117689, -442087, -854 
1721654096545.00, -122725, -444665, -849 
1721654096559.00, -125402, -447330, -886 
1721654096582.00, -129120, -450062, -922 
1721654096603.00, -133209, -452881, -954 
1721654096624.00, -137531, -455777, -977 
1721654096646.00, -141251, -458788, -977 
1721654096668.00, -143514, -461862, -962 
1721654096690.00, -143729, -464982, -955 
1721654096712.00, -143331, -468121, -958 
1721654096734.00, -143332, -471246, -941 
1721654096758.00, -142180, -474358, -969 
1721654096777.00, -143006, -477449, -939 
1721654096799.00, -141550, -480560, -927 
1721654096821.00, -140026, -483644, -958 
1721654096842.00, -140937, -486692, -925 
1721654096864.00, -139299, -489739, -954 
1721654096886.00, -140068, -492784, -947 
1721654096907.00, -140190, -495824, -955 
1721654096929.00, -140545, -498872, -987 
1721654096950.00, -142543, -501930, -971 
1721654096972.00, -142860, -505037, -969 
1721654096993.00, -142646, -508143, -1010 
1721654097016.00, -145057, -511259, -981 
1721654097037.00, -144550, -514405, -979 
1721654097060.00, -144049, -517573, -991 
1721654097081.00, -144302, -520696, -984 
1721654097103.00, -144100, -523847, -997 
1721654097124.00, -144718, -526983, -1023 
1721654097146.00, -146550, -530144, -1036 
1721654097167.00, -148395, -533356, -1056 
1721654097189.00, -150554, -536603, -1094 
1721654097211.00, -153998, -539897, -1109 
1721654097233.00, -157031, -543266, -1090 
1721654097254.00, -157648, -546689, -1149 
1721654097276.00, -161587, -550148, -1176 
1721654097298.00, -165554, -553667, -1202 
1721654097319.00, -169403, -557286, -1216 
1721654097342.00, -172175, -560988, -1199 
1721654097372.00, -172674, -564752, -1173 
1721654097384.00, -171279, -568537, -1146 
1721654097407.00, -169016, -572264, -1066 
1721654097429.00, -162736, -575967, -1089 
1721654097452.00, -160176, -579504, -1070 
1721654097473.00, -157563, -583006, -974 
1721654097495.00, -150331, -586412, -941 
1721654097517.00, -143562, -589680, -913 
1721654097539.00, -138115, -592787, -758 
1721654097561.00, -78440, -595759, -691 
1721654097582.00, -43091, -597477, -709 
1721654097604.00, -22932, -598408, -437 
1721654097625.00, -11069, -598922, -355 
1721654097650.00, -4280, -599173, -313 
1721654097669.00, -210, -599262, -180 
1721654097690.00, 1685, -599266, -18 
1721654097712.00, 3164, -599218, 223 
1721654097733.00, 17173, -599146, 377 
1721654097755.00, 34997, -598781, 486 
1721654097777.00, 52018, -598027, 761 
1721654097798.00, 78511, -596902, 932 
1721654097820.00, 105036, -595198, 987 
1721654097840.00, 123856, -592896, 1126 
1721654097862.00, 143244, -590175, 1194 
1721654097884.00, 158686, -587029, 1208 
1721654097906.00, 168150, -583556, 1278 
1721654097927.00, 175153, -579869, 1285 
1721654097950.00, 174735, -576042, 1300 
1721654097971.00, 174683, -572218, 1344 
1721654097993.00, 174730, -568410, 1340 
1721654098014.00, 174634, -564582, 1370 
1721654098037.00, 174890, -560756, 1361 
1721654098058.00, 174615, -556953, 1371 
1721654098083.00, 174666, -553145, 1386 
1721654098102.00, 174714, -549320, 1385 
1721654098124.00, 174657, -545496, 1415 
1721654098146.00, 174803, -541683, 1424 
1721654098167.00, 174830, -537874, 1459 
1721654098190.00, 174945, -534042, 1474 
1721654098212.00, 174560, -530234, 1509 
1721654098233.00, 174769, -526419, 1552 
1721654098255.00, 174709, -522601, 1569 
1721654098277.00, 174433, -518777, 1563 
1721654098299.00, 174611, -514958, 1566 
1721654098320.00, 174686, -511142, 1553 
1721654098342.00, 174674, -507323, 1548 
1721654098364.00, 174648, -503519, 1523 
1721654098386.00, 174696, -499697, 1521 
1721654098409.00, 174864, -495871, 1499 
1721654098429.00, 174676, -492066, 1487 
1721654098451.00, 174558, -488242, 1475 
1721654098473.00, 174559, -484420, 1468 
1721654098495.00, 174767, -480622, 1475 
1721654098517.00, 174812, -476805, 1475 
1721654098538.00, 174673, -472985, 1465 
1721654098560.00, 174800, -469158, 1467 
1721654098582.00, 174397, -465345, 1412 
1721654098604.00, 174530, -461530, 1411 
1721654098625.00, 174760, -457727, 1340 
1721654098648.00, 174801, -453911, 1280 
1721654098669.00, 174567, -450091, 1273 
1721654098690.00, 174545, -446275, 1177 
1721654098712.00, 174613, -442467, 1070 
1721654098736.00, 168682, -438663, 978 
1721654098758.00, 159688, -434997, 868 
1721654098779.00, 147483, -431551, 768 
1721654098801.00, 86193, -428372, 678 
1721654098823.00, 50232, -426484, 670 
1721654098848.00, 29234, -425406, 484 
1721654098866.00, 17050, -424763, 303 
1721654098887.00, 10042, -424380, 165 
1721654098910.00, 5629, -424181, -19 
1721654098930.00, 2676, -424063, -203 
1721654098959.00, -10004, -424023, -331 
1721654098974.00, -25550, -424238, -593 
1721654098996.00, -50768, -424788, -714 
1721654099017.00, -73050, -425864, -735 
1721654099039.00, -87545, -427456, -809 
1721654099065.00, -100593, -429360, -865 
1721654099082.00, -111779, -431553, -853 
1721654099104.00, -117522, -433993, -911 
1721654099126.00, -124360, -436554, -941 
1721654099148.00, -130051, -439269, -937 
1721654099169.00, -133121, -442108, -956 
1721654099191.00, -135841, -445022, -982 
1721654099212.00, -139058, -447968, -966 
1721654099235.00, -140088, -451007, -997 
1721654099255.00, -142377, -454060, -1028 
1721654099278.00, -145532, -457156, -1002 
1721654099298.00, -145722, -460357, -1012 
1721654099321.00, -146321, -463534, -1044 
1721654099343.00, -148714, -466740, -994 
1721654099364.00, -147093, -469971, -1015 
1721654099389.00, -147297, -473181, -1044 
1721654099408.00, -149132, -476409, -1040 
1721654099430.00, -150013, -479669, -1042 
1721654099452.00, -150495, -482936, -1072 
1721654099473.00, -152581, -486232, -1094 
1721654099500.00, -155167, -489565, -1095 
1721654099517.00, -156689, -492964, -1129 
1721654099538.00, -159472, -496389, -1115 
1721654099560.00, -160187, -499873, -1119 
1721654099582.00, -160938, -503389, -1150 
1721654099604.00, -163067, -506903, -1154 
1721654099626.00, -164438, -510461, -1131 
1721654099647.00, -163909, -514049, -1114 
1721654099669.00, -162478, -517650, -1141 
1721654099691.00, -163395, -521181, -1160 
1721654099716.00, -165120, -524759, -1107 
1721654099735.00, -162876, -528361, -1192 
1721654099756.00, -166480, -531919, -1203 
1721654099779.00, -169282, -535553, -1140 
1721654099800.00, -166808, -539256, -1214 
1721654099823.00, -169871, -542906, -1132 
1721654099844.00, -166736, -546613, -1091 
1721654099865.00, -162257, -550262, -1123 
1721654099888.00, -161605, -553782, -1011 
1721654099910.00, -154483, -557307, -938 
1721654099936.00, -145862, -560659, -932 
1721654099954.00, -140214, -563807, -865 
1721654099975.00, -132691, -566865, -868 
1721654099997.00, -128434, -569756, -879 
1721654100019.00, -126547, -572538, -881 
1721654100045.00, -125728, -575306, -873 
1721654100063.00, -124663, -578021, -881 
1721654100084.00, -124496, -580723, -884 
1721654100106.00, -124532, -583442, -878 
1721654100128.00, -124244, -586151, -829 
1721654100154.00, -121038, -588850, -814 
1721654100171.00, -118169, -591478, -749 
1721654100193.00, -112659, -594034, -602 
1721654100214.00, -63561, -596437, -503 
1721654100236.00, -34117, -597831, -448 
1721654100259.00, -17117, -598588, -277 
1721654100279.00, -7102, -598967, -168 
1721654100301.00, -1450, -599123, -53 
1721654100323.00, 1453, -599151, 68 
1721654100344.00, 7365, -599114, 280 
1721654100366.00, 23582, -598953, 402 
1721654100387.00, 40657, -598443, 659 
1721654100410.00, 66187, -597568, 772 
1721654100431.00, 88102, -596138, 841 
1721654100452.00, 105233, -594218, 943 
1721654100474.00, 121434, -591920, 994 
1721654100495.00, 134203, -589258, 1033 
1721654100516.00, 143841, -586314, 1134 
1721654100538.00, 155552, -583161, 1158 
1721654100560.00, 163880, -579753, 1189 
1721654100581.00, 170453, -576163, 1214 
1721654100604.00, 174838, -572448, 1226 
1721654100625.00, 174653, -568621, 1255 
1721654100647.00, 174754, -564793, 1271 
1721654100668.00, 174912, -560976, 1277 
1721654100690.00, 174773, -557158, 1317 
1721654100712.00, 174771, -553340, 1325 
1721654100734.00, 174661, -549526, 1352 
1721654100756.00, 174726, -545704, 1361 
1721654100778.00, 174940, -541885, 1348 
1721654100800.00, 174921, -538075, 1357 
1721654100821.00, 174601, -534256, 1343 
1721654100843.00, 174719, -530448, 1334 
1721654100865.00, 174772, -526630, 1353 
1721654100887.00, 174862, -522830, 1333 
1721654100912.00, 174761, -518999, 1327 
1721654100931.00, 174904, -515173, 1299 
1721654100953.00, 174732, -511368, 1274 
1721654100974.00, 174638, -507547, 1258 
1721654100996.00, 174712, -503732, 1239 
1721654101017.00, 174346, -499928, 1213 
1721654101039.00, 172490, -496123, 1184 
1721654101061.00, 169470, -492350, 1197 
1721654101084.00, 168511, -488647, 1174 
1721654101105.00, 166559, -484979, 1115 
1721654101127.00, 161907, -481346, 1158 
1721654101149.00, 161573, -477811, 1161 
1721654101170.00, 161559, -474284, 1158 
1721654101192.00, 161457, -470755, 1159 
1721654101214.00, 161723, -467219, 1097 
1721654101236.00, 158046, -463695, 1051 
1721654101258.00, 153091, -460243, 1046 
1721654101280.00, 149662, -456916, 1003 
1721654101303.00, 145305, -453662, 943 
1721654101324.00, 139099, -450495, 923 
1721654101346.00, 133972, -447499, 881 
1721654101368.00, 128531, -444591, 845 
1721654101389.00, 123023, -441798, 811 
1721654101411.00, 117711, -439124, 722 
1721654101433.00, 109203, -436576, 644 
1721654101455.00, 99674, -434203, 625 
1721654101476.00, 92557, -432060, 644 
1721654101497.00, 50300, -430061, 586 
1721654101519.00, 25332, -428960, 606 
1721654101541.00, 10723, -428394, 470 
1721654101562.00, 2196, -428151, 375 
1721654101583.00, -2218, -428104, 245 
1721654101606.00, -5108, -428161, 56 
1721654101627.00, -6979, -428277, -109 
1721654101649.00, -14217, -428426, -252 
1721654101670.00, -26729, -428747, -500 
1721654101692.00, -49318, -429319, -601 
1721654101713.00, -68935, -430366, -680 
1721654101735.00, -85251, -431874, -786 
1721654101757.00, -101079, -433719, -852 
1721654101779.00, -114481, -435932, -901 
1721654101801.00, -125209, -438446, -935 
1721654101822.00, -133228, -441160, -931 
1721654101844.00, -137742, -444076, -974 
1721654101866.00, -142691, -447073, -964 
1721654101887.00, -145083, -450183, -969 
1721654101910.00, -146768, -453342, -968 
1721654101931.00, -147399, -456516, -951 
1721654101953.00, -146624, -459736, -989 
1721654101974.00, -148165, -462917, -999 
1721654101996.00, -149709, -466141, -977 
1721654102018.00, -149013, -469400, -1012 
1721654102038.00, -150785, -472652, -1035 
1721654102060.00, -153169, -475955, -1006 
1721654102082.00, -152583, -479300, -1045 
1721654102104.00, -154601, -482632, -1088 
1721654102126.00, -158002, -486017, -1087 
1721654102147.00, -159989, -489461, -1047 
1721654102169.00, -158606, -492975, -1081 
1721654102191.00, -159463, -496436, -1092 
1721654102213.00, -160773, -499927, -1055 
1721654102235.00, -159303, -503452, -1093 
1721654102257.00, -160534, -506916, -1126 
1721654102278.00, -163129, -510436, -1129 
1721654102300.00, -164794, -513995, -1139 
1721654102322.00, -166392, -517597, -1136 
1721654102343.00, -167111, -521224, -1185 
1721654102365.00, -170443, -524883, -1153 
1721654102387.00, -170351, -528610, -1172 
1721654102409.00, -170889, -532322, -1197 
1721654102431.00, -172952, -536074, -1102 
1721654102453.00, -168368, -539843, -1175 
1721654102474.00, -169845, -543520, -1173 
1721654102497.00, -170950, -547213, -1106 
1721654102518.00, -167248, -550951, -1188 
1721654102540.00, -169445, -554601, -1194 
1721654102562.00, -171363, -558304, -1070 
1721654102584.00, -164934, -562059, -1137 
1721654102606.00, -164938, -565659, -1129 
1721654102628.00, -164805, -569263, -1102 
1721654102649.00, -162763, -572848, -1132 
1721654102670.00, -163236, -576408, -1154 
1721654102693.00, -164915, -579958, -1068 
1721654102715.00, -160701, -583569, -1035 
1721654102737.00, -156185, -587060, -991 
1721654102759.00, -150542, -590453, -872 
1721654102781.00, -140052, -593706, -740 
1721654102803.00, -79744, -596709, -584 
1721654102824.00, -44061, -598457, -504 
1721654102845.00, -23463, -599402, -276 
1721654102868.00, -11862, -599925, -102 
1721654102891.00, -4905, -600178, 26 
1721654102911.00, 78, -600277, 164 
1721654102932.00, 11770, -600270, 385 
1721654102953.00, 32123, -600021, 582 
1721654102975.00, 55845, -599343, 756 
1721654103002.00, 80356, -598143, 856 
1721654103019.00, 100941, -596389, 940 
1721654103039.00, 118108, -594170, 1073 
1721654103061.00, 136408, -591578, 1057 
1721654103083.00, 146114, -588599, 1067 
1721654103109.00, 152212, -585396, 1090 
1721654103126.00, 157099, -582061, 1045 
1721654103148.00, 156995, -578639, 1063 
1721654103170.00, 157955, -575199, 1060 
1721654103192.00, 158304, -571742, 1108 
1721654103223.00, 161389, -568286, 1097 
1721654103236.00, 162288, -564768, 1106 
1721654103257.00, 163315, -561209, 1170 
1721654103279.00, 167508, -557640, 1165 
1721654103301.00, 169800, -553971, 1196 
1721654103327.00, 172984, -550261, 1204 
1721654103345.00, 174692, -546488, 1212 
1721654103366.00, 174788, -542665, 1247 
1721654103388.00, 174878, -538859, 1263 
1721654103410.00, 174748, -535027, 1260 
1721654103432.00, 174732, -531202, 1266 
1721654103454.00, 174712, -527394, 1246 
1721654103475.00, 174727, -523587, 1270 
1721654103497.00, 174823, -519765, 1275 
1721654103520.00, 174846, -515936, 1265 
1721654103541.00, 174932, -512131, 1250 
1721654103562.00, 174637, -508304, 1263 
1721654103584.00, 174549, -504491, 1295 
1721654103606.00, 174844, -500679, 1281 
1721654103628.00, 174795, -496862, 1292 
1721654103650.00, 174823, -493052, 1271 
1721654103671.00, 174754, -489224, 1271 
1721654103694.00, 174661, -485404, 1248 
1721654103715.00, 174660, -481600, 1210 
1721654103737.00, 174733, -477790, 1195 
1721654103759.00, 174921, -473973, 1145 
1721654103781.00, 172284, -470156, 1108 
1721654103803.00, 168481, -466386, 1069 
1721654103824.00, 163855, -462718, 1048 
1721654103846.00, 159569, -459141, 1033 
1721654103867.00, 156116, -455660, 1033 
1721654103891.00, 153972, -452256, 999 
1721654103913.00, 150466, -448912, 949 
1721654103934.00, 145554, -445640, 899 
1721654103957.00, 139437, -442475, 898 
1721654103977.00, 135723, -439459, 791 
1721654103999.00, 127049, -436519, 728 
1721654104022.00, 118037, -433758, 706 
1721654104043.00, 111136, -431218, 596 
1721654104065.00, 64010, -428817, 480 
1721654104090.00, 36097, -427429, 478 
1721654104108.00, 19442, -426638, 300 
1721654104130.00, 10124, -426213, 177 
1721654104151.00, 4148, -426000, 22 
1721654104173.00, 691, -425912, -114 
1721654104198.00, -7764, -425901, -265 
1721654104216.00, -21504, -426059, -436 
1721654104237.00, -39979, -426517, -582 
1721654104259.00, -60066, -427375, -604 
1721654104281.00, -73399, -428683, -734 
1721654104304.00, -89037, -430269, -828 
1721654104324.00, -103968, -432204, -833 
1721654104346.00, -113007, -434477, -856 
1721654104367.00, -119608, -436934, -856 
1721654104389.00, -123341, -439540, -839 
1721654104411.00, -124615, -442229, -843 
1721654104433.00, -125421, -444957, -845 
1721654104454.00, -125775, -447669, -847 
1721654104476.00, -126069, -450409, -856 
1721654104498.00, -126826, -453155, -857 
1721654104519.00, -127185, -455908, -895 
1721654104541.00, -129459, -458684, -934 
1721654104563.00, -133288, -461507, -957 
1721654104584.00, -136578, -464406, -941 
1721654104607.00, -137654, -467389, -984 
1721654104626.00, -140803, -470391, -1011 
1721654104657.00, -144282, -473455, -996 
1721654104671.00, -145208, -476611, -1034 
1721654104692.00, -148011, -479781, -1032 
1721654104714.00, -149445, -483014, -1009 
1721654104736.00, -148862, -486289, -1029 
1721654104763.00, -149807, -489536, -1005 
1721654104779.00, -148832, -492820, -1053 
1721654104802.00, -150977, -496070, -1046 
1721654104823.00, -151811, -499363, -1041 
1721654104845.00, -152024, -502693, -1092 
1721654104872.00, -155017, -506003, -1093 
1721654104889.00, -156803, -509405, -1098 
1721654104911.00, -158020, -512834, -1113 
1721654104932.00, -159642, -516298, -1139 
1721654104954.00, -162101, -519801, -1138 
1721654104977.00, -163321, -523328, -1141 
1721654104998.00, -164382, -526913, -1158 
1721654105019.00, -165761, -530496, -1165 
1721654105041.00, -167412, -534118, -1112 
1721654105063.00, -164924, -537764, -1187 
1721654105093.00, -167872, -541376, -1167 
1721654105109.00, -168016, -545037, -1136 
1721654105128.00, -166448, -548716, -1131 
1721654105151.00, -165066, -552361, -1137 
1721654105172.00, -164603, -555963, -1128 
1721654105196.00, -163807, -559548, -1140 
1721654105216.00, -163978, -563122, -1126 
1721654105238.00, -163319, -566709, -1138 
1721654105260.00, -163495, -570265, -1135 
1721654105281.00, -163510, -573834, -1072 
1721654105306.00, -159520, -577397, -996 
1721654105326.00, -152315, -580850, -947 
1721654105348.00, -145103, -584165, -865 
1721654105369.00, -135925, -587301, -796 
1721654105391.00, -126109, -590249, -744 
1721654105413.00, -117070, -592980, -622 
1721654105435.00, -66366, -595493, -480 
1721654105456.00, -36173, -596924, -418 
1721654105477.00, -18418, -597727, -288 
1721654105499.00, -8077, -598140, -145 
1721654105522.00, -2189, -598319, -4 
1721654105542.00, 669, -598363, 113 
1721654105564.00, 9649, -598347, 272 
1721654105586.00, 24578, -598148, 415 
1721654105607.00, 41688, -597618, 630 
1721654105630.00, 64699, -596722, 759 
1721654105651.00, 86340, -595332, 802 
1721654105672.00, 101647, -593443, 883 
1721654105693.00, 115193, -591214, 1057 
1721654105714.00, 133890, -588692, 1073 
1721654105736.00, 145861, -585752, 1037 
1721654105758.00, 150557, -582547, 1120 
1721654105780.00, 158040, -579257, 1082 
1721654105802.00, 160089, -575801, 1041 
1721654105824.00, 158786, -572298, 1036 
1721654105846.00, 157588, -568842, 1059 
1721654105867.00, 158145, -565394, 1051 
1721654105889.00, 157823, -561944, 1049 
1721654105911.00, 157454, -558491, 1070 
1721654105933.00, 158312, -555050, 1111 
1721654105955.00, 161360, -551573, 1151 
1721654105976.00, 165314, -548058, 1173 
1721654105998.00, 169240, -544439, 1186 
1721654106020.00, 171839, -540737, 1187 
1721654106042.00, 173402, -536976, 1206 
1721654106065.00, 174893, -533196, 1200 
1721654106085.00, 174719, -529373, 1173 
1721654106107.00, 173988, -525555, 1202 
1721654106129.00, 174885, -521756, 1172 
1721654106151.00, 173894, -517934, 1183 
1721654106175.00, 173644, -514135, 1165 
1721654106195.00, 172479, -510348, 1188 
1721654106216.00, 173270, -506579, 1156 
1721654106238.00, 171815, -502787, 1127 
1721654106259.00, 169210, -499034, 1140 
1721654106282.00, 168117, -495337, 1152 
1721654106303.00, 168010, -491676, 1140 
1721654106325.00, 167229, -487999, 1154 
1721654106347.00, 167461, -484348, 1148 
1721654106368.00, 167415, -480698, 1126 
1721654106393.00, 165930, -477041, 1160 
1721654106413.00, 167034, -473414, 1159 
1721654106434.00, 167645, -469764, 1166 
1721654106456.00, 168084, -466099, 1154 
1721654106478.00, 167694, -462431, 1135 
1721654106502.00, 166104, -458768, 1085 
1721654106521.00, 162229, -455145, 1059 
1721654106543.00, 158261, -451611, 1021 
1721654106566.00, 153367, -448166, 967 
1721654106588.00, 147325, -444833, 885 
1721654106610.00, 138758, -441640, 799 
1721654106631.00, 128260, -438628, 724 
1721654106653.00, 117688, -435848, 622 
1721654106675.00, 104992, -433308, 560 
1721654106696.00, 93986, -431037, 489 
1721654106718.00, 53208, -429027, 382 
1721654106739.00, 28786, -427881, 312 
1721654106761.00, 14406, -427239, 97 
1721654106782.00, 6121, -426923, -95 
1721654106805.00, -4130, -426791, -256 
1721654106826.00, -19712, -426875, -447 
1721654106848.00, -40617, -427298, -632 
1721654106869.00, -64107, -428168, -729 
1721654106891.00, -83806, -429544, -800 
1721654106913.00, -99751, -431378, -875 
1721654106935.00, -113731, -433540, -919 
1721654106956.00, -124502, -436036, -938 
1721654106978.00, -131863, -438756, -958 
1721654107000.00, -137443, -441631, -966 
1721654107021.00, -141143, -444626, -970 
1721654107043.00, -143325, -447695, -994 
1721654107063.00, -145899, -450826, -1024 
1721654107086.00, -149187, -454010, -1017 
1721654107107.00, -150498, -457264, -1038 
1721654107130.00, -152514, -460568, -1050 
1721654107150.00, -154278, -463899, -1071 
1721654107173.00, -156549, -467272, -1047 
1721654107194.00, -156265, -470697, -1021 
1721654107216.00, -154501, -474106, -1012 
1721654107237.00, -152671, -477492, -1028 
1721654107261.00, -152413, -480809, -989 
1721654107285.00, -150026, -484144, -955 
1721654107304.00, -146229, -487392, -961 
1721654107326.00, -144449, -490578, -915 
1721654107350.00, -140467, -493720, -938 
1721654107370.00, -139196, -496778, -969 
1721654107392.00, -140562, -499810, -958 
1721654107413.00, -140780, -502878, -991 
1721654107433.00, -142754, -505924, -1065 
1721654107455.00, -148293, -509055, -1055 
1721654107477.00, -150992, -512293, -1088 
1721654107499.00, -154455, -515600, -1121 
1721654107521.00, -158339, -518983, -1105 
1721654107543.00, -159602, -522444, -1105 
1721654107565.00, -160302, -525950, -1148 
1721654107586.00, -163229, -529443, -1122 
1721654107609.00, -163298, -533017, -1119 
1721654107630.00, -163064, -536598, -1191 
1721654107652.00, -167269, -540145, -1192 
1721654107674.00, -170010, -543812, -1177 
1721654107695.00, -170397, -547512, -1261 
1721654107717.00, -174994, -551241, -1230 
1721654107739.00, -174711, -555066, -1219 
1721654107760.00, -174535, -558886, -1229 
1721654107782.00, -174605, -562698, -1191 
1721654107804.00, -173822, -566516, -1138 
1721654107826.00, -170043, -570296, -1097 
1721654107848.00, -165397, -574003, -1053 
1721654107870.00, -159553, -577596, -1004 
1721654107893.00, -153097, -581074, -952 
1721654107918.00, -146377, -584400, -852 
1721654107936.00, -135795, -587561, -825 
1721654107957.00, -128044, -590511, -700 
1721654107980.00, -115943, -593270, -503 
1721654108001.00, -65856, -595754, -369 
1721654108023.00, -35843, -597183, -313 
1721654108045.00, -18678, -597976, -172 
1721654108066.00, -8566, -598389, 3 
1721654108087.00, -2641, -598579, 88 
1721654108109.00, 5334, -598634, 226 
1721654108130.00, 19078, -598524, 398 
1721654108152.00, 37188, -598117, 631 
1721654108174.00, 62034, -597318, 753 
1721654108195.00, 84089, -595986, 798 
1721654108217.00, 99836, -594149, 911 
1721654108238.00, 116026, -591980, 1019 
1721654108259.00, 131953, -589428, 1021 
1721654108281.00, 141410, -586537, 1041 
1721654108303.00, 147909, -583434, 1083 
1721654108324.00, 154273, -580198, 1066 
1721654108347.00, 156613, -576823, 1087 
1721654108368.00, 159509, -573385, 1123 
1721654108390.00, 163209, -569916, 1133 
1721654108411.00, 165869, -566344, 1110 
1721654108434.00, 165947, -562730, 1111 
1721654108456.00, 165822, -559097, 1120 
1721654108477.00, 166183, -555495, 1047 
1721654108499.00, 161901, -551854, 1036 
1721654108521.00, 158673, -548319, 1054 
1721654108543.00, 157630, -544860, 1044 
1721654108565.00, 156392, -541414, 1084 
1721654108590.00, 157780, -537996, 1129 
1721654108608.00, 161715, -534548, 1138 
1721654108630.00, 164328, -531004, 1165 
1721654108651.00, 167429, -527408, 1217 
1721654108673.00, 172210, -523758, 1210 
1721654108696.00, 174515, -519991, 1210 
1721654108717.00, 174837, -516182, 1198 
1721654108739.00, 174387, -512363, 1169 
1721654108761.00, 173095, -508537, 1152 
1721654108783.00, 171165, -504758, 1151 
1721654108806.00, 169818, -501032, 1138 
1721654108826.00, 168142, -497318, 1128 
1721654108848.00, 166783, -493652, 1096 
1721654108870.00, 163893, -490015, 1098 
1721654108891.00, 162308, -486439, 1084 
1721654108914.00, 160292, -482880, 1102 
1721654108935.00, 160142, -479387, 1106 
1721654108957.00, 160101, -475876, 1095 
1721654108979.00, 159504, -472384, 1092 
1721654109001.00, 158905, -468900, 1089 
1721654109023.00, 158338, -465432, 1080 
1721654109044.00, 157105, -461977, 1036 
1721654109067.00, 153647, -458537, 999 
1721654109089.00, 149488, -455197, 936 
1721654109111.00, 143167, -451948, 885 
1721654109132.00, 136317, -448850, 784 
1721654109154.00, 126087, -445894, 711 
1721654109176.00, 115403, -443169, 614 
1721654109198.00, 103432, -440677, 526 
1721654109219.00, 90952, -438446, 442 
1721654109240.00, 78670, -436481, 339 
1721654109263.00, 64793, -434805, 239 
1721654109284.00, 50468, -433404, 98 
1721654109306.00, 33551, -432329, -52 
1721654109328.00, 14647, -431599, -197 
1721654109349.00, -5124, -431269, -292 
1721654109371.00, -22281, -431366, -463 
1721654109392.00, -43046, -431840, -542 
1721654109414.00, -60046, -432741, -560 
1721654109436.00, -71429, -434049, -668 
1721654109457.00, -84356, -435611, -789 
1721654109479.00, -99363, -437444, -815 
1721654109501.00, -109702, -439596, -868 
1721654109522.00, -118813, -442008, -955 
1721654109543.00, -129415, -444614, -939 
1721654109565.00, -134807, -447431, -955 
1721654109586.00, -138915, -450363, -1007 
1721654109608.00, -144319, -453405, -1014 
1721654109631.00, -147717, -456553, -992 
1721654109652.00, -148419, -459770, -1007 
1721654109673.00, -149520, -463009, -1017 
1721654109695.00, -150835, -466272, -1012 
1721654109717.00, -151318, -469576, -1059 
1721654109739.00, -154030, -472864, -1097 
1721654109761.00, -157791, -476247, -1129 
1721654109782.00, -161979, -479692, -1161 
1721654109804.00, -166197, -483238, -1170 
1721654109826.00, -169085, -486880, -1152 
1721654109847.00, -169618, -490580, -1139 
1721654109869.00, -169023, -494289, -1143 
1721654109892.00, -168950, -497968, -1110 
1721654109913.00, -167037, -501670, -1143 
1721654109935.00, -167706, -505304, -1213 
1721654109956.00, -172245, -508975, -1211 
1721654109979.00, -174612, -512735, -1238 
1721654110005.00, -174653, -516572, -1273 
1721654110023.00, -174689, -520389, -1273 
1721654110044.00, -175097, -524205, -1274 
1721654110066.00, -174716, -528015, -1331 
1721654110088.00, -174658, -531823, -1255 
1721654110110.00, -174654, -535662, -1266 
1721654110131.00, -174354, -539460, -1263 
1721654110153.00, -174418, -543287, -1193 
1721654110174.00, -171279, -547080, -1222 
1721654110197.00, -171088, -550825, -1236 
1721654110218.00, -171671, -554555, -1182 
1721654110240.00, -168779, -558314, -1168 
1721654110262.00, -166238, -562005, -1154 
1721654110283.00, -163847, -565640, -1089 
1721654110305.00, -158648, -569213, -1038 
1721654110328.00, -152427, -572660, -1029 
1721654110351.00, -148208, -575996, -984 
1721654110373.00, -143121, -579196, -915 
1721654110394.00, -135903, -582313, -883 
1721654110415.00, -129446, -585244, -824 
1721654110442.00, -122258, -588038, -679 
1721654110459.00, -109328, -590690, -583 
1721654110481.00, -95462, -593049, -547 
1721654110503.00, -51958, -595098, -416 
1721654110524.00, -26184, -596219, -331 
1721654110548.00, -10878, -596810, -236 
1721654110568.00, -2188, -597062, -126 
1721654110589.00, 2247, -597109, 16 
1721654110611.00, 5743, -597057, 145 
1721654110631.00, 15332, -596919, 290 
1721654110656.00, 30090, -596580, 418 
1721654110675.00, 46375, -595930, 733 
1721654110697.00, 75253, -594931, 865 
1721654110719.00, 100217, -593295, 920 
1721654110739.00, 118335, -591090, 1047 
1721654110763.00, 136770, -588508, 1122 
1721654110783.00, 152069, -585494, 1110 
1721654110805.00, 160000, -582170, 1164 
1721654110827.00, 167638, -578669, 1182 
1721654110848.00, 173225, -575000, 1176 
1721654110871.00, 175075, -571216, 1190 
1721654110892.00, 174651, -567387, 1187 
1721654110914.00, 174710, -563576, 1188 
1721654110936.00, 174777, -559754, 1202 
1721654110957.00, 174777, -555953, 1198 
1721654110979.00, 174768, -552124, 1216 
1721654111001.00, 174817, -548305, 1218 
1721654111022.00, 174863, -544497, 1228 
1721654111044.00, 174568, -540676, 1225 
1721654111066.00, 174744, -536876, 1240 
1721654111088.00, 174765, -533049, 1273 
1721654111110.00, 174696, -529226, 1285 
1721654111132.00, 174821, -525420, 1286 
1721654111154.00, 174788, -521598, 1278 
1721654111176.00, 174516, -517779, 1277 
1721654111197.00, 174633, -513967, 1274 
1721654111219.00, 174791, -510163, 1267 
1721654111241.00, 174889, -506338, 1260 
1721654111263.00, 174628, -502506, 1271 
1721654111285.00, 174757, -498700, 1254 
1721654111306.00, 174588, -494883, 1230 
1721654111328.00, 174769, -491061, 1206 
1721654111350.00, 174771, -487254, 1211 
1721654111372.00, 174750, -483433, 1202 
1721654111394.00, 174873, -479611, 1202 
1721654111415.00, 174784, -475789, 1228 
1721654111437.00, 174560, -471980, 1210 
1721654111459.00, 174616, -468161, 1209 
1721654111497.00, 174712, -464348, 1167 
1721654111502.00, 174462, -460534, 1138 
1721654111525.00, 173017, -456723, 1085 
1721654111546.00, 168684, -452959, 1021 
1721654111569.00, 162165, -449264, 965 
1721654111591.00, 154753, -445745, 904 
1721654111613.00, 146488, -442383, 858 
1721654111636.00, 138746, -439210, 777 
1721654111656.00, 129080, -436199, 674 
1721654111677.00, 117152, -433412, 527 
1721654111699.00, 100928, -430885, 371 
1721654111721.00, 59304, -428728, 195 
1721654111745.00, 34333, -427447, 123 
1721654111764.00, 19895, -426684, -30 
1721654111786.00, 9574, -426249, -135 
1721654111808.00, -2086, -426039, -248 
1721654111829.00, -16634, -426073, -277 
1721654111851.00, -26999, -426428, -524 
1721654111872.00, -47648, -427012, -666 
1721654111894.00, -68610, -428035, -706 
1721654111916.00, -83539, -429518, -777 
1721654111938.00, -96526, -431344, -892 
1721654111959.00, -111158, -433433, -940 
1721654111981.00, -122745, -435869, -928 
1721654112002.00, -128685, -438557, -966 
1721654112025.00, -134419, -441355, -946 
1721654112046.00, -136504, -444292, -928 
1721654112068.00, -136528, -447254, -948 
1721654112089.00, -137718, -450227, -949 
1721654112111.00, -138515, -453230, -945 
1721654112133.00, -138605, -456230, -972 
1721654112154.00, -140163, -459255, -1011 
1721654112175.00, -143426, -462324, -1030 
1721654112200.00, -146521, -465455, -1088 
1721654112219.00, -151621, -468680, -1104 
1721654112240.00, -155685, -471985, -1117 
1721654112262.00, -158782, -475399, -1144 
1721654112284.00, -162307, -478870, -1115 
1721654112306.00, -162673, -482394, -1119 
1721654112328.00, -162774, -485958, -1100 
1721654112350.00, -161693, -489502, -1044 
1721654112371.00, -157580, -493053, -1054 
1721654112394.00, -155446, -496485, -1065 
1721654112415.00, -154721, -499888, -1033 
1721654112437.00, -152466, -503277, -1101 
1721654112459.00, -155202, -506612, -1137 
1721654112481.00, -159085, -510011, -1120 
1721654112502.00, -160343, -513490, -1172 
1721654112525.00, -164089, -517011, -1210 
1721654112546.00, -168637, -520582, -1140 
1721654112568.00, -167176, -524266, -1200 
1721654112590.00, -169681, -527919, -1181 
1721654112612.00, -170032, -531621, -1082 
1721654112633.00, -163970, -535339, -1054 
1721654112655.00, -158675, -538905, -1036 
1721654112677.00, -154551, -542376, -936 
1721654112700.00, -145969, -545719, -939 
1721654112722.00, -141033, -548901, -938 
1721654112743.00, -137811, -551966, -934 
1721654112764.00, -135963, -554957, -933 
1721654112787.00, -134749, -557909, -990 
1721654112808.00, -137447, -560839, -968 
1721654112830.00, -137756, -563825, -962 
1721654112850.00, -137389, -566829, -1001 
1721654112873.00, -139494, -569832, -964 
1721654112895.00, -138687, -572863, -930 
1721654112917.00, -135946, -575886, -916 
1721654112939.00, -133246, -578825, -871 
1721654112962.00, -129130, -581727, -838 
1721654112983.00, -124557, -584532, -791 
1721654113004.00, -118935, -587217, -723 
1721654113026.00, -111605, -589804, -639 
1721654113047.00, -101796, -592215, -566 
1721654113069.00, -91941, -594418, -414 
1721654113091.00, -51620, -596368, -279 
1721654113112.00, -27302, -597500, -214 
1721654113134.00, -13488, -598120, -120 
1721654113156.00, -5218, -598413, 17 
1721654113177.00, 78, -598526, 145 
1721654113198.00, 11166, -598529, 213 
1721654113220.00, 21485, -598296, 336 
1721654113241.00, 35531, -597820, 467 
1721654113263.00, 51464, -597050, 723 
1721654113285.00, 76296, -595951, 744 
1721654113307.00, 92342, -594294, 792 
1721654113328.00, 104694, -592283, 878 
1721654113350.00, 116926, -589987, 947 
1721654113372.00, 128192, -587445, 969 
1721654113393.00, 136137, -584637, 1018 
1721654113414.00, 143643, -581656, 1055 
1721654113436.00, 150134, -578505, 1087 
1721654113458.00, 155738, -575217, 1115 
1721654113480.00, 160796, -571809, 1151 
1721654113501.00, 165807, -568287, 1159 
1721654113523.00, 169408, -564653, 1190 
1721654113545.00, 173068, -560949, 1203 
1721654113566.00, 174977, -557171, 1190 
1721654113588.00, 174670, -553357, 1216 
1721654113610.00, 174766, -549534, 1219 
1721654113632.00, 174749, -545721, 1223 
1721654113654.00, 174752, -541900, 1235 
1721654113676.00, 174921, -538080, 1224 
1721654113697.00, 174686, -534270, 1249 
1721654113720.00, 174820, -530459, 1241 
1721654113742.00, 174791, -526643, 1252 
1721654113763.00, 174860, -522830, 1263 
1721654113785.00, 174900, -518998, 1262 
1721654113806.00, 174940, -515177, 1290 
1721654113831.00, 174681, -511361, 1302 
1721654113850.00, 174686, -507537, 1289 
1721654113872.00, 174851, -503732, 1298 
1721654113894.00, 175062, -499914, 1289 
1721654113916.00, 174582, -496096, 1272 
1721654113938.00, 174678, -492279, 1257 
1721654113959.00, 174653, -488459, 1237 
1721654113981.00, 174690, -484648, 1207 
1721654114003.00, 174776, -480834, 1172 
1721654114025.00, 174617, -477019, 1142 
1721654114048.00, 172765, -473211, 1135 
1721654114068.00, 170663, -469445, 1114 
1721654114090.00, 168082, -465707, 1061 
1721654114112.00, 163190, -462036, 1038 
1721654114134.00, 158966, -458475, 1035 
1721654114156.00, 156238, -455009, 1038 
1721654114179.00, 154663, -451605, 982 
1721654114201.00, 150424, -448243, 920 
1721654114222.00, 143916, -444973, 889 
1721654114244.00, 138123, -441851, 838 
1721654114266.00, 131580, -438852, 797 
1721654114287.00, 125238, -435993, 737 
1721654114309.00, 117774, -433281, 665 
1721654114331.00, 108653, -430743, 546 
1721654114352.00, 62728, -428414, 403 
1721654114374.00, 35393, -427048, 315 
1721654114396.00, 19096, -426272, 155 
1721654114417.00, 9850, -425852, -30 
1721654114439.00, 2976, -425647, -184 
1721654114461.00, -10151, -425591, -275 
1721654114486.00, -23722, -425807, -549 
1721654114504.00, -48163, -426308, -628 
1721654114526.00, -67556, -427328, -671 
1721654114547.00, -81484, -428800, -758 
1721654114569.00, -94952, -430566, -846 
1721654114593.00, -108211, -432625, -858 
1721654114612.00, -116721, -435012, -884 
1721654114634.00, -123358, -437555, -919 
1721654114656.00, -129286, -440237, -919 
1721654114677.00, -132606, -443056, -923 
1721654114699.00, -134785, -445942, -936 
1721654114721.00, -136838, -448876, -988 
1721654114743.00, -141046, -451870, -983 
1721654114763.00, -143137, -454936, -1002 
1721654114784.00, -145317, -458064, -1062 
1721654114807.00, -150263, -461252, -1068 
1721654114828.00, -153508, -464521, -1084 
1721654114850.00, -156220, -467893, -1115 
1721654114872.00, -159472, -471306, -1118 
1721654114894.00, -161588, -474796, -1096 
1721654114918.00, -161367, -478320, -1100 
1721654114938.00, -161534, -481837, -1105 
1721654114959.00, -161868, -485375, -1103 
1721654114981.00, -162012, -488899, -1093 
1721654115003.00, -161158, -492442, -1087 
1721654115029.00, -160141, -495962, -1066 
1721654115046.00, -158316, -499459, -1013 
1721654115069.00, -154028, -502931, -1046 
1721654115091.00, -153246, -506280, -1057 
1721654115111.00, -153444, -509632, -1071 
1721654115133.00, -154422, -512986, -1109 
1721654115157.00, -157261, -516367, -1117 
1721654115177.00, -159492, -519814, -1137 
1721654115200.00, -161697, -523291, -1173 
1721654115221.00, -165274, -526828, -1155 
1721654115243.00, -166101, -530433, -1162 
1721654115265.00, -167223, -534071, -1193 
1721654115287.00, -169576, -537714, -1178 
1721654115308.00, -170074, -541421, -1149 
1721654115330.00, -168497, -545138, -1189 
1721654115352.00, -169904, -548828, -1168 
1721654115374.00, -169294, -552533, -1160 
1721654115396.00, -168407, -556222, -1165 
1721654115418.00, -168131, -559907, -1126 
1721654115439.00, -165805, -563560, -1082 
1721654115461.00, -161464, -567183, -1129 
1721654115483.00, -161657, -570702, -1066 
1721654115505.00, -157897, -574237, -1041 
1721654115527.00, -153861, -577679, -1060 
1721654115548.00, -152764, -581034, -1001 
1721654115575.00, -148801, -584374, -935 
1721654115593.00, -142147, -587592, -918 
1721654115614.00, -137136, -590673, -777 
1721654115636.00, -125723, -593644, -675 
1721654115658.00, -71032, -596333, -590 
1721654115682.00, -38680, -597884, -472 
1721654115701.00, -19957, -598731, -347 
1721654115723.00, -9127, -599176, -242 
1721654115745.00, -2837, -599376, -164 
1721654115766.00, 135, -599433, -63 
1721654115787.00, 2289, -599429, 59 
1721654115809.00, 7439, -599376, 153 
1721654115831.00, 15628, -599214, 343 
1721654115852.00, 32294, -598875, 415 
1721654115874.00, 46366, -598176, 697 
1721654115896.00, 71598, -597179, 760 
1721654115916.00, 90630, -595624, 889 
1721654115938.00, 109356, -593645, 1044 
1721654115960.00, 129721, -591236, 1067 
1721654115981.00, 143147, -588402, 1106 
1721654116003.00, 153270, -585248, 1168 
1721654116024.00, 162880, -581897, 1172 
1721654116047.00, 168780, -578333, 1165 
1721654116069.00, 171484, -574636, 1183 
1721654116090.00, 174067, -570891, 1193 
1721654116112.00, 174906, -567076, 1200 
1721654116134.00, 174796, -563270, 1192 
1721654116156.00, 174561, -559458, 1214 
1721654116177.00, 174720, -555644, 1221 
1721654116199.00, 174846, -551821, 1236 
1721654116221.00, 174881, -547996, 1231 
1721654116243.00, 174712, -544189, 1247 
1721654116265.00, 174715, -540376, 1241 
1721654116287.00, 174686, -536562, 1239 
1721654116308.00, 174627, -532752, 1231 
1721654116330.00, 174754, -528930, 1196 
1721654116352.00, 174918, -525115, 1152 
1721654116374.00, 173445, -521293, 1177 
1721654116396.00, 174087, -517503, 1173 
1721654116417.00, 174256, -513706, 1200 
1721654116439.00, 174790, -509907, 1237 
1721654116461.00, 174816, -506082, 1250 
1721654116483.00, 174824, -502259, 1264 
1721654116505.00, 174766, -498429, 1286 
1721654116527.00, 174570, -494623, 1305 
1721654116548.00, 174790, -490803, 1281 
1721654116570.00, 175009, -486986, 1273 
1721654116592.00, 174651, -483172, 1252 
1721654116614.00, 174706, -479353, 1229 
1721654116635.00, 174683, -475534, 1216 
1721654116658.00, 174710, -471722, 1199 
1721654116679.00, 174718, -467906, 1176 
1721654116701.00, 174309, -464096, 1138 
1721654116723.00, 171758, -460288, 1094 
1721654116745.00, 167387, -456542, 1065 
1721654116766.00, 162915, -452906, 1037 
1721654116789.00, 158509, -449340, 981 
1721654116811.00, 152366, -445904, 910 
1721654116833.00, 144356, -442593, 856 
1721654116855.00, 136186, -439471, 767 
1721654116876.00, 126022, -436521, 658 
1721654116898.00, 113361, -433794, 546 
1721654116920.00, 98888, -431355, 459 
1721654116941.00, 56920, -429226, 370 
1721654116963.00, 31949, -427995, 342 
1721654116985.00, 17424, -427278, 229 
1721654117006.00, 9079, -426899, 115 
1721654117028.00, 4002, -426700, 42 
1721654117049.00, 987, -426616, -39 
1721654117070.00, -2402, -426598, -138 
1721654117093.00, -10605, -426649, -230 
1721654117114.00, -21276, -426876, -271 
1721654117136.00, -30170, -427344, -534 
1721654117157.00, -51111, -428000, -595 
1721654117179.00, -67181, -429087, -647 
1721654117200.00, -79730, -430541, -734 
1721654117222.00, -92449, -432287, -808 
1721654117244.00, -104304, -434298, -849 
1721654117266.00, -113688, -436577, -891 
1721654117288.00, -121870, -439062, -913 
1721654117309.00, -127977, -441732, -935 
1721654117331.00, -132656, -444532, -956 
1721654117352.00, -136799, -447414, -976 
1721654117373.00, -140390, -450396, -1006 
1721654117394.00, -144237, -453471, -1008 
1721654117417.00, -146546, -456611, -1023 
1721654117439.00, -148808, -459825, -1050 
1721654117460.00, -151750, -463073, -1074 
1721654117482.00, -154573, -466378, -1095 
1721654117503.00, -157491, -469770, -1120 
1721654117526.00, -160669, -473210, -1167 
1721654117548.00, -165225, -476735, -1172 
1721654117569.00, -168291, -480352, -1168 
1721654117591.00, -169618, -484038, -1197 
1721654117613.00, -171970, -487741, -1173 
1721654117635.00, -171922, -491499, -1184 
1721654117657.00, -172672, -495250, -1184 
1721654117679.00, -173061, -499015, -1185 
1721654117700.00, -172970, -502809, -1190 
1721654117722.00, -173474, -506587, -1174 
1721654117743.00, -172645, -510385, -1182 
1721654117770.00, -172421, -514135, -1203 
1721654117787.00, -173579, -517926, -1225 
1721654117809.00, -174982, -521708, -1254 
1721654117831.00, -174568, -525525, -1267 
1721654117853.00, -174705, -529347, -1220 
1721654117875.00, -174699, -533181, -1241 
1721654117897.00, -174624, -536990, -1206 
1721654117918.00, -174919, -540795, -1155 
1721654117940.00, -171878, -544604, -1159 
1721654117962.00, -170046, -548354, -1151 
1721654117983.00, -168624, -552068, -1063 
1721654118006.00, -162260, -555751, -1083 
1721654118027.00, -159590, -559299, -1054 
1721654118049.00, -156336, -562767, -1006 
1721654118071.00, -151382, -566192, -1000 
1721654118093.00, -148143, -569495, -998 
1721654118116.00, -146169, -572709, -958 
1721654118137.00, -142367, -575887, -974 
1721654118159.00, -140962, -578963, -932 
1721654118181.00, -137613, -582039, -875 
1721654118202.00, -132293, -585024, -845 
1721654118224.00, -127219, -587883, -792 
1721654118246.00, -120923, -590642, -686 
1721654118268.00, -110720, -593256, -591 
1721654118289.00, -62518, -595632, -488 
1721654118311.00, -34108, -596988, -381 
1721654118333.00, -17459, -597747, -295 
1721654118354.00, -7919, -598141, -199 
1721654118376.00, -2223, -598318, -126 
1721654118398.00, 641, -598364, -17 
1721654118419.00, 2248, -598339, 254 
1721654118440.00, 18567, -598277, 400 
1721654118462.00, 37067, -597874, 635 
1721654118484.00, 62179, -597075, 794 
1721654118505.00, 86935, -595737, 876 
1721654118527.00, 106255, -593835, 972 
1721654118547.00, 123661, -591502, 1064 
1721654118569.00, 139291, -588796, 1089 
1721654118591.00, 149813, -585739, 1109 
1721654118613.00, 157213, -582444, 1123 
1721654118637.00, 162320, -579012, 1150 
1721654118657.00, 166775, -575465, 1176 
1721654118678.00, 170852, -571816, 1164 
1721654118700.00, 172489, -568076, 1213 
1721654118722.00, 174870, -564300, 1213 
1721654118744.00, 174875, -560476, 1218 
1721654118765.00, 174573, -556664, 1242 
1721654118788.00, 174757, -552848, 1232 
1721654118810.00, 174907, -549040, 1233 
1721654118831.00, 174729, -545217, 1237 
1721654118857.00, 174563, -541397, 1226 
1721654118875.00, 174784, -537590, 1222 
1721654118897.00, 174633, -533772, 1235 
1721654118918.00, 174721, -529956, 1236 
1721654118940.00, 174781, -526141, 1251 
1721654118962.00, 174743, -522321, 1252 
1721654118984.00, 174871, -518511, 1264 
1721654119006.00, 174806, -514679, 1270 
1721654119027.00, 174628, -510866, 1297 
1721654119049.00, 174688, -507055, 1309 
1721654119071.00, 174850, -503233, 1318 
1721654119093.00, 174433, -499409, 1326 
1721654119115.00, 174772, -495593, 1344 
1721654119137.00, 174632, -491777, 1350 
1721654119158.00, 174650, -487961, 1394 
1721654119181.00, 174584, -484140, 1392 
1721654119202.00, 174704, -480334, 1362 
1721654119224.00, 174867, -476500, 1346 
1721654119245.00, 174569, -472692, 1310 
1721654119268.00, 174509, -468877, 1285 
1721654119289.00, 174519, -465056, 1260 
1721654119311.00, 174700, -461260, 1238 
1721654119333.00, 174773, -457438, 1197 
1721654119355.00, 174802, -453612, 1162 
1721654119376.00, 174091, -449796, 1118 
1721654119398.00, 170725, -445999, 1071 
1721654119421.00, 165867, -442279, 999 
1721654119443.00, 158454, -438689, 916 
1721654119465.00, 149025, -435245, 835 
1721654119487.00, 138208, -432028, 733 
1721654119508.00, 80308, -429040, 605 
1721654119530.00, 46323, -427300, 471 
1721654119551.00, 26232, -426306, 325 
1721654119573.00, 14733, -425733, 177 
1721654119595.00, 7956, -425422, -9 
1721654119616.00, 4266, -425261, -205 
1721654119638.00, -9830, -425185, -311 
1721654119660.00, -24872, -425396, -588 
1721654119681.00, -50638, -425922, -658 
1721654119702.00, -70302, -426996, -725 
1721654119724.00, -86125, -428533, -831 
1721654119746.00, -101722, -430390, -861 
1721654119767.00, -112685, -432608, -888 
1721654119790.00, -120624, -435085, -928 
1721654119811.00, -127755, -437721, -911 
1721654119836.00, -130956, -440489, -923 
1721654119855.00, -133333, -443359, -936 
1721654119876.00, -135552, -446256, -944 
1721654119898.00, -137222, -449197, -970 
1721654119920.00, -139723, -452205, -967 
1721654119942.00, -141115, -455239, -992 
1721654119962.00, -143303, -458314, -1028 
1721654119984.00, -146564, -461448, -1043 
1721654120006.00, -149395, -464648, -1049 
1721654120028.00, -151125, -467915, -1066 
1721654120049.00, -153121, -471228, -1086 
1721654120073.00, -155505, -474572, -1084 
1721654120092.00, -156762, -477976, -1102 
1721654120114.00, -158382, -481395, -1118 
1721654120137.00, -160491, -484872, -1118 
1721654120158.00, -161575, -488369, -1145 
1721654120180.00, -163994, -491906, -1163 
1721654120202.00, -166362, -495489, -1172 
1721654120224.00, -168142, -499120, -1190 
1721654120246.00, -170064, -502812, -1217 
1721654120267.00, -172958, -506529, -1215 
1721654120289.00, -174478, -510313, -1218 
1721654120311.00, -174747, -514108, -1211 
1721654120333.00, -174695, -517938, -1234 
1721654120355.00, -174935, -521748, -1211 
1721654120376.00, -174807, -525583, -1185 
1721654120398.00, -173419, -529398, -1224 
1721654120420.00, -174702, -533178, -1155 
1721654120442.00, -171599, -536990, -1135 
1721654120464.00, -168492, -540736, -1149 
1721654120486.00, -167405, -544407, -1108 
1721654120508.00, -164332, -548056, -1088 
1721654120529.00, -160618, -551644, -1109 
1721654120551.00, -160007, -555146, -1062 
1721654120573.00, -156828, -558651, -1053 
1721654120594.00, -154323, -562071, -1039 
1721654120619.00, -151988, -565434, -998 
1721654120638.00, -147966, -568745, -1027 
1721654120661.00, -147345, -571966, -989 
1721654120682.00, -144802, -575181, -957 
1721654120705.00, -141089, -578317, -995 
1721654120730.00, -141283, -581380, -944 
1721654120748.00, -138056, -584448, -882 
1721654120770.00, -132562, -587454, -868 
1721654120792.00, -128416, -590326, -766 
1721654120813.00, -119791, -593111, -692 
1721654120834.00, -67539, -595681, -550 
1721654120856.00, -36429, -597143, -471 
1721654120878.00, -18597, -597952, -378 
1721654120899.00, -8113, -598370, -263 
1721654120921.00, -2124, -598555, -176 
1721654120943.00, 770, -598601, -80 
1721654120964.00, 3047, -598576, 131 
1721654120986.00, 12309, -598496, 396 
1721654121007.00, 33350, -598234, 488 
1721654121029.00, 51427, -597521, 692 
1721654121050.00, 74398, -596414, 760 
1721654121072.00, 91992, -594805, 803 
1721654121094.00, 105050, -592794, 853 
1721654121116.00, 115610, -590501, 854 
1721654121138.00, 121905, -587992, 852 
1721654121161.00, 125239, -585332, 876 
1721654121181.00, 128790, -582598, 875 
1721654121203.00, 130663, -579797, 877 
1721654121225.00, 131869, -576954, 916 
1721654121246.00, 134593, -574086, 951 
1721654121268.00, 138160, -571162, 995 
1721654121289.00, 142704, -568144, 1030 
1721654121310.00, 147657, -565018, 1082 
1721654121332.00, 153417, -561778, 1124 
1721654121354.00, 159430, -558421, 1123 
1721654121377.00, 162870, -554941, 1136 
1721654121398.00, 165550, -551380, 1158 
1721654121419.00, 168322, -547753, 1156 
1721654121441.00, 169707, -544072, 1174 
1721654121463.00, 171457, -540356, 1195 
1721654121484.00, 173591, -536625, 1195 
1721654121506.00, 174713, -532819, 1191 
1721654121529.00, 174752, -529002, 1212 
1721654121550.00, 174829, -525176, 1183 
1721654121572.00, 174432, -521368, 1117 
1721654121593.00, 170181, -517564, 1002 
1721654121617.00, 160688, -513854, 925 
1721654121638.00, 150346, -510384, 902 
1721654121661.00, 142761, -507106, 885 
1721654121682.00, 137323, -504006, 918 
1721654121708.00, 136111, -501015, 978 
1721654121725.00, 138875, -498059, 1034 
1721654121746.00, 143821, -495008, 1078 
1721654121768.00, 149384, -491868, 1132 
1721654121790.00, 155774, -488605, 1156 
1721654121813.00, 161099, -485184, 1175 
1721654121834.00, 165074, -481652, 1178 
1721654121855.00, 167592, -478043, 1192 
1721654121877.00, 169981, -474384, 1163 
1721654121899.00, 169507, -470681, 1160 
1721654121921.00, 168946, -466968, 1139 
1721654121943.00, 167468, -463275, 1124 
1721654121964.00, 165433, -459625, 1093 
1721654121986.00, 162361, -456010, 1075 
1721654122008.00, 159408, -452469, 1041 
1721654122031.00, 155367, -448992, 975 
1721654122053.00, 149016, -445623, 901 
1721654122074.00, 140714, -442388, 828 
1721654122096.00, 131340, -439341, 712 
1721654122118.00, 118875, -436505, 574 
1721654122141.00, 102864, -433936, 446 
1721654122161.00, 85853, -431730, 315 
1721654122183.00, 48503, -429886, 195 
1721654122205.00, 26325, -428839, 139 
1721654122226.00, 13163, -428270, -55 
1721654122252.00, 2315, -427982, -211 
1721654122269.00, -13089, -427928, -295 
1721654122291.00, -27383, -428202, -492 
1721654122313.00, -47921, -428788, -602 
1721654122334.00, -66609, -429798, -618 
1721654122361.00, -78887, -431250, -730 
1721654122377.00, -92591, -432967, -897 
1721654122400.00, -110656, -434989, -854 
1721654122421.00, -118747, -437407, -897 
1721654122443.00, -125980, -439991, -954 
1721654122466.00, -133440, -442745, -949 
1721654122486.00, -137613, -445671, -970 
1721654122508.00, -141093, -448650, -985 
1721654122529.00, -144053, -451756, -1000 
1721654122551.00, -146623, -454893, -1005 
1721654122574.00, -148320, -458097, -1020 
1721654122594.00, -150210, -461350, -1065 
1721654122616.00, -153982, -464630, -1041 
1721654122637.00, -154816, -467994, -1061 
1721654122659.00, -156150, -471380, -1082 
1721654122684.00, -157995, -474788, -1087 
1721654122703.00, -159357, -478246, -1106 
1721654122725.00, -161244, -481717, -1126 
1721654122747.00, -163514, -485261, -1139 
1721654122769.00, -165797, -488821, -1158 
1721654122795.00, -167963, -492447, -1143 
1721654122812.00, -168348, -496113, -1174 
1721654122834.00, -170250, -499809, -1179 
1721654122855.00, -171630, -503531, -1159 
1721654122878.00, -171095, -507281, -1170 
1721654122905.00, -171377, -511011, -1200 
1721654122921.00, -173426, -514747, -1195 
1721654122943.00, -174220, -518551, -1190 
1721654122964.00, -174164, -522336, -1235 
1721654122987.00, -174661, -526168, -1230 
1721654123010.00, -174745, -529976, -1210 
1721654123030.00, -174543, -533796, -1254 
1721654123051.00, -174719, -537603, -1275 
1721654123074.00, -175020, -541419, -1242 
1721654123095.00, -174355, -545241, -1279 
1721654123118.00, -174311, -549058, -1238 
1721654123139.00, -173855, -552867, -1175 
1721654123161.00, -169882, -556663, -1181 
1721654123183.00, -167797, -560349, -1163 
1721654123204.00, -165648, -564001, -1101 
1721654123233.00, -160423, -567622, -1096 
1721654123248.00, -156694, -571115, -1012 
1721654123271.00, -149745, -574548, -978 
1721654123293.00, -143190, -577786, -978 
1721654123315.00, -139706, -580891, -902 
1721654123340.00, -133143, -583925, -836 
1721654123359.00, -125112, -586806, -821 
1721654123380.00, -119411, -589521, -722 
1721654123402.00, -110109, -592108, -588 
1721654123423.00, -96481, -594489, -484 
1721654123449.00, -52614, -596544, -370 
1721654123467.00, -26705, -597696, -296 
1721654123488.00, -11369, -598293, -206 
1721654123510.00, -2399, -598554, -101 
1721654123531.00, 2092, -598612, -11 
1721654123553.00, 5028, -598571, 121 
1721654123575.00, 13548, -598445, 358 
1721654123596.00, 33338, -598146, 424 
1721654123618.00, 48974, -597426, 722 
1721654123639.00, 76050, -596371, 855 
1721654123661.00, 100124, -594723, 893 
1721654123682.00, 116638, -592527, 1004 
1721654123703.00, 133061, -589951, 1107 
1721654123725.00, 148694, -587037, 1153 
1721654123747.00, 160523, -583782, 1180 
1721654123769.00, 168950, -580252, 1229 
1721654123790.00, 175070, -576557, 1228 
1721654123813.00, 174919, -572737, 1204 
1721654123834.00, 174853, -568913, 1249 
1721654123856.00, 174883, -565094, 1248 
1721654123878.00, 174774, -561262, 1314 
1721654123900.00, 175064, -557457, 1294 
1721654123921.00, 174631, -553637, 1335 
1721654123944.00, 174709, -549819, 1362 
1721654123965.00, 174795, -546012, 1370 
1721654123987.00, 174672, -542187, 1368 
1721654124009.00, 174776, -538375, 1349 
1721654124030.00, 174772, -534558, 1335 
1721654124053.00, 174637, -530741, 1307 
1721654124074.00, 174708, -526937, 1299 
1721654124095.00, 174840, -523121, 1298 
1721654124118.00, 174869, -519305, 1298 
1721654124140.00, 174667, -515470, 1308 
1721654124161.00, 174776, -511657, 1294 
1721654124183.00, 174591, -507837, 1304 
1721654124205.00, 174709, -504024, 1316 
1721654124227.00, 174694, -500216, 1314 
1721654124249.00, 174728, -496387, 1351 
1721654124270.00, 174812, -492563, 1356 
1721654124292.00, 174818, -488749, 1367 
1721654124314.00, 174654, -484937, 1398 
1721654124336.00, 174844, -481126, 1434 
1721654124358.00, 174850, -477307, 1467 
1721654124379.00, 174421, -473495, 1474 
1721654124402.00, 174729, -469668, 1464 
1721654124423.00, 174570, -465851, 1438 
1721654124446.00, 174553, -462037, 1401 
1721654124467.00, 174506, -458232, 1335 
1721654124488.00, 174550, -454417, 1281 
1721654124510.00, 174826, -450600, 1234 
1721654124532.00, 174632, -446786, 1175 
1721654124554.00, 174485, -442975, 1096 
1721654124575.00, 171352, -439160, 1013 
1721654124599.00, 164396, -435422, 926 
1721654124620.00, 154848, -431866, 834 
1721654124642.00, 91544, -428521, 756 
1721654124663.00, 54669, -426517, 792 
1721654124686.00, 32961, -425351, 610 
1721654124707.00, 20420, -424627, 489 
1721654124728.00, 13091, -424180, 325 
1721654124750.00, 8765, -423912, 96 
1721654124772.00, 5987, -423739, -106 
1721654124794.00, -1205, -423619, -288 
1721654124815.00, -17031, -423649, -448 
1721654124837.00, -36124, -424014, -662 
1721654124859.00, -60552, -424781, -676 
1721654124880.00, -75768, -426085, -831 
1721654124901.00, -94317, -427741, -874 
1721654124923.00, -107744, -429781, -892 
1721654124945.00, -116839, -432135, -962 
1721654124967.00, -126257, -434698, -968 
1721654124992.00, -132321, -437452, -985 
1721654125009.00, -136809, -440332, -1009 
1721654125031.00, -140807, -443323, -1026 
1721654125052.00, -144228, -446400, -1062 
1721654125075.00, -148364, -449552, -1067 
1721654125097.00, -151113, -452809, -1096 
1721654125118.00, -154328, -456098, -1125 
1721654125140.00, -157996, -459480, -1147 
1721654125162.00, -161539, -462933, -1170 
1721654125184.00, -164767, -466469, -1180 
1721654125206.00, -167387, -470072, -1186 
1721654125228.00, -168702, -473728, -1189 
1721654125249.00, -169873, -477432, -1198 
1721654125270.00, -171031, -481135, -1209 
1721654125293.00, -172566, -484880, -1222 
1721654125319.00, -174318, -488648, -1243 
1721654125337.00, -174866, -492463, -1263 
1721654125358.00, -174693, -496275, -1269 
1721654125380.00, -174838, -500100, -1278 
1721654125402.00, -174673, -503915, -1279 
1721654125424.00, -174704, -507732, -1284 
1721654125446.00, -174806, -511549, -1293 
1721654125467.00, -174923, -515362, -1298 
1721654125488.00, -174701, -519193, -1296 
1721654125510.00, -174627, -522996, -1303 
1721654125536.00, -174920, -526824, -1267 
1721654125555.00, -174764, -530622, -1307 
1721654125576.00, -174720, -534456, -1325 
1721654125598.00, -174755, -538261, -1297 
1721654125620.00, -174693, -542087, -1275 
1721654125643.00, -174504, -545901, -1279 
1721654125663.00, -174455, -549714, -1188 
1721654125685.00, -171114, -553511, -1153 
1721654125707.00, -166860, -557243, -1155 
1721654125729.00, -164526, -560882, -1059 
1721654125751.00, -157373, -564450, -992 
1721654125773.00, -148831, -567870, -914 
1721654125796.00, -139031, -571091, -881 
1721654125817.00, -131163, -574117, -864 
1721654125839.00, -125701, -576957, -815 
1721654125861.00, -119509, -579676, -855 
1721654125882.00, -118192, -582298, -849 
1721654125904.00, -117207, -584856, -782 
1721654125925.00, -112519, -587391, -799 
1721654125947.00, -110908, -589845, -763 
1721654125969.00, -107586, -592244, -644 
1721654125991.00, -98440, -594575, -537 
1721654126013.00, -53784, -596675, -419 
1721654126034.00, -27121, -597859, -370 
1721654126056.00, -11552, -598475, -232 
1721654126077.00, -2671, -598737, -125 
1721654126099.00, 1870, -598798, -23 
1721654126120.00, 4897, -598755, 164 
1721654126142.00, 16306, -598636, 424 
1721654126164.00, 38855, -598279, 564 
1721654126185.00, 60596, -597448, 835 
1721654126207.00, 89782, -596144, 901 
1721654126228.00, 111215, -594186, 972 
1721654126249.00, 127790, -591749, 1081 
1721654126271.00, 144073, -588940, 1132 
1721654126293.00, 156456, -585780, 1150 
1721654126315.00, 164752, -582352, 1200 
1721654126337.00, 172532, -578741, 1193 
1721654126358.00, 175067, -574964, 1200 
1721654126380.00, 174842, -571145, 1234 
1721654126407.00, 174609, -567321, 1216 
1721654126424.00, 174675, -563516, 1178 
1721654126446.00, 174713, -559690, 1159 
1721654126467.00, 174642, -555885, 1150 
1721654126489.00, 174631, -552073, 1155 
1721654126511.00, 174730, -548249, 1182 
1721654126533.00, 174907, -544432, 1190 
1721654126555.00, 174760, -540608, 1183 
1721654126576.00, 174771, -536798, 1234 
1721654126597.00, 174739, -532970, 1272 
1721654126620.00, 174763, -529163, 1282 
1721654126642.00, 174470, -525339, 1284 
1721654126663.00, 174840, -521524, 1294 
1721654126686.00, 174583, -517706, 1317 
1721654126707.00, 174672, -513886, 1325 
1721654126729.00, 174697, -510090, 1322 
1721654126750.00, 174664, -506263, 1333 
1721654126773.00, 174702, -502431, 1329 
1721654126795.00, 174584, -498626, 1294 
1721654126816.00, 174528, -494804, 1253 
1721654126838.00, 174731, -490989, 1236 
1721654126860.00, 174775, -487172, 1264 
1721654126882.00, 174731, -483359, 1274 
1721654126904.00, 174839, -479532, 1279 
1721654126925.00, 174838, -475712, 1294 
1721654126947.00, 174464, -471901, 1300 
1721654126970.00, 174665, -468078, 1296 
1721654126991.00, 174775, -464269, 1305 
1721654127013.00, 174530, -460451, 1279 
1721654127035.00, 174522, -456633, 1226 
1721654127061.00, 174526, -452831, 1151 
1721654127077.00, 173860, -449010, 1084 
1721654127100.00, 169313, -445208, 1009 
1721654127123.00, 162152, -441523, 938 
1721654127145.00, 153314, -438013, 883 
1721654127168.00, 144677, -434684, 820 
1721654127188.00, 135403, -431553, 759 
1721654127210.00, 79373, -428634, 651 
1721654127231.00, 46503, -426903, 627 
1721654127253.00, 27173, -425909, 406 
1721654127275.00, 15931, -425320, 234 
1721654127296.00, 9160, -424987, 42 
1721654127318.00, 5321, -424795, -136 
1721654127339.00, -4699, -424682, -280 
1721654127361.00, -19457, -424782, -505 
1721654127383.00, -41774, -425197, -612 
1721654127404.00, -61634, -426078, -658 
1721654127426.00, -76113, -427421, -823 
1721654127447.00, -94710, -429080, -855 
1721654127469.00, -107616, -431134, -855 
1721654127491.00, -115255, -433482, -909 
1721654127513.00, -122803, -436005, -926 
1721654127535.00, -128104, -438694, -915 
1721654127556.00, -130741, -441484, -927 
1721654127578.00, -130335, -444338, -926 
1721654127600.00, -130235, -447163, -951 
1721654127622.00, -131532, -449991, -965 
1721654127644.00, -133079, -452859, -988 
1721654127664.00, -135390, -455755, -1014 
1721654127686.00, -138235, -458726, -1046 
1721654127707.00, -142069, -461756, -1070 
1721654127729.00, -145605, -464849, -1095 
1721654127751.00, -149376, -468055, -1124 
1721654127773.00, -153229, -471320, -1136 
1721654127795.00, -156126, -474677, -1152 
1721654127816.00, -158853, -478089, -1168 
1721654127838.00, -161459, -481553, -1179 
1721654127860.00, -163698, -485087, -1181 
1721654127881.00, -165185, -488665, -1179 
1721654127904.00, -166131, -492286, -1171 
1721654127925.00, -165984, -495893, -1160 
1721654127947.00, -165143, -499527, -1141 
1721654127969.00, -163341, -503146, -1103 
1721654127990.00, -160062, -506700, -1066 
1721654128013.00, -156001, -510203, -1054 
1721654128034.00, -152593, -513595, -1072 
1721654128056.00, -151750, -516938, -1046 
1721654128078.00, -149549, -520247, -1084 
1721654128100.00, -150580, -523512, -1082 
1721654128122.00, -151215, -526815, -1057 
1721654128143.00, -150053, -530105, -1071 
1721654128166.00, -150116, -533398, -1065 
1721654128187.00, -150036, -536680, -1059 
1721654128209.00, -149375, -539947, -1058 
1721654128231.00, -148984, -543219, -1076 
1721654128252.00, -149729, -546461, -1067 
1721654128274.00, -149727, -549749, -1045 
1721654128296.00, -148423, -553017, -1044 
1721654128318.00, -147553, -556260, -1041 
1721654128339.00, -146858, -559470, -1016 
1721654128362.00, -145067, -562681, -1008 
1721654128384.00, -143312, -565850, -1015 
1721654128406.00, -142606, -568981, -994 
1721654128428.00, -140982, -572076, -982 
1721654128450.00, -139245, -575154, -934 
1721654128472.00, -135583, -578166, -867 
1721654128493.00, -129186, -581102, -867 
1721654128515.00, -125209, -583912, -793 
1721654128536.00, -118632, -586624, -700 
1721654128559.00, -109247, -589195, -664 
1721654128580.00, -101037, -591554, -571 
1721654128602.00, -90834, -593741, -432 
1721654128624.00, -50289, -595687, -341 
1721654128645.00, -25847, -596774, -296 
1721654128667.00, -11508, -597363, -221 
1721654128689.00, -3046, -597625, -116 
1721654128710.00, 850, -597686, 16 
1721654128731.00, 4442, -597678, 63 
1721654128753.00, 9403, -597589, 103 
1721654128774.00, 14997, -597386, 95 
1721654128796.00, 17449, -597062, 180 
1721654128818.00, 24185, -596660, 422 
1721654128840.00, 42560, -596133, 727 
1721654128861.00, 71924, -595242, 677 
1721654128883.00, 86384, -593675, 808 
1721654128903.00, 102604, -591786, 1015 
1721654128926.00, 124639, -589541, 966 
1721654128947.00, 134689, -586811, 1036 
1721654128968.00, 144501, -583865, 1068 
1721654128990.00, 152135, -580697, 1019 
1721654129012.00, 153670, -577362, 1048 
1721654129033.00, 156060, -574005, 1057 
1721654129056.00, 157900, -570596, 1052 
1721654129077.00, 158536, -567140, 1089 
1721654129099.00, 161081, -563685, 1103 
1721654129121.00, 163206, -560160, 1148 
1721654129143.00, 167026, -556586, 1195 
1721654129165.00, 171814, -552944, 1218 
1721654129187.00, 174828, -549175, 1229 
1721654129208.00, 174924, -545356, 1218 
1721654129230.00, 174752, -541526, 1230 
1721654129252.00, 174729, -537723, 1222 
1721654129273.00, 174745, -533897, 1232 
1721654129296.00, 174729, -530081, 1235 
1721654129317.00, 174840, -526277, 1253 
1721654129338.00, 174917, -522456, 1259 
1721654129361.00, 175003, -518635, 1275 
1721654129382.00, 174615, -514813, 1278 
1721654129404.00, 174631, -511000, 1286 
1721654129426.00, 174809, -507180, 1282 
1721654129448.00, 174808, -503359, 1295 
1721654129470.00, 174900, -499545, 1310 
1721654129492.00, 174769, -495727, 1323 
1721654129514.00, 174827, -491905, 1291 
1721654129536.00, 174619, -488094, 1286 
1721654129557.00, 174800, -484276, 1299 
1721654129584.00, 174995, -480459, 1307 
1721654129601.00, 174606, -476637, 1309 
1721654129623.00, 174732, -472824, 1321 
1721654129645.00, 174751, -469007, 1323 
1721654129667.00, 174658, -465187, 1303 
1721654129693.00, 174652, -461373, 1280 
1721654129710.00, 174824, -457552, 1270 
1721654129732.00, 174844, -453743, 1253 
1721654129754.00, 174580, -449918, 1206 
1721654129776.00, 174560, -446105, 1148 
1721654129800.00, 173103, -442296, 1082 
1721654129820.00, 168041, -438527, 996 
1721654129842.00, 159965, -434880, 861 
1721654129864.00, 146655, -431417, 725 
1721654129886.00, 85301, -428265, 586 
1721654129907.00, 49521, -426407, 549 
1721654129928.00, 28602, -425358, 300 
1721654129950.00, 16493, -424739, 137 
1721654129971.00, 9042, -424376, -57 
1721654129994.00, 1264, -424190, -243 
1721654130017.00, -13829, -424159, -356 
1721654130036.00, -29677, -424444, -564 
1721654130058.00, -51742, -425091, -686 
1721654130080.00, -72429, -426190, -737 
1721654130102.00, -87636, -427765, -779 
1721654130127.00, -99223, -429661, -821 
1721654130145.00, -108445, -431820, -813 
1721654130166.00, -113428, -434189, -850 
1721654130188.00, -118526, -436656, -867 
1721654130210.00, -122504, -439242, -883 
1721654130236.00, -125681, -441926, -903 
1721654130254.00, -128653, -444663, -925 
1721654130275.00, -131792, -447459, -935 
1721654130297.00, -134157, -450329, -964 
1721654130318.00, -137188, -453256, -974 
1721654130341.00, -139586, -456234, -971 
1721654130363.00, -140806, -459278, -949 
1721654130384.00, -139964, -462349, -973 
1721654130406.00, -140876, -465383, -960 
1721654130428.00, -140569, -468471, -966 
1721654130449.00, -140714, -471522, -991 
1721654130470.00, -142224, -474595, -1009 
1721654130492.00, -144216, -477713, -1038 
1721654130513.00, -147054, -480855, -1052 
1721654130535.00, -149600, -484078, -1067 
1721654130562.00, -151813, -487356, -1097 
1721654130578.00, -154872, -490674, -1125 
1721654130600.00, -158293, -494068, -1150 
1721654130623.00, -161968, -497523, -1160 
1721654130644.00, -164770, -501080, -1192 
1721654130666.00, -168224, -504662, -1198 
1721654130688.00, -170821, -508342, -1179 
1721654130710.00, -170902, -512069, -1222 
1721654130732.00, -173270, -515808, -1204 
1721654130753.00, -173762, -519602, -1190 
1721654130775.00, -172996, -523399, -1226 
1721654130797.00, -174686, -527178, -1215 
1721654130818.00, -174942, -530993, -1235 
1721654130841.00, -174856, -534809, -1261 
1721654130863.00, -174749, -538615, -1212 
1721654130884.00, -174615, -542449, -1225 
1721654130906.00, -174687, -546257, -1259 
1721654130928.00, -174725, -550084, -1209 
1721654130950.00, -174513, -553875, -1179 
1721654130972.00, -172545, -557694, -1187 
1721654130993.00, -171643, -561454, -1155 
1721654131014.00, -169073, -565209, -1061 
1721654131037.00, -161960, -568904, -1044 
1721654131059.00, -156577, -572423, -1038 
1721654131082.00, -153082, -575843, -967 
1721654131104.00, -146741, -579153, -922 
1721654131124.00, -139962, -582353, -919 
1721654131147.00, -135770, -585384, -839 
1721654131168.00, -128423, -588322, -736 
1721654131190.00, -117789, -591109, -658 
1721654131216.00, -106817, -593652, -561 
1721654131233.00, -59917, -595940, -430 
1721654131255.00, -32244, -597246, -350 
1721654131277.00, -16504, -597966, -297 
1721654131299.00, -6942, -598336, -238 
1721654131321.00, -1465, -598494, -160 
1721654131342.00, 1144, -598526, -63 
1721654131363.00, 3227, -598495, 111 
1721654131385.00, 10905, -598409, 341 
1721654131406.00, 29277, -598173, 432 
1721654131429.00, 45910, -597541, 686 
1721654131449.00, 70762, -596551, 894 
1721654131472.00, 98482, -595023, 909 
1721654131493.00, 115553, -592877, 988 
1721654131513.00, 130034, -590344, 1078 
1721654131535.00, 143908, -587499, 1095 
1721654131560.00, 152954, -584329, 1111 
1721654131579.00, 159266, -580986, 1130 
1721654131601.00, 164233, -577497, 1119 
1721654131623.00, 166090, -573904, 1150 
1721654131645.00, 169068, -570278, 1151 
1721654131667.00, 170527, -566585, 1167 
1721654131688.00, 172329, -562863, 1173 
1721654131709.00, 173749, -559093, 1214 
1721654131732.00, 174801, -555309, 1227 
1721654131754.00, 174734, -551477, 1240 
1721654131776.00, 174966, -547659, 1262 
1721654131797.00, 174722, -543835, 1265 
1721654131818.00, 174565, -540030, 1285 
1721654131841.00, 174610, -536221, 1285 
1721654131862.00, 174690, -532394, 1295 
1721654131884.00, 174756, -528582, 1278 
1721654131907.00, 174796, -524758, 1286 
1721654131928.00, 174871, -520939, 1319 
1721654131950.00, 174713, -517127, 1364 
1721654131972.00, 174787, -513307, 1356 
1721654131994.00, 174881, -509501, 1348 
1721654132015.00, 174949, -505676, 1353 
1721654132037.00, 174498, -501858, 1361 
1721654132059.00, 174529, -498045, 1351 
1721654132081.00, 174691, -494235, 1340 
1721654132102.00, 174765, -490418, 1328 
1721654132124.00, 174773, -486603, 1308 
1721654132146.00, 174788, -482780, 1299 
1721654132167.00, 174627, -478971, 1284 
1721654132190.00, 174467, -475145, 1252 
1721654132211.00, 174492, -471345, 1246 
1721654132233.00, 174646, -467527, 1215 
1721654132255.00, 172795, -463721, 1185 
1721654132277.00, 169758, -459949, 1151 
1721654132299.00, 165832, -456256, 1105 
1721654132320.00, 160555, -452633, 1053 
1721654132343.00, 154395, -449133, 1003 
1721654132366.00, 147869, -445763, 932 
1721654132387.00, 139608, -442556, 852 
1721654132408.00, 129837, -439529, 760 
1721654132430.00, 118391, -436722, 657 
1721654132452.00, 105417, -434159, 548 
1721654132474.00, 91412, -431891, 428 
1721654132495.00, 49571, -429930, 300 
1721654132516.00, 25002, -428861, 222 
1721654132538.00, 10320, -428314, 63 
1721654132560.00, 1882, -428086, -77 
1721654132582.00, -7049, -428049, -215 
1721654132603.00, -21005, -428186, -282 
1721654132625.00, -33258, -428639, -499 
1721654132646.00, -53282, -429345, -633 
1721654132668.00, -73248, -430485, -672 
1721654132690.00, -87318, -432093, -803 
1721654132711.00, -103366, -433987, -859 
1721654132733.00, -116436, -436252, -905 
1721654132755.00, -126673, -438808, -938 
1721654132777.00, -134472, -441569, -960 
1721654132798.00, -140365, -444521, -981 
1721654132819.00, -144848, -447570, -1009 
1721654132841.00, -149093, -450746, -1042 
1721654132864.00, -153441, -454013, -1065 
1721654132885.00, -157425, -457366, -1080 
1721654132907.00, -160272, -460817, -1098 
1721654132928.00, -163076, -464325, -1109 
1721654132950.00, -165295, -467891, -1110 
1721654132976.00, -166496, -471502, -1110 
1721654132993.00, -167194, -475136, -1111 
1721654133016.00, -167519, -478785, -1123 
1721654133037.00, -168376, -482441, -1139 
1721654133059.00, -169583, -486117, -1144 
1721654133081.00, -170205, -489823, -1156 
1721654133103.00, -171347, -493565, -1173 
1721654133125.00, -172962, -497310, -1173 
1721654133147.00, -173821, -501093, -1195 
1721654133168.00, -174864, -504888, -1223 
1721654133195.00, -174833, -508703, -1236 
1721654133212.00, -174309, -512518, -1244 
1721654133234.00, -174777, -516351, -1239 
1721654133255.00, -174668, -520168, -1242 
1721654133277.00, -174761, -523988, -1269 
1721654133299.00, -174751, -527800, -1274 
1721654133321.00, -174832, -531604, -1252 
1721654133343.00, -174754, -535431, -1246 
1721654133365.00, -174362, -539241, -1227 
1721654133386.00, -174658, -543064, -1189 
1721654133408.00, -174812, -546869, -1162 
1721654133430.00, -173915, -550687, -1116 
1721654133451.00, -170486, -554464, -1057 
1721654133475.00, -164884, -558187, -992 
1721654133495.00, -157356, -561760, -1011 
1721654133518.00, -154004, -565189, -948 
1721654133540.00, -147996, -568549, -934 
1721654133562.00, -143410, -571737, -940 
1721654133584.00, -141064, -574873, -916 
1721654133605.00, -137927, -577929, -928 
1721654133627.00, -137201, -580940, -931 
1721654133648.00, -136818, -583910, -907 
1721654133670.00, -134969, -586885, -888 
1721654133692.00, -132455, -589813, -806 
1721654133714.00, -126055, -592686, -634 
1721654133736.00, -111726, -595413, -508 
1721654133757.00, -64355, -597808, -385 
1721654133778.00, -36128, -599212, -327 
1721654133800.00, -19564, -600006, -198 
1721654133822.00, -10004, -600444, -86 
1721654133844.00, -4639, -600662, 24 
1721654133865.00, 5, -600754, 170 
1721654133887.00, 11065, -600754, 385 
1721654133908.00, 30730, -600530, 464 
1721654133930.00, 47479, -599873, 661 
1721654133951.00, 68934, -598855, 846 
1721654133973.00, 93121, -597350, 873 
1721654133995.00, 108866, -595334, 952 
1721654134015.00, 122889, -592945, 1017 
1721654134037.00, 134889, -590238, 1027 
1721654134062.00, 142620, -587287, 1058 
1721654134080.00, 148837, -584168, 1099 
1721654134103.00, 154959, -580910, 1111 
1721654134124.00, 159324, -577509, 1148 
1721654134146.00, 164021, -574021, 1149 
1721654134169.00, 166753, -570437, 1164 
1721654134189.00, 169167, -566791, 1199 
1721654134212.00, 172490, -563101, 1235 
1721654134233.00, 174824, -559329, 1278 
1721654134255.00, 174849, -555513, 1277 
1721654134277.00, 174689, -551682, 1282 
1721654134299.00, 174586, -547869, 1284 
1721654134320.00, 174719, -544052, 1274 
1721654134342.00, 174710, -540241, 1267 
1721654134364.00, 174708, -536426, 1267 
1721654134386.00, 174711, -532606, 1254 
1721654134408.00, 174723, -528794, 1248 
1721654134430.00, 174864, -524967, 1237 
1721654134451.00, 174136, -521157, 1233 
1721654134473.00, 173485, -517354, 1237 
1721654134495.00, 173325, -513571, 1240 
1721654134516.00, 173490, -509779, 1248 
1721654134539.00, 174027, -505994, 1240 
1721654134561.00, 173898, -502194, 1252 
1721654134582.00, 174270, -498390, 1257 
1721654134606.00, 174350, -494578, 1257 
1721654134626.00, 174446, -490772, 1275 
1721654134647.00, 174851, -486962, 1283 
1721654134670.00, 174637, -483147, 1275 
1721654134691.00, 174672, -479336, 1249 
1721654134715.00, 174726, -475507, 1241 
1721654134735.00, 174245, -471698, 1219 
1721654134757.00, 172661, -467895, 1189 
1721654134778.00, 169907, -464134, 1161 
1721654134800.00, 166552, -460417, 1142 
1721654134825.00, 163703, -456785, 1107 
1721654134844.00, 159605, -453231, 1073 
1721654134866.00, 155102, -449738, 1041 
1721654134888.00, 150439, -446358, 986 
1721654134911.00, 144292, -443096, 930 
1721654134934.00, 137480, -439964, 865 
1721654134954.00, 129361, -436985, 771 
1721654134976.00, 118921, -434179, 693 
1721654134997.00, 107905, -431618, 587 
1721654135019.00, 59019, -429281, 462 
1721654135042.00, 30146, -428010, 422 
1721654135062.00, 13352, -427337, 223 
1721654135084.00, 3592, -427043, 84 
1721654135105.00, -1474, -426969, -100 
1721654135127.00, -11020, -427002, -263 
1721654135150.00, -26147, -427240, -432 
1721654135170.00, -45008, -427806, -650 
1721654135191.00, -69477, -428772, -689 
1721654135213.00, -86240, -430268, -815 
1721654135235.00, -103699, -432151, -866 
1721654135259.00, -117100, -434427, -894 
1721654135279.00, -126396, -436978, -934 
1721654135300.00, -134312, -439727, -947 
1721654135322.00, -139391, -442666, -965 
1721654135344.00, -143400, -445714, -981 
1721654135367.00, -146566, -448820, -993 
1721654135386.00, -149119, -452039, -1011 
1721654135408.00, -151436, -455296, -1028 
1721654135430.00, -153675, -458604, -1042 
1721654135451.00, -155701, -461965, -1058 
1721654135473.00, -157782, -465365, -1064 
1721654135495.00, -159274, -468828, -1080 
1721654135517.00, -161167, -472299, -1099 
1721654135539.00, -163470, -475833, -1088 
1721654135561.00, -163790, -479394, -1095 
1721654135582.00, -164299, -482977, -1101 
1721654135604.00, -164797, -486565, -1102 
1721654135626.00, -164956, -490167, -1085 
1721654135648.00, -164203, -493777, -1056 
1721654135670.00, -161459, -497348, -1068 
1721654135692.00, -160483, -500891, -1053 
1721654135713.00, -158955, -504390, -1037 
1721654135735.00, -157019, -507860, -1056 
1721654135757.00, -157007, -511297, -1057 
1721654135779.00, -157079, -514712, -1056 
1721654135800.00, -156890, -518148, -1064 
1721654135822.00, -157232, -521572, -1063 
1721654135844.00, -157162, -525010, -1045 
1721654135866.00, -155915, -528437, -1043 
1721654135887.00, -154991, -531835, -1037 
1721654135910.00, -154150, -535223, -1014 
1721654135931.00, -152128, -538586, -1028 
1721654135953.00, -151451, -541909, -1022 
1721654135976.00, -150627, -545212, -979 
1721654135997.00, -147402, -548488, -1028 
1721654136018.00, -148410, -551722, -1025 
1721654136042.00, -148785, -554953, -998 
1721654136064.00, -147390, -558203, -989 
1721654136085.00, -146057, -561387, -955 
1721654136107.00, -143191, -564567, -946 
1721654136128.00, -140937, -567685, -931 
1721654136150.00, -138632, -570732, -881 
1721654136172.00, -134189, -573748, -930 
1721654136194.00, -134307, -576655, -883 
1721654136216.00, -131583, -579565, -788 
1721654136236.00, -124079, -582437, -792 
1721654136265.00, -119555, -585114, -735 
1721654136280.00, -113585, -587698, -584 
1721654136302.00, -100940, -590154, -519 
1721654136324.00, -89141, -592343, -455 
1721654136345.00, -78351, -594263, -342 
1721654136367.00, -44651, -595943, -275 
1721654136388.00, -24521, -596919, -245 
1721654136411.00, -12649, -597471, -192 
1721654136432.00, -5705, -597755, -150 
1721654136453.00, -1702, -597886, -130 
1721654136474.00, 90, -597925, -117 
1721654136496.00, 1374, -597926, -87 
1721654136518.00, 2178, -597900, -55 
1721654136539.00, 2596, -597855, -42 
1721654136561.00, 2912, -597799, -42 
1721654136582.00, 3083, -597736, -37 
1721654136604.00, 3088, -597669, -18 
1721654136626.00, 3145, -597605, -30 
1721654136647.00, 3032, -597537, -22 
1721654136669.00, 3033, -597469, -24 
1721654136691.00, 2979, -597404, -22 
1721654136712.00, 2917, -597338, -10 
1721654136733.00, 2826, -597276, -6 
1721654136755.00, 2843, -597214, -8 
1721654136776.00, 2744, -597154, -9 
1721654136797.00, 2711, -597094, -5 
1721654136819.00, 2662, -597036, 3 
1721654136840.00, 2503, -596979, 18 
1721654136862.00, 3552, -596924, 22 
1721654136883.00, 4279, -596852, 13 
1721654136905.00, 4403, -596759, 10 
1721654136926.00, -58, -596668, 13 
1721654136947.00, 1529, -596658, 23 
1721654136969.00, 3186, -596629, 26 
1721654136990.00, 4558, -596563, 30 
1721654137012.00, 5483, -596471, 28 
1721654137034.00, 5866, -596354, 26 
1721654137054.00, 5947, -596229, 21 
1721654137077.00, 5606, -596108, 15 
1721654137098.00, 5000, -595990, 10 
1721654137119.00, -56, -595882, 10 
1721654137140.00, 0, -595873, 10 
1721654137161.00, 0, -595874, 14 
1721654137183.00, 1472, -595874, 15 
1721654137204.00, 2652, -595847, 19 
1721654137225.00, 3699, -595794, 22 
1721654137271.00, 4375, -595717, 30 
1721654137271.00, 5433, -595624, 30 
1721654137290.00, 5825, -595511, 34 
1721654137312.00, 0, -595383, -11 
1721654137332.00, 0, -595359, -3 
1721654137353.00, 0, -595358, -11 
1721654137374.00, 9, -595359, -13 
1721654137395.00, 0, -595358, -12 
1721654137416.00, 0, -595359, -17 
1721654137438.00, 0, -595358, -13 
1721654137459.00, 0, -595358, -12 
1721654137480.00, 0, -595357, -10 
1721654137501.00, 0, -595358, -1 
1721654137522.00, 0, -595357, 5 
1721654137543.00, 0, -595358, 10 
1721654137564.00, 0, -595356, 15 
1721654137585.00, 0, -595358, 18 
1721654137605.00, 0, -595356, 17 
1721654137626.00, 0, -595357, 14 
1721654137648.00, -3, -595358, 11 
1721654137668.00, -2, -595357, 8 
1721654137688.00, 0, -595357, 8 
1721654137709.00, 0, -595357, 7 
1721654137731.00, 0, -595358, 7 
1721654137752.00, 0, -595357, 7 
1721654137773.00, 35, -595356, 8 
1721654137793.00, 0, -595357, 9 
1721654137815.00, 41, -595358, 10 
1721654137835.00, 0, -595357, 10 
1721654137856.00, 0, -595358, 10 
1721654137877.00, 0, -595357, 9 
1721654137898.00, 4, -595357, 7 
1721654137919.00, 0, -595358, 5 
1721654137940.00, 0, -595357, 4 
1721654137961.00, 0, -595357, 3 
1721654137982.00, 0, -595358, 2 
1721654138002.00, 0, -595357, 4 
1721654138023.00, 0, -595358, 5 
1721654138044.00, 0, -595356, 7 
1721654138065.00, 0, -595357, 8 
1721654138086.00, 0, -595357, 9 
1721654138106.00, 0, -595356, 8 
1721654138127.00, 0, -595357, 8 
1721654138148.00, 0, -595357, 8 
1721654138169.00, 5, -595358, 8 
1721654138190.00, 17, -595357, 9 
1721654138211.00, 0, -595358, 9 
1721654138232.00, 8, -595357, 10 
1721654138253.00, 26, -595357, 10 
1721654138274.00, 0, -595357, 10 
1721654138295.00, 0, -595357, 10 
1721654138316.00, 0, -595357, 11 
1721654138337.00, 0, -595357, 12 
1721654138358.00, 1, -595357, 12 
1721654138379.00, 0, -595357, 12 
1721654138400.00, 0, -595358, 13 
1721654138421.00, 0, -595357, 12 
1721654138442.00, 0, -595356, 11 
1721654138462.00, 17, -595358, 9 
1721654138484.00, 0, -595357, 7 
1721654138505.00, 0, -595358, 4 
1721654138525.00, 0, -595357, 0 
1721654138546.00, 0, -595358, -2 
1721654138567.00, -1, -595358, -4 
1721654138588.00, 0, -595358, -5 
1721654138609.00, 0, -595358, -4 
1721654138630.00, 11, -595358, -3 
1721654138651.00, 0, -595358, -2 
1721654138672.00, 0, -595357, -1 
1721654138693.00, 0, -595356, 0 
1721654138713.00, 0, -595358, 3 
1721654138735.00, 56, -595357, 4 
1721654138755.00, 0, -595357, 3 
1721654138776.00, 0, -595358, 2 
1721654138798.00, 0, -595357, 1 
1721654138818.00, 0, -595358, 1 
1721654138839.00, 0, -595358, 1 
1721654138860.00, 0, -595357, 0 
1721654138881.00, -11, -595357, 0 
1721654138901.00, 0, -595357, 0 
1721654138922.00, 0, -595358, 0 
1721654138943.00, 0, -595357, -3 
1721654138965.00, 0, -595358, -7 
1721654138986.00, 0, -595358, -12 
1721654139007.00, 0, -595357, -15 
1721654139027.00, 0, -595359, -18 
1721654139049.00, 0, -595359, -21 
1721654139069.00, 0, -595360, -22 
1721654139090.00, 0, -595359, -25 
1721654139111.00, 0, -595358, -24 
1721654139133.00, 0, -595359, -25 
1721654139154.00, 0, -595358, -25 
1721654139175.00, 0, -595360, -27 
1721654139195.00, 0, -595359, -28 
1721654139216.00, 0, -595358, -27 
1721654139237.00, 0, -595360, -27 
1721654139259.00, -11, -595359, -29 
1721654139280.00, 0, -595358, -30 
1721654139301.00, 0, -595359, -30 
1721654139322.00, 0, -595359, -30 
1721654139343.00, 0, -595358, -30 
1721654139364.00, 0, -595359, -28 
1721654139385.00, 24, -595358, -25 
1721654139406.00, 0, -595358, -24 
1721654139427.00, 0, -595360, -26 
1721654139449.00, 0, -595359, -25 
1721654139470.00, 10, -595359, -25 
1721654139490.00, 0, -595358, -22 
1721654139512.00, 23, -595358, -22 
1721654139533.00, 0, -595359, -21 
1721654139554.00, 58, -595359, -20 
1721654139575.00, 0, -595359, -21 
1721654139596.00, 0, -595359, -22 
1721654139617.00, 0, -595359, -25 
1721654139638.00, 0, -595358, -28 
1721654139659.00, 0, -595360, -30 
1721654139680.00, 0, -595359, -30 
1721654139702.00, 0, -595360, -29 
1721654139722.00, 0, -595359, -31 
1721654139743.00, 0, -595360, -33 
1721654139764.00, 0, -595358, -35 
1721654139785.00, 6, -595358, -35 
1721654139807.00, 21, -595359, -34 
1721654139828.00, 0, -595359, -34 
1721654139848.00, 0, -595360, -36 
1721654139870.00, 0, -595360, -39 
1721654139890.00, 0, -595360, -42 
1721654139912.00, 16, -595360, -44 
1721654139933.00, 26, -595360, -48 
1721654139954.00, 0, -595361, -48 
1721654139976.00, -31, -595361, -42 
1721654139997.00, 51, -595359, -36 
1721654140017.00, 0, -595360, -37 
1721654140038.00, 0, -595360, -40 
1721654140059.00, 0, -595360, -34 
1721654140081.00, 0, -595360, -39 
1721654140102.00, 0, -595361, -44 
1721654140122.00, 0, -595360, -51 
1721654140144.00, 0, -595361, -57 
1721654140165.00, 0, -595361, -64 
1721654140185.00, 0, -595361, -59 
1721654140207.00, 0, -595361, -66 
1721654140228.00, 0, -595361, -61 
