1721391067171.00, 118, -592813, -669 
1721391067193.00, 117, -592810, -670 
1721391067215.00, 102, -592808, -671 
1721391067236.00, 119, -592806, -671 
1721391067258.00, 128, -592804, -662 
1721391067280.00, 116, -592800, -658 
1721391067301.00, 99, -592798, -656 
1721391067323.00, 102, -592797, -657 
1721391067344.00, 118, -592794, -654 
1721391067365.00, 117, -592792, -654 
1721391067387.00, 106, -592789, -652 
1721391067408.00, 89, -592787, -650 
1721391067430.00, 90, -592784, -644 
1721391067452.00, 100, -592782, -640 
1721391067472.00, 105, -592779, -638 
1721391067494.00, 93, -592778, -634 
1721391067516.00, 102, -592776, -633 
1721391067538.00, 110, -592775, -632 
1721391067559.00, 86, -592773, -632 
1721391067581.00, 63, -592769, -632 
1721391067602.00, 59, -592768, -634 
1721391067623.00, 59, -592766, -635 
1721391067645.00, 57, -592765, -635 
1721391067666.00, 65, -592764, -631 
1721391067688.00, 77, -592762, -627 
1721391067709.00, 65, -592761, -627 
1721391067731.00, 62, -592759, -628 
1721391067752.00, 53, -592757, -631 
1721391067774.00, 50, -592758, -631 
1721391067795.00, 61, -592755, -631 
1721391067817.00, 58, -592754, -629 
1721391067838.00, 58, -592752, -626 
1721391067859.00, 61, -592752, -627 
1721391067881.00, 68, -592750, -628 
1721391067902.00, 82, -592749, -624 
1721391067924.00, 83, -592749, -620 
1721391067945.00, 74, -592746, -618 
1721391067967.00, 81, -592745, -619 
1721391067988.00, 83, -592741, -617 
1721391068010.00, 113, -592740, -614 
1721391068033.00, 88, -592738, -613 
1721391068053.00, 67, -592736, -614 
1721391068074.00, 28, -592734, -618 
1721391068096.00, 12, -592732, -619 
1721391068117.00, 57, -592732, -617 
1721391068143.00, 42, -592731, -615 
1721391068160.00, -4, -592731, -617 
1721391068181.00, 57, -592730, -623 
1721391068203.00, 7, -592730, -630 
1721391068224.00, 25, -592730, -634 
1721391068246.00, 10, -592730, -637 
1721391068267.00, 0, -592730, -640 
1721391068288.00, 61, -592730, -642 
1721391068310.00, 65, -592730, -644 
1721391068331.00, 51, -592730, -645 
1721391068354.00, 0, -592731, -646 
1721391068374.00, 67, -592730, -647 
1721391068397.00, 63, -592729, -646 
1721391068418.00, 68, -592729, -641 
1721391068439.00, 34, -592728, -635 
1721391068461.00, -5, -592727, -632 
1721391068482.00, -2, -592727, -631 
1721391068503.00, 1, -592726, -629 
1721391068525.00, 38, -592726, -625 
1721391068546.00, -3, -592726, -621 
1721391068567.00, 18, -592724, -616 
1721391068588.00, 25, -592724, -610 
1721391068610.00, -4, -592724, -606 
1721391068632.00, -1, -592724, -603 
1721391068652.00, -1, -592723, -601 
1721391068674.00, 1, -592722, -596 
1721391068695.00, 42, -592721, -589 
1721391068717.00, 0, -592720, -585 
1721391068738.00, 1, -592720, -580 
1721391068760.00, 63, -592720, -574 
1721391068780.00, 64, -592718, -565 
1721391068802.00, -32839, -592720, -562 
1721391068824.00, -19912, -593351, -449 
1721391068845.00, -11717, -593804, -541 
1721391068868.00, -6976, -594067, -534 
1721391068889.00, -4022, -594224, -530 
1721391068912.00, -2269, -594312, -481 
1721391068932.00, -1321, -594364, -496 
1721391068954.00, -767, -594395, -498 
1721391068975.00, -383, -594412, -485 
1721391068997.00, -157, -594418, -461 
1721391069018.00, 4, -594420, -438 
1721391069039.00, 0, -594421, -411 
1721391069060.00, 0, -594420, -411 
1721391069081.00, 0, -594419, -387 
1721391069103.00, 0, -594419, -366 
1721391069127.00, 0, -594419, -344 
1721391069146.00, 0, -594417, -340 
1721391069167.00, 0, -594417, -338 
1721391069188.00, -5, -594418, -343 
1721391069210.00, 0, -594418, -351 
1721391069231.00, 0, -594418, -365 
1721391069252.00, 0, -594418, -355 
1721391069273.00, 0, -594417, -325 
1721391069294.00, -5, -594416, -301 
1721391069316.00, 0, -594414, -267 
1721391069337.00, 0, -594410, -203 
1721391069359.00, 0, -594408, -142 
1721391069380.00, 1, -594404, -107 
1721391069401.00, 0, -594399, -40 
1721391069422.00, 0, -594391, 49 
1721391069444.00, 2911, -594384, 92 
1721391069465.00, 7498, -594328, 121 
1721391069487.00, 11796, -594168, 154 
1721391069509.00, 16320, -593910, 218 
1721391069530.00, 23600, -593552, 319 
1721391069552.00, 33147, -593049, 496 
1721391069573.00, 49740, -592345, 481 
1721391069596.00, 58421, -591283, 490 
1721391069617.00, 64310, -590018, 490 
1721391069638.00, 67624, -588622, 563 
1721391069660.00, 74037, -587149, 564 
1721391069682.00, 77982, -585547, 597 
1721391069703.00, 82160, -583860, 616 
1721391069724.00, 85402, -582083, 642 
1721391069746.00, 89020, -580218, 662 
1721391069768.00, 92392, -578285, 690 
1721391069790.00, 96148, -576281, 701 
1721391069812.00, 98717, -574203, 700 
1721391069833.00, 100385, -572055, 709 
1721391069855.00, 101936, -569877, 718 
1721391069876.00, 103322, -567657, 722 
1721391069899.00, 104155, -565411, 736 
1721391069920.00, 105670, -563137, 762 
1721391069942.00, 108128, -560834, 798 
1721391069964.00, 111602, -558493, 808 
1721391069985.00, 114217, -556065, 823 
1721391070007.00, 116463, -553564, 866 
1721391070029.00, 120458, -551029, 882 
1721391070051.00, 123741, -548407, 889 
1721391070072.00, 125930, -545712, 906 
1721391070094.00, 128323, -542969, 926 
1721391070115.00, 130921, -540166, 953 
1721391070137.00, 134194, -537317, 959 
1721391070159.00, 136377, -534396, 971 
1721391070180.00, 138233, -531427, 990 
1721391070201.00, 140465, -528411, 1026 
1721391070228.00, 144045, -525337, 1035 
1721391070245.00, 146601, -522193, 1047 
1721391070267.00, 148765, -518990, 1079 
1721391070288.00, 151846, -515726, 1106 
1721391070310.00, 155180, -512418, 1116 
1721391070335.00, 157854, -509024, 1107 
1721391070353.00, 158454, -505566, 1126 
1721391070376.00, 160417, -502104, 1134 
1721391070398.00, 161835, -498590, 1125 
1721391070419.00, 162093, -495054, 1128 
1721391070442.00, 162288, -491513, 1154 
1721391070463.00, 163776, -487969, 1160 
1721391070485.00, 165058, -484380, 1159 
1721391070507.00, 165749, -480775, 1163 
1721391070529.00, 166359, -477154, 1173 
1721391070550.00, 167531, -473513, 1177 
1721391070572.00, 168438, -469849, 1176 
1721391070594.00, 168564, -466165, 1149 
1721391070616.00, 167169, -462493, 1119 
1721391070638.00, 164280, -458844, 1088 
1721391070660.00, 160592, -455259, 1058 
1721391070681.00, 156470, -451750, 1017 
1721391070705.00, 151714, -448347, 982 
1721391070726.00, 146532, -445048, 970 
1721391070748.00, 142822, -441857, 941 
1721391070770.00, 138682, -438757, 897 
1721391070792.00, 133891, -435738, 804 
1721391070813.00, 125289, -432837, 806 
1721391070834.00, 120421, -430110, 791 
1721391070856.00, 68180, -427523, 727 
1721391070878.00, 37230, -426041, 715 
1721391070900.00, 19142, -425223, 600 
1721391070921.00, 8725, -424786, 648 
1721391070943.00, 2436, -424595, 550 
1721391070963.00, -813, -424543, 389 
1721391070986.00, -2975, -424563, 202 
1721391071007.00, -4312, -424631, 100 
1721391071028.00, -5115, -424740, -47 
1721391071050.00, -8591, -424855, -167 
1721391071072.00, -17245, -425047, -400 
1721391071099.00, -36451, -425423, -625 
1721391071114.00, -61505, -426190, -677 
1721391071136.00, -79398, -427519, -750 
1721391071158.00, -94367, -429240, -820 
1721391071180.00, -107372, -431288, -822 
1721391071207.00, -115097, -433625, -835 
1721391071223.00, -120326, -436144, -823 
1721391071245.00, -122269, -438763, -824 
1721391071266.00, -123662, -441430, -808 
1721391071288.00, -123519, -444127, -828 
1721391071310.00, -124385, -446803, -852 
1721391071332.00, -126350, -449501, -831 
1721391071354.00, -125826, -452260, -829 
1721391071376.00, -125079, -455006, -855 
1721391071397.00, -126436, -457733, -822 
1721391071433.00, -125262, -460487, -825 
1721391071441.00, -124654, -463202, -866 
1721391071462.00, -126641, -465908, -869 
1721391071484.00, -127935, -468676, -886 
1721391071505.00, -129706, -471469, -921 
1721391071529.00, -132364, -474288, -961 
1721391071549.00, -136679, -477189, -968 
1721391071570.00, -139607, -480165, -1021 
1721391071592.00, -144377, -483207, -1032 
1721391071613.00, -148000, -486378, -1039 
1721391071635.00, -150253, -489604, -1065 
1721391071657.00, -153228, -492894, -1067 
1721391071679.00, -155000, -496241, -1071 
1721391071700.00, -156131, -499630, -1087 
1721391071722.00, -157514, -503057, -1088 
1721391071744.00, -158469, -506487, -1120 
1721391071768.00, -160771, -509972, -1138 
1721391071788.00, -163051, -513474, -1153 
1721391071809.00, -165305, -517056, -1191 
1721391071832.00, -168964, -520668, -1223 
1721391071856.00, -173075, -524365, -1233 
1721391071875.00, -174976, -528145, -1258 
1721391071897.00, -174503, -531960, -1270 
1721391071919.00, -174707, -535797, -1242 
1721391071941.00, -174633, -539605, -1233 
1721391071963.00, -174796, -543426, -1253 
1721391071984.00, -174939, -547219, -1227 
1721391072006.00, -174818, -551055, -1254 
1721391072028.00, -174690, -554858, -1292 
1721391072050.00, -174575, -558683, -1275 
1721391072072.00, -174568, -562495, -1312 
1721391072093.00, -174786, -566314, -1329 
1721391072115.00, -174892, -570128, -1345 
1721391072137.00, -174682, -573948, -1336 
1721391072158.00, -174770, -577755, -1324 
1721391072180.00, -174742, -581572, -1284 
1721391072202.00, -174563, -585383, -1213 
1721391072224.00, -174590, -589186, -1174 
1721391072246.00, -173239, -593004, -1122 
1721391072269.00, -99076, -596741, -1039 
1721391072290.00, -55512, -598930, -1062 
1721391072312.00, -30767, -600128, -847 
1721391072334.00, -16030, -600815, -824 
1721391072355.00, -7676, -601183, -721 
1721391072376.00, -3052, -601352, -535 
1721391072398.00, -207, -601411, -338 
1721391072420.00, 984, -601409, -154 
1721391072441.00, 2018, -601379, 70 
1721391072463.00, 6384, -601319, 262 
1721391072485.00, 20791, -601165, 432 
1721391072506.00, 39447, -600710, 742 
1721391072528.00, 69419, -599866, 878 
1721391072550.00, 95378, -598371, 942 
1721391072570.00, 114616, -596293, 1009 
1721391072592.00, 129873, -593762, 1077 
1721391072614.00, 143016, -590912, 1101 
1721391072636.00, 152052, -587787, 1133 
1721391072657.00, 159151, -584451, 1143 
1721391072679.00, 163924, -580961, 1146 
1721391072701.00, 166589, -577378, 1153 
1721391072723.00, 168506, -573733, 1163 
1721391072745.00, 170225, -570053, 1156 
1721391072767.00, 170921, -566328, 1146 
1721391072788.00, 170377, -562606, 1166 
1721391072810.00, 171396, -558883, 1167 
1721391072832.00, 171793, -555147, 1166 
1721391072854.00, 171977, -551376, 1188 
1721391072875.00, 173366, -547620, 1211 
1721391072897.00, 174789, -543838, 1215 
1721391072919.00, 174558, -540010, 1235 
1721391072941.00, 174679, -536203, 1242 
1721391072963.00, 174798, -532382, 1241 
1721391072984.00, 174782, -528567, 1236 
1721391073006.00, 174675, -524741, 1242 
1721391073028.00, 174720, -520927, 1264 
1721391073050.00, 174744, -517117, 1255 
1721391073072.00, 174769, -513306, 1265 
1721391073093.00, 174797, -509482, 1273 
1721391073115.00, 174887, -505665, 1246 
1721391073137.00, 174615, -501841, 1237 
1721391073159.00, 174066, -498030, 1240 
1721391073180.00, 173945, -494231, 1253 
1721391073202.00, 174249, -490436, 1257 
1721391073225.00, 174504, -486633, 1275 
1721391073246.00, 174915, -482816, 1244 
1721391073268.00, 174584, -478994, 1277 
1721391073290.00, 174386, -475183, 1230 
1721391073312.00, 173142, -471369, 1210 
1721391073334.00, 171444, -467599, 1107 
1721391073355.00, 164324, -463859, 1113 
1721391073377.00, 160174, -460268, 1095 
1721391073399.00, 156877, -456773, 1075 
1721391073420.00, 153878, -453352, 1083 
1721391073442.00, 152509, -449988, 1105 
1721391073465.00, 152926, -446668, 1056 
1721391073486.00, 150194, -443332, 1002 
1721391073509.00, 145522, -440063, 908 
1721391073531.00, 136980, -436899, 929 
1721391073553.00, 133104, -433930, 878 
1721391073574.00, 127702, -431056, 753 
1721391073595.00, 70697, -428300, 752 
1721391073618.00, 36999, -426745, 851 
1721391073639.00, 17734, -425926, 835 
1721391073661.00, 6437, -425522, 872 
1721391073682.00, -45, -425372, 857 
1721391073704.00, -3746, -425366, 749 
1721391073725.00, -6553, -425441, 592 
1721391073746.00, -7933, -425589, 367 
1721391073768.00, -8608, -425768, 186 
1721391073789.00, -8696, -425974, -42 
1721391073810.00, -11577, -426175, -239 
1721391073837.00, -24524, -426448, -729 
1721391073854.00, -61813, -426964, -650 
1721391073876.00, -79145, -428277, -728 
1721391073897.00, -94005, -429991, -826 
1721391073919.00, -108620, -432035, -762 
1721391073941.00, -113303, -434407, -826 
1721391073963.00, -119715, -436871, -858 
1721391073984.00, -125164, -439475, -852 
1721391074006.00, -128077, -442210, -853 
1721391074028.00, -129584, -445009, -856 
1721391074050.00, -130528, -447811, -868 
1721391074071.00, -131801, -450654, -862 
1721391074093.00, -132070, -453520, -881 
1721391074115.00, -133086, -456380, -930 
1721391074137.00, -136547, -459292, -947 
1721391074158.00, -139565, -462262, -961 
1721391074180.00, -142056, -465296, -994 
1721391074200.00, -145204, -468410, -1003 
1721391074224.00, -147671, -471577, -974 
1721391074244.00, -147294, -474796, -1006 
1721391074268.00, -148799, -478011, -1022 
1721391074287.00, -150385, -481258, -1025 
1721391074309.00, -151555, -484575, -1058 
1721391074331.00, -154266, -487882, -1084 
1721391074353.00, -157300, -491254, -1085 
1721391074374.00, -159169, -494692, -1119 
1721391074397.00, -162171, -498171, -1150 
1721391074418.00, -165915, -501733, -1137 
1721391074441.00, -167094, -505337, -1150 
1721391074462.00, -168476, -509005, -1155 
1721391074484.00, -169469, -512680, -1121 
1721391074506.00, -167767, -516397, -1116 
1721391074528.00, -166416, -520053, -1129 
1721391074549.00, -166267, -523690, -1119 
1721391074571.00, -165564, -527327, -1155 
1721391074593.00, -167152, -530934, -1169 
1721391074615.00, -169010, -534596, -1147 
1721391074636.00, -168838, -538280, -1164 
1721391074659.00, -169424, -541983, -1195 
1721391074680.00, -171500, -545679, -1172 
1721391074705.00, -171289, -549438, -1170 
1721391074724.00, -171045, -553176, -1190 
1721391074746.00, -172205, -556909, -1173 
1721391074767.00, -171761, -560675, -1206 
1721391074789.00, -173159, -564424, -1186 
1721391074812.00, -172807, -568206, -1145 
1721391074833.00, -170021, -571981, -1159 
1721391074854.00, -169253, -575698, -1123 
1721391074876.00, -166642, -579376, -1109 
1721391074898.00, -164051, -583020, -1116 
1721391074922.00, -162893, -586584, -1059 
1721391074943.00, -158805, -590136, -946 
1721391074965.00, -149406, -593577, -897 
1721391074987.00, -85303, -596781, -773 
1721391075008.00, -47438, -598653, -713 
1721391075030.00, -25447, -599681, -636 
1721391075052.00, -12582, -600254, -535 
1721391075073.00, -5254, -600533, -369 
1721391075094.00, -1177, -600651, -248 
1721391075116.00, 791, -600670, -119 
1721391075138.00, 2411, -600653, 44 
1721391075159.00, 5703, -600587, 206 
1721391075181.00, 17504, -600450, 357 
1721391075202.00, 33584, -600065, 676 
1721391075224.00, 62280, -599347, 743 
1721391075246.00, 83525, -598013, 800 
1721391075267.00, 99315, -596187, 959 
1721391075288.00, 118264, -594014, 1084 
1721391075310.00, 136936, -591423, 1010 
1721391075331.00, 143313, -588432, 1085 
1721391075353.00, 151635, -585282, 1097 
1721391075375.00, 157178, -581964, 1095 
1721391075396.00, 160083, -578530, 1109 
1721391075418.00, 162517, -575024, 1115 
1721391075440.00, 164174, -571474, 1104 
1721391075462.00, 164432, -567888, 1102 
1721391075484.00, 164314, -564296, 1101 
1721391075506.00, 164054, -560708, 1087 
1721391075528.00, 163034, -557117, 1090 
1721391075549.00, 162437, -553558, 1101 
1721391075571.00, 162652, -550008, 1114 
1721391075593.00, 163443, -546454, 1104 
1721391075615.00, 163243, -542899, 1105 
1721391075636.00, 163202, -539329, 1117 
1721391075658.00, 163765, -535760, 1116 
1721391075682.00, 164130, -532169, 1108 
1721391075703.00, 163647, -528600, 1112 
1721391075724.00, 163438, -525014, 1157 
1721391075746.00, 166018, -521438, 1161 
1721391075768.00, 167627, -517814, 1156 
1721391075789.00, 168103, -514149, 1183 
1721391075811.00, 170032, -510479, 1171 
1721391075833.00, 170443, -506756, 1172 
1721391075854.00, 170627, -503033, 1175 
1721391075877.00, 170629, -499298, 1177 
1721391075898.00, 170945, -495569, 1176 
1721391075920.00, 171044, -491827, 1182 
1721391075942.00, 171187, -488093, 1197 
1721391075964.00, 172155, -484352, 1193 
1721391075986.00, 172579, -480584, 1190 
1721391076008.00, 172637, -476815, 1181 
1721391076030.00, 172121, -473046, 1186 
1721391076051.00, 171875, -469294, 1192 
1721391076073.00, 172012, -465526, 1191 
1721391076094.00, 172151, -461769, 1190 
1721391076117.00, 172028, -458017, 1179 
1721391076139.00, 171212, -454265, 1171 
1721391076160.00, 170141, -450522, 1155 
1721391076182.00, 168529, -446802, 1097 
1721391076204.00, 164112, -443131, 1012 
1721391076227.00, 156130, -439562, 946 
1721391076249.00, 147331, -436170, 881 
1721391076270.00, 138236, -432983, 801 
1721391076292.00, 128037, -429983, 767 
1721391076314.00, 72503, -427239, 715 
1721391076335.00, 40167, -425659, 712 
1721391076357.00, 21159, -424784, 602 
1721391076379.00, 10134, -424304, 603 
1721391076400.00, 3596, -424079, 523 
1721391076422.00, -58, -424006, 357 
1721391076443.00, -2519, -424017, 122 
1721391076464.00, -3674, -424080, -58 
1721391076486.00, -8043, -424170, -232 
1721391076508.00, -20600, -424358, -540 
1721391076529.00, -46756, -424813, -742 
1721391076551.00, -74515, -425795, -711 
1721391076573.00, -89139, -427414, -800 
1721391076594.00, -103030, -429349, -860 
1721391076616.00, -114695, -431595, -844 
1721391076637.00, -120800, -434097, -837 
1721391076659.00, -123665, -436726, -886 
1721391076681.00, -128075, -439419, -898 
1721391076703.00, -131562, -442214, -862 
1721391076725.00, -131037, -445086, -898 
1721391076746.00, -132875, -447937, -992 
1721391076767.00, -139529, -450833, -962 
1721391076790.00, -141637, -453873, -974 
1721391076810.00, -143587, -456942, -1014 
1721391076833.00, -146855, -460091, -979 
1721391076855.00, -146751, -463283, -988 
1721391076875.00, -147048, -466471, -1006 
1721391076897.00, -148326, -469690, -1016 
1721391076918.00, -149334, -472921, -1036 
1721391076941.00, -151313, -476199, -1032 
1721391076962.00, -152184, -479500, -1027 
1721391076984.00, -152294, -482809, -1062 
1721391077006.00, -154260, -486151, -1082 
1721391077028.00, -156465, -489511, -1104 
1721391077050.00, -159026, -492944, -1098 
1721391077071.00, -159912, -496416, -1114 
1721391077094.00, -161520, -499931, -1128 
1721391077116.00, -163192, -503459, -1125 
1721391077136.00, -163823, -507022, -1149 
1721391077158.00, -165628, -510613, -1153 
1721391077181.00, -167000, -514221, -1158 
1721391077203.00, -168041, -517889, -1200 
1721391077224.00, -171026, -521550, -1173 
1721391077245.00, -171245, -525297, -1149 
1721391077268.00, -169753, -529034, -1206 
1721391077289.00, -172051, -532744, -1156 
1721391077312.00, -170457, -536518, -1180 
1721391077333.00, -170831, -540237, -1256 
1721391077354.00, -175011, -543973, -1259 
1721391077377.00, -174939, -547790, -1229 
1721391077398.00, -174803, -551615, -1262 
1721391077420.00, -174576, -555433, -1238 
1721391077443.00, -174669, -559255, -1188 
1721391077464.00, -173868, -563058, -1231 
1721391077486.00, -174743, -566853, -1170 
1721391077507.00, -172711, -570668, -1155 
1721391077530.00, -170470, -574435, -1174 
1721391077552.00, -169885, -578153, -1129 
1721391077574.00, -166951, -581872, -1089 
1721391077595.00, -162707, -585517, -1060 
1721391077622.00, -158606, -589052, -1007 
1721391077640.00, -152728, -592500, -933 
1721391077661.00, -144758, -595802, -823 
1721391077683.00, -82009, -598930, -707 
1721391077704.00, -45097, -600718, -632 
1721391077727.00, -23897, -601696, -390 
1721391077748.00, -11424, -602225, -218 
1721391077770.00, -4393, -602476, -57 
1721391077790.00, -67, -602564, 98 
1721391077812.00, 7601, -602562, 337 
1721391077834.00, 26663, -602390, 768 
1721391077855.00, 64122, -601832, 919 
1721391077878.00, 95518, -600461, 1031 
1721391077898.00, 120973, -598367, 1089 
1721391077920.00, 139499, -595711, 1129 
1721391077942.00, 152747, -592638, 1156 
1721391077963.00, 161848, -589300, 1155 
1721391077988.00, 167035, -585757, 1169 
1721391078007.00, 170730, -582102, 1191 
1721391078029.00, 173989, -578370, 1199 
1721391078051.00, 174844, -574576, 1207 
1721391078073.00, 174732, -570752, 1222 
1721391078094.00, 174879, -566933, 1233 
1721391078116.00, 174607, -563125, 1250 
1721391078137.00, 174821, -559312, 1264 
1721391078160.00, 174753, -555498, 1279 
1721391078182.00, 174798, -551675, 1280 
1721391078203.00, 174675, -547858, 1302 
1721391078225.00, 174698, -544040, 1299 
1721391078247.00, 174670, -540222, 1295 
1721391078269.00, 174771, -536415, 1276 
1721391078290.00, 174664, -532596, 1263 
1721391078312.00, 174659, -528781, 1255 
1721391078334.00, 174912, -524965, 1271 
1721391078356.00, 174804, -521144, 1288 
1721391078378.00, 174696, -517329, 1287 
1721391078400.00, 174707, -513520, 1277 
1721391078424.00, 174761, -509699, 1287 
1721391078443.00, 174372, -505878, 1305 
1721391078465.00, 174630, -502067, 1314 
1721391078487.00, 174536, -498246, 1308 
1721391078509.00, 174756, -494425, 1295 
1721391078536.00, 174648, -490600, 1318 
1721391078552.00, 174716, -486794, 1341 
1721391078574.00, 174937, -482960, 1372 
1721391078596.00, 174718, -479145, 1387 
1721391078618.00, 174558, -475321, 1378 
1721391078639.00, 174488, -471519, 1358 
1721391078661.00, 174536, -467706, 1360 
1721391078683.00, 174627, -463887, 1375 
1721391078705.00, 174826, -460071, 1356 
1721391078727.00, 174805, -456255, 1347 
1721391078749.00, 174515, -452449, 1301 
1721391078770.00, 174514, -448638, 1248 
1721391078792.00, 174413, -444827, 1185 
1721391078814.00, 170522, -441019, 1118 
1721391078835.00, 164493, -437295, 1066 
1721391078858.00, 157602, -433710, 985 
1721391078880.00, 148555, -430296, 872 
1721391078902.00, 82002, -427102, 755 
1721391078923.00, 43496, -425315, 746 
1721391078945.00, 21210, -424372, 525 
1721391078968.00, 8188, -423893, 473 
1721391078989.00, 607, -423702, 465 
1721391079010.00, -3280, -423683, 379 
1721391079031.00, -6044, -423747, 266 
1721391079053.00, -7724, -423878, 101 
1721391079083.00, -8355, -424057, -32 
1721391079096.00, -11126, -424250, -209 
1721391079118.00, -22863, -424491, -377 
1721391079139.00, -39670, -424988, -585 
1721391079160.00, -62133, -425833, -706 
1721391079183.00, -82661, -427173, -746 
1721391079205.00, -97258, -428969, -814 
1721391079226.00, -109876, -431077, -819 
1721391079247.00, -117500, -433468, -824 
1721391079269.00, -122030, -436032, -816 
1721391079291.00, -123912, -438693, -812 
1721391079313.00, -124931, -441395, -830 
1721391079335.00, -126526, -444115, -849 
1721391079356.00, -128262, -446859, -857 
1721391079377.00, -129696, -449652, -895 
1721391079400.00, -132696, -452487, -960 
1721391079422.00, -138327, -455372, -939 
1721391079443.00, -140369, -458386, -978 
1721391079465.00, -143792, -461451, -976 
1721391079487.00, -145483, -464568, -944 
1721391079508.00, -144354, -467748, -955 
1721391079530.00, -144123, -470890, -955 
1721391079551.00, -144016, -474014, -922 
1721391079573.00, -141883, -477161, -944 
1721391079595.00, -141864, -480233, -920 
1721391079619.00, -140383, -483323, -910 
1721391079639.00, -138694, -486382, -961 
1721391079660.00, -140864, -489382, -958 
1721391079682.00, -141824, -492460, -962 
1721391079704.00, -142530, -495534, -977 
1721391079725.00, -143833, -498626, -948 
1721391079747.00, -142684, -501767, -986 
1721391079767.00, -144001, -504867, -1028 
1721391079791.00, -147424, -508025, -992 
1721391079812.00, -147305, -511232, -1014 
1721391079833.00, -148221, -514442, -1092 
1721391079855.00, -153426, -517699, -1038 
1721391079877.00, -153243, -521043, -1082 
1721391079898.00, -155654, -524396, -1105 
1721391079920.00, -158696, -527797, -1027 
1721391079942.00, -155547, -531252, -1046 
1721391079964.00, -154717, -534660, -1083 
1721391079986.00, -156389, -538033, -1039 
1721391080007.00, -154622, -541459, -1087 
1721391080030.00, -156314, -544822, -1101 
1721391080051.00, -158159, -548245, -1101 
1721391080073.00, -158973, -551706, -1109 
1721391080095.00, -160099, -555172, -1120 
1721391080117.00, -161363, -558679, -1101 
1721391080139.00, -160704, -562208, -1157 
1721391080161.00, -163701, -565722, -1144 
1721391080181.00, -164713, -569307, -1149 
1721391080203.00, -165511, -572894, -1170 
1721391080225.00, -167238, -576512, -1119 
1721391080248.00, -165102, -580147, -1118 
1721391080269.00, -163578, -583754, -1086 
1721391080292.00, -160768, -587318, -935 
1721391080314.00, -150104, -590807, -866 
1721391080335.00, -138827, -594052, -791 
1721391080358.00, -79039, -597029, -564 
1721391080379.00, -43719, -598758, -457 
1721391080401.00, -23315, -599700, -255 
1721391080422.00, -11570, -600221, -96 
1721391080443.00, -4565, -600465, 39 
1721391080465.00, 1172, -600568, 151 
1721391080487.00, 11857, -600547, 345 
1721391080509.00, 29625, -600287, 623 
1721391080530.00, 56913, -599655, 757 
1721391080551.00, 81131, -598446, 799 
1721391080573.00, 98227, -596668, 898 
1721391080593.00, 114131, -594529, 1073 
1721391080615.00, 133935, -592026, 1036 
1721391080637.00, 143413, -589091, 1064 
1721391080659.00, 150566, -585938, 1129 
1721391080681.00, 158466, -582644, 1129 
1721391080703.00, 163211, -579180, 1141 
1721391080724.00, 166486, -575612, 1153 
1721391080747.00, 169106, -571971, 1159 
1721391080769.00, 170736, -568279, 1183 
1721391080791.00, 172900, -564544, 1201 
1721391080812.00, 175003, -560755, 1181 
1721391080834.00, 174736, -556937, 1220 
1721391080855.00, 174667, -553121, 1252 
1721391080877.00, 174633, -549304, 1266 
1721391080900.00, 174808, -545480, 1277 
1721391080921.00, 174674, -541674, 1278 
1721391080942.00, 174782, -537861, 1293 
1721391080965.00, 174843, -534035, 1267 
1721391080987.00, 174575, -530219, 1256 
1721391081008.00, 174753, -526417, 1249 
1721391081030.00, 174710, -522607, 1256 
1721391081052.00, 174574, -518775, 1269 
1721391081074.00, 174745, -514947, 1285 
1721391081095.00, 174602, -511142, 1300 
1721391081117.00, 174675, -507318, 1295 
1721391081139.00, 174683, -503510, 1314 
1721391081161.00, 174731, -499679, 1319 
1721391081182.00, 175023, -495863, 1309 
1721391081204.00, 174642, -492047, 1305 
1721391081226.00, 174479, -488233, 1315 
1721391081248.00, 174542, -484411, 1307 
1721391081270.00, 174798, -480598, 1324 
1721391081291.00, 174828, -476772, 1344 
1721391081314.00, 174792, -472968, 1331 
1721391081335.00, 174813, -469143, 1335 
1721391081357.00, 174553, -465327, 1329 
1721391081382.00, 174588, -461506, 1308 
1721391081401.00, 174689, -457707, 1269 
1721391081423.00, 174802, -453884, 1228 
1721391081445.00, 174586, -450067, 1186 
1721391081466.00, 174660, -446255, 1118 
1721391081490.00, 170944, -442437, 1052 
1721391081510.00, 164719, -438714, 1005 
1721391081533.00, 157902, -435129, 934 
1721391081555.00, 149557, -431704, 870 
1721391081577.00, 86687, -428478, 788 
1721391081598.00, 49839, -426587, 808 
1721391081620.00, 28078, -425517, 610 
1721391081642.00, 16071, -424893, 488 
1721391081663.00, 8814, -424543, 346 
1721391081684.00, 4203, -424363, 149 
1721391081705.00, 1517, -424286, -48 
1721391081727.00, -2553, -424259, -229 
1721391081749.00, -15523, -424322, -570 
1721391081771.00, -44075, -424666, -770 
1721391081792.00, -73413, -425589, -746 
1721391081814.00, -89352, -427174, -827 
1721391081836.00, -103410, -429113, -876 
1721391081857.00, -114855, -431363, -854 
1721391081880.00, -120094, -433866, -888 
1721391081901.00, -125103, -436484, -943 
1721391081923.00, -131005, -439215, -927 
1721391081944.00, -133858, -442081, -922 
1721391081966.00, -134846, -444999, -960 
1721391081987.00, -137653, -447932, -977 
1721391082009.00, -140350, -450935, -964 
1721391082031.00, -141221, -453989, -982 
1721391082053.00, -142616, -457058, -995 
1721391082073.00, -144090, -460164, -1005 
1721391082095.00, -145560, -463312, -1004 
1721391082117.00, -146213, -466498, -1001 
1721391082139.00, -146603, -469689, -1006 
1721391082162.00, -146889, -472877, -984 
1721391082184.00, -145821, -476087, -990 
1721391082205.00, -145543, -479263, -1023 
1721391082226.00, -147164, -482422, -1046 
1721391082248.00, -149562, -485648, -1020 
1721391082269.00, -149305, -488918, -1068 
1721391082292.00, -152070, -492178, -1073 
1721391082313.00, -153967, -495499, -1078 
1721391082335.00, -155143, -498856, -1129 
1721391082362.00, -158754, -502262, -1140 
1721391082379.00, -161503, -505725, -1125 
1721391082400.00, -162351, -509258, -1132 
1721391082422.00, -163215, -512806, -1128 
1721391082444.00, -163215, -516379, -1128 
1721391082466.00, -162932, -519948, -1103 
1721391082487.00, -161550, -523518, -1102 
1721391082510.00, -160640, -527042, -1141 
1721391082531.00, -162211, -530525, -1117 
1721391082553.00, -161924, -534089, -1119 
1721391082577.00, -161705, -537615, -1154 
1721391082597.00, -163428, -541148, -1082 
1721391082620.00, -160360, -544716, -997 
1721391082642.00, -153364, -548187, -935 
1721391082662.00, -145177, -551518, -922 
1721391082685.00, -139691, -554667, -859 
1721391082707.00, -132482, -557703, -917 
1721391082728.00, -131838, -560574, -902 
1721391082750.00, -130376, -563429, -927 
1721391082772.00, -130972, -566282, -986 
1721391082794.00, -134852, -569139, -987 
1721391082814.00, -137275, -572069, -1016 
1721391082836.00, -140494, -575083, -1043 
1721391082858.00, -143926, -578141, -1058 
1721391082879.00, -146783, -581294, -1055 
1721391082901.00, -148357, -584494, -1026 
1721391082925.00, -147445, -587726, -939 
1721391082946.00, -141706, -590934, -822 
1721391082968.00, -130891, -593997, -724 
1721391082990.00, -73722, -596797, -534 
1721391083016.00, -40249, -598410, -427 
1721391083032.00, -20699, -599279, -233 
1721391083054.00, -9385, -599739, -75 
1721391083076.00, -2685, -599946, 32 
1721391083097.00, 2189, -599996, 222 
1721391083118.00, 17455, -599952, 360 
1721391083140.00, 34348, -599577, 717 
1721391083162.00, 65745, -598849, 820 
1721391083184.00, 90906, -597431, 845 
1721391083205.00, 106937, -595451, 950 
1721391083226.00, 122847, -593100, 1052 
1721391083248.00, 138299, -590400, 1001 
1721391083270.00, 144437, -587375, 1055 
1721391083292.00, 150857, -584213, 1062 
1721391083313.00, 155032, -580913, 1054 
1721391083335.00, 156877, -577524, 1085 
1721391083357.00, 159604, -574087, 1101 
1721391083379.00, 162257, -570601, 1108 
1721391083401.00, 164061, -567047, 1151 
1721391083422.00, 167553, -563478, 1141 
1721391083444.00, 169032, -559814, 1140 
1721391083466.00, 169649, -556123, 1169 
1721391083487.00, 171654, -552410, 1187 
1721391083510.00, 173856, -548653, 1186 
1721391083532.00, 174858, -544854, 1199 
1721391083554.00, 174834, -541034, 1221 
1721391083575.00, 174669, -537221, 1231 
1721391083597.00, 174735, -533406, 1226 
1721391083619.00, 174917, -529586, 1236 
1721391083640.00, 174810, -525770, 1229 
1721391083662.00, 174700, -521957, 1230 
1721391083684.00, 174708, -518130, 1266 
1721391083706.00, 174652, -514313, 1287 
1721391083728.00, 174681, -510503, 1278 
1721391083750.00, 174776, -506680, 1294 
1721391083771.00, 174795, -502869, 1328 
1721391083793.00, 174770, -499038, 1341 
1721391083815.00, 174849, -495224, 1338 
1721391083836.00, 174647, -491408, 1342 
1721391083858.00, 174623, -487587, 1355 
1721391083880.00, 174646, -483774, 1346 
1721391083903.00, 174532, -479957, 1338 
1721391083924.00, 174767, -476130, 1329 
1721391083945.00, 174599, -472329, 1322 
1721391083968.00, 174782, -468503, 1318 
1721391083989.00, 174618, -464682, 1329 
1721391084011.00, 174578, -460881, 1312 
1721391084033.00, 174805, -457063, 1260 
1721391084055.00, 174545, -453246, 1192 
1721391084076.00, 174621, -449431, 1144 
1721391084098.00, 172166, -445621, 1093 
1721391084122.00, 167666, -441863, 981 
1721391084142.00, 158158, -438222, 887 
1721391084164.00, 146876, -434800, 869 
1721391084187.00, 138722, -431622, 819 
1721391084208.00, 80319, -428625, 706 
1721391084229.00, 46120, -426875, 701 
1721391084252.00, 25923, -425882, 502 
1721391084273.00, 14079, -425311, 362 
1721391084294.00, 7118, -425006, 194 
1721391084316.00, 2915, -424856, 42 
1721391084337.00, 705, -424800, -161 
1721391084360.00, -9565, -424794, -327 
1721391084381.00, -25827, -425005, -645 
1721391084403.00, -55044, -425555, -753 
1721391084424.00, -78834, -426717, -770 
1721391084446.00, -94127, -428434, -873 
1721391084468.00, -109109, -430470, -911 
1721391084490.00, -120285, -432852, -931 
1721391084525.00, -127659, -435500, -953 
1721391084532.00, -133562, -438293, -971 
1721391084554.00, -138059, -441193, -958 
1721391084576.00, -139877, -444205, -977 
1721391084596.00, -141945, -447244, -1002 
1721391084620.00, -144625, -450351, -989 
1721391084640.00, -145537, -453503, -1003 
1721391084664.00, -146762, -456667, -1034 
1721391084684.00, -149180, -459890, -1033 
1721391084706.00, -150611, -463130, -1015 
1721391084727.00, -150078, -466424, -1029 
1721391084749.00, -150673, -469713, -1036 
1721391084773.00, -151230, -472986, -1036 
1721391084793.00, -151676, -476307, -1035 
1721391084815.00, -151724, -479614, -1067 
1721391084837.00, -153560, -482923, -1067 
1721391084859.00, -154556, -486294, -1117 
1721391084884.00, -158119, -489656, -1102 
1721391084902.00, -159323, -493126, -1079 
1721391084924.00, -158473, -496605, -1125 
1721391084946.00, -160732, -500078, -1111 
1721391084968.00, -160977, -503588, -1119 
1721391084996.00, -161516, -507106, -1078 
1721391085011.00, -159479, -510638, -1083 
1721391085033.00, -158516, -514093, -1056 
1721391085054.00, -156420, -517573, -1041 
1721391085076.00, -153960, -520980, -1082 
1721391085098.00, -155055, -524349, -1097 
1721391085120.00, -156609, -527727, -1094 
1721391085142.00, -157049, -531141, -1153 
1721391085164.00, -160909, -534581, -1115 
1721391085186.00, -160915, -538098, -1108 
1721391085207.00, -160528, -541620, -1142 
1721391085229.00, -161808, -545118, -1134 
1721391085251.00, -162372, -548672, -1135 
1721391085273.00, -162905, -552225, -1133 
1721391085294.00, -162840, -555788, -1179 
1721391085319.00, -165607, -559343, -1182 
1721391085339.00, -167485, -562955, -1177 
1721391085361.00, -168286, -566617, -1193 
1721391085382.00, -169676, -570282, -1220 
1721391085404.00, -171805, -574000, -1183 
1721391085431.00, -170877, -577744, -1133 
1721391085448.00, -167102, -581474, -1098 
1721391085469.00, -162716, -585125, -1026 
1721391085492.00, -155732, -588660, -920 
1721391085514.00, -145157, -592038, -858 
1721391085537.00, -135042, -595167, -687 
1721391085557.00, -76141, -598074, -475 
1721391085579.00, -41425, -599733, -452 
1721391085600.00, -21395, -600642, -279 
1721391085622.00, -9629, -601113, -122 
1721391085643.00, -2960, -601320, 47 
1721391085664.00, 3046, -601378, 210 
1721391085686.00, 17181, -601318, 352 
1721391085709.00, 33525, -600944, 684 
1721391085730.00, 63389, -600225, 813 
1721391085752.00, 89058, -598864, 842 
1721391085773.00, 105833, -596919, 926 
1721391085794.00, 120683, -594599, 1010 
1721391085816.00, 134430, -591962, 1009 
1721391085837.00, 142461, -589008, 1024 
1721391085859.00, 147910, -585887, 1047 
1721391085881.00, 152431, -582651, 1060 
1721391085902.00, 155750, -579310, 1078 
1721391085924.00, 158715, -575910, 1097 
1721391085946.00, 161380, -572441, 1098 
1721391085969.00, 162861, -568907, 1117 
1721391085990.00, 164987, -565345, 1145 
1721391086012.00, 167740, -561741, 1177 
1721391086034.00, 171004, -558072, 1199 
1721391086056.00, 174192, -554327, 1206 
1721391086077.00, 174712, -550518, 1204 
1721391086099.00, 174710, -546702, 1202 
1721391086121.00, 174659, -542894, 1214 
1721391086143.00, 174683, -539082, 1189 
1721391086164.00, 174698, -535263, 1155 
1721391086186.00, 173457, -531438, 1146 
1721391086208.00, 171926, -527652, 1148 
1721391086230.00, 171111, -523901, 1155 
1721391086252.00, 170977, -520170, 1186 
1721391086274.00, 172629, -516435, 1217 
1721391086297.00, 174788, -512650, 1229 
1721391086317.00, 174931, -508822, 1220 
1721391086339.00, 174628, -505009, 1217 
1721391086361.00, 174493, -501184, 1208 
1721391086383.00, 174649, -497375, 1187 
1721391086405.00, 174562, -493573, 1170 
1721391086426.00, 173414, -489757, 1151 
1721391086448.00, 171542, -485960, 1144 
1721391086470.00, 169857, -482224, 1156 
1721391086491.00, 169463, -478519, 1120 
1721391086514.00, 166889, -474811, 1119 
1721391086536.00, 165404, -471167, 1127 
1721391086557.00, 164873, -467554, 1101 
1721391086579.00, 162943, -463959, 1086 
1721391086601.00, 160958, -460407, 1054 
1721391086622.00, 157597, -456907, 1015 
1721391086645.00, 153342, -453464, 1012 
1721391086667.00, 150511, -450115, 975 
1721391086689.00, 146581, -446851, 909 
1721391086711.00, 140031, -443674, 862 
1721391086732.00, 133362, -440645, 811 
1721391086755.00, 126042, -437763, 726 
1721391086776.00, 116541, -435024, 655 
1721391086798.00, 106534, -432496, 588 
1721391086819.00, 60803, -430193, 518 
1721391086841.00, 33688, -428887, 501 
1721391086863.00, 17896, -428149, 344 
1721391086884.00, 8640, -427755, 206 
1721391086906.00, 2902, -427571, 97 
1721391086928.00, -55, -427515, -70 
1721391086949.00, -6191, -427519, -198 
1721391086971.00, -17031, -427660, -516 
1721391086992.00, -42925, -428039, -686 
1721391087013.00, -68732, -428938, -713 
1721391087035.00, -85494, -430414, -840 
1721391087062.00, -103081, -432276, -898 
1721391087078.00, -116841, -434539, -901 
1721391087100.00, -125059, -437084, -933 
1721391087122.00, -131878, -439802, -923 
1721391087144.00, -134804, -442682, -906 
1721391087165.00, -135483, -445629, -885 
1721391087187.00, -134786, -448565, -867 
1721391087209.00, -132794, -451505, -838 
1721391087230.00, -130036, -454404, -836 
1721391087253.00, -128232, -457208, -839 
1721391087274.00, -127366, -460008, -844 
1721391087295.00, -126965, -462759, -842 
1721391087318.00, -126355, -465520, -872 
1721391087340.00, -127690, -468285, -919 
1721391087361.00, -131059, -471073, -925 
1721391087383.00, -133642, -473925, -914 
1721391087405.00, -134282, -476841, -987 
1721391087426.00, -139146, -479768, -999 
1721391087448.00, -142747, -482793, -976 
1721391087469.00, -143381, -485901, -985 
1721391087491.00, -144301, -489010, -974 
1721391087514.00, -144148, -492159, -954 
1721391087534.00, -142711, -495295, -1017 
1721391087555.00, -145376, -498404, -1027 
1721391087577.00, -147602, -501592, -1023 
1721391087599.00, -148551, -504814, -1088 
1721391087621.00, -153058, -508067, -1089 
1721391087642.00, -155643, -511420, -1107 
1721391087664.00, -158470, -514821, -1137 
1721391087687.00, -161686, -518277, -1145 
1721391087708.00, -164047, -521801, -1127 
1721391087730.00, -164203, -525403, -1148 
1721391087752.00, -165357, -528991, -1120 
1721391087773.00, -164537, -532607, -1081 
1721391087796.00, -161402, -536195, -1124 
1721391087817.00, -161871, -539707, -1099 
1721391087840.00, -160780, -543257, -1014 
1721391087860.00, -154940, -546757, -1086 
1721391087883.00, -155735, -550149, -1021 
1721391087906.00, -152351, -553532, -973 
1721391087928.00, -147512, -556852, -999 
1721391087948.00, -145925, -560059, -1015 
1721391087970.00, -145974, -563232, -1000 
1721391087991.00, -145084, -566432, -1003 
1721391088014.00, -144736, -569600, -1046 
1721391088035.00, -146951, -572757, -1011 
1721391088058.00, -146147, -575978, -972 
1721391088080.00, -143409, -579135, -946 
1721391088102.00, -140070, -582272, -906 
1721391088123.00, -135491, -585298, -882 
1721391088145.00, -131181, -588236, -815 
1721391088167.00, -124382, -591090, -753 
1721391088189.00, -116759, -593792, -663 
1721391088210.00, -66319, -596280, -502 
1721391088231.00, -36115, -597728, -371 
1721391088253.00, -18661, -598530, -214 
1721391088275.00, -8586, -598943, -53 
1721391088297.00, -2662, -599128, 87 
1721391088318.00, 5088, -599177, 268 
1721391088340.00, 21387, -599076, 348 
1721391088361.00, 35542, -598616, 677 
1721391088383.00, 63879, -597846, 769 
1721391088405.00, 86312, -596476, 800 
1721391088426.00, 101402, -594598, 919 
1721391088446.00, 117551, -592379, 1032 
1721391088468.00, 133542, -589794, 1003 
1721391088490.00, 141312, -586864, 1037 
1721391088512.00, 147782, -583773, 1048 
1721391088534.00, 152117, -580537, 1065 
1721391088555.00, 155462, -577201, 1075 
1721391088578.00, 158119, -573801, 1079 
1721391088599.00, 159577, -570342, 1099 
1721391088621.00, 161834, -566852, 1112 
1721391088643.00, 163700, -563335, 1127 
1721391088665.00, 165619, -559747, 1143 
1721391088687.00, 167546, -556125, 1172 
1721391088708.00, 170495, -552458, 1188 
1721391088730.00, 173067, -548742, 1192 
1721391088752.00, 174707, -544951, 1187 
1721391088774.00, 174871, -541128, 1196 
1721391088795.00, 174697, -537324, 1179 
1721391088818.00, 174383, -533502, 1182 
1721391088840.00, 174486, -529697, 1182 
1721391088861.00, 174605, -525878, 1208 
1721391088883.00, 174856, -522076, 1234 
1721391088906.00, 174744, -518250, 1243 
1721391088930.00, 174727, -514425, 1280 
1721391088948.00, 174756, -510624, 1253 
1721391088970.00, 174673, -506807, 1268 
1721391088992.00, 174825, -502985, 1272 
1721391089014.00, 174838, -499164, 1256 
1721391089036.00, 174671, -495349, 1264 
1721391089057.00, 174656, -491523, 1288 
1721391089079.00, 174756, -487710, 1295 
1721391089101.00, 174742, -483891, 1291 
1721391089123.00, 174847, -480083, 1279 
1721391089144.00, 174882, -476254, 1279 
1721391089167.00, 174590, -472446, 1257 
1721391089188.00, 174600, -468629, 1235 
1721391089210.00, 174739, -464818, 1206 
1721391089232.00, 174918, -461005, 1161 
1721391089254.00, 173084, -457192, 1132 
1721391089275.00, 170198, -453407, 1134 
1721391089298.00, 168630, -449691, 1137 
1721391089319.00, 167552, -446005, 1115 
1721391089341.00, 165486, -442344, 1062 
1721391089364.00, 160999, -438744, 995 
1721391089386.00, 154261, -435247, 919 
1721391089408.00, 145692, -431904, 809 
1721391089429.00, 83851, -428764, 729 
1721391089451.00, 47384, -426936, 791 
1721391089472.00, 26321, -425912, 634 
1721391089494.00, 13900, -425331, 499 
1721391089516.00, 6531, -425033, 359 
1721391089537.00, 2088, -424905, 135 
1721391089558.00, 0, -424870, -79 
1721391089579.00, -5954, -424878, -242 
1721391089601.00, -18976, -425017, -582 
1721391089623.00, -47570, -425435, -781 
1721391089645.00, -76674, -426427, -780 
1721391089666.00, -93928, -428104, -887 
1721391089689.00, -110288, -430131, -938 
1721391089710.00, -123105, -432534, -937 
1721391089732.00, -130561, -435251, -964 
1721391089753.00, -136365, -438099, -982 
1721391089775.00, -140801, -441070, -999 
1721391089797.00, -144301, -444144, -1023 
1721391089817.00, -147765, -447291, -1027 
1721391089840.00, -150034, -450525, -1044 
1721391089861.00, -152181, -453808, -1064 
1721391089883.00, -154545, -457130, -1060 
1721391089908.00, -155617, -460529, -1057 
1721391089927.00, -156135, -463915, -1056 
1721391089948.00, -156072, -467339, -1051 
1721391089970.00, -155727, -470750, -1034 
1721391089992.00, -154485, -474143, -1024 
1721391090016.00, -153005, -477531, -1015 
1721391090037.00, -151543, -480851, -998 
1721391090058.00, -149632, -484158, -981 
1721391090080.00, -147159, -487411, -984 
1721391090102.00, -145945, -490612, -936 
1721391090125.00, -142564, -493781, -882 
1721391090145.00, -136709, -496871, -948 
1721391090167.00, -137244, -499854, -936 
1721391090189.00, -136971, -502837, -954 
1721391090209.00, -137936, -505813, -1006 
1721391090231.00, -141746, -508842, -1058 
1721391090253.00, -146814, -511936, -1088 
1721391090275.00, -151838, -515142, -1101 
1721391090297.00, -155373, -518469, -1111 
1721391090319.00, -157951, -521858, -1134 
1721391090340.00, -160789, -525322, -1145 
1721391090362.00, -162912, -528829, -1143 
1721391090384.00, -164026, -532405, -1195 
1721391090406.00, -167959, -535990, -1164 
1721391090427.00, -168213, -539652, -1193 
1721391090449.00, -169916, -543333, -1215 
1721391090471.00, -172460, -547039, -1238 
1721391090492.00, -174969, -550816, -1212 
1721391090514.00, -174613, -554628, -1203 
1721391090537.00, -174315, -558461, -1183 
1721391090559.00, -172717, -562260, -1157 
1721391090580.00, -170278, -566034, -1148 
1721391090602.00, -168218, -569740, -1122 
1721391090624.00, -165240, -573400, -1070 
1721391090646.00, -160411, -577007, -1055 
1721391090672.00, -156593, -580497, -1006 
1721391090690.00, -151276, -583911, -944 
1721391090712.00, -144379, -587194, -907 
1721391090734.00, -138008, -590323, -848 
1721391090755.00, -130552, -593313, -733 
1721391090780.00, -73945, -596112, -672 
1721391090799.00, -40146, -597735, -631 
1721391090821.00, -20784, -598619, -435 
1721391090842.00, -9326, -599080, -291 
1721391090863.00, -2896, -599286, -152 
1721391090885.00, 220, -599339, 24 
1721391090906.00, 3748, -599327, 267 
1721391090928.00, 20703, -599244, 385 
1721391090950.00, 37725, -598807, 609 
1721391090972.00, 61097, -597997, 744 
1721391090993.00, 83060, -596675, 787 
1721391091014.00, 98743, -594873, 842 
1721391091036.00, 111205, -592717, 919 
1721391091057.00, 123182, -590281, 1004 
1721391091079.00, 135177, -587594, 981 
1721391091101.00, 140815, -584635, 1018 
1721391091123.00, 146189, -581552, 1051 
1721391091144.00, 151338, -578350, 1063 
1721391091166.00, 154988, -575034, 1087 
1721391091187.00, 158491, -571644, 1096 
1721391091210.00, 160977, -568184, 1112 
1721391091231.00, 163273, -564663, 1125 
1721391091253.00, 165326, -561091, 1096 
1721391091275.00, 164545, -557471, 1110 
1721391091297.00, 165107, -553877, 1103 
1721391091318.00, 164701, -550275, 1098 
1721391091340.00, 164141, -546672, 1103 
1721391091362.00, 163953, -543105, 1121 
1721391091383.00, 164897, -539522, 1133 
1721391091405.00, 166191, -535912, 1155 
1721391091427.00, 168124, -532280, 1147 
1721391091450.00, 168623, -528600, 1143 
1721391091471.00, 168741, -524917, 1152 
1721391091493.00, 169026, -521236, 1168 
1721391091515.00, 169984, -517535, 1161 
1721391091537.00, 170247, -513833, 1156 
1721391091558.00, 170136, -510115, 1156 
1721391091581.00, 169873, -506398, 1168 
1721391091602.00, 170302, -502678, 1158 
1721391091624.00, 170032, -498955, 1146 
1721391091646.00, 168912, -495249, 1138 
1721391091668.00, 167611, -491558, 1153 
1721391091690.00, 167721, -487894, 1151 
1721391091711.00, 167621, -484233, 1125 
1721391091733.00, 165907, -480578, 1094 
1721391091755.00, 162990, -476957, 1079 
1721391091777.00, 160338, -473404, 1050 
1721391091799.00, 156917, -469905, 989 
1721391091821.00, 150983, -466487, 944 
1721391091843.00, 144908, -463214, 935 
1721391091864.00, 140739, -460068, 909 
1721391091887.00, 136610, -457024, 903 
1721391091909.00, 133722, -454051, 904 
1721391091930.00, 132108, -451141, 893 
1721391091952.00, 130340, -448282, 874 
1721391091973.00, 128208, -445432, 876 
1721391091995.00, 126855, -442658, 848 
1721391092017.00, 124589, -439900, 820 
1721391092038.00, 121525, -437198, 783 
1721391092060.00, 117174, -434557, 762 
1721391092082.00, 113314, -432015, 709 
1721391092104.00, 64528, -429571, 615 
1721391092126.00, 35753, -428181, 619 
1721391092147.00, 19065, -427387, 503 
1721391092169.00, 8861, -426967, 403 
1721391092189.00, 3071, -426764, 331 
1721391092211.00, -46, -426702, 196 
1721391092232.00, -2114, -426718, -2 
1721391092254.00, -3577, -426773, -245 
1721391092275.00, -18803, -426862, -444 
1721391092297.00, -39795, -427266, -661 
1721391092319.00, -65307, -428117, -777 
1721391092341.00, -87578, -429519, -828 
1721391092363.00, -103718, -431425, -916 
1721391092384.00, -118231, -433684, -928 
1721391092406.00, -127591, -436283, -961 
1721391092428.00, -135077, -439065, -969 
1721391092450.00, -139833, -442010, -969 
1721391092471.00, -142408, -445061, -981 
1721391092493.00, -144385, -448154, -986 
1721391092513.00, -145784, -451315, -1005 
1721391092536.00, -147751, -454509, -1009 
1721391092557.00, -148964, -457734, -1014 
1721391092579.00, -149819, -460996, -1037 
1721391092601.00, -151787, -464266, -1027 
1721391092623.00, -152311, -467601, -1031 
1721391092644.00, -152808, -470933, -1029 
1721391092666.00, -152843, -474257, -1022 
1721391092688.00, -152419, -477609, -1024 
1721391092710.00, -152119, -480927, -1028 
1721391092731.00, -152003, -484259, -1008 
1721391092753.00, -150791, -487582, -1011 
1721391092775.00, -150067, -490875, -1044 
1721391092797.00, -151675, -494159, -1027 
1721391092819.00, -151430, -497470, -1053 
1721391092840.00, -152561, -500787, -1090 
1721391092871.00, -155607, -504126, -1090 
1721391092884.00, -157332, -507521, -1053 
1721391092907.00, -156043, -510965, -1114 
1721391092928.00, -158866, -514362, -1095 
1721391092950.00, -159564, -517855, -1113 
1721391092971.00, -160975, -521335, -1156 
1721391092994.00, -164340, -524848, -1157 
1721391093015.00, -166499, -528442, -1162 
1721391093037.00, -167425, -532076, -1182 
1721391093058.00, -169219, -535748, -1168 
1721391093081.00, -169413, -539445, -1137 
1721391093103.00, -167532, -543155, -1145 
1721391093124.00, -166884, -546804, -1135 
1721391093146.00, -165986, -550462, -1136 
1721391093168.00, -165458, -554075, -1135 
1721391093190.00, -164963, -557693, -1115 
1721391093212.00, -163415, -561282, -1113 
1721391093233.00, -162343, -564852, -1088 
1721391093255.00, -160076, -568403, -1087 
1721391093277.00, -158418, -571884, -1067 
1721391093301.00, -156341, -575361, -1069 
1721391093321.00, -155210, -578758, -1058 
1721391093342.00, -153702, -582152, -1021 
1721391093365.00, -150641, -585510, -971 
1721391093387.00, -145578, -588777, -873 
1721391093409.00, -136677, -591927, -718 
1721391093430.00, -121863, -594877, -539 
1721391093452.00, -68956, -597489, -414 
1721391093474.00, -37849, -598997, -348 
1721391093495.00, -19473, -599825, -192 
1721391093517.00, -8981, -600265, -39 
1721391093538.00, -2892, -600455, 66 
1721391093559.00, 3853, -600515, 238 
1721391093581.00, 18826, -600439, 351 
1721391093603.00, 34340, -600035, 642 
1721391093628.00, 61043, -599300, 749 
1721391093647.00, 83551, -597992, 778 
1721391093668.00, 98572, -596175, 872 
1721391093689.00, 112838, -594015, 1079 
1721391093710.00, 133790, -591551, 1034 
1721391093736.00, 143495, -588615, 1100 
1721391093754.00, 153070, -585469, 1126 
1721391093775.00, 160038, -582120, 1138 
1721391093797.00, 164642, -578622, 1166 
1721391093819.00, 168835, -575011, 1177 
1721391093847.00, 171938, -571329, 1180 
1721391093863.00, 173860, -567564, 1177 
1721391093884.00, 174746, -563763, 1178 
1721391093906.00, 174817, -559945, 1190 
1721391093929.00, 174686, -556132, 1191 
1721391093952.00, 174711, -552312, 1192 
1721391093972.00, 174644, -548495, 1220 
1721391093994.00, 174596, -544670, 1219 
1721391094016.00, 174616, -540858, 1209 
1721391094038.00, 174591, -537047, 1199 
1721391094064.00, 174704, -533230, 1224 
1721391094081.00, 174657, -529406, 1222 
1721391094102.00, 174702, -525590, 1194 
1721391094125.00, 174885, -521778, 1202 
1721391094146.00, 174643, -517956, 1208 
1721391094171.00, 174507, -514139, 1198 
1721391094189.00, 174522, -510339, 1151 
1721391094212.00, 172524, -506527, 1074 
1721391094233.00, 166730, -502759, 1064 
1721391094256.00, 162328, -499112, 1099 
1721391094277.00, 162003, -495570, 1121 
1721391094299.00, 162974, -492035, 1152 
1721391094321.00, 165414, -488470, 1161 
1721391094342.00, 167133, -484866, 1172 
1721391094364.00, 168866, -481206, 1166 
1721391094386.00, 169384, -477529, 1152 
1721391094408.00, 168805, -473820, 1146 
1721391094430.00, 168010, -470140, 1134 
1721391094452.00, 166792, -466465, 1114 
1721391094474.00, 164620, -462822, 1076 
1721391094496.00, 160939, -459231, 1059 
1721391094518.00, 157777, -455722, 1020 
1721391094540.00, 153499, -452285, 948 
1721391094562.00, 146538, -448948, 894 
1721391094583.00, 138979, -445770, 851 
1721391094606.00, 131805, -442755, 818 
1721391094627.00, 125723, -439904, 752 
1721391094649.00, 118196, -437173, 715 
1721391094670.00, 111351, -434618, 640 
1721391094692.00, 102533, -432205, 556 
1721391094714.00, 58419, -429990, 455 
1721391094736.00, 32245, -428729, 431 
1721391094757.00, 16955, -428022, 305 
1721391094779.00, 7745, -427646, 178 
1721391094800.00, 2244, -427482, 29 
1721391094821.00, -5, -427440, -181 
1721391094843.00, -12647, -427450, -287 
1721391094864.00, -26631, -427725, -571 
1721391094887.00, -51969, -428298, -724 
1721391094907.00, -76317, -429394, -774 
1721391094930.00, -93709, -431047, -846 
1721391094952.00, -108131, -433081, -913 
1721391094972.00, -120671, -435468, -916 
1721391094995.00, -128121, -438101, -914 
1721391095017.00, -132268, -440882, -928 
1721391095038.00, -135649, -443769, -926 
1721391095060.00, -137271, -446721, -928 
1721391095082.00, -138307, -449707, -947 
1721391095104.00, -139858, -452717, -960 
1721391095125.00, -141473, -455762, -996 
1721391095145.00, -144464, -458851, -1038 
1721391095167.00, -148862, -462008, -1037 
1721391095190.00, -151193, -465250, -1051 
1721391095211.00, -153317, -468572, -1078 
1721391095233.00, -156056, -471927, -1088 
1721391095255.00, -158311, -475340, -1099 
1721391095277.00, -160229, -478801, -1116 
1721391095298.00, -162502, -482292, -1115 
1721391095320.00, -163530, -485852, -1115 
1721391095341.00, -163916, -489414, -1121 
1721391095364.00, -164508, -493017, -1117 
1721391095386.00, -164294, -496607, -1123 
1721391095408.00, -164751, -500207, -1112 
1721391095429.00, -164139, -503809, -1113 
1721391095451.00, -163699, -507387, -1117 
1721391095473.00, -163622, -510975, -1134 
1721391095497.00, -164639, -514523, -1100 
1721391095516.00, -163102, -518135, -1073 
1721391095538.00, -160438, -521690, -1060 
1721391095559.00, -158142, -525200, -1042 
1721391095582.00, -155537, -528642, -1036 
1721391095604.00, -153540, -532031, -1020 
1721391095626.00, -151285, -535393, -1038 
1721391095648.00, -151031, -538681, -1049 
1721391095669.00, -151299, -541987, -1077 
1721391095691.00, -153004, -545299, -1112 
1721391095713.00, -156377, -548653, -1129 
1721391095734.00, -159121, -552071, -1136 
1721391095756.00, -161262, -555554, -1127 
1721391095778.00, -161828, -559083, -1080 
1721391095800.00, -159257, -562611, -1094 
1721391095822.00, -158495, -566103, -1072 
1721391095843.00, -156815, -569559, -1002 
1721391095867.00, -151513, -572972, -995 
1721391095888.00, -147925, -576271, -971 
1721391095910.00, -144241, -579453, -902 
1721391095931.00, -137888, -582604, -841 
1721391095954.00, -130361, -585595, -803 
1721391095975.00, -123364, -588410, -728 
1721391095997.00, -114673, -591083, -620 
1721391096019.00, -103128, -593556, -537 
1721391096041.00, -58405, -595774, -451 
1721391096063.00, -31927, -597039, -379 
1721391096084.00, -16447, -597753, -250 
1721391096105.00, -7374, -598113, -116 
1721391096126.00, -2015, -598275, -16 
1721391096148.00, 705, -598318, 105 
1721391096169.00, 8706, -598299, 323 
1721391096191.00, 26590, -598108, 472 
1721391096213.00, 46348, -597538, 704 
1721391096234.00, 71777, -596552, 759 
1721391096256.00, 90363, -594998, 826 
1721391096278.00, 105143, -593022, 968 
1721391096299.00, 122418, -590721, 1046 
1721391096321.00, 137247, -588047, 1040 
1721391096342.00, 145488, -585027, 1075 
1721391096363.00, 152455, -581831, 1111 
1721391096385.00, 158644, -578495, 1089 
1721391096408.00, 160840, -575032, 1111 
1721391096429.00, 163168, -571516, 1138 
1721391096451.00, 166161, -567944, 1135 
1721391096473.00, 167649, -564302, 1150 
1721391096494.00, 169469, -560641, 1152 
1721391096516.00, 170450, -556947, 1121 
1721391096539.00, 169021, -553222, 1161 
1721391096560.00, 170364, -549532, 1157 
1721391096584.00, 170893, -545814, 1146 
1721391096604.00, 170481, -542074, 1128 
1721391096625.00, 169090, -538343, 1121 
1721391096647.00, 167912, -534665, 1112 
1721391096669.00, 166361, -530997, 1091 
1721391096695.00, 164180, -527358, 1067 
1721391096713.00, 161335, -523789, 1066 
1721391096735.00, 159355, -520266, 1091 
1721391096756.00, 159610, -516786, 1092 
1721391096778.00, 159919, -513300, 1102 
1721391096801.00, 160519, -509803, 1117 
1721391096822.00, 161758, -506286, 1134 
1721391096844.00, 163462, -502759, 1137 
1721391096865.00, 164299, -499172, 1147 
1721391096888.00, 165690, -495580, 1139 
1721391096911.00, 165786, -491964, 1158 
1721391096931.00, 167049, -488342, 1162 
1721391096953.00, 167856, -484688, 1166 
1721391096974.00, 168514, -481021, 1179 
1721391096997.00, 169649, -477345, 1191 
1721391097018.00, 170962, -473633, 1172 
1721391097040.00, 170651, -469890, 1151 
1721391097062.00, 169013, -466167, 1120 
1721391097084.00, 166144, -462479, 1072 
1721391097105.00, 161329, -458862, 1034 
1721391097129.00, 156181, -455336, 997 
1721391097150.00, 150606, -451955, 957 
1721391097172.00, 145059, -448680, 898 
1721391097194.00, 138262, -445531, 869 
1721391097215.00, 132430, -442538, 823 
1721391097239.00, 126118, -439668, 752 
1721391097259.00, 118000, -436929, 672 
1721391097281.00, 108344, -434383, 580 
1721391097302.00, 96934, -432040, 467 
1721391097324.00, 54956, -429961, 348 
1721391097350.00, 29881, -428783, 267 
1721391097367.00, 15228, -428132, 56 
1721391097389.00, 6970, -427805, -188 
1721391097410.00, -8748, -427660, -265 
1721391097432.00, -23027, -427854, -562 
1721391097458.00, -49629, -428350, -722 
1721391097475.00, -75150, -429387, -752 
1721391097497.00, -92110, -431017, -840 
1721391097518.00, -107218, -433014, -921 
1721391097540.00, -120898, -435372, -928 
1721391097563.00, -129256, -438019, -960 
1721391097582.00, -136026, -440827, -1003 
1721391097605.00, -142738, -443821, -998 
1721391097626.00, -146246, -446921, -1004 
1721391097648.00, -148435, -450111, -1027 
1721391097669.00, -151097, -453365, -1045 
1721391097691.00, -153591, -456654, -1053 
1721391097713.00, -155593, -460028, -1067 
1721391097735.00, -157224, -463407, -1077 
1721391097757.00, -158693, -466848, -1082 
1721391097782.00, -159929, -470330, -1075 
1721391097800.00, -159674, -473813, -1081 
1721391097822.00, -160029, -477324, -1063 
1721391097844.00, -159100, -480813, -1034 
1721391097866.00, -156645, -484293, -1008 
1721391097893.00, -153322, -487707, -999 
1721391097911.00, -150902, -491046, -952 
1721391097933.00, -146403, -494335, -965 
1721391097954.00, -144647, -497512, -968 
1721391097976.00, -143736, -500667, -972 
1721391097998.00, -143269, -503797, -996 
1721391098018.00, -144451, -506910, -1011 
1721391098039.00, -146089, -510074, -1030 
1721391098061.00, -148095, -513265, -1067 
1721391098084.00, -151537, -516522, -1097 
1721391098105.00, -155254, -519830, -1111 
1721391098126.00, -158138, -523218, -1086 
1721391098149.00, -158215, -526678, -1071 
1721391098170.00, -157361, -530134, -1072 
1721391098193.00, -156766, -533574, -1020 
1721391098216.00, -153337, -536991, -915 
1721391098236.00, -144739, -540318, -876 
1721391098259.00, -137293, -543465, -819 
1721391098280.00, -129233, -546430, -749 
1721391098303.00, -120487, -549252, -731 
1721391098324.00, -114092, -551859, -742 
1721391098346.00, -111050, -554329, -740 
1721391098367.00, -109155, -556744, -771 
1721391098389.00, -109836, -559121, -824 
1721391098411.00, -113363, -561507, -835 
1721391098438.00, -116088, -563964, -881 
1721391098455.00, -120407, -566505, -912 
1721391098476.00, -124818, -569139, -922 
1721391098498.00, -128141, -571835, -918 
1721391098519.00, -129713, -574640, -909 
1721391098541.00, -130087, -577457, -915 
1721391098563.00, -130698, -580279, -883 
1721391098585.00, -129027, -583124, -849 
1721391098606.00, -125881, -585920, -800 
1721391098628.00, -120831, -588643, -726 
1721391098651.00, -113089, -591267, -618 
1721391098672.00, -102230, -593714, -503 
1721391098693.00, -58091, -595902, -386 
1721391098715.00, -31626, -597167, -309 
1721391098737.00, -16246, -597876, -157 
1721391098757.00, -7355, -598236, -23 
1721391098780.00, -2130, -598396, 112 
1721391098801.00, 7041, -598437, 248 
1721391098822.00, 21233, -598299, 373 
1721391098844.00, 37018, -597840, 636 
1721391098866.00, 62288, -597049, 736 
1721391098887.00, 83283, -595723, 751 
1721391098909.00, 96623, -593908, 831 
1721391098931.00, 109037, -591811, 917 
1721391098953.00, 121434, -589424, 961 
1721391098974.00, 131365, -586772, 958 
1721391098996.00, 136976, -583912, 989 
1721391099017.00, 142147, -580920, 1007 
1721391099039.00, 145986, -577812, 1025 
1721391099060.00, 149320, -574620, 1046 
1721391099082.00, 152379, -571352, 1071 
1721391099104.00, 155627, -568022, 1083 
1721391099126.00, 158221, -564617, 1082 
1721391099148.00, 159487, -561156, 1106 
1721391099169.00, 161525, -557669, 1083 
1721391099191.00, 161214, -554147, 1078 
1721391099213.00, 160750, -550632, 1072 
1721391099234.00, 159865, -547127, 1072 
1721391099256.00, 159339, -543623, 1072 
1721391099279.00, 158997, -540134, 1101 
1721391099300.00, 160451, -536669, 1117 
1721391099322.00, 162260, -533160, 1102 
1721391099344.00, 162242, -529621, 1113 
1721391099365.00, 162860, -526078, 1103 
1721391099388.00, 162601, -522524, 1103 
1721391099409.00, 162193, -518972, 1100 
1721391099431.00, 161992, -515415, 1124 
1721391099452.00, 163273, -511874, 1132 
1721391099475.00, 164263, -508306, 1162 
1721391099496.00, 166572, -504712, 1192 
1721391099519.00, 169378, -501079, 1220 
1721391099540.00, 172763, -497369, 1226 
1721391099562.00, 174910, -493590, 1242 
1721391099584.00, 174819, -489771, 1255 
1721391099606.00, 174693, -485941, 1240 
1721391099627.00, 174775, -482122, 1226 
1721391099649.00, 174465, -478309, 1219 
1721391099671.00, 174710, -474498, 1179 
1721391099693.00, 173331, -470681, 1164 
1721391099715.00, 171362, -466889, 1156 
1721391099736.00, 169831, -463133, 1152 
1721391099758.00, 168702, -459438, 1127 
1721391099779.00, 166276, -455753, 1092 
1721391099802.00, 162693, -452122, 1062 
1721391099824.00, 158886, -448569, 1029 
1721391099846.00, 154346, -445118, 982 
1721391099868.00, 148845, -441762, 915 
1721391099890.00, 141385, -438528, 842 
1721391099912.00, 132629, -435463, 762 
1721391099933.00, 122268, -432592, 674 
1721391099955.00, 111090, -429938, 592 
1721391099979.00, 63078, -427555, 502 
1721391099999.00, 34774, -426182, 455 
1721391100021.00, 18060, -425423, 297 
1721391100042.00, 8243, -425029, 161 
1721391100063.00, 2418, -424852, 8 
1721391100084.00, -29, -424807, -189 
1721391100106.00, -13304, -424814, -283 
1721391100127.00, -26695, -425102, -581 
1721391100149.00, -52682, -425680, -757 
1721391100171.00, -78740, -426796, -802 
1721391100193.00, -96892, -428513, -860 
1721391100215.00, -111116, -430616, -942 
1721391100236.00, -124371, -433039, -964 
1721391100258.00, -133357, -435768, -987 
1721391100278.00, -139945, -438685, -1000 
1721391100303.00, -144287, -441746, -1013 
1721391100322.00, -147782, -444913, -1033 
1721391100343.00, -150778, -448139, -1042 
1721391100365.00, -153125, -451452, -1063 
1721391100387.00, -155697, -454796, -1073 
1721391100411.00, -157525, -458195, -1072 
1721391100431.00, -158485, -461648, -1071 
1721391100453.00, -158955, -465094, -1071 
1721391100475.00, -159124, -468583, -1099 
1721391100496.00, -160865, -472053, -1093 
1721391100521.00, -161458, -475570, -1113 
1721391100540.00, -162987, -479099, -1139 
1721391100562.00, -165259, -482661, -1172 
1721391100584.00, -168533, -486278, -1183 
1721391100605.00, -170863, -489953, -1183 
1721391100628.00, -172353, -493709, -1173 
1721391100648.00, -172358, -497466, -1164 
1721391100671.00, -171897, -501237, -1139 
1721391100693.00, -169980, -504987, -1117 
1721391100715.00, -167378, -508709, -1105 
1721391100738.00, -164984, -512359, -1050 
1721391100760.00, -160117, -515955, -977 
1721391100781.00, -152834, -519438, -934 
1721391100803.00, -145924, -522752, -904 
1721391100824.00, -139944, -525931, -891 
1721391100849.00, -135799, -528966, -925 
1721391100868.00, -135299, -531908, -943 
1721391100890.00, -136223, -534853, -979 
1721391100911.00, -138654, -537812, -1031 
1721391100932.00, -143201, -540852, -1028 
1721391100959.00, -145598, -543983, -1063 
1721391100976.00, -149030, -547155, -1075 
1721391100998.00, -151761, -550438, -1090 
1721391101019.00, -154348, -553735, -1087 
1721391101041.00, -155482, -557112, -1116 
1721391101065.00, -158044, -560514, -1101 
1721391101085.00, -158532, -563954, -1097 
1721391101107.00, -158631, -567418, -1071 
1721391101129.00, -156933, -570875, -1057 
1721391101151.00, -154756, -574307, -1005 
1721391101176.00, -150078, -577686, -973 
1721391101194.00, -145407, -580944, -920 
1721391101217.00, -139592, -584111, -873 
1721391101238.00, -133347, -587129, -836 
1721391101260.00, -127156, -590025, -767 
1721391101282.00, -119418, -592779, -673 
1721391101303.00, -67969, -595344, -572 
1721391101325.00, -37099, -596819, -541 
1721391101347.00, -19366, -597641, -414 
1721391101368.00, -8789, -598082, -353 
1721391101391.00, -2962, -598288, -320 
1721391101412.00, 7, -598354, -237 
1721391101432.00, 1973, -598352, -105 
1721391101455.00, 3495, -598305, 65 
1721391101476.00, 8231, -598219, 237 
1721391101497.00, 21106, -598040, 391 
1721391101519.00, 37766, -597583, 567 
1721391101541.00, 58632, -596771, 718 
1721391101563.00, 79827, -595522, 758 
1721391101584.00, 94726, -593776, 822 
1721391101606.00, 107376, -591723, 887 
1721391101628.00, 118644, -589367, 959 
1721391101650.00, 129539, -586779, 969 
1721391101671.00, 136483, -583953, 985 
1721391101693.00, 141469, -580970, 980 
1721391101713.00, 144032, -577884, 1028 
1721391101736.00, 148236, -574743, 984 
1721391101757.00, 148132, -571516, 986 
1721391101780.00, 147983, -568295, 996 
1721391101802.00, 148472, -565072, 981 
1721391101823.00, 147738, -561840, 996 
1721391101843.00, 148111, -558623, 1021 
1721391101866.00, 149631, -555406, 1024 
1721391101887.00, 150763, -552128, 1044 
1721391101909.00, 152436, -548829, 1046 
1721391101932.00, 153575, -545493, 1036 
1721391101953.00, 153514, -542148, 1042 
1721391101974.00, 153731, -538804, 1028 
1721391101997.00, 152948, -535431, 1058 
1721391102018.00, 154259, -532091, 1070 
1721391102040.00, 155584, -528723, 1066 
1721391102062.00, 155993, -525318, 1084 
1721391102084.00, 157332, -521912, 1102 
1721391102105.00, 159124, -518471, 1123 
1721391102127.00, 161587, -514994, 1129 
1721391102149.00, 163090, -511462, 1131 
1721391102170.00, 164175, -507895, 1142 
1721391102193.00, 165261, -504307, 1157 
1721391102214.00, 166771, -500696, 1170 
1721391102236.00, 168405, -497057, 1164 
1721391102258.00, 169140, -493378, 1186 
1721391102280.00, 170628, -489685, 1195 
1721391102301.00, 172064, -485946, 1186 
1721391102324.00, 172327, -482182, 1166 
1721391102346.00, 171039, -478429, 1167 
1721391102367.00, 170429, -474690, 1169 
1721391102389.00, 169968, -470968, 1158 
1721391102411.00, 168802, -467257, 1133 
1721391102432.00, 166568, -463566, 1111 
1721391102455.00, 164053, -459934, 1103 
1721391102476.00, 161843, -456350, 1078 
1721391102498.00, 159125, -452821, 1044 
1721391102520.00, 155365, -449346, 1003 
1721391102542.00, 150499, -445951, 958 
1721391102565.00, 144948, -442686, 901 
1721391102589.00, 138027, -439548, 834 
1721391102608.00, 130030, -436564, 750 
1721391102630.00, 120144, -433734, 638 
1721391102652.00, 107391, -431157, 517 
1721391102673.00, 60822, -428847, 385 
1721391102695.00, 33393, -427531, 313 
1721391102716.00, 17020, -426797, 144 
1721391102738.00, 7798, -426424, -26 
1721391102759.00, 606, -426264, -192 
1721391102781.00, -13333, -426245, -271 
1721391102803.00, -26322, -426526, -533 
1721391102825.00, -49463, -427099, -744 
1721391102846.00, -76206, -428164, -801 
1721391102868.00, -95613, -429810, -866 
1721391102889.00, -110847, -431901, -967 
1721391102911.00, -126053, -434329, -962 
1721391102933.00, -134538, -437074, -985 
1721391102954.00, -140878, -440006, -1004 
1721391102975.00, -145538, -443093, -1011 
1721391102997.00, -148487, -446281, -1023 
1721391103019.00, -150884, -449510, -1030 
1721391103041.00, -152682, -452827, -1051 
1721391103063.00, -154893, -456155, -1071 
1721391103084.00, -157341, -459548, -1096 
1721391103106.00, -160214, -462980, -1115 
1721391103128.00, -162878, -466486, -1129 
1721391103154.00, -165232, -470053, -1139 
1721391103172.00, -166768, -473653, -1129 
1721391103193.00, -167251, -477321, -1117 
1721391103215.00, -166563, -480961, -1115 
1721391103237.00, -165998, -484612, -1109 
1721391103258.00, -165348, -488226, -1118 
1721391103281.00, -165396, -491837, -1137 
1721391103302.00, -166642, -495444, -1152 
1721391103324.00, -167950, -499086, -1171 
1721391103346.00, -169594, -502767, -1198 
1721391103368.00, -172297, -506473, -1201 
1721391103390.00, -173918, -510249, -1218 
1721391103412.00, -174780, -514052, -1218 
1721391103433.00, -174723, -517871, -1223 
1721391103455.00, -174764, -521673, -1202 
1721391103477.00, -174428, -525504, -1196 
1721391103499.00, -174621, -529318, -1154 
1721391103521.00, -172009, -533134, -1141 
1721391103542.00, -169700, -536897, -1130 
1721391103564.00, -167836, -540601, -1106 
1721391103586.00, -165053, -544255, -1077 
1721391103608.00, -161615, -547846, -1063 
1721391103630.00, -158587, -551377, -1049 
1721391103653.00, -155651, -554831, -999 
1721391103675.00, -150718, -558229, -968 
1721391103699.00, -145915, -561500, -972 
1721391103717.00, -143607, -564675, -931 
1721391103739.00, -139789, -567805, -926 
1721391103761.00, -137035, -570825, -948 
1721391103783.00, -136729, -573808, -927 
1721391103808.00, -135313, -576780, -896 
1721391103826.00, -132419, -579710, -890 
1721391103848.00, -130164, -582601, -823 
1721391103870.00, -124720, -585420, -747 
1721391103892.00, -117010, -588122, -688 
1721391103913.00, -108779, -590662, -588 
1721391103935.00, -97644, -593010, -498 
1721391103957.00, -55435, -595104, -407 
1721391103978.00, -30432, -596305, -350 
1721391104000.00, -15741, -596987, -267 
1721391104021.00, -7134, -597342, -197 
1721391104043.00, -2125, -597505, -162 
1721391104065.00, 108, -597553, -82 
1721391104086.00, 2056, -597543, 70 
1721391104108.00, 7390, -597487, 271 
1721391104131.00, 22602, -597328, 378 
1721391104150.00, 37790, -596836, 677 
1721391104172.00, 65011, -596025, 815 
1721391104194.00, 89572, -594625, 847 
1721391104215.00, 105935, -592670, 963 
1721391104240.00, 122501, -590344, 1090 
1721391104259.00, 139944, -587664, 1060 
1721391104280.00, 148314, -584588, 1134 
1721391104302.00, 157435, -581335, 1158 
1721391104323.00, 164367, -577889, 1157 
1721391104349.00, 168169, -574290, 1193 
1721391104367.00, 172195, -570608, 1182 
1721391104389.00, 174105, -566835, 1193 
1721391104410.00, 174737, -563040, 1196 
1721391104432.00, 174813, -559228, 1205 
1721391104458.00, 174630, -555417, 1218 
1721391104476.00, 174591, -551591, 1205 
1721391104498.00, 174828, -547770, 1210 
1721391104520.00, 174620, -543953, 1222 
1721391104542.00, 174586, -540137, 1252 
1721391104563.00, 174682, -536331, 1252 
1721391104585.00, 174826, -532501, 1281 
1721391104607.00, 174779, -528684, 1267 
1721391104629.00, 174754, -524859, 1270 
1721391104651.00, 174806, -521053, 1273 
1721391104677.00, 174596, -517233, 1274 
1721391104694.00, 174637, -513423, 1278 
1721391104716.00, 174748, -509599, 1289 
1721391104738.00, 174659, -505778, 1299 
1721391104760.00, 174686, -501968, 1310 
1721391104786.00, 174633, -498145, 1326 
1721391104804.00, 174693, -494323, 1343 
1721391104825.00, 174658, -490518, 1334 
1721391104846.00, 174688, -486704, 1329 
1721391104868.00, 174924, -482871, 1345 
1721391104894.00, 174654, -479062, 1329 
1721391104912.00, 174515, -475244, 1297 
1721391104934.00, 174634, -471429, 1265 
1721391104956.00, 174732, -467614, 1248 
1721391104978.00, 174777, -463800, 1219 
1721391104999.00, 174789, -459982, 1182 
1721391105021.00, 174738, -456164, 1168 
1721391105043.00, 173862, -452350, 1153 
1721391105065.00, 172432, -448555, 1118 
1721391105087.00, 169377, -444789, 1086 
1721391105111.00, 165623, -441095, 1037 
1721391105131.00, 160133, -437484, 983 
1721391105154.00, 153715, -433998, 916 
1721391105175.00, 145633, -430674, 836 
1721391105197.00, 84242, -427540, 724 
1721391105219.00, 48394, -425707, 726 
1721391105240.00, 27481, -424669, 548 
1721391105262.00, 15403, -424059, 442 
1721391105284.00, 7970, -423727, 279 
1721391105305.00, 3373, -423571, 62 
1721391105330.00, 1341, -423509, -188 
1721391105348.00, -10974, -423502, -346 
1721391105370.00, -28028, -423740, -628 
1721391105391.00, -55230, -424336, -770 
1721391105413.00, -80312, -425524, -808 
1721391105434.00, -97291, -427266, -890 
1721391105456.00, -111924, -429374, -923 
1721391105478.00, -122692, -431822, -934 
1721391105500.00, -129745, -434519, -955 
1721391105521.00, -135044, -437332, -964 
1721391105543.00, -138619, -440269, -984 
1721391105564.00, -141848, -443300, -1015 
1721391105586.00, -145537, -446403, -1044 
1721391105607.00, -149412, -449581, -1075 
1721391105629.00, -153506, -452852, -1098 
1721391105651.00, -157102, -456204, -1115 
1721391105673.00, -160290, -459651, -1116 
1721391105695.00, -162136, -463152, -1123 
1721391105716.00, -163558, -466699, -1129 
1721391105738.00, -164676, -470278, -1127 
1721391105760.00, -165105, -473864, -1117 
1721391105782.00, -164581, -477484, -1117 
1721391105803.00, -164025, -481058, -1120 
1721391105825.00, -163933, -484667, -1127 
1721391105848.00, -164294, -488236, -1132 
1721391105874.00, -164858, -491828, -1133 
1721391105891.00, -165275, -495431, -1157 
1721391105912.00, -166810, -499031, -1148 
1721391105935.00, -167055, -502687, -1116 
1721391105957.00, -165258, -506330, -1115 
1721391105978.00, -163742, -509946, -1090 
1721391106000.00, -161267, -513506, -1013 
1721391106022.00, -155188, -517036, -1000 
1721391106045.00, -150803, -520421, -982 
1721391106067.00, -147159, -523692, -955 
1721391106088.00, -143147, -526891, -949 
1721391106110.00, -140305, -529992, -926 
1721391106131.00, -137366, -533049, -910 
1721391106153.00, -134636, -536041, -917 
1721391106175.00, -133321, -538948, -939 
1721391106197.00, -133928, -541866, -941 
1721391106219.00, -134444, -544772, -930 
1721391106241.00, -134174, -547685, -965 
1721391106262.00, -135884, -550610, -969 
1721391106284.00, -137212, -553568, -917 
1721391106308.00, -134537, -556556, -954 
1721391106327.00, -135310, -559479, -929 
1721391106349.00, -134240, -562422, -912 
1721391106371.00, -132441, -565340, -888 
1721391106393.00, -129864, -568226, -880 
1721391106414.00, -127993, -571040, -883 
1721391106436.00, -127056, -573827, -884 
1721391106457.00, -126563, -576589, -893 
1721391106479.00, -126698, -579329, -889 
1721391106500.00, -126525, -582098, -851 
1721391106523.00, -124412, -584838, -789 
1721391106545.00, -119224, -587525, -741 
1721391106566.00, -112866, -590109, -693 
1721391106588.00, -106246, -592553, -632 
1721391106610.00, -98833, -594855, -564 
1721391106631.00, -55684, -596970, -514 
1721391106653.00, -30128, -598195, -490 
1721391106675.00, -14933, -598870, -396 
1721391106696.00, -6307, -599212, -353 
1721391106718.00, -1283, -599355, -321 
1721391106739.00, 987, -599384, -256 
1721391106761.00, 2851, -599368, -150 
1721391106782.00, 4041, -599301, -1 
1721391106803.00, 4703, -599206, 146 
1721391106826.00, 13532, -599092, 312 
1721391106847.00, 28838, -598801, 371 
1721391106869.00, 41433, -598168, 687 
1721391106890.00, 67810, -597272, 761 
1721391106912.00, 88138, -595809, 790 
1721391106934.00, 101707, -593895, 876 
1721391106956.00, 114712, -591667, 961 
1721391106976.00, 127683, -589163, 954 
1721391106999.00, 134683, -586377, 928 
1721391107020.00, 137269, -583432, 941 
1721391107042.00, 139351, -580453, 969 
1721391107064.00, 142079, -577413, 982 
1721391107085.00, 144450, -574317, 973 
1721391107106.00, 145208, -571170, 1006 
1721391107128.00, 147746, -568005, 1013 
1721391107150.00, 149354, -564770, 1021 
1721391107172.00, 150686, -561510, 1023 
1721391107194.00, 151509, -558220, 1006 
1721391107217.00, 150862, -554914, 972 
1721391107238.00, 148390, -551624, 971 
1721391107260.00, 146792, -548412, 961 
1721391107281.00, 145070, -545218, 984 
1721391107302.00, 145595, -542060, 1001 
1721391107324.00, 146657, -538885, 1019 
1721391107346.00, 148344, -535677, 1052 
1721391107368.00, 151121, -532440, 1068 
1721391107390.00, 153674, -529129, 1086 
1721391107412.00, 156159, -525772, 1109 
1721391107433.00, 158945, -522359, 1138 
1721391107455.00, 162286, -518881, 1142 
1721391107476.00, 164326, -515321, 1148 
1721391107499.00, 165961, -511729, 1170 
1721391107527.00, 168239, -508099, 1172 
1721391107542.00, 169621, -504421, 1165 
1721391107564.00, 169948, -500715, 1174 
1721391107586.00, 170451, -497010, 1185 
1721391107607.00, 171332, -493285, 1185 
1721391107630.00, 171786, -489531, 1179 
1721391107652.00, 171744, -485772, 1174 
1721391107673.00, 171425, -482022, 1190 
1721391107695.00, 171890, -478273, 1177 
1721391107717.00, 171405, -474519, 1168 
1721391107739.00, 170554, -470780, 1166 
1721391107760.00, 169996, -467053, 1173 
1721391107782.00, 170072, -463338, 1178 
1721391107804.00, 170120, -459621, 1162 
1721391107826.00, 169196, -455920, 1137 
1721391107848.00, 166910, -452227, 1102 
1721391107869.00, 163586, -448576, 1062 
1721391107891.00, 159017, -445017, 1006 
1721391107915.00, 152887, -441548, 944 
1721391107935.00, 145455, -438238, 871 
1721391107958.00, 136667, -435076, 808 
1721391107980.00, 127340, -432124, 736 
1721391108002.00, 72408, -429366, 647 
1721391108023.00, 40106, -427800, 655 
1721391108044.00, 21425, -426923, 506 
1721391108069.00, 10413, -426450, 418 
1721391108088.00, 3889, -426223, 334 
1721391108109.00, 1, -426147, 172 
1721391108131.00, -2149, -426157, -20 
1721391108152.00, -2979, -426211, -251 
1721391108174.00, -17305, -426279, -394 
1721391108195.00, -33887, -426644, -655 
1721391108217.00, -59600, -427380, -791 
1721391108239.00, -83243, -428662, -822 
1721391108260.00, -99101, -430461, -865 
1721391108282.00, -110937, -432612, -943 
1721391108303.00, -122644, -435056, -949 
1721391108325.00, -129928, -437732, -951 
1721391108347.00, -134316, -440548, -985 
1721391108368.00, -138771, -443481, -1003 
1721391108389.00, -142450, -446518, -1024 
1721391108411.00, -145836, -449631, -1032 
1721391108434.00, -148223, -452827, -1053 
1721391108454.00, -150746, -456051, -1062 
1721391108476.00, -152769, -459366, -1062 
1721391108503.00, -153856, -462699, -1091 
1721391108520.00, -156252, -466060, -1083 
1721391108542.00, -157267, -469478, -1088 
1721391108564.00, -157978, -472903, -1096 
1721391108586.00, -158654, -476370, -1090 
1721391108609.00, -158781, -479826, -1084 
1721391108629.00, -158401, -483301, -1099 
1721391108651.00, -158799, -486768, -1095 
1721391108673.00, -158797, -490227, -1084 
1721391108695.00, -158059, -493709, -1091 
1721391108717.00, -158013, -497155, -1091 
1721391108738.00, -157835, -500624, -1074 
1721391108760.00, -156741, -504070, -1056 
1721391108781.00, -154884, -507485, -1049 
1721391108804.00, -153328, -510873, -1020 
1721391108826.00, -150804, -514200, -994 
1721391108847.00, -147499, -517499, -1006 
1721391108870.00, -146467, -520720, -986 
1721391108892.00, -144447, -523898, -989 
1721391108912.00, -143339, -527051, -1029 
1721391108934.00, -145061, -530175, -1045 
1721391108956.00, -147009, -533355, -1043 
1721391108978.00, -148005, -536580, -1078 
1721391109000.00, -150644, -539807, -1091 
1721391109022.00, -153081, -543098, -1088 
1721391109044.00, -154215, -546433, -1097 
1721391109065.00, -155335, -549820, -1080 
1721391109087.00, -155005, -553207, -1022 
1721391109110.00, -151382, -556589, -972 
1721391109132.00, -146213, -559881, -933 
1721391109159.00, -140597, -563041, -921 
1721391109175.00, -136584, -566104, -920 
1721391109196.00, -133994, -569071, -918 
1721391109219.00, -132315, -571973, -887 
1721391109241.00, -129556, -574857, -870 
1721391109266.00, -126919, -577664, -859 
1721391109284.00, -124664, -580411, -829 
1721391109305.00, -121494, -583132, -811 
1721391109327.00, -118431, -585769, -786 
1721391109349.00, -115123, -588334, -734 
1721391109374.00, -110026, -590837, -683 
1721391109393.00, -103933, -593217, -640 
1721391109413.00, -58537, -595449, -591 
1721391109436.00, -31255, -596722, -575 
1721391109458.00, -15646, -597429, -468 
1721391109483.00, -6304, -597786, -422 
1721391109500.00, -1109, -597933, -355 
1721391109522.00, 1364, -597956, -254 
1721391109544.00, 3298, -597930, -108 
1721391109565.00, 4492, -597838, 122 
1721391109586.00, 12641, -597726, 337 
1721391109608.00, 30119, -597456, 489 
1721391109630.00, 49784, -596813, 707 
1721391109652.00, 74415, -595762, 755 
1721391109674.00, 91799, -594142, 822 
1721391109695.00, 106096, -592158, 888 
1721391109716.00, 118307, -589831, 955 
1721391109738.00, 129423, -587247, 980 
1721391109760.00, 137443, -584415, 987 
1721391109781.00, 142352, -581430, 1002 
1721391109803.00, 146138, -578305, 1050 
1721391109825.00, 151087, -575107, 1055 
1721391109846.00, 154327, -571811, 1077 
1721391109868.00, 157429, -568433, 1127 
1721391109890.00, 162184, -564988, 1145 
1721391109912.00, 166021, -561436, 1161 
1721391109934.00, 169098, -557794, 1199 
1721391109955.00, 173244, -554111, 1206 
1721391109977.00, 174819, -550317, 1228 
1721391109999.00, 174595, -546503, 1223 
1721391110021.00, 174710, -542688, 1257 
1721391110043.00, 174817, -538868, 1247 
1721391110065.00, 174769, -535047, 1250 
1721391110086.00, 174695, -531228, 1256 
1721391110108.00, 174722, -527404, 1260 
1721391110130.00, 174656, -523604, 1260 
1721391110152.00, 174784, -519783, 1280 
1721391110173.00, 174831, -515964, 1301 
1721391110195.00, 174916, -512146, 1295 
1721391110216.00, 174678, -508327, 1319 
1721391110239.00, 174579, -504506, 1344 
1721391110261.00, 174637, -500691, 1355 
1721391110283.00, 174784, -496873, 1368 
1721391110304.00, 174906, -493053, 1378 
1721391110326.00, 174864, -489237, 1383 
1721391110348.00, 174730, -485421, 1379 
1721391110372.00, 174617, -481598, 1377 
1721391110392.00, 174713, -477783, 1381 
1721391110414.00, 174873, -473973, 1385 
1721391110435.00, 174625, -470158, 1375 
1721391110457.00, 174552, -466337, 1366 
1721391110479.00, 174570, -462523, 1355 
1721391110500.00, 174479, -458717, 1306 
1721391110522.00, 174507, -454910, 1263 
1721391110544.00, 174462, -451098, 1214 
1721391110566.00, 172756, -447280, 1168 
1721391110587.00, 168530, -443519, 1122 
1721391110610.00, 163293, -439846, 1070 
1721391110632.00, 157128, -436279, 1008 
1721391110655.00, 149741, -432868, 935 
1721391110676.00, 140838, -429616, 846 
1721391110698.00, 77966, -426576, 772 
1721391110719.00, 40967, -424887, 821 
1721391110741.00, 19550, -423988, 646 
1721391110762.00, 7372, -423543, 586 
1721391110784.00, 39, -423383, 458 
1721391110805.00, -3823, -423380, 265 
1721391110827.00, -6166, -423477, 26 
1721391110849.00, -7145, -423625, -205 
1721391110870.00, -20162, -423796, -343 
1721391110891.00, -36278, -424238, -606 
1721391110913.00, -61451, -425021, -750 
1721391110934.00, -85109, -426344, -796 
1721391110957.00, -101933, -428200, -849 
1721391110978.00, -114860, -430412, -911 
1721391111000.00, -126110, -432924, -915 
1721391111022.00, -132875, -435687, -930 
1721391111043.00, -137462, -438584, -939 
1721391111065.00, -140785, -441575, -957 
1721391111087.00, -143679, -444648, -980 
1721391111108.00, -146569, -447765, -993 
1721391111132.00, -148996, -450969, -1011 
1721391111151.00, -151207, -454222, -1036 
1721391111173.00, -153935, -457520, -1040 
1721391111195.00, -155505, -460903, -1042 
1721391111216.00, -156570, -464286, -1042 
1721391111238.00, -157035, -467715, -1032 
1721391111260.00, -156644, -471144, -1023 
1721391111282.00, -155632, -474564, -1027 
1721391111304.00, -155241, -477966, -1001 
1721391111326.00, -153273, -481345, -986 
1721391111349.00, -151081, -484694, -985 
1721391111370.00, -149596, -487973, -987 
1721391111392.00, -148724, -491224, -974 
1721391111413.00, -147464, -494467, -966 
1721391111435.00, -146023, -497671, -981 
1721391111457.00, -145786, -500856, -980 
1721391111478.00, -145778, -504039, -982 
1721391111501.00, -145780, -507210, -999 
1721391111522.00, -146778, -510391, -999 
1721391111542.00, -147260, -513572, -1011 
1721391111565.00, -148204, -516803, -1028 
1721391111586.00, -149630, -520036, -1030 
1721391111608.00, -150539, -523309, -1045 
1721391111630.00, -151726, -526599, -1050 
1721391111652.00, -152824, -529913, -1056 
1721391111674.00, -153737, -533259, -1059 
1721391111695.00, -154539, -536626, -1048 
1721391111717.00, -154238, -539995, -1013 
1721391111739.00, -151756, -543366, -1011 
1721391111762.00, -150138, -546654, -981 
1721391111784.00, -147197, -549931, -904 
1721391111805.00, -140763, -553130, -865 
1721391111827.00, -134515, -556187, -791 
1721391111849.00, -126289, -559108, -811 
1721391111871.00, -122450, -561846, -759 
1721391111892.00, -117225, -564489, -762 
1721391111913.00, -114224, -567044, -768 
1721391111936.00, -112666, -569534, -745 
1721391111958.00, -110317, -571976, -748 
1721391111979.00, -109113, -574382, -782 
1721391112003.00, -110439, -576755, -799 
1721391112022.00, -112051, -579151, -767 
1721391112044.00, -111147, -581602, -753 
1721391112066.00, -109877, -584021, -754 
1721391112088.00, -108968, -586399, -699 
1721391112128.00, -105030, -588764, -598 
1721391112136.00, -96719, -591038, -504 
1721391112153.00, -86020, -593124, -453 
1721391112174.00, -49161, -594974, -365 
1721391112196.00, -27073, -596045, -321 
1721391112217.00, -14056, -596654, -298 
1721391112239.00, -6592, -596977, -284 
1721391112261.00, -2192, -597128, -289 
1721391112282.00, 62, -597182, -284 
1721391112304.00, 1094, -597186, -282 
1721391112325.00, 1975, -597170, -272 
1721391112347.00, 2509, -597129, -259 
1721391112369.00, 2786, -597073, -255 
1721391112390.00, 2884, -597013, -245 
1721391112412.00, 3026, -596948, -229 
1721391112434.00, 3098, -596882, -217 
1721391112455.00, 3026, -596816, -210 
1721391112477.00, 3139, -596748, -193 
1721391112499.00, 2954, -596681, -179 
1721391112520.00, 2882, -596613, -167 
1721391112542.00, 2831, -596550, -155 
1721391112564.00, 2892, -596488, -141 
1721391112585.00, 2870, -596426, -130 
1721391112606.00, 2774, -596364, -121 
1721391112628.00, 2608, -596304, -113 
1721391112650.00, 2390, -596247, -107 
1721391112672.00, 2405, -596196, -95 
1721391112693.00, 2337, -596144, -89 
1721391112715.00, 2279, -596096, -84 
1721391112736.00, 2256, -596047, -80 
1721391112758.00, 2201, -595999, -77 
1721391112779.00, 2119, -595953, -73 
1721391112801.00, 1977, -595907, -70 
1721391112822.00, 1969, -595864, -70 
1721391112844.00, 1957, -595822, -68 
1721391112865.00, 1913, -595781, -65 
1721391112887.00, 1856, -595740, -62 
1721391112909.00, 1783, -595700, -60 
1721391112930.00, 1829, -595661, -57 
1721391112951.00, 1775, -595623, -54 
1721391112973.00, 1821, -595586, -52 
1721391112995.00, 1696, -595549, -51 
1721391113016.00, 1637, -595511, -48 
1721391113038.00, 1575, -595476, -47 
1721391113059.00, 1454, -595442, -45 
1721391113080.00, 1350, -595410, -43 
1721391113102.00, 1266, -595381, -42 
1721391113125.00, 1284, -595352, -40 
1721391113145.00, 1273, -595325, -38 
1721391113167.00, 1237, -595297, -37 
1721391113188.00, 1227, -595271, -36 
1721391113210.00, 1205, -595245, -34 
1721391113232.00, 1194, -595217, -32 
1721391113253.00, 1148, -595193, -31 
1721391113275.00, 1102, -595166, -31 
1721391113296.00, 1128, -595144, -30 
1721391113318.00, 1099, -595121, -29 
1721391113340.00, 1057, -595097, -27 
1721391113361.00, 1049, -595075, -24 
1721391113383.00, 988, -595051, -22 
1721391113404.00, 993, -595030, -21 
1721391113426.00, 925, -595008, -18 
1721391113447.00, 907, -594989, -17 
1721391113468.00, 891, -594968, -16 
1721391113490.00, 874, -594948, -15 
1721391113511.00, 840, -594930, -13 
1721391113533.00, 857, -594910, -12 
1721391113554.00, 845, -594894, -12 
1721391113575.00, 832, -594876, -13 
1721391113597.00, 796, -594857, -12 
1721391113621.00, 762, -594840, -12 
1721391113640.00, 718, -594824, -12 
1721391113662.00, 652, -594809, -11 
1721391113683.00, 635, -594795, -11 
1721391113705.00, 647, -594780, -11 
1721391113726.00, 716, -594767, -12 
1721391113747.00, 669, -594753, -13 
1721391113769.00, 654, -594739, -14 
1721391113790.00, 649, -594725, -13 
1721391113811.00, 612, -594713, -14 
1721391113833.00, 598, -594698, -15 
1721391113855.00, 569, -594686, -16 
1721391113876.00, 539, -594674, -16 
1721391113898.00, 527, -594662, -15 
1721391113919.00, 505, -594651, -14 
1721391113941.00, 462, -594641, -13 
1721391113961.00, 438, -594631, -13 
1721391113983.00, 439, -594622, -14 
1721391114005.00, 410, -594611, -13 
1721391114026.00, 395, -594604, -12 
1721391114047.00, 388, -594594, -11 
1721391114069.00, 381, -594585, -10 
1721391114090.00, 354, -594576, -8 
1721391114112.00, 346, -594569, -6 
1721391114133.00, 358, -594560, -4 
1721391114154.00, 384, -594552, -2 
1721391114176.00, 394, -594546, -2 
1721391114198.00, 393, -594537, -2 
1721391114219.00, 370, -594530, -2 
1721391114240.00, 339, -594520, -3 
1721391114262.00, 325, -594512, -4 
1721391114283.00, 307, -594506, -4 
1721391114304.00, 305, -594499, -4 
1721391114325.00, 296, -594494, -3 
1721391114347.00, 271, -594486, -2 
1721391114368.00, 251, -594481, -1 
1721391114390.00, 246, -594476, 0 
1721391114411.00, 240, -594470, 0 
1721391114433.00, 263, -594465, 1 
1721391114453.00, 247, -594460, 1 
1721391114475.00, 232, -594455, 0 
1721391114496.00, 239, -594449, 0 
1721391114517.00, 227, -594445, 0 
1721391114539.00, 230, -594440, -1 
1721391114560.00, 222, -594435, 0 
1721391114581.00, 229, -594431, 0 
1721391114603.00, 212, -594426, 0 
1721391114624.00, 200, -594422, 0 
1721391114645.00, 184, -594417, 0 
1721391114666.00, 185, -594413, 0 
1721391114687.00, 187, -594409, -1 
1721391114709.00, 185, -594405, -2 
1721391114730.00, 190, -594402, -3 
1721391114752.00, 185, -594397, -3 
1721391114773.00, 178, -594393, -2 
1721391114839.00, 178, -594389, 0 
1721391114840.00, 164, -594385, 0 
1721391114840.00, 173, -594381, 0 
1721391114858.00, 173, -594377, 0 
1721391114880.00, 0, -594373, -47 
1721391114901.00, 0, -594373, -47 
1721391114922.00, 0, -594373, -47 
1721391114943.00, 0, -594372, -46 
1721391114964.00, 9, -594373, -46 
1721391114986.00, 0, -594373, -46 
1721391115006.00, 0, -594373, -46 
1721391115028.00, 0, -594373, -46 
1721391115048.00, 0, -594372, -47 
1721391115069.00, 0, -594373, -47 
1721391115091.00, 0, -594373, -47 
1721391115112.00, 0, -594373, -47 
1721391115133.00, 0, -594373, -47 
1721391115153.00, 0, -594373, -46 
1721391115174.00, -25, -594372, -44 
1721391115196.00, 0, -594373, -42 
1721391115217.00, -46, -594373, -39 
1721391115237.00, 1, -594373, -38 
1721391115259.00, 0, -594372, -38 
1721391115279.00, -17, -594373, -38 
1721391115301.00, 0, -594372, -38 
1721391115323.00, 42, -594372, -38 
1721391115343.00, 0, -594373, -37 
1721391115364.00, 39, -594372, -37 
1721391115386.00, -20, -594373, -37 
1721391115407.00, 45, -594372, -36 
1721391115428.00, 5, -594373, -37 
1721391115449.00, -9, -594373, -37 
1721391115470.00, 0, -594373, -38 
1721391115491.00, -2, -594372, -38 
1721391115512.00, 0, -594372, -39 
1721391115533.00, 0, -594374, -41 
1721391115553.00, 0, -594373, -44 
1721391115575.00, 1, -594373, -46 
1721391115596.00, -46, -594374, -46 
1721391115617.00, 0, -594373, -45 
1721391115638.00, -31, -594373, -44 
1721391115673.00, 8, -594372, -42 
1721391115687.00, -2, -594372, -40 
1721391115701.00, 5, -594373, -39 
1721391115723.00, 37, -594373, -38 
1721391115744.00, 0, -594373, -39 
1721391115765.00, 0, -594373, -39 
1721391115786.00, -48, -594372, -38 
1721391115807.00, 0, -594372, -38 
1721391115828.00, -32, -594372, -38 
1721391115849.00, 43, -594372, -38 
1721391115870.00, 0, -594373, -38 
1721391115891.00, 15, -594373, -38 
1721391115912.00, 2, -594372, -38 
1721391115934.00, 0, -594373, -38 
1721391115955.00, 0, -594373, -39 
1721391115976.00, 0, -594373, -40 
1721391115997.00, 0, -594373, -40 
1721391116018.00, -20, -594373, -39 
1721391116039.00, -55, -594372, -39 
1721391116060.00, 11, -594373, -38 
1721391116081.00, 0, -594373, -36 
1721391116103.00, 43, -594372, -35 
1721391116124.00, -31, -594373, -35 
1721391116146.00, 0, -594372, -33 
1721391116166.00, 4, -594373, -32 
1721391116186.00, 0, -594372, -30 
1721391116208.00, -26, -594373, -28 
1721391116229.00, 1, -594372, -27 
1721391116250.00, 0, -594372, -26 
1721391116271.00, -1, -594372, -26 
1721391116292.00, -9, -594373, -26 
1721391116313.00, 0, -594372, -26 
1721391116334.00, 0, -594372, -26 
1721391116355.00, 0, -594373, -25 
1721391116376.00, -23, -594372, -25 
1721391116397.00, 0, -594372, -26 
1721391116418.00, 0, -594372, -26 
1721391116439.00, 6, -594372, -27 
1721391116460.00, -16, -594372, -28 
1721391116482.00, 0, -594371, -28 
1721391116502.00, 0, -594372, -28 
1721391116523.00, 0, -594372, -28 
1721391116544.00, -2, -594372, -27 
1721391116565.00, -3, -594373, -27 
1721391116586.00, 0, -594372, -28 
1721391116608.00, -3, -594372, -28 
1721391116629.00, 46, -594372, -29 
1721391116649.00, 1, -594372, -30 
1721391116671.00, 0, -594372, -30 
1721391116692.00, -33, -594372, -30 
1721391116713.00, 0, -594372, -30 
1721391116734.00, 0, -594373, -29 
1721391116755.00, 0, -594372, -28 
1721391116776.00, 0, -594372, -28 
1721391116797.00, 63, -594373, -27 
1721391116819.00, 0, -594372, -26 
1721391116840.00, 0, -594372, -27 
1721391116860.00, 0, -594372, -27 
1721391116882.00, 0, -594372, -27 
1721391116903.00, 0, -594373, -27 
1721391116924.00, -32, -594373, -28 
1721391116944.00, 1, -594372, -29 
1721391116965.00, -30, -594372, -30 
1721391116987.00, -16, -594372, -30 
1721391117008.00, 5, -594372, -31 
1721391117029.00, 0, -594372, -32 
1721391117051.00, -3, -594372, -34 
1721391117071.00, 0, -594373, -34 
1721391117092.00, 0, -594372, -35 
1721391117114.00, 0, -594372, -35 
1721391117134.00, 0, -594372, -35 
1721391117156.00, 50, -594373, -36 
1721391117177.00, 0, -594372, -36 
1721391117198.00, 0, -594372, -35 
1721391117219.00, 0, -594373, -35 
1721391117240.00, -16, -594372, -34 
1721391117261.00, 0, -594372, -33 
1721391117282.00, 0, -594372, -32 
1721391117303.00, 34, -594372, -31 
1721391117324.00, 0, -594373, -31 
1721391117345.00, -3, -594373, -30 
1721391117366.00, 0, -594373, -30 
1721391117387.00, -7, -594373, -30 
1721391117408.00, 0, -594372, -30 
1721391117429.00, 0, -594373, -29 
1721391117450.00, 0, -594372, -29 
1721391117471.00, 4, -594372, -29 
1721391117492.00, 17, -594372, -29 
1721391117514.00, -7, -594372, -30 
1721391117535.00, 0, -594373, -30 
1721391117556.00, 51, -594373, -30 
1721391117577.00, -27, -594372, -30 
1721391117597.00, -5, -594372, -30 
1721391117619.00, 0, -594373, -31 
1721391117640.00, 0, -594373, -31 
1721391117661.00, 0, -594372, -31 
1721391117682.00, 0, -594372, -31 
1721391117703.00, 0, -594372, -31 
1721391117724.00, -1, -594373, -31 
1721391117745.00, 0, -594372, -30 
1721391117766.00, 60, -594372, -30 
1721391117787.00, 17, -594372, -30 
