1718957453239.00, 20, -593811, 0 
1718957453259.00, 4, -593812, 0 
1718957453281.00, 34, -593811, 0 
1718957453302.00, 32, -593812, 0 
1718957453323.00, 1, -593811, 1 
1718957453344.00, 0, -593811, 2 
1718957453365.00, 0, -593810, 2 
1718957453386.00, 0, -593810, 2 
1718957453407.00, 0, -593811, 2 
1718957453429.00, -11, -593811, 3 
1718957453450.00, 0, -593810, 3 
1718957453471.00, -1, -593810, 3 
1718957453492.00, 0, -593810, 2 
1718957453512.00, 0, -593810, 2 
1718957453534.00, -50, -593809, 1 
1718957453560.00, 0, -593810, 1 
1718957453575.00, 0, -593810, 0 
1718957453597.00, 0, -593809, 0 
1718957453617.00, 0, -593809, 0 
1718957453639.00, 39, -593810, 0 
1718957453663.00, 0, -593810, 0 
1718957453681.00, 0, -593809, 0 
1718957453702.00, 0, -593809, 0 
1718957453723.00, 52, -593809, 0 
1718957453744.00, 0, -593809, 0 
1718957453765.00, 0, -593809, 0 
1718957453786.00, 0, -593809, 0 
1718957453807.00, 0, -593810, -1 
1718957453829.00, 0, -593810, -1 
1718957453850.00, 2, -593809, -1 
1718957453871.00, 0, -593809, -2 
1718957453892.00, 0, -593810, -2 
1718957453913.00, 0, -593809, -2 
1718957453934.00, 0, -593809, -3 
1718957453955.00, -18, -593810, -3 
1718957453977.00, 0, -593810, -4 
1718957453998.00, 0, -593809, -4 
1718957454018.00, 0, -593809, -5 
1718957454040.00, 31, -593809, -5 
1718957454061.00, 8, -593809, -5 
1718957454082.00, 0, -593808, -6 
1718957454104.00, 0, -593809, -6 
1718957454124.00, 18, -593810, -6 
1718957454146.00, -5, -593809, -7 
1718957454167.00, 0, -593808, -7 
1718957454188.00, 0, -593809, -8 
1718957454209.00, -1, -593810, -8 
1718957454230.00, 0, -593809, -8 
1718957454252.00, 0, -593809, -8 
1718957454272.00, 0, -593809, -8 
1718957454294.00, 0, -593810, -8 
1718957454315.00, 0, -593809, -8 
1718957454336.00, 0, -593809, -8 
1718957454357.00, 61, -593810, -8 
1718957454378.00, 12, -593808, -8 
1718957454399.00, 34, -593809, -8 
1718957454423.00, 14, -593809, -8 
1718957454442.00, 0, -593809, -8 
1718957454463.00, 20, -593808, -8 
1718957454484.00, 0, -593808, -8 
1718957454506.00, 64, -593808, -8 
1718957454527.00, 6, -593808, -7 
1718957454548.00, 0, -593808, -7 
1718957454570.00, 20, -593807, -8 
1718957454591.00, 51, -593808, -8 
1718957454612.00, 0, -593808, -8 
1718957454632.00, 0, -593807, -8 
1718957454654.00, 0, -593807, -8 
1718957454675.00, -1, -593807, -8 
1718957454696.00, 0, -593808, -8 
1718957454717.00, 0, -593808, -8 
1718957454739.00, -26, -593808, -8 
1718957454762.00, 0, -593807, -8 
1718957454780.00, 17, -593807, -8 
1718957454802.00, 0, -593807, -8 
1718957454823.00, 0, -593807, -8 
1718957454844.00, 0, -593807, -8 
1718957454865.00, -5, -593807, -8 
1718957454886.00, 24, -593807, -8 
1718957454908.00, 0, -593808, -8 
1718957454929.00, 63, -593807, -8 
1718957454950.00, 60, -593807, -9 
1718957454972.00, 1, -593806, -9 
1718957454993.00, 0, -593806, -9 
1718957455013.00, 0, -593806, -8 
1718957455035.00, 0, -593806, -8 
1718957455055.00, 0, -593805, -8 
1718957455076.00, 0, -593806, -8 
1718957455098.00, 0, -593806, -8 
1718957455119.00, 0, -593806, -7 
1718957455140.00, 0, -593806, -7 
1718957455161.00, 0, -593806, -7 
1718957455183.00, 43, -593805, -7 
1718957455204.00, 0, -593806, -7 
1718957455225.00, 0, -593804, -7 
1718957455246.00, 21, -593805, -7 
1718957455267.00, 0, -593805, -7 
1718957455289.00, 29, -593805, -6 
1718957455311.00, 0, -593805, -6 
1718957455331.00, 0, -593804, -7 
1718957455352.00, 18, -593805, -7 
1718957455373.00, 0, -593804, -7 
1718957455394.00, 0, -593804, -7 
1718957455417.00, 0, -593804, -7 
1718957455437.00, 63, -593805, -7 
1718957455458.00, 0, -593805, -6 
1718957455479.00, -4, -593805, -7 
1718957455500.00, 26, -593804, -7 
1718957455522.00, 0, -593803, -6 
1718957455543.00, 0, -593804, -6 
1718957455564.00, 0, -593804, -6 
1718957455585.00, 0, -593804, -6 
1718957455606.00, 0, -593803, -7 
1718957455626.00, 0, -593803, -7 
1718957455648.00, 1, -593804, -7 
1718957455669.00, 0, -593804, -8 
1718957455690.00, 0, -593804, -8 
1718957455711.00, 35, -593804, -9 
1718957455733.00, 16, -593804, -9 
1718957455754.00, 0, -593803, -9 
1718957455775.00, 0, -593804, -10 
1718957455797.00, 63, -593804, -10 
1718957455818.00, 0, -593803, -10 
1718957455839.00, 0, -593803, -10 
1718957455860.00, 0, -593803, -10 
1718957455882.00, 62, -593803, -10 
1718957455902.00, 0, -593804, -10 
1718957455924.00, 0, -593803, -10 
1718957455945.00, 0, -593802, -10 
1718957455966.00, 0, -593803, -10 
1718957455988.00, 6, -593803, -9 
1718957456009.00, 0, -593803, -9 
1718957456030.00, 0, -593802, -9 
1718957456051.00, 0, -593802, -9 
1718957456072.00, 0, -593802, -9 
1718957456093.00, 0, -593802, -9 
1718957456114.00, 0, -593802, -9 
1718957456135.00, 0, -593802, -10 
1718957456157.00, 0, -593802, -10 
1718957456179.00, -5, -593802, -11 
1718957456199.00, 60, -593802, -12 
1718957456220.00, 0, -593802, -12 
1718957456242.00, -48, -593802, -12 
1718957456262.00, 0, -593802, -12 
1718957456290.00, 0, -593802, -13 
1718957456305.00, 0, -593802, -13 
1718957456327.00, 6, -593802, -13 
1718957456347.00, 0, -593802, -13 
1718957456369.00, 0, -593802, -14 
1718957456389.00, 0, -593802, -14 
1718957456411.00, 0, -593802, -15 
1718957456433.00, 0, -593802, -15 
1718957456454.00, 0, -593802, -15 
1718957456475.00, 0, -593802, -15 
1718957456496.00, 0, -593802, -15 
1718957456518.00, 0, -593801, -15 
1718957456539.00, 0, -593802, -15 
1718957456560.00, -15, -593802, -15 
1718957456581.00, 0, -593802, -15 
1718957456602.00, 0, -593802, -14 
1718957456623.00, 0, -593802, -14 
1718957456645.00, 0, -593802, -14 
1718957456666.00, 0, -593802, -14 
1718957456687.00, 0, -593802, -13 
1718957456708.00, 0, -593802, -13 
1718957456729.00, 0, -593802, -13 
1718957456751.00, 66, -593802, -13 
1718957456772.00, -2, -593802, -13 
1718957456793.00, 4, -593802, -13 
1718957456815.00, 0, -593802, -13 
1718957456835.00, 0, -593801, -12 
1718957456856.00, 0, -593801, -12 
1718957456878.00, 10, -593802, -12 
1718957456899.00, 0, -593802, -12 
1718957456920.00, 0, -593801, -11 
1718957456944.00, 0, -593801, -12 
1718957456963.00, 0, -593801, -11 
1718957456984.00, 0, -593801, -11 
1718957457005.00, 0, -593802, -11 
1718957457027.00, 0, -593801, -11 
1718957457051.00, 0, -593801, -10 
1718957457069.00, 0, -593801, -11 
1718957457090.00, 0, -593801, -12 
1718957457111.00, 51, -593801, -12 
1718957457132.00, 0, -593801, -12 
1718957457157.00, 0, -593802, -13 
1718957457175.00, 0, -593801, -13 
1718957457196.00, 0, -593801, -13 
1718957457217.00, 0, -593801, -13 
1718957457239.00, 0, -593801, -12 
1718957457260.00, 0, -593801, -12 
1718957457281.00, 0, -593800, -12 
1718957457302.00, 0, -593801, -13 
1718957457324.00, -57, -593802, -13 
1718957457344.00, 0, -593801, -14 
1718957457366.00, 40, -593800, -14 
1718957457388.00, 63, -593801, -14 
1718957457409.00, 0, -593801, -14 
1718957457430.00, 0, -593800, -14 
1718957457451.00, 0, -593801, -14 
1718957457473.00, 6, -593800, -14 
1718957457494.00, 0, -593800, -14 
1718957457515.00, 0, -593801, -14 
1718957457536.00, 0, -593801, -15 
1718957457557.00, 0, -593801, -14 
1718957457579.00, 0, -593800, -14 
1718957457600.00, 0, -593801, -15 
1718957457621.00, 0, -593799, -15 
1718957457642.00, -4, -593801, -15 
1718957457663.00, 0, -593801, -15 
1718957457684.00, 0, -593800, -15 
1718957457707.00, 0, -593800, -15 
1718957457726.00, 0, -593801, -15 
1718957457748.00, 0, -593800, -15 
1718957457769.00, 0, -593800, -15 
1718957457790.00, 0, -593800, -16 
1718957457811.00, 56, -593801, -16 
1718957457833.00, 0, -593801, -17 
1718957457854.00, 0, -593801, -17 
1718957457875.00, 25, -593801, -17 
1718957457897.00, 0, -593800, -17 
1718957457918.00, -1, -593800, -17 
1718957457939.00, 0, -593800, -17 
1718957457960.00, 0, -593801, -17 
1718957457982.00, 0, -593800, -17 
1718957458003.00, 39, -593800, -17 
1718957458024.00, 0, -593800, -17 
1718957458045.00, 0, -593799, -17 
1718957458066.00, 0, -593799, -17 
1718957458087.00, -15, -593800, -17 
1718957458109.00, 0, -593800, -18 
1718957458130.00, 0, -593799, -18 
1718957458152.00, 0, -593800, -18 
1718957458172.00, 0, -593800, -18 
1718957458193.00, 0, -593800, -18 
1718957458215.00, 0, -593799, -18 
1718957458236.00, 0, -593799, -19 
1718957458257.00, 34, -593800, -18 
1718957458278.00, 0, -593800, -18 
1718957458301.00, 0, -593799, -18 
1718957458322.00, 0, -593800, -19 
1718957458343.00, 0, -593799, -18 
1718957458364.00, 66, -593799, -19 
1718957458385.00, 0, -593799, -19 
1718957458407.00, 0, -593799, -18 
1718957458427.00, 0, -593799, -18 
1718957458449.00, 0, -593799, -19 
1718957458475.00, 1, -593799, -19 
1718957458492.00, 19, -593799, -19 
1718957458513.00, 0, -593799, -20 
1718957458534.00, 0, -593799, -20 
1718957458555.00, 1, -593799, -19 
1718957458577.00, 0, -593800, -20 
1718957458598.00, 67, -593799, -20 
1718957458619.00, 0, -593799, -21 
1718957458640.00, 0, -593798, -21 
1718957458662.00, 51, -593798, -21 
1718957458683.00, 0, -593798, -21 
1718957458704.00, 7, -593798, -22 
1718957458726.00, 0, -593798, -22 
1718957458746.00, 0, -593798, -22 
1718957458768.00, 0, -593798, -22 
1718957458790.00, 1, -593798, -21 
1718957458811.00, 0, -593799, -21 
1718957458831.00, 0, -593798, -21 
1718957458852.00, 0, -593798, -21 
1718957458875.00, 0, -593799, -21 
1718957458895.00, 0, -593799, -21 
1718957458916.00, -3, -593799, -21 
1718957458938.00, 8, -593798, -21 
1718957458959.00, 0, -593798, -21 
1718957458981.00, 0, -593799, -22 
1718957459001.00, 0, -593798, -22 
1718957459023.00, 0, -593798, -22 
1718957459043.00, 0, -593798, -21 
1718957459065.00, 28, -593797, -19 
1718957459086.00, -4, -593797, -16 
1718957459108.00, -1, -593797, -11 
1718957459129.00, 54, -593796, -5 
1718957459150.00, -4, -593796, 2 
1718957459171.00, 0, -593794, 16 
1718957459192.00, 1053, -593794, 31 
1718957459214.00, 2448, -593773, 50 
1718957459236.00, 4711, -593719, 81 
1718957459257.00, 7897, -593614, 132 
1718957459278.00, 12704, -593435, 189 
1718957459300.00, 19129, -593157, 292 
1718957459322.00, 29209, -592745, 380 
1718957459344.00, 40428, -592127, 439 
1718957459366.00, 50474, -591261, 511 
1718957459386.00, 60834, -590160, 592 
1718957459409.00, 71843, -588848, 666 
1718957459430.00, 82818, -587281, 740 
1718957459452.00, 93793, -585480, 820 
1718957459473.00, 105014, -583439, 888 
1718957459495.00, 115691, -581137, 948 
1718957459516.00, 125721, -578612, 1011 
1718957459537.00, 135259, -575858, 1078 
1718957459560.00, 144826, -572880, 1122 
1718957459581.00, 153065, -569713, 1156 
1718957459603.00, 159919, -566349, 1186 
1718957459625.00, 165795, -562852, 1216 
1718957459647.00, 170938, -559227, 1242 
1718957459668.00, 174902, -555491, 1274 
1718957459690.00, 174693, -551649, 1302 
1718957459712.00, 174795, -547824, 1324 
1718957459734.00, 174753, -544003, 1338 
1718957459756.00, 174705, -540188, 1349 
1718957459777.00, 174726, -536379, 1369 
1718957459799.00, 174768, -532558, 1373 
1718957459821.00, 174860, -528736, 1388 
1718957459843.00, 174829, -524916, 1393 
1718957459864.00, 174936, -521100, 1405 
1718957459887.00, 174528, -517277, 1428 
1718957459908.00, 174671, -513467, 1393 
1718957459930.00, 174688, -509655, 1405 
1718957459952.00, 174681, -505838, 1412 
1718957459973.00, 174702, -502019, 1408 
1718957459995.00, 174690, -498198, 1388 
1718957460017.00, 174651, -494394, 1364 
1718957460039.00, 174628, -490574, 1335 
1718957460061.00, 174791, -486751, 1309 
1718957460083.00, 175007, -482941, 1304 
1718957460104.00, 174589, -479127, 1281 
1718957460126.00, 174472, -475306, 1249 
1718957460148.00, 174476, -471493, 1227 
1718957460170.00, 174675, -467682, 1176 
1718957460191.00, 173734, -463869, 1146 
1718957460213.00, 171172, -460072, 1108 
1718957460236.00, 167275, -456353, 1048 
1718957460259.00, 161036, -452706, 969 
1718957460280.00, 152733, -449214, 857 
1718957460301.00, 140725, -445902, 799 
1718957460323.00, 130045, -442857, 700 
1718957460345.00, 117686, -440049, 571 
1718957460367.00, 102547, -437500, 474 
1718957460389.00, 87719, -435282, 426 
1718957460410.00, 76176, -433392, 329 
1718957460432.00, 63296, -431760, 228 
1718957460453.00, 35720, -430393, 139 
1718957460475.00, 19154, -429613, 45 
1718957460497.00, 9410, -429186, -41 
1718957460518.00, 1383, -428981, -142 
1718957460539.00, -8818, -428953, -265 
1718957460565.00, -22493, -429135, -388 
1718957460583.00, -38449, -429608, -476 
1718957460605.00, -52990, -430432, -649 
1718957460627.00, -71846, -431576, -705 
1718957460647.00, -86608, -433135, -755 
1718957460671.00, -98060, -435031, -812 
1718957460691.00, -108217, -437160, -846 
1718957460713.00, -116166, -439520, -861 
1718957460735.00, -121742, -442064, -875 
1718957460756.00, -125920, -444724, -893 
1718957460788.00, -129163, -447463, -895 
1718957460800.00, -131275, -450275, -897 
1718957460822.00, -132544, -453139, -900 
1718957460844.00, -133336, -456011, -898 
1718957460865.00, -133667, -458926, -908 
1718957460887.00, -134269, -461834, -911 
1718957460909.00, -134842, -464749, -899 
1718957460930.00, -134345, -467694, -900 
1718957460952.00, -134132, -470613, -925 
1718957460974.00, -135330, -473519, -932 
1718957460998.00, -136398, -476480, -918 
1718957461018.00, -136100, -479442, -956 
1718957461039.00, -138096, -482391, -976 
1718957461061.00, -140500, -485419, -946 
1718957461083.00, -140079, -488468, -970 
1718957461103.00, -141254, -491516, -1001 
1718957461126.00, -143607, -494601, -999 
1718957461147.00, -144771, -497724, -1046 
1718957461169.00, -148222, -500901, -1072 
1718957461191.00, -151785, -504151, -1045 
1718957461212.00, -152140, -507464, -1098 
1718957461234.00, -155385, -510806, -1138 
1718957461255.00, -159864, -514187, -1108 
1718957461278.00, -160681, -517699, -1137 
1718957461299.00, -162884, -521203, -1199 
1718957461321.00, -167828, -524765, -1203 
1718957461343.00, -171080, -528438, -1196 
1718957461365.00, -172358, -532172, -1252 
1718957461386.00, -174830, -535950, -1260 
1718957461409.00, -174739, -539770, -1277 
1718957461430.00, -174724, -543585, -1311 
1718957461452.00, -174711, -547381, -1262 
1718957461474.00, -174907, -551208, -1287 
1718957461497.00, -174655, -555025, -1333 
1718957461518.00, -174498, -558844, -1262 
1718957461539.00, -174720, -562650, -1237 
1718957461561.00, -174150, -566470, -1274 
1718957461583.00, -174363, -570253, -1235 
1718957461605.00, -173599, -574065, -1143 
1718957461627.00, -167489, -577851, -1115 
1718957461647.00, -162115, -581500, -1000 
1718957461672.00, -151887, -585033, -870 
1718957461693.00, -138035, -588313, -773 
1718957461714.00, -124217, -591298, -653 
1718957461736.00, -108618, -593975, -468 
1718957461758.00, -59341, -596295, -326 
1718957461780.00, -30309, -597593, -240 
1718957461801.00, -13194, -598272, -132 
1718957461823.00, -3463, -598575, -9 
1718957461844.00, 1586, -598659, 26 
1718957461869.00, 6344, -598633, 134 
1718957461888.00, 15694, -598482, 311 
1718957461909.00, 31913, -598138, 545 
1718957461931.00, 55843, -597457, 638 
1718957461952.00, 75292, -596257, 934 
1718957461975.00, 104483, -594606, 1173 
1718957461995.00, 136454, -592313, 1236 
1718957462016.00, 158828, -589306, 1346 
1718957462038.00, 172631, -585811, 1422 
1718957462060.00, 174964, -582029, 1424 
1718957462082.00, 174786, -578198, 1473 
1718957462104.00, 174765, -574384, 1516 
1718957462125.00, 174797, -570565, 1536 
1718957462147.00, 174519, -566748, 1575 
1718957462170.00, 174822, -562931, 1619 
1718957462193.00, 174777, -559115, 1633 
1718957462213.00, 174725, -555295, 1658 
1718957462234.00, 174724, -551482, 1687 
1718957462256.00, 174871, -547655, 1691 
1718957462278.00, 174706, -543831, 1683 
1718957462301.00, 174476, -540024, 1701 
1718957462322.00, 174583, -536204, 1713 
1718957462343.00, 174843, -532389, 1715 
1718957462365.00, 174779, -528564, 1734 
1718957462387.00, 174767, -524748, 1738 
1718957462413.00, 174790, -520941, 1750 
1718957462431.00, 174659, -517124, 1743 
1718957462453.00, 174628, -513298, 1753 
1718957462474.00, 174733, -509495, 1742 
1718957462496.00, 174837, -505675, 1689 
1718957462519.00, 174586, -501853, 1666 
1718957462540.00, 174531, -498048, 1642 
1718957462562.00, 174760, -494240, 1593 
1718957462584.00, 174784, -490422, 1566 
1718957462605.00, 174917, -486609, 1557 
1718957462627.00, 174830, -482790, 1536 
1718957462649.00, 174759, -478972, 1491 
1718957462671.00, 174489, -475162, 1467 
1718957462693.00, 174593, -471352, 1423 
1718957462714.00, 174958, -467534, 1385 
1718957462736.00, 174665, -463721, 1370 
1718957462758.00, 174635, -459910, 1327 
1718957462780.00, 174683, -456108, 1254 
1718957462801.00, 174550, -452288, 1180 
1718957462823.00, 170316, -448480, 1109 
1718957462846.00, 163539, -444776, 991 
1718957462868.00, 152549, -441230, 857 
1718957462889.00, 137676, -437947, 701 
1718957462912.00, 119401, -434966, 564 
1718957462934.00, 100232, -432396, 396 
1718957462955.00, 54218, -430243, 226 
1718957462977.00, 27006, -429078, 59 
1718957462998.00, 11465, -428475, -113 
1718957463020.00, -3510, -428219, -212 
1718957463041.00, -18572, -428290, -336 
1718957463062.00, -34712, -428688, -466 
1718957463084.00, -52542, -429428, -518 
1718957463106.00, -65993, -430560, -708 
1718957463128.00, -85319, -432005, -808 
1718957463149.00, -102890, -433860, -860 
1718957463171.00, -116193, -436111, -914 
1718957463193.00, -127212, -438662, -962 
1718957463213.00, -136458, -441434, -1013 
1718957463235.00, -144869, -444432, -1006 
1718957463257.00, -149238, -447592, -1031 
1718957463279.00, -153293, -450866, -1028 
1718957463301.00, -155265, -454221, -1017 
1718957463323.00, -155623, -457610, -1035 
1718957463345.00, -156482, -461019, -1054 
1718957463366.00, -158310, -464441, -1066 
1718957463388.00, -159924, -467905, -1092 
1718957463410.00, -162269, -471396, -1089 
1718957463432.00, -163332, -474942, -1086 
1718957463454.00, -163854, -478516, -1132 
1718957463475.00, -166678, -482093, -1181 
1718957463498.00, -171301, -485753, -1173 
1718957463519.00, -173578, -489480, -1216 
1718957463540.00, -174861, -493284, -1283 
1718957463563.00, -174687, -497105, -1274 
1718957463585.00, -174846, -500931, -1311 
1718957463606.00, -174879, -504743, -1336 
1718957463628.00, -174702, -508567, -1344 
1718957463650.00, -174782, -512380, -1364 
1718957463671.00, -174753, -516213, -1389 
1718957463693.00, -174626, -520017, -1365 
1718957463715.00, -174646, -523840, -1400 
1718957463736.00, -174779, -527652, -1415 
1718957463759.00, -174853, -531457, -1370 
1718957463780.00, -174555, -535290, -1413 
1718957463802.00, -174598, -539098, -1405 
1718957463824.00, -174779, -542927, -1357 
1718957463846.00, -174778, -546726, -1411 
1718957463867.00, -174883, -550555, -1442 
1718957463889.00, -174826, -554367, -1444 
1718957463912.00, -174702, -558181, -1452 
1718957463934.00, -174521, -562003, -1470 
1718957463956.00, -174721, -565819, -1406 
1718957463977.00, -174861, -569619, -1391 
1718957463999.00, -174451, -573434, -1353 
1718957464020.00, -174220, -577233, -1220 
1718957464042.00, -172486, -581036, -1112 
1718957464066.00, -164758, -584808, -986 
1718957464087.00, -152811, -588369, -855 
1718957464108.00, -137673, -591685, -727 
1718957464130.00, -121188, -594647, -612 
1718957464152.00, -66550, -597244, -463 
1718957464173.00, -34382, -598698, -377 
1718957464195.00, -15578, -599458, -275 
1718957464216.00, -4738, -599810, -151 
1718957464238.00, 755, -599926, -116 
1718957464259.00, 4180, -599917, -5 
1718957464281.00, 6996, -599819, 108 
1718957464302.00, 14814, -599643, 516 
1718957464325.00, 43501, -599313, 943 
1718957464347.00, 86727, -598403, 1045 
1718957464367.00, 118372, -596508, 1268 
1718957464389.00, 148949, -593883, 1412 
1718957464411.00, 167163, -590603, 1471 
1718957464432.00, 175425, -586930, 1571 
1718957464454.00, 174857, -583095, 1568 
1718957464476.00, 174746, -579276, 1629 
1718957464499.00, 174695, -575460, 1652 
1718957464520.00, 174857, -571640, 1670 
1718957464542.00, 174941, -567831, 1697 
1718957464563.00, 175008, -564003, 1722 
1718957464585.00, 174581, -560183, 1772 
1718957464611.00, 174765, -556365, 1801 
1718957464629.00, 174832, -552563, 1812 
1718957464651.00, 174693, -548736, 1809 
1718957464672.00, 174831, -544915, 1831 
1718957464694.00, 174756, -541101, 1820 
1718957464716.00, 174833, -537281, 1797 
1718957464737.00, 174659, -533463, 1831 
1718957464760.00, 174863, -529652, 1826 
1718957464782.00, 175047, -525837, 1822 
1718957464803.00, 174560, -522017, 1833 
1718957464826.00, 174717, -518201, 1827 
1718957464847.00, 174715, -514383, 1818 
1718957464868.00, 174764, -510562, 1787 
1718957464891.00, 174753, -506750, 1790 
1718957464914.00, 174689, -502935, 1791 
1718957464935.00, 174967, -499114, 1758 
1718957464956.00, 174593, -495296, 1736 
1718957464978.00, 174487, -491480, 1724 
1718957464999.00, 174662, -487673, 1684 
1718957465021.00, 174797, -483853, 1645 
1718957465043.00, 174756, -480046, 1651 
1718957465065.00, 174756, -476221, 1636 
1718957465087.00, 174612, -472415, 1586 
1718957465109.00, 174497, -468602, 1513 
1718957465131.00, 174610, -464785, 1472 
1718957465152.00, 174621, -460988, 1424 
1718957465174.00, 174463, -457176, 1339 
1718957465196.00, 174485, -453369, 1287 
1718957465218.00, 174402, -449556, 1205 
1718957465240.00, 171790, -445753, 1093 
1718957465263.00, 163393, -442006, 953 
1718957465284.00, 150191, -438478, 833 
1718957465305.00, 134989, -435219, 748 
1718957465327.00, 120838, -432322, 628 
1718957465349.00, 66239, -429721, 464 
1718957465371.00, 34036, -428290, 347 
1718957465392.00, 15672, -427539, 150 
1718957465414.00, 4896, -427207, -48 
1718957465436.00, -3723, -427105, -275 
1718957465457.00, -22671, -427184, -441 
1718957465479.00, -43880, -427661, -543 
1718957465500.00, -62398, -428607, -848 
1718957465522.00, -91762, -429963, -905 
1718957465544.00, -112504, -431954, -937 
1718957465565.00, -126684, -434423, -1011 
1718957465587.00, -139195, -437214, -1065 
1718957465608.00, -149800, -440265, -1076 
1718957465630.00, -156657, -443563, -1091 
1718957465652.00, -161525, -446985, -1109 
1718957465673.00, -165255, -450517, -1116 
1718957465696.00, -167763, -454132, -1123 
1718957465717.00, -169433, -457801, -1126 
1718957465738.00, -170342, -461509, -1140 
1718957465761.00, -171617, -465214, -1173 
1718957465783.00, -174127, -468980, -1207 
1718957465804.00, -174719, -472785, -1190 
1718957465826.00, -174789, -476603, -1214 
1718957465848.00, -174705, -480422, -1196 
1718957465870.00, -174617, -484256, -1199 
1718957465892.00, -174700, -488059, -1248 
1718957465915.00, -174883, -491875, -1262 
1718957465935.00, -174778, -495696, -1274 
1718957465957.00, -174447, -499510, -1325 
1718957465979.00, -174679, -503336, -1315 
1718957466001.00, -174703, -507156, -1297 
1718957466025.00, -174764, -510976, -1348 
1718957466044.00, -174847, -514778, -1378 
1718957466066.00, -174813, -518601, -1374 
1718957466088.00, -174679, -522418, -1381 
1718957466110.00, -174709, -526248, -1414 
1718957466132.00, -174708, -530053, -1409 
1718957466153.00, -174689, -533887, -1461 
1718957466175.00, -174564, -537697, -1538 
1718957466197.00, -174810, -541515, -1505 
1718957466219.00, -174725, -545327, -1560 
1718957466242.00, -174542, -549155, -1608 
1718957466262.00, -174769, -552960, -1515 
1718957466284.00, -174609, -556773, -1537 
1718957466306.00, -174638, -560588, -1538 
1718957466328.00, -174288, -564383, -1418 
1718957466354.00, -174656, -568205, -1366 
1718957466371.00, -174565, -572012, -1309 
1718957466393.00, -174566, -575828, -1203 
1718957466415.00, -174688, -579618, -1098 
1718957466437.00, -170897, -583434, -1017 
1718957466460.00, -163361, -587143, -861 
1718957466482.00, -149243, -590697, -733 
1718957466503.00, -133103, -593931, -603 
1718957466525.00, -78398, -596781, -430 
1718957466547.00, -46109, -598487, -315 
1718957466574.00, -27163, -599479, -164 
1718957466590.00, -16122, -600079, -35 
1718957466611.00, -9509, -600435, 15 
1718957466633.00, -4624, -600627, 237 
1718957466654.00, 10732, -600716, 559 
1718957466679.00, 39768, -600496, 838 
1718957466698.00, 73907, -599655, 1080 
1718957466718.00, 108827, -598037, 1290 
1718957466740.00, 139945, -595638, 1399 
1718957466762.00, 158213, -592541, 1532 
1718957466784.00, 168954, -589073, 1617 
1718957466805.00, 174863, -585375, 1627 
1718957466827.00, 174883, -581550, 1672 
1718957466849.00, 175008, -577720, 1678 
1718957466871.00, 174607, -573908, 1719 
1718957466897.00, 174709, -570081, 1740 
1718957466914.00, 174773, -566267, 1763 
1718957466936.00, 174723, -562457, 1787 
1718957466958.00, 174696, -558631, 1787 
1718957466980.00, 174818, -554833, 1789 
1718957467002.00, 174965, -551003, 1797 
1718957467024.00, 174618, -547192, 1779 
1718957467045.00, 174635, -543374, 1781 
1718957467067.00, 174879, -539556, 1789 
1718957467089.00, 174730, -535740, 1764 
1718957467115.00, 174764, -531914, 1749 
1718957467133.00, 174837, -528101, 1759 
1718957467154.00, 174712, -524288, 1726 
1718957467176.00, 174579, -520472, 1733 
1718957467197.00, 174756, -516662, 1728 
1718957467224.00, 174982, -512839, 1737 
1718957467241.00, 174597, -509024, 1727 
1718957467263.00, 174662, -505212, 1701 
1718957467285.00, 174491, -501392, 1681 
1718957467307.00, 174423, -497591, 1655 
1718957467331.00, 174432, -493774, 1617 
1718957467351.00, 174453, -489960, 1599 
1718957467373.00, 174648, -486153, 1568 
1718957467394.00, 174679, -482335, 1544 
1718957467416.00, 174518, -478521, 1506 
1718957467438.00, 174547, -474710, 1454 
1718957467459.00, 174649, -470906, 1417 
1718957467482.00, 174666, -467082, 1371 
1718957467503.00, 174647, -463276, 1325 
1718957467525.00, 174499, -459471, 1278 
1718957467547.00, 174513, -455664, 1204 
1718957467569.00, 171978, -451848, 1108 
1718957467591.00, 164607, -448116, 1009 
1718957467614.00, 154151, -444532, 919 
1718957467636.00, 142495, -441194, 823 
1718957467657.00, 129917, -438114, 699 
1718957467679.00, 114802, -435306, 617 
1718957467701.00, 100956, -432827, 512 
1718957467722.00, 86312, -430646, 374 
1718957467744.00, 46687, -428801, 223 
1718957467765.00, 23099, -427799, 45 
1718957467787.00, 9697, -427293, -153 
1718957467809.00, -7198, -427080, -247 
1718957467830.00, -23176, -427215, -298 
1718957467851.00, -35296, -427705, -426 
1718957467878.00, -50446, -428471, -503 
1718957467895.00, -63899, -429562, -741 
1718957467917.00, -86074, -430948, -777 
1718957467938.00, -101330, -432818, -846 
1718957467960.00, -114377, -435050, -916 
1718957467982.00, -126213, -437548, -947 
1718957468004.00, -134846, -440300, -959 
1718957468025.00, -140579, -443248, -967 
1718957468047.00, -144240, -446318, -990 
1718957468069.00, -147707, -449446, -998 
1718957468090.00, -149984, -452671, -1009 
1718957468111.00, -152058, -455955, -1012 
1718957468133.00, -153277, -459282, -1042 
1718957468155.00, -155492, -462633, -1088 
1718957468176.00, -159587, -466031, -1074 
1718957468199.00, -161180, -469517, -1080 
1718957468220.00, -162285, -473036, -1101 
1718957468242.00, -164050, -476593, -1105 
1718957468263.00, -165003, -480171, -1111 
1718957468286.00, -165931, -483795, -1133 
1718957468307.00, -167548, -487419, -1138 
1718957468329.00, -168850, -491081, -1123 
1718957468351.00, -168529, -494776, -1149 
1718957468373.00, -170035, -498447, -1161 
1718957468395.00, -171337, -502177, -1177 
1718957468416.00, -172970, -505906, -1194 
1718957468438.00, -174870, -509706, -1160 
1718957468460.00, -173841, -513512, -1140 
1718957468481.00, -171999, -517319, -1152 
1718957468503.00, -171574, -521066, -1139 
1718957468526.00, -170349, -524809, -1107 
1718957468547.00, -167677, -528531, -1184 
1718957468569.00, -170553, -532187, -1202 
1718957468591.00, -173373, -535923, -1206 
1718957468612.00, -174955, -539715, -1257 
1718957468635.00, -174908, -543539, -1295 
1718957468657.00, -174730, -547335, -1268 
1718957468678.00, -174875, -551162, -1276 
1718957468700.00, -174643, -554970, -1293 
1718957468722.00, -174694, -558800, -1250 
1718957468744.00, -174802, -562609, -1258 
1718957468766.00, -174778, -566430, -1275 
1718957468787.00, -174738, -570227, -1208 
1718957468809.00, -174384, -574041, -1181 
1718957468831.00, -173971, -577847, -1110 
1718957468854.00, -169304, -581638, -978 
1718957468876.00, -158454, -585313, -873 
1718957468897.00, -145420, -588731, -745 
1718957468919.00, -129721, -591872, -565 
1718957468941.00, -109636, -594667, -397 
1718957468963.00, -63088, -597014, -232 
1718957468984.00, -35643, -598382, -116 
1718957469005.00, -19145, -599165, -3 
1718957469027.00, -9512, -599581, 146 
1718957469049.00, 4102, -599780, 390 
1718957469070.00, 27190, -599704, 658 
1718957469095.00, 57287, -599134, 851 
1718957469114.00, 86697, -597899, 1127 
1718957469134.00, 120714, -595997, 1282 
1718957469155.00, 148363, -593324, 1388 
1718957469177.00, 164537, -590056, 1564 
1718957469199.00, 173904, -586452, 1564 
1718957469221.00, 174931, -582636, 1639 
1718957469243.00, 174708, -578825, 1673 
1718957469265.00, 174962, -575001, 1682 
1718957469287.00, 174966, -571187, 1726 
1718957469309.00, 174590, -567369, 1749 
1718957469330.00, 174716, -563547, 1780 
1718957469352.00, 174736, -559726, 1818 
1718957469374.00, 174754, -555919, 1842 
1718957469396.00, 174678, -552091, 1854 
1718957469418.00, 174677, -548277, 1856 
1718957469439.00, 174918, -544460, 1848 
1718957469461.00, 174618, -540636, 1848 
1718957469483.00, 174643, -536838, 1814 
1718957469505.00, 174782, -533025, 1788 
1718957469527.00, 174754, -529203, 1765 
1718957469549.00, 174536, -525390, 1753 
1718957469570.00, 174534, -521579, 1738 
1718957469592.00, 174435, -517758, 1701 
1718957469614.00, 174514, -513945, 1699 
1718957469635.00, 174525, -510142, 1692 
1718957469658.00, 174699, -506330, 1658 
1718957469679.00, 174593, -502503, 1651 
1718957469701.00, 174491, -498691, 1636 
1718957469723.00, 174392, -494876, 1616 
1718957469746.00, 174493, -491055, 1601 
1718957469767.00, 174613, -487251, 1604 
1718957469789.00, 174720, -483434, 1604 
1718957469810.00, 174887, -479610, 1601 
1718957469832.00, 174733, -475804, 1580 
1718957469854.00, 174488, -471988, 1561 
1718957469875.00, 174346, -468179, 1501 
1718957469896.00, 174441, -464370, 1431 
1718957469919.00, 174369, -460570, 1374 
1718957469941.00, 174451, -456757, 1304 
1718957469963.00, 174307, -452958, 1205 
1718957469984.00, 171769, -449147, 1127 
1718957470007.00, 165359, -445396, 1031 
1718957470030.00, 155796, -441809, 911 
1718957470051.00, 143116, -438423, 777 
1718957470072.00, 127374, -435338, 677 
1718957470094.00, 112030, -432592, 551 
1718957470116.00, 95273, -430176, 413 
1718957470138.00, 51806, -428141, 284 
1718957470159.00, 25853, -427009, 180 
1718957470181.00, 10987, -426428, 64 
1718957470203.00, 2286, -426183, -2 
1718957470224.00, -2183, -426133, -100 
1718957470246.00, -11057, -426182, -238 
1718957470267.00, -24660, -426424, -404 
1718957470289.00, -43005, -426945, -471 
1718957470311.00, -57561, -427868, -684 
1718957470332.00, -78877, -429114, -727 
1718957470354.00, -93934, -430821, -795 
1718957470375.00, -106799, -432868, -876 
1718957470398.00, -119186, -435218, -887 
1718957470419.00, -127238, -437821, -910 
1718957470441.00, -133091, -440587, -950 
1718957470463.00, -138823, -443499, -953 
1718957470484.00, -142283, -446519, -953 
1718957470506.00, -144260, -449615, -985 
1718957470526.00, -147083, -452767, -1010 
1718957470548.00, -150172, -455969, -1022 
1718957470570.00, -152692, -459265, -1045 
1718957470592.00, -155271, -462598, -1060 
1718957470617.00, -157703, -465996, -1057 
1718957470636.00, -158901, -469447, -1091 
1718957470657.00, -161412, -472909, -1104 
1718957470679.00, -163500, -476452, -1081 
1718957470701.00, -163179, -480012, -1102 
1718957470728.00, -164266, -483592, -1092 
1718957470745.00, -164091, -487182, -1112 
1718957470766.00, -165064, -490763, -1120 
1718957470788.00, -165985, -494369, -1121 
1718957470810.00, -166615, -497990, -1134 
1718957470832.00, -167688, -501650, -1155 
1718957470854.00, -169458, -505293, -1138 
1718957470875.00, -169371, -509001, -1119 
1718957470897.00, -167787, -512700, -1134 
1718957470919.00, -167740, -516378, -1125 
1718957470941.00, -167286, -520049, -1100 
1718957470963.00, -165219, -523697, -1157 
1718957470984.00, -167401, -527309, -1162 
1718957471007.00, -168942, -530956, -1182 
1718957471028.00, -171060, -534664, -1214 
1718957471050.00, -173839, -538398, -1219 
1718957471071.00, -174667, -542221, -1212 
1718957471094.00, -174636, -546022, -1208 
1718957471115.00, -174697, -549854, -1221 
1718957471137.00, -174911, -553660, -1202 
1718957471161.00, -174740, -557476, -1218 
1718957471181.00, -174497, -561287, -1201 
1718957471202.00, -174596, -565095, -1120 
1718957471225.00, -170009, -568911, -1087 
1718957471247.00, -165340, -572610, -1094 
1718957471268.00, -162854, -576215, -1048 
1718957471291.00, -158554, -579749, -993 
1718957471313.00, -152390, -583202, -932 
1718957471334.00, -144916, -586499, -781 
1718957471356.00, -131409, -589627, -565 
1718957471382.00, -110310, -592461, -370 
1718957471400.00, -85702, -594827, -198 
1718957471421.00, -48755, -596653, -55 
1718957471443.00, -26457, -597699, 95 
1718957471464.00, -7416, -598275, 419 
1718957471487.00, 22090, -598453, 687 
1718957471508.00, 56311, -598006, 865 
1718957471530.00, 87270, -596800, 1112 
1718957471549.00, 120560, -594890, 1273 
1718957471572.00, 148487, -592217, 1366 
1718957471594.00, 164950, -588947, 1496 
1718957471614.00, 174378, -585316, 1531 
1718957471637.00, 175013, -581498, 1568 
1718957471659.00, 174965, -577685, 1599 
1718957471681.00, 174726, -573863, 1594 
1718957471703.00, 174737, -570045, 1641 
1718957471724.00, 174673, -566231, 1640 
1718957471746.00, 174767, -562412, 1681 
1718957471768.00, 174718, -558584, 1706 
1718957471790.00, 174713, -554783, 1720 
1718957471819.00, 174901, -550956, 1735 
1718957471833.00, 174652, -547141, 1749 
1718957471855.00, 174615, -543325, 1756 
1718957471877.00, 174770, -539508, 1750 
1718957471899.00, 174753, -535701, 1737 
1718957471922.00, 174588, -531876, 1721 
1718957471942.00, 174779, -528062, 1692 
1718957471964.00, 174566, -524251, 1676 
1718957471985.00, 174457, -520441, 1647 
1718957472008.00, 174603, -516624, 1615 
1718957472029.00, 174801, -512803, 1599 
1718957472051.00, 174579, -508998, 1590 
1718957472073.00, 174626, -505181, 1552 
1718957472095.00, 174509, -501357, 1536 
1718957472116.00, 174422, -497560, 1485 
1718957472139.00, 174441, -493744, 1445 
1718957472160.00, 174596, -489937, 1418 
1718957472182.00, 174764, -486113, 1403 
1718957472204.00, 174754, -482307, 1377 
1718957472226.00, 174634, -478492, 1344 
1718957472248.00, 174588, -474669, 1317 
1718957472270.00, 174689, -470872, 1282 
1718957472291.00, 174518, -467047, 1246 
1718957472313.00, 174394, -463231, 1188 
1718957472335.00, 170823, -459428, 1139 
1718957472357.00, 165536, -455708, 1085 
1718957472379.00, 159402, -452085, 1022 
1718957472401.00, 151911, -448617, 979 
1718957472423.00, 144875, -445324, 954 
1718957472445.00, 139155, -442180, 888 
1718957472471.00, 131754, -439165, 819 
1718957472489.00, 123253, -436309, 801 
1718957472511.00, 117152, -433633, 758 
1718957472531.00, 110963, -431092, 684 
1718957472553.00, 60857, -428702, 582 
1718957472575.00, 31536, -427376, 528 
1718957472597.00, 14289, -426675, 471 
1718957472618.00, 4310, -426353, 403 
1718957472640.00, -987, -426257, 250 
1718957472661.00, -4396, -426279, 87 
1718957472683.00, -6626, -426396, -137 
1718957472704.00, -15907, -426550, -350 
1718957472726.00, -34024, -426891, -467 
1718957472748.00, -51871, -427622, -631 
1718957472769.00, -72222, -428738, -766 
1718957472791.00, -92272, -430302, -804 
1718957472813.00, -106432, -432310, -865 
1718957472834.00, -118187, -434649, -913 
1718957472856.00, -127887, -437225, -945 
1718957472878.00, -135374, -440015, -952 
1718957472900.00, -140100, -442986, -964 
1718957472920.00, -143722, -446040, -977 
1718957472943.00, -146278, -449147, -980 
1718957472965.00, -147827, -452353, -997 
1718957472985.00, -149661, -455571, -1017 
1718957473007.00, -151877, -458848, -1023 
1718957473032.00, -153417, -462167, -1049 
1718957473050.00, -155645, -465520, -1076 
1718957473073.00, -158573, -468927, -1066 
1718957473094.00, -159788, -472394, -1087 
1718957473116.00, -161649, -475892, -1125 
1718957473138.00, -164870, -479420, -1137 
1718957473160.00, -167419, -483032, -1188 
1718957473182.00, -171473, -486691, -1164 
1718957473203.00, -172618, -490447, -1146 
1718957473225.00, -171908, -494225, -1148 
1718957473247.00, -171596, -497967, -1162 
1718957473268.00, -172402, -501726, -1155 
1718957473291.00, -172112, -505479, -1173 
1718957473320.00, -172713, -509253, -1201 
1718957473334.00, -174900, -513030, -1167 
1718957473356.00, -174173, -516864, -1172 
1718957473378.00, -173709, -520647, -1174 
1718957473399.00, -173573, -524452, -1159 
1718957473421.00, -172617, -528238, -1178 
1718957473443.00, -172559, -532006, -1176 
1718957473465.00, -172647, -535791, -1129 
1718957473487.00, -169792, -539555, -1143 
1718957473509.00, -168963, -543268, -1147 
1718957473531.00, -168568, -546944, -1121 
1718957473552.00, -166797, -550638, -1114 
1718957473574.00, -165179, -554267, -1119 
1718957473596.00, -164466, -557874, -1104 
1718957473617.00, -162925, -561467, -1098 
1718957473640.00, -161508, -565013, -1066 
1718957473661.00, -158723, -568554, -1048 
1718957473683.00, -155862, -572004, -1019 
1718957473706.00, -152421, -575424, -983 
1718957473728.00, -148218, -578709, -906 
1718957473750.00, -140886, -581930, -766 
1718957473771.00, -127970, -584985, -687 
1718957473793.00, -115468, -587739, -605 
1718957473814.00, -103121, -590231, -455 
1718957473836.00, -86592, -592457, -288 
1718957473858.00, -66718, -594326, -229 
1718957473880.00, -37471, -595758, -178 
1718957473901.00, -20253, -596586, -102 
1718957473922.00, -9862, -597041, -31 
1718957473945.00, -3477, -597246, 113 
1718957473966.00, 6105, -597310, 419 
1718957473988.00, 30601, -597180, 746 
1718957474009.00, 64944, -596540, 933 
1718957474031.00, 96589, -595151, 1120 
1718957474051.00, 126509, -593018, 1279 
1718957474073.00, 152184, -590224, 1361 
1718957474095.00, 167090, -586878, 1480 
1718957474119.00, 175377, -583215, 1494 
1718957474138.00, 174977, -579386, 1517 
1718957474160.00, 174604, -575561, 1550 
1718957474182.00, 174708, -571756, 1572 
1718957474204.00, 174808, -567928, 1590 
1718957474225.00, 174680, -564108, 1626 
1718957474248.00, 174746, -560288, 1639 
1718957474269.00, 174778, -556472, 1662 
1718957474291.00, 174814, -552661, 1652 
1718957474313.00, 174671, -548834, 1689 
1718957474334.00, 174711, -545016, 1668 
1718957474356.00, 174973, -541209, 1665 
1718957474379.00, 174625, -537387, 1668 
1718957474400.00, 174517, -533563, 1643 
1718957474422.00, 174571, -529767, 1618 
1718957474444.00, 174764, -525943, 1591 
1718957474466.00, 174754, -522129, 1589 
1718957474487.00, 174692, -518317, 1565 
1718957474510.00, 174704, -514503, 1515 
1718957474531.00, 174583, -510679, 1494 
1718957474552.00, 174635, -506867, 1486 
1718957474575.00, 174921, -503054, 1472 
1718957474597.00, 174841, -499228, 1440 
1718957474618.00, 174521, -495417, 1407 
1718957474640.00, 174632, -491602, 1383 
1718957474665.00, 174741, -487792, 1345 
1718957474683.00, 174798, -483971, 1288 
1718957474706.00, 174871, -480159, 1245 
1718957474727.00, 174755, -476333, 1209 
1718957474749.00, 174766, -472537, 1133 
1718957474771.00, 172623, -468717, 1076 
1718957474793.00, 167784, -464959, 1022 
1718957474816.00, 161703, -461296, 942 
1718957474837.00, 153149, -457792, 862 
1718957474859.00, 143135, -454468, 819 
1718957474881.00, 134360, -451372, 784 
1718957474903.00, 126992, -448453, 750 
1718957474924.00, 120760, -445693, 708 
1718957474946.00, 114379, -443082, 663 
1718957474968.00, 107778, -440611, 593 
1718957474989.00, 99480, -438280, 525 
1718957475011.00, 90570, -436127, 445 
1718957475033.00, 80275, -434179, 369 
1718957475054.00, 69422, -432448, 274 
1718957475076.00, 40814, -430958, 192 
1718957475101.00, 23638, -430068, 91 
1718957475119.00, 13366, -429555, 19 
1718957475141.00, 7028, -429273, -114 
1718957475162.00, -2649, -429129, -317 
1718957475183.00, -21074, -429179, -396 
1718957475207.00, -36924, -429612, -455 
1718957475228.00, -49699, -430411, -644 
1718957475249.00, -68821, -431486, -690 
1718957475271.00, -82785, -432974, -744 
1718957475291.00, -94227, -434785, -800 
1718957475314.00, -104335, -436827, -812 
1718957475336.00, -110966, -439117, -842 
1718957475357.00, -116727, -441537, -863 
1718957475378.00, -121324, -444081, -858 
1718957475400.00, -123670, -446720, -869 
1718957475422.00, -125459, -449408, -871 
1718957475444.00, -126881, -452160, -858 
1718957475466.00, -126840, -454908, -884 
1718957475487.00, -128226, -457670, -936 
1718957475509.00, -132215, -460463, -950 
1718957475531.00, -135402, -463335, -979 
1718957475551.00, -138906, -466282, -1031 
1718957475573.00, -143955, -469324, -1054 
1718957475595.00, -148240, -472471, -1063 
1718957475617.00, -151329, -475731, -1108 
1718957475642.00, -155764, -479032, -1130 
1718957475660.00, -159818, -482438, -1137 
1718957475683.00, -162477, -485931, -1158 
1718957475704.00, -165324, -489481, -1170 
1718957475726.00, -167398, -493114, -1208 
1718957475748.00, -171114, -496763, -1207 
1718957475770.00, -173143, -500514, -1219 
1718957475792.00, -174926, -504307, -1241 
1718957475814.00, -174943, -508116, -1252 
1718957475835.00, -174762, -511935, -1233 
1718957475857.00, -174623, -515746, -1257 
1718957475879.00, -174855, -519571, -1224 
1718957475901.00, -174653, -523389, -1220 
1718957475922.00, -174642, -527209, -1273 
1718957475944.00, -174883, -531011, -1256 
1718957475966.00, -174926, -534835, -1234 
1718957475987.00, -174779, -538635, -1236 
1718957476010.00, -174576, -542471, -1190 
1718957476031.00, -173834, -546271, -1153 
1718957476053.00, -171048, -550087, -1171 
1718957476075.00, -170545, -553797, -1126 
1718957476097.00, -167474, -557523, -1078 
1718957476119.00, -162485, -561168, -1085 
1718957476140.00, -159857, -564713, -1023 
1718957476163.00, -154648, -568205, -942 
1718957476185.00, -146576, -571543, -889 
1718957476206.00, -138454, -574735, -870 
1718957476229.00, -132316, -577732, -823 
1718957476250.00, -125818, -580592, -737 
1718957476272.00, -116994, -583327, -660 
1718957476293.00, -106895, -585857, -575 
1718957476316.00, -95661, -588158, -451 
1718957476337.00, -81595, -590218, -371 
1718957476358.00, -68383, -591983, -301 
1718957476380.00, -56324, -593454, -218 
1718957476402.00, -31092, -594668, -160 
1718957476424.00, -16243, -595369, -109 
1718957476446.00, -7497, -595730, -72 
1718957476466.00, -2245, -595892, -2 
1718957476488.00, 199, -595937, 57 
1718957476509.00, 5677, -595927, 186 
1718957476531.00, 16663, -595804, 372 
1718957476552.00, 34566, -595443, 590 
1718957476575.00, 58154, -594700, 841 
1718957476596.00, 87065, -593437, 1085 
1718957476617.00, 119054, -591528, 1216 
1718957476639.00, 145861, -588898, 1317 
1718957476660.00, 163673, -585678, 1410 
1718957476682.00, 173727, -582075, 1487 
1718957476704.00, 174866, -578270, 1494 
1718957476726.00, 174697, -574445, 1514 
1718957476747.00, 174607, -570637, 1523 
1718957476769.00, 174670, -566811, 1548 
1718957476791.00, 174770, -562999, 1565 
1718957476813.00, 174840, -559187, 1573 
1718957476835.00, 174738, -555368, 1624 
1718957476856.00, 174652, -551554, 1627 
1718957476878.00, 174999, -547726, 1630 
1718957476900.00, 174560, -543919, 1639 
1718957476922.00, 174505, -540108, 1622 
1718957476944.00, 174626, -536288, 1614 
1718957476965.00, 174822, -532472, 1593 
1718957476987.00, 174691, -528648, 1594 
1718957477009.00, 174705, -524839, 1594 
1718957477031.00, 174792, -521022, 1559 
1718957477053.00, 174601, -517207, 1555 
1718957477075.00, 174683, -513396, 1561 
1718957477096.00, 174826, -509573, 1544 
1718957477118.00, 174808, -505758, 1529 
1718957477140.00, 174613, -501950, 1478 
1718957477162.00, 174700, -498133, 1438 
1718957477184.00, 174765, -494314, 1383 
1718957477206.00, 174655, -490510, 1359 
1718957477227.00, 174697, -486690, 1316 
1718957477249.00, 174962, -482863, 1263 
1718957477270.00, 174705, -479058, 1247 
1718957477293.00, 174436, -475235, 1216 
1718957477315.00, 174551, -471427, 1171 
1718957477336.00, 174689, -467607, 1131 
1718957477358.00, 172958, -463803, 1091 
1718957477380.00, 169349, -460023, 1035 
1718957477407.00, 163539, -456343, 992 
1718957477424.00, 157473, -452795, 971 
1718957477446.00, 152514, -449370, 946 
1718957477468.00, 147753, -446054, 918 
1718957477490.00, 143316, -442848, 865 
1718957477515.00, 137405, -439750, 827 
1718957477533.00, 131544, -436756, 777 
1718957477555.00, 125014, -433907, 710 
1718957477577.00, 116831, -431206, 637 
1718957477598.00, 68300, -428687, 571 
1718957477624.00, 39673, -427202, 525 
1718957477642.00, 22992, -426333, 482 
1718957477663.00, 13027, -425822, 390 
1718957477685.00, 7223, -425542, 264 
1718957477706.00, 3682, -425401, 60 
1718957477728.00, 1626, -425335, -148 
1718957477750.00, -7669, -425312, -316 
1718957477771.00, -23652, -425474, -440 
1718957477793.00, -40922, -425977, -560 
1718957477814.00, -58352, -426855, -735 
1718957477837.00, -79264, -428119, -771 
1718957477857.00, -94061, -429835, -830 
1718957477880.00, -105985, -431879, -889 
1718957477900.00, -116549, -434194, -901 
1718957477922.00, -123450, -436740, -923 
1718957477947.00, -128979, -439438, -928 
1718957477966.00, -132519, -442250, -931 
1718957477987.00, -134321, -445143, -941 
1718957478010.00, -136108, -448050, -964 
1718957478031.00, -138422, -451030, -975 
1718957478055.00, -140466, -454042, -1005 
1718957478073.00, -143333, -457106, -1067 
1718957478096.00, -148827, -460262, -1070 
1718957478117.00, -152149, -463507, -1079 
1718957478139.00, -154515, -466832, -1110 
1718957478165.00, -157791, -470226, -1123 
1718957478183.00, -160650, -473664, -1111 
1718957478204.00, -161296, -477193, -1132 
1718957478227.00, -162931, -480701, -1126 
1718957478248.00, -163527, -484277, -1135 
1718957478273.00, -164223, -487855, -1143 
1718957478292.00, -165111, -491436, -1166 
1718957478314.00, -166971, -495041, -1203 
1718957478335.00, -170389, -498691, -1223 
1718957478356.00, -173655, -502429, -1241 
1718957478380.00, -174957, -506204, -1258 
1718957478401.00, -174830, -510043, -1268 
1718957478423.00, -174934, -513853, -1285 
1718957478444.00, -174812, -517686, -1308 
1718957478467.00, -174748, -521480, -1316 
1718957478488.00, -174761, -525310, -1305 
1718957478510.00, -174764, -529118, -1314 
1718957478532.00, -174690, -532940, -1289 
1718957478553.00, -174742, -536755, -1280 
1718957478576.00, -174798, -540573, -1293 
1718957478599.00, -174825, -544385, -1280 
1718957478619.00, -174701, -548196, -1278 
1718957478641.00, -174764, -552030, -1285 
1718957478663.00, -174565, -555839, -1306 
1718957478684.00, -174552, -559658, -1318 
1718957478706.00, -174815, -563456, -1333 
1718957478727.00, -174778, -567291, -1319 
1718957478750.00, -174604, -571086, -1242 
1718957478771.00, -174546, -574911, -1138 
1718957478794.00, -170610, -578701, -1023 
1718957478816.00, -161015, -582417, -863 
1718957478838.00, -145603, -585898, -698 
1718957478860.00, -126363, -589033, -513 
1718957478881.00, -103908, -591763, -349 
1718957478903.00, -80439, -593995, -218 
1718957478924.00, -45500, -595714, -120 
1718957478946.00, -24728, -596702, -44 
1718957478968.00, -12493, -597250, 33 
1718957478990.00, -2887, -597508, 249 
1718957479012.00, 14584, -597570, 556 
1718957479033.00, 44299, -597276, 663 
1718957479053.00, 68349, -596347, 837 
1718957479076.00, 92925, -594857, 1132 
1718957479097.00, 125220, -592809, 1224 
1718957479118.00, 149773, -590054, 1307 
1718957479141.00, 165578, -586753, 1394 
1718957479162.00, 174832, -583113, 1433 
1718957479184.00, 174888, -579291, 1469 
1718957479206.00, 174818, -575464, 1507 
1718957479228.00, 174704, -571653, 1521 
1718957479253.00, 174883, -567834, 1542 
1718957479270.00, 174844, -564009, 1537 
1718957479293.00, 174676, -560192, 1545 
1718957479315.00, 174723, -556384, 1565 
1718957479337.00, 174996, -552572, 1564 
1718957479361.00, 174728, -548743, 1599 
1718957479381.00, 174849, -544936, 1601 
1718957479402.00, 174766, -541111, 1595 
1718957479423.00, 174816, -537298, 1592 
1718957479446.00, 174580, -533482, 1583 
1718957479467.00, 174814, -529674, 1579 
1718957479489.00, 175069, -525852, 1561 
1718957479511.00, 174605, -522038, 1554 
1718957479533.00, 174586, -518227, 1528 
1718957479554.00, 174606, -514411, 1509 
1718957479576.00, 174552, -510595, 1481 
1718957479598.00, 174646, -506785, 1474 
1718957479620.00, 174665, -502969, 1461 
1718957479641.00, 174867, -499138, 1452 
1718957479663.00, 174594, -495331, 1418 
1718957479687.00, 174507, -491516, 1367 
1718957479708.00, 174541, -487699, 1342 
1718957479729.00, 174619, -483889, 1313 
1718957479751.00, 174690, -480081, 1266 
1718957479773.00, 174803, -476266, 1240 
1718957479800.00, 174160, -472448, 1207 
1718957479816.00, 171774, -468636, 1160 
1718957479838.00, 167466, -464899, 1111 
1718957479860.00, 162034, -461244, 1062 
1718957479882.00, 155894, -457714, 1030 
1718957479907.00, 150332, -454317, 976 
1718957479926.00, 143786, -451049, 919 
1718957479948.00, 136460, -447936, 858 
1718957479970.00, 128526, -444974, 834 
1718957479991.00, 122203, -442187, 793 
1718957480015.00, 116100, -439535, 766 
1718957480035.00, 111007, -437019, 728 
1718957480057.00, 105573, -434613, 676 
1718957480079.00, 99280, -432320, 598 
1718957480100.00, 54204, -430187, 516 
1718957480122.00, 27522, -429006, 442 
1718957480144.00, 11851, -428388, 377 
1718957480165.00, 2808, -428122, 257 
1718957480187.00, -1817, -428068, 93 
1718957480208.00, -4828, -428113, -95 
1718957480230.00, -12441, -428228, -264 
1718957480251.00, -26582, -428492, -422 
1718957480273.00, -44607, -429061, -488 
1718957480295.00, -59079, -430017, -647 
1718957480316.00, -77395, -431304, -703 
1718957480338.00, -91384, -432983, -761 
1718957480359.00, -103073, -434985, -829 
1718957480381.00, -113995, -437240, -859 
1718957480403.00, -122047, -439718, -887 
1718957480424.00, -128421, -442400, -916 
1718957480446.00, -133845, -445206, -936 
1718957480468.00, -138198, -448116, -955 
1718957480490.00, -142032, -451135, -980 
1718957480510.00, -145398, -454227, -1027 
1718957480532.00, -150290, -457394, -1070 
1718957480554.00, -155419, -460693, -1084 
1718957480576.00, -158938, -464088, -1145 
1718957480598.00, -164945, -467589, -1150 
1718957480619.00, -168719, -471189, -1176 
1718957480641.00, -172264, -474879, -1193 
1718957480663.00, -175013, -478644, -1198 
1718957480685.00, -174835, -482451, -1189 
1718957480707.00, -174729, -486288, -1212 
1718957480728.00, -174609, -490097, -1223 
1718957480750.00, -174508, -493927, -1215 
1718957480772.00, -174778, -497737, -1249 
1718957480794.00, -174803, -501560, -1281 
1718957480815.00, -174815, -505371, -1256 
1718957480837.00, -174418, -509193, -1248 
1718957480860.00, -174854, -512995, -1208 
1718957480881.00, -174843, -516824, -1176 
1718957480903.00, -174775, -520633, -1157 
1718957480925.00, -173923, -524446, -1174 
1718957480947.00, -174401, -528249, -1153 
1718957480968.00, -173006, -532050, -1126 
1718957480990.00, -170733, -535843, -1147 
1718957481012.00, -170524, -539573, -1173 
1718957481033.00, -171959, -543297, -1221 
1718957481056.00, -174979, -547046, -1291 
1718957481078.00, -174864, -550887, -1314 
1718957481099.00, -174693, -554690, -1353 
1718957481121.00, -174568, -558520, -1337 
1718957481142.00, -174586, -562326, -1265 
1718957481165.00, -174619, -566146, -1280 
1718957481186.00, -174720, -569951, -1269 
1718957481208.00, -174861, -573771, -1207 
1718957481231.00, -172195, -577577, -1180 
1718957481252.00, -168964, -581331, -1019 
1718957481275.00, -157328, -585010, -888 
1718957481297.00, -142218, -588413, -776 
1718957481319.00, -126571, -591483, -622 
1718957481340.00, -108189, -594213, -460 
1718957481361.00, -59295, -596522, -363 
1718957481383.00, -30557, -597818, -289 
1718957481405.00, -13306, -598496, -152 
1718957481427.00, -3509, -598798, -51 
1718957481448.00, 1627, -598884, -27 
1718957481470.00, 4942, -598853, 126 
1718957481491.00, 14649, -598730, 351 
1718957481513.00, 33795, -598415, 535 
1718957481534.00, 56008, -597706, 615 
1718957481558.00, 73986, -596496, 752 
1718957481578.00, 92799, -594882, 979 
1718957481598.00, 117458, -592854, 1066 
1718957481620.00, 137132, -590268, 1130 
1718957481642.00, 152525, -587249, 1207 
1718957481671.00, 165946, -583902, 1254 
1718957481686.00, 175378, -580256, 1299 
1718957481708.00, 174832, -576420, 1334 
1718957481729.00, 174731, -572605, 1385 
1718957481751.00, 174699, -568775, 1437 
1718957481773.00, 174777, -564960, 1439 
1718957481795.00, 174669, -561144, 1471 
1718957481817.00, 174799, -557329, 1476 
1718957481838.00, 174750, -553506, 1495 
1718957481860.00, 174655, -549693, 1503 
1718957481884.00, 174611, -545878, 1503 
1718957481904.00, 174785, -542053, 1494 
1718957481925.00, 174445, -538243, 1481 
1718957481948.00, 174519, -534417, 1465 
1718957481969.00, 174619, -530606, 1452 
1718957481991.00, 174653, -526798, 1411 
1718957482013.00, 174731, -522978, 1409 
1718957482035.00, 174700, -519169, 1392 
1718957482057.00, 174940, -515341, 1370 
1718957482078.00, 174643, -511532, 1350 
1718957482102.00, 174441, -507717, 1313 
1718957482121.00, 174533, -503898, 1299 
1718957482144.00, 174862, -500082, 1286 
1718957482165.00, 174886, -496265, 1283 
1718957482187.00, 174768, -492442, 1271 
1718957482214.00, 174697, -488636, 1276 
1718957482231.00, 174517, -484810, 1274 
1718957482253.00, 174612, -480991, 1245 
1718957482274.00, 174714, -477175, 1231 
1718957482297.00, 174819, -473376, 1212 
1718957482319.00, 174511, -469547, 1197 
1718957482340.00, 174650, -465725, 1162 
1718957482362.00, 174772, -461916, 1107 
1718957482384.00, 172463, -458105, 1045 
1718957482407.00, 167214, -454347, 969 
1718957482431.00, 159450, -450719, 902 
1718957482450.00, 150663, -447257, 844 
1718957482472.00, 141783, -443990, 774 
1718957482493.00, 132226, -440933, 695 
1718957482515.00, 121545, -438076, 612 
1718957482537.00, 109935, -435436, 519 
1718957482558.00, 97533, -433062, 433 
1718957482580.00, 84895, -430969, 337 
1718957482602.00, 50717, -429147, 241 
1718957482624.00, 30372, -428053, 163 
1718957482646.00, 18435, -427378, 47 
1718957482667.00, 11258, -426972, -25 
1718957482688.00, 5696, -426723, -105 
1718957482710.00, -1734, -426605, -211 
1718957482732.00, -13012, -426639, -319 
1718957482755.00, -26274, -426916, -384 
1718957482775.00, -38262, -427477, -477 
1718957482797.00, -50904, -428303, -541 
1718957482818.00, -62268, -429398, -618 
1718957482839.00, -73498, -430748, -652 
1718957482863.00, -82230, -432352, -722 
1718957482883.00, -91542, -434144, -771 
1718957482905.00, -99857, -436141, -811 
1718957482926.00, -107370, -438324, -851 
1718957482948.00, -114180, -440657, -864 
1718957482973.00, -119118, -443152, -861 
1718957482991.00, -121844, -445748, -877 
1718957483014.00, -124358, -448395, -881 
1718957483035.00, -125941, -451108, -879 
1718957483056.00, -126785, -453852, -916 
1718957483082.00, -129409, -456598, -945 
1718957483100.00, -132495, -459431, -952 
1718957483122.00, -134835, -462313, -970 
1718957483144.00, -137245, -465245, -996 
1718957483164.00, -140331, -468254, -1006 
1718957483187.00, -142694, -471320, -1013 
1718957483208.00, -144463, -474432, -1014 
1718957483230.00, -145487, -477594, -1038 
1718957483251.00, -147460, -480764, -1053 
1718957483273.00, -149465, -484000, -1031 
1718957483297.00, -149333, -487271, -1046 
1718957483317.00, -149963, -490524, -1057 
1718957483339.00, -151067, -493796, -1043 
1718957483360.00, -150892, -497096, -1030 
1718957483382.00, -149805, -500396, -1037 
1718957483404.00, -149566, -503676, -1022 
1718957483425.00, -148430, -506928, -1019 
1718957483448.00, -147664, -510179, -1032 
1718957483470.00, -147738, -513399, -1011 
1718957483492.00, -146633, -516630, -998 
1718957483515.00, -145114, -519822, -991 
1718957483536.00, -143701, -522966, -981 
1718957483558.00, -142026, -526104, -985 
1718957483580.00, -141325, -529192, -990 
1718957483602.00, -141372, -532267, -986 
1718957483622.00, -141276, -535351, -988 
1718957483644.00, -141288, -538415, -1007 
1718957483666.00, -142257, -541506, -1007 
1718957483687.00, -142898, -544606, -1000 
1718957483709.00, -142839, -547728, -1029 
1718957483731.00, -144405, -550856, -1028 
1718957483753.00, -145448, -554015, -1036 
1718957483774.00, -146527, -557194, -1062 
1718957483796.00, -148749, -560382, -1084 
1718957483818.00, -151196, -563626, -1101 
1718957483840.00, -153705, -566953, -1151 
1718957483861.00, -158028, -570295, -1132 
1718957483884.00, -159428, -573759, -1065 
1718957483905.00, -156287, -577232, -1024 
1718957483928.00, -151755, -580637, -949 
1718957483951.00, -144539, -583916, -822 
1718957483972.00, -132397, -587043, -682 
1718957483994.00, -116931, -589905, -546 
1718957484015.00, -99315, -592433, -447 
1718957484036.00, -82969, -594566, -336 
1718957484058.00, -46210, -596336, -230 
1718957484080.00, -24096, -597346, -148 
1718957484102.00, -11417, -597895, -107 
1718957484123.00, -3786, -598145, -1 
1718957484144.00, 87, -598230, 71 
1718957484166.00, 7061, -598222, 270 
1718957484188.00, 23044, -598069, 505 
1718957484209.00, 46787, -597580, 629 
1718957484231.00, 68459, -596592, 728 
1718957484252.00, 86772, -595102, 978 
1718957484273.00, 112623, -593200, 1105 
1718957484295.00, 135769, -590708, 1171 
1718957484316.00, 153176, -587729, 1235 
1718957484339.00, 167143, -584356, 1278 
1718957484360.00, 175249, -580691, 1310 
1718957484382.00, 174936, -576848, 1333 
1718957484404.00, 174783, -573033, 1371 
1718957484426.00, 174763, -569219, 1407 
1718957484448.00, 174783, -565402, 1429 
1718957484469.00, 174770, -561578, 1438 
1718957484491.00, 174501, -557766, 1477 
1718957484513.00, 174732, -553947, 1493 
1718957484535.00, 174624, -550128, 1513 
1718957484556.00, 174730, -546309, 1533 
1718957484579.00, 174679, -542492, 1547 
1718957484600.00, 174751, -538681, 1544 
1718957484622.00, 174748, -534854, 1559 
1718957484644.00, 174691, -531046, 1538 
1718957484665.00, 174547, -527222, 1530 
1718957484687.00, 174705, -523412, 1507 
1718957484709.00, 174688, -519599, 1512 
1718957484731.00, 174671, -515779, 1501 
1718957484753.00, 174781, -511958, 1495 
1718957484775.00, 174755, -508134, 1468 
1718957484796.00, 174518, -504333, 1419 
1718957484819.00, 174536, -500509, 1378 
1718957484840.00, 174700, -496702, 1351 
1718957484861.00, 174534, -492887, 1311 
1718957484883.00, 174628, -489075, 1284 
1718957484905.00, 174726, -485254, 1254 
1718957484928.00, 174604, -481433, 1224 
1718957484948.00, 174575, -477625, 1175 
1718957484971.00, 174773, -473819, 1158 
1718957484992.00, 174955, -470001, 1152 
1718957485014.00, 174437, -466187, 1124 
1718957485036.00, 172104, -462370, 1079 
1718957485060.00, 167972, -458613, 1020 
1718957485082.00, 161822, -454946, 983 
1718957485103.00, 155776, -451445, 932 
1718957485124.00, 149165, -448057, 884 
1718957485147.00, 142309, -444821, 838 
1718957485171.00, 135235, -441740, 771 
1718957485189.00, 126837, -438801, 699 
1718957485212.00, 117471, -436058, 636 
1718957485233.00, 108095, -433510, 599 
1718957485255.00, 100418, -431172, 557 
1718957485277.00, 59206, -429009, 487 
1718957485298.00, 34658, -427729, 445 
1718957485320.00, 19990, -426966, 382 
1718957485342.00, 11477, -426516, 325 
1718957485363.00, 6413, -426263, 252 
1718957485385.00, 3612, -426122, 176 
1718957485406.00, 1733, -426054, 65 
1718957485427.00, 644, -426025, -45 
1718957485449.00, -2018, -426018, -141 
1718957485471.00, -9638, -426061, -248 
1718957485492.00, -20770, -426270, -355 
1718957485514.00, -33664, -426715, -450 
1718957485536.00, -47325, -427442, -515 
1718957485557.00, -59403, -428462, -688 
1718957485579.00, -76987, -429752, -712 
1718957485601.00, -88748, -431419, -757 
1718957485622.00, -98290, -433350, -800 
1718957485644.00, -106602, -435493, -820 
1718957485666.00, -112566, -437817, -862 
1718957485687.00, -118640, -440269, -902 
1718957485713.00, -124452, -442859, -906 
1718957485731.00, -128234, -445581, -924 
1718957485752.00, -131416, -448362, -971 
1718957485776.00, -136166, -451235, -992 
1718957485796.00, -140124, -454210, -992 
1718957485825.00, -142337, -457248, -1031 
1718957485839.00, -145977, -460374, -1065 
1718957485861.00, -150129, -463558, -1067 
1718957485882.00, -152724, -466853, -1089 
1718957485904.00, -155492, -470185, -1092 
1718957485929.00, -157151, -473578, -1081 
1718957485948.00, -157356, -477032, -1082 
1718957485969.00, -157247, -480462, -1069 
1718957485991.00, -156603, -483903, -1088 
1718957486013.00, -157190, -487328, -1086 
1718957486035.00, -157502, -490758, -1095 
1718957486056.00, -157996, -494212, -1099 
1718957486078.00, -158712, -497656, -1098 
1718957486100.00, -159006, -501129, -1087 
1718957486122.00, -158515, -504602, -1084 
1718957486147.00, -157884, -508062, -1076 
1718957486165.00, -157164, -511510, -1077 
1718957486187.00, -156732, -514933, -1075 
1718957486209.00, -156352, -518348, -1077 
1718957486231.00, -155887, -521759, -1107 
1718957486254.00, -157432, -525183, -1103 
1718957486274.00, -158223, -528609, -1111 
1718957486296.00, -159015, -532069, -1162 
1718957486318.00, -162377, -535557, -1159 
1718957486340.00, -164248, -539098, -1127 
1718957486364.00, -163309, -542690, -1134 
1718957486384.00, -162967, -546252, -1113 
1718957486405.00, -161688, -549829, -1075 
1718957486427.00, -158537, -553350, -1052 
1718957486449.00, -155199, -556796, -1025 
1718957486472.00, -151551, -560184, -964 
1718957486493.00, -145787, -563456, -939 
1718957486515.00, -140646, -566639, -946 
1718957486537.00, -138218, -569690, -911 
1718957486559.00, -134531, -572687, -877 
1718957486581.00, -130126, -575611, -870 
1718957486603.00, -127196, -578425, -817 
1718957486623.00, -122150, -581178, -729 
1718957486645.00, -113696, -583831, -691 
1718957486668.00, -106448, -586298, -602 
1718957486688.00, -96947, -588594, -470 
1718957486711.00, -83068, -590685, -410 
1718957486732.00, -71002, -592477, -351 
1718957486755.00, -60671, -594009, -235 
1718957486776.00, -33501, -595311, -175 
1718957486799.00, -17272, -596057, -141 
1718957486819.00, -7499, -596435, -51 
1718957486840.00, -1600, -596587, 95 
1718957486862.00, 6987, -596618, 287 
1718957486883.00, 23552, -596474, 533 
1718957486905.00, 48451, -595977, 674 
1718957486926.00, 72055, -594947, 802 
1718957486949.00, 93396, -593366, 1062 
1718957486968.00, 121750, -591325, 1161 
1718957486990.00, 144469, -588646, 1217 
1718957487013.00, 161080, -585464, 1297 
1718957487035.00, 172562, -581929, 1333 
1718957487056.00, 174909, -578149, 1373 
1718957487078.00, 174912, -574328, 1407 
1718957487100.00, 175023, -570502, 1408 
1718957487121.00, 174621, -566692, 1443 
1718957487143.00, 174798, -562873, 1449 
1718957487165.00, 174819, -559066, 1488 
1718957487187.00, 174710, -555251, 1505 
1718957487209.00, 174812, -551430, 1520 
1718957487234.00, 174861, -547610, 1537 
1718957487252.00, 174773, -543784, 1552 
1718957487274.00, 174641, -539980, 1552 
1718957487296.00, 174718, -536158, 1558 
1718957487318.00, 174945, -532340, 1549 
1718957487340.00, 174620, -528520, 1528 
1718957487361.00, 174593, -524704, 1529 
1718957487383.00, 174629, -520890, 1529 
1718957487404.00, 174710, -517075, 1488 
1718957487427.00, 174634, -513274, 1475 
1718957487448.00, 174707, -509448, 1462 
1718957487471.00, 174885, -505629, 1429 
1718957487492.00, 174581, -501818, 1382 
1718957487514.00, 174532, -498010, 1366 
1718957487536.00, 174616, -494195, 1321 
1718957487558.00, 174706, -490378, 1277 
1718957487580.00, 174686, -486571, 1256 
1718957487601.00, 174706, -482744, 1212 
1718957487623.00, 172629, -478939, 1156 
1718957487645.00, 167627, -475174, 1125 
1718957487667.00, 162941, -471508, 1081 
1718957487689.00, 157576, -467956, 1034 
1718957487712.00, 151538, -464528, 983 
1718957487733.00, 144893, -461244, 932 
1718957487755.00, 137823, -458091, 900 
1718957487777.00, 131517, -455102, 842 
1718957487798.00, 124633, -452241, 786 
1718957487820.00, 117275, -449539, 741 
1718957487842.00, 110199, -447000, 692 
1718957487863.00, 102819, -444618, 641 
1718957487885.00, 95581, -442384, 583 
1718957487907.00, 87789, -440323, 556 
1718957487929.00, 81413, -438433, 496 
1718957487950.00, 74146, -436668, 432 
1718957487972.00, 66068, -435067, 359 
1718957487993.00, 56948, -433635, 284 
1718957488015.00, 46779, -432409, 215 
1718957488037.00, 24100, -431397, 157 
1718957488058.00, 10289, -430850, 105 
1718957488080.00, 2258, -430614, 53 
1718957488101.00, -1743, -430562, 16 
1718957488123.00, -4499, -430591, -28 
1718957488144.00, -7811, -430686, -69 
1718957488166.00, -11959, -430858, -183 
1718957488187.00, -21582, -431127, -270 
1718957488209.00, -32222, -431591, -351 
1718957488231.00, -43349, -432286, -446 
1718957488252.00, -55641, -433222, -534 
1718957488274.00, -68133, -434434, -654 
1718957488296.00, -82715, -435916, -695 
1718957488318.00, -93649, -437711, -739 
1718957488339.00, -102558, -439745, -793 
1718957488361.00, -111082, -441992, -835 
1718957488382.00, -118624, -444424, -858 
1718957488404.00, -124221, -447001, -899 
1718957488426.00, -129872, -449714, -948 
1718957488452.00, -136131, -452561, -983 
1718957488468.00, -141800, -455526, -1000 
1718957488490.00, -146093, -458630, -1029 
1718957488512.00, -150319, -461837, -1060 
1718957488534.00, -154437, -465106, -1090 
1718957488555.00, -158526, -468507, -1135 
1718957488577.00, -163703, -471984, -1147 
1718957488599.00, -167332, -475554, -1185 
1718957488620.00, -171796, -479213, -1220 
1718957488643.00, -175078, -482961, -1221 
1718957488664.00, -174778, -486801, -1235 
1718957488686.00, -174727, -490614, -1247 
1718957488708.00, -174745, -494432, -1239 
1718957488730.00, -174945, -498244, -1254 
1718957488752.00, -174721, -502067, -1277 
1718957488773.00, -174726, -505881, -1279 
1718957488795.00, -174886, -509702, -1270 
1718957488817.00, -174534, -513509, -1296 
1718957488839.00, -174544, -517344, -1309 
1718957488862.00, -174772, -521144, -1282 
1718957488884.00, -174731, -524969, -1300 
1718957488904.00, -174656, -528775, -1322 
1718957488926.00, -174676, -532589, -1292 
1718957488948.00, -174595, -536416, -1279 
1718957488969.00, -174412, -540224, -1306 
1718957488997.00, -174544, -544031, -1224 
1718957489013.00, -173244, -547836, -1173 
1718957489035.00, -169304, -551622, -1143 
1718957489056.00, -165058, -555300, -1045 
1718957489080.00, -156805, -558908, -925 
1718957489104.00, -144585, -562295, -926 
1718957489123.00, -137278, -565429, -878 
1718957489145.00, -130267, -568410, -829 
1718957489167.00, -123016, -571218, -871 
1718957489189.00, -121332, -573909, -827 
1718957489211.00, -117890, -576536, -772 
1718957489232.00, -112310, -579085, -777 
1718957489253.00, -109156, -581526, -699 
1718957489275.00, -102683, -583890, -604 
1718957489297.00, -93340, -586123, -580 
1718957489322.00, -86316, -588125, -481 
1718957489341.00, -76059, -589985, -377 
1718957489363.00, -63883, -591636, -333 
1718957489384.00, -53800, -593011, -265 
1718957489405.00, -27906, -594174, -182 
1718957489429.00, -12519, -594803, -145 
1718957489448.00, -3478, -595090, -69 
1718957489470.00, 1156, -595163, 65 
1718957489491.00, 8436, -595143, 189 
1718957489513.00, 19709, -594952, 476 
1718957489534.00, 43894, -594519, 661 
1718957489557.00, 69382, -593591, 752 
1718957489577.00, 89821, -592081, 959 
1718957489599.00, 114152, -590110, 1091 
1718957489620.00, 136452, -587601, 1145 
1718957489642.00, 152998, -584588, 1208 
1718957489663.00, 166170, -581233, 1242 
1718957489685.00, 175083, -577577, 1262 
1718957489708.00, 174888, -573745, 1276 
1718957489730.00, 174641, -569920, 1265 
1718957489755.00, 174629, -566118, 1257 
1718957489773.00, 174692, -562300, 1252 
1718957489795.00, 174726, -558484, 1238 
1718957489817.00, 174619, -554674, 1230 
1718957489838.00, 174792, -550846, 1242 
1718957489863.00, 174855, -547034, 1264 
1718957489882.00, 174606, -543217, 1290 
1718957489904.00, 174766, -539404, 1314 
1718957489925.00, 174698, -535575, 1313 
1718957489947.00, 174551, -531756, 1334 
1718957489969.00, 174682, -527938, 1344 
1718957489991.00, 174715, -524127, 1358 
1718957490013.00, 174755, -520313, 1358 
1718957490035.00, 174766, -516490, 1363 
1718957490057.00, 174724, -512667, 1363 
1718957490081.00, 174920, -508857, 1344 
1718957490100.00, 174646, -505037, 1331 
1718957490122.00, 174369, -501223, 1314 
1718957490143.00, 174372, -497413, 1276 
1718957490165.00, 174563, -493599, 1257 
1718957490192.00, 174707, -489798, 1265 
1718957490210.00, 174788, -485972, 1248 
1718957490231.00, 174778, -482158, 1224 
1718957490253.00, 173076, -478334, 1190 
1718957490275.00, 170092, -474555, 1157 
1718957490296.00, 166469, -470847, 1112 
1718957490319.00, 161466, -467217, 1081 
1718957490340.00, 156702, -463684, 1048 
1718957490362.00, 152069, -460268, 1017 
1718957490385.00, 147354, -456969, 983 
1718957490411.00, 142474, -453759, 954 
1718957490428.00, 137852, -450670, 916 
1718957490450.00, 132746, -447677, 869 
1718957490472.00, 126911, -444794, 815 
1718957490493.00, 120186, -442043, 756 
1718957490519.00, 112757, -439440, 707 
1718957490537.00, 105487, -436994, 652 
1718957490558.00, 97679, -434715, 589 
1718957490580.00, 89386, -432602, 514 
1718957490602.00, 79862, -430671, 450 
1718957490623.00, 42984, -428954, 373 
1718957490646.00, 21163, -428014, 309 
1718957490667.00, 8497, -427533, 196 
1718957490688.00, 1105, -427346, 103 
1718957490710.00, -2781, -427327, 8 
1718957490731.00, -5240, -427383, -120 
1718957490752.00, -13837, -427503, -240 
1718957490774.00, -26188, -427802, -342 
1718957490796.00, -39545, -428365, -438 
1718957490818.00, -53161, -429213, -504 
1718957490839.00, -65341, -430358, -657 
1718957490861.00, -81389, -431781, -697 
1718957490882.00, -93258, -433544, -761 
1718957490904.00, -104015, -435586, -818 
1718957490926.00, -113824, -437862, -855 
1718957490947.00, -121492, -440340, -880 
1718957490970.00, -127499, -443000, -910 
1718957490991.00, -132718, -445779, -943 
1718957491015.00, -137773, -448665, -954 
1718957491035.00, -141236, -451683, -962 
1718957491055.00, -143341, -454762, -1001 
1718957491077.00, -147101, -457907, -1036 
1718957491099.00, -151127, -461130, -1058 
1718957491121.00, -154869, -464436, -1134 
1718957491143.00, -161588, -467843, -1141 
1718957491164.00, -165869, -471373, -1156 
1718957491186.00, -169300, -475006, -1176 
1718957491208.00, -172472, -478705, -1157 
1718957491230.00, -173137, -482464, -1179 
1718957491252.00, -174590, -486247, -1176 
1718957491273.00, -174670, -490053, -1186 
1718957491295.00, -174564, -493889, -1190 
1718957491317.00, -174696, -497704, -1195 
1718957491338.00, -174736, -501518, -1197 
1718957491361.00, -174715, -505329, -1179 
1718957491383.00, -174592, -509150, -1158 
1718957491405.00, -173311, -512972, -1155 
1718957491427.00, -172328, -516764, -1118 
1718957491448.00, -169485, -520518, -1094 
1718957491469.00, -166386, -524217, -1098 
1718957491491.00, -164698, -527837, -1078 
1718957491513.00, -162310, -531428, -1072 
1718957491535.00, -160595, -534976, -1061 
1718957491557.00, -158716, -538471, -1075 
1718957491579.00, -158072, -541942, -1070 
1718957491600.00, -157712, -545393, -1052 
1718957491623.00, -156377, -548844, -1066 
1718957491644.00, -156381, -552259, -1097 
1718957491666.00, -157981, -555660, -1097 
1718957491688.00, -158826, -559116, -1079 
1718957491710.00, -158200, -562584, -1069 
1718957491731.00, -157144, -566041, -1043 
1718957491753.00, -154970, -569464, -1010 
1718957491774.00, -151404, -572837, -1004 
1718957491797.00, -148842, -576148, -909 
1718957491819.00, -141610, -579368, -818 
1718957491841.00, -131781, -582444, -753 
1718957491863.00, -121833, -585292, -604 
1718957491885.00, -106877, -587909, -477 
1718957491906.00, -90495, -590218, -426 
1718957491927.00, -77576, -592169, -323 
1718957491950.00, -63725, -593834, -196 
1718957491971.00, -35889, -595204, -157 
1718957491993.00, -19079, -596000, -113 
1718957492014.00, -9158, -596425, -18 
1718957492035.00, -3481, -596621, 102 
1718957492058.00, 5495, -596698, 196 
1718957492079.00, 17020, -596591, 358 
1718957492101.00, 33256, -596235, 539 
1718957492122.00, 53940, -595533, 638 
1718957492144.00, 72148, -594373, 800 
1718957492166.00, 92590, -592791, 933 
1718957492186.00, 112522, -590778, 1025 
1718957492208.00, 129835, -588304, 1110 
1718957492230.00, 145271, -585442, 1171 
1718957492251.00, 157825, -582252, 1212 
1718957492275.00, 167580, -578782, 1250 
1718957492295.00, 175082, -575112, 1282 
1718957492317.00, 174943, -571282, 1299 
1718957492339.00, 174768, -567455, 1341 
1718957492361.00, 174828, -563640, 1354 
1718957492382.00, 174776, -559824, 1363 
1718957492404.00, 174674, -556017, 1379 
1718957492426.00, 174727, -552188, 1385 
1718957492448.00, 174769, -548373, 1381 
1718957492470.00, 174833, -544557, 1376 
1718957492492.00, 174581, -540735, 1374 
1718957492514.00, 174706, -536924, 1359 
1718957492535.00, 174901, -533107, 1358 
1718957492557.00, 174814, -529283, 1355 
1718957492579.00, 174833, -525476, 1336 
1718957492604.00, 174844, -521659, 1320 
1718957492623.00, 174525, -517844, 1322 
1718957492644.00, 174643, -514020, 1308 
1718957492666.00, 174776, -510215, 1289 
1718957492688.00, 174907, -506400, 1272 
1718957492712.00, 174535, -502579, 1252 
1718957492732.00, 174682, -498765, 1208 
1718957492754.00, 174624, -494944, 1179 
1718957492775.00, 174755, -491129, 1148 
1718957492797.00, 173360, -487314, 1119 
1718957492819.00, 170843, -483539, 1091 
1718957492842.00, 167223, -479814, 1076 
1718957492862.00, 164256, -476162, 1064 
1718957492884.00, 161545, -472589, 1029 
1718957492906.00, 157864, -469056, 1001 
1718957492929.00, 153706, -465614, 969 
1718957492951.00, 149376, -462274, 940 
1718957492973.00, 144973, -459032, 891 
1718957492996.00, 139151, -455894, 851 
1718957493016.00, 133312, -452872, 812 
1718957493037.00, 127415, -449980, 765 
1718957493059.00, 121070, -447210, 710 
1718957493082.00, 113700, -444596, 659 
1718957493103.00, 106336, -442129, 599 
1718957493125.00, 98203, -439826, 548 
1718957493147.00, 90332, -437706, 512 
1718957493167.00, 83463, -435746, 470 
1718957493188.00, 76727, -433944, 422 
1718957493211.00, 69855, -432289, 353 
1718957493232.00, 40194, -430789, 271 
1718957493259.00, 22850, -429911, 166 
1718957493276.00, 12017, -429416, 49 
1718957493297.00, 5842, -429153, -58 
1718957493319.00, -561, -429032, -186 
1718957493341.00, -12555, -429041, -283 
1718957493364.00, -25624, -429301, -388 
1718957493384.00, -39672, -429843, -476 
1718957493405.00, -53151, -430696, -623 
1718957493427.00, -70029, -431847, -693 
1718957493448.00, -84243, -433362, -732 
1718957493470.00, -95060, -435203, -796 
1718957493491.00, -105130, -437266, -818 
1718957493514.00, -112286, -439558, -840 
1718957493536.00, -117899, -442012, -870 
1718957493557.00, -122807, -444586, -881 
1718957493579.00, -126398, -447255, -924 
1718957493601.00, -130908, -450013, -984 
1718957493623.00, -137071, -452874, -977 
1718957493644.00, -140289, -455856, -995 
1718957493664.00, -143213, -458926, -1030 
1718957493687.00, -146945, -462062, -1030 
1718957493708.00, -149092, -465263, -1025 
1718957493730.00, -150042, -468531, -1043 
1718957493752.00, -151708, -471812, -1061 
1718957493774.00, -153522, -475130, -1099 
1718957493796.00, -156810, -478491, -1136 
1718957493817.00, -160980, -481916, -1118 
1718957493839.00, -162435, -485443, -1095 
1718957493860.00, -161821, -488980, -1112 
1718957493883.00, -162204, -492516, -1085 
1718957493906.00, -160937, -496057, -1077 
1718957493926.00, -159487, -499578, -1089 
1718957493948.00, -159153, -503057, -1074 
1718957493970.00, -158123, -506535, -1072 
1718957493992.00, -157422, -509995, -1056 
1718957494014.00, -156082, -513420, -1060 
1718957494035.00, -155293, -516837, -1065 
1718957494057.00, -154871, -520224, -1065 
1718957494079.00, -154671, -523604, -1068 
1718957494101.00, -154591, -526992, -1067 
1718957494123.00, -154420, -530358, -1068 
1718957494144.00, -154399, -533743, -1076 
1718957494166.00, -154779, -537120, -1085 
1718957494188.00, -155549, -540492, -1088 
1718957494210.00, -156205, -543903, -1115 
1718957494234.00, -158213, -547297, -1109 
1718957494254.00, -159005, -550768, -1080 
1718957494275.00, -157417, -554236, -1073 
1718957494297.00, -156176, -557670, -1071 
1718957494319.00, -155379, -561081, -1058 
1718957494341.00, -154053, -564460, -1014 
1718957494364.00, -150411, -567826, -981 
1718957494385.00, -146251, -571075, -932 
1718957494407.00, -140952, -574272, -888 
1718957494429.00, -134948, -577310, -832 
1718957494452.00, -127969, -580231, -759 
1718957494472.00, -119522, -583012, -717 
1718957494494.00, -111724, -585603, -653 
1718957494516.00, -103117, -588007, -584 
1718957494538.00, -94111, -590245, -495 
1718957494559.00, -82988, -592272, -417 
1718957494581.00, -71844, -594059, -325 
1718957494602.00, -40084, -595604, -253 
1718957494624.00, -21283, -596484, -165 
1718957494646.00, -10164, -596962, -112 
1718957494667.00, -3732, -597186, -55 
1718957494688.00, 45, -597269, -19 
1718957494710.00, 1980, -597270, 71 
1718957494731.00, 7585, -597228, 164 
1718957494753.00, 16718, -597053, 350 
1718957494774.00, 33224, -596690, 607 
1718957494796.00, 58435, -595991, 690 
1718957494818.00, 78537, -594742, 796 
1718957494839.00, 96591, -593018, 971 
1718957494860.00, 117594, -590919, 1044 
1718957494881.00, 134379, -588342, 1091 
1718957494905.00, 147124, -585377, 1149 
1718957494926.00, 158151, -582147, 1175 
1718957494947.00, 165965, -578685, 1203 
1718957494969.00, 172136, -575043, 1211 
1718957494991.00, 175060, -571284, 1184 
1718957495015.00, 174750, -567463, 1202 
1718957495035.00, 174754, -563650, 1187 
1718957495056.00, 174713, -559834, 1192 
1718957495078.00, 174809, -556028, 1203 
1718957495100.00, 174715, -552199, 1219 
1718957495122.00, 174851, -548383, 1219 
1718957495144.00, 174933, -544564, 1224 
1718957495166.00, 174703, -540750, 1230 
1718957495187.00, 174669, -536939, 1241 
1718957495209.00, 174874, -533113, 1230 
1718957495230.00, 174897, -529300, 1229 
1718957495252.00, 174749, -525484, 1231 
1718957495275.00, 174858, -521665, 1210 
1718957495296.00, 174693, -517849, 1205 
1718957495318.00, 174617, -514027, 1185 
1718957495340.00, 174785, -510229, 1168 
1718957495362.00, 174311, -506403, 1151 
1718957495384.00, 172621, -502595, 1139 
1718957495406.00, 170800, -498814, 1122 
1718957495427.00, 168724, -495090, 1093 
1718957495449.00, 165519, -491412, 1066 
1718957495471.00, 161950, -487796, 1039 
1718957495492.00, 158066, -484273, 1017 
1718957495516.00, 154368, -480821, 998 
1718957495538.00, 150959, -477465, 979 
1718957495559.00, 147681, -474184, 975 
1718957495581.00, 145386, -470968, 953 
1718957495602.00, 142725, -467806, 926 
1718957495624.00, 139522, -464709, 896 
1718957495646.00, 135554, -461672, 877 
1718957495668.00, 132012, -458721, 851 
1718957495690.00, 128311, -455863, 825 
1718957495711.00, 124626, -453078, 797 
1718957495733.00, 120668, -450353, 778 
1718957495755.00, 117068, -447746, 754 
1718957495776.00, 113639, -445195, 722 
1718957495798.00, 109517, -442727, 687 
1718957495820.00, 105067, -440360, 655 
1718957495842.00, 100303, -438079, 614 
1718957495863.00, 95012, -435903, 557 
1718957495885.00, 88313, -433852, 514 
1718957495906.00, 81623, -431947, 443 
1718957495928.00, 46634, -430185, 369 
1718957495950.00, 25634, -429174, 305 
1718957495971.00, 13536, -428601, 218 
1718957495993.00, 6370, -428313, 140 
1718957496014.00, 2019, -428178, 41 
1718957496035.00, -33, -428139, -70 
1718957496057.00, -5407, -428146, -203 
1718957496078.00, -16673, -428265, -318 
1718957496103.00, -30311, -428621, -414 
1718957496122.00, -44567, -429269, -480 
1718957496144.00, -56834, -430226, -655 
1718957496165.00, -74513, -431458, -674 
1718957496187.00, -86073, -433071, -724 
1718957496210.00, -95793, -434957, -787 
1718957496230.00, -105287, -437039, -811 
1718957496252.00, -112362, -439342, -853 
1718957496274.00, -118995, -441797, -871 
1718957496295.00, -124055, -444393, -884 
1718957496319.00, -127628, -447082, -916 
1718957496339.00, -131611, -449865, -940 
1718957496361.00, -135413, -452740, -944 
1718957496383.00, -137521, -455690, -962 
1718957496404.00, -139995, -458691, -973 
1718957496427.00, -142004, -461742, -986 
1718957496447.00, -144052, -464822, -987 
1718957496468.00, -145155, -467962, -1005 
1718957496489.00, -146656, -471133, -1031 
1718957496512.00, -149035, -474331, -1023 
1718957496537.00, -149925, -477598, -1018 
1718957496555.00, -150047, -480865, -1027 
1718957496577.00, -150589, -484156, -1021 
1718957496599.00, -150281, -487442, -1007 
1718957496621.00, -149383, -490727, -1007 
1718957496645.00, -148649, -493982, -1015 
1718957496664.00, -148699, -497225, -1014 
1718957496687.00, -148687, -500490, -1033 
1718957496708.00, -149551, -503743, -1044 
1718957496730.00, -150829, -506999, -1032 
1718957496752.00, -150769, -510302, -1025 
1718957496774.00, -150236, -513592, -1012 
1718957496797.00, -149116, -516871, -979 
1718957496818.00, -146297, -520113, -952 
1718957496840.00, -142891, -523294, -951 
1718957496862.00, -140858, -526406, -920 
1718957496883.00, -137712, -529460, -918 
1718957496905.00, -135761, -532457, -932 
1718957496927.00, -135456, -535411, -920 
1718957496949.00, -134459, -538344, -931 
1718957496971.00, -134462, -541275, -971 
1718957496992.00, -136707, -544203, -986 
1718957497013.00, -138923, -547167, -981 
1718957497035.00, -140008, -550213, -990 
1718957497057.00, -141152, -553259, -990 
1718957497081.00, -141787, -556328, -1003 
1718957497100.00, -142765, -559424, -1024 
1718957497122.00, -144617, -562547, -1027 
1718957497144.00, -145795, -565704, -1039 
1718957497165.00, -147160, -568899, -1041 
1718957497187.00, -148087, -572105, -1019 
1718957497210.00, -147226, -575356, -998 
1718957497232.00, -145333, -578540, -943 
1718957497254.00, -140807, -581700, -870 
1718957497275.00, -133898, -584757, -754 
1718957497302.00, -122581, -587647, -638 
1718957497319.00, -108672, -590297, -538 
1718957497339.00, -94586, -592646, -428 
1718957497362.00, -79507, -594680, -305 
1718957497384.00, -44691, -596378, -227 
1718957497405.00, -23783, -597359, -162 
1718957497427.00, -11409, -597899, -86 
1718957497448.00, -4409, -598156, -14 
1718957497469.00, -191, -598260, 27 
1718957497491.00, 3143, -598270, 105 
1718957497512.00, 10309, -598211, 173 
1718957497534.00, 18330, -597993, 225 
1718957497556.00, 26594, -597594, 298 
1718957497578.00, 35838, -597020, 396 
1718957497599.00, 46992, -596253, 502 
1718957497621.00, 59963, -595248, 596 
1718957497642.00, 73418, -593934, 731 
1718957497664.00, 89340, -592328, 981 
1718957497684.00, 113845, -590374, 1068 
1718957497707.00, 133452, -587881, 1125 
1718957497728.00, 148327, -584940, 1205 
1718957497750.00, 161908, -581683, 1242 
1718957497772.00, 172047, -578122, 1258 
1718957497794.00, 175123, -574359, 1265 
1718957497816.00, 174954, -570534, 1292 
1718957497837.00, 174706, -566707, 1312 
1718957497859.00, 174823, -562901, 1314 
1718957497881.00, 174843, -559076, 1317 
1718957497903.00, 174765, -555278, 1322 
1718957497924.00, 174821, -551446, 1335 
1718957497947.00, 174902, -547631, 1333 
1718957497968.00, 174806, -543816, 1336 
1718957497990.00, 174635, -540002, 1342 
1718957498012.00, 174833, -536181, 1349 
1718957498034.00, 174996, -532363, 1340 
1718957498055.00, 174633, -528541, 1342 
1718957498077.00, 174704, -524735, 1333 
1718957498099.00, 174644, -520913, 1321 
1718957498121.00, 174683, -517094, 1319 
1718957498143.00, 174784, -513291, 1301 
1718957498165.00, 174783, -509465, 1280 
1718957498193.00, 174807, -505653, 1253 
1718957498208.00, 174657, -501828, 1244 
1718957498231.00, 174575, -498023, 1215 
1718957498252.00, 174737, -494203, 1181 
1718957498274.00, 174728, -490382, 1160 
1718957498295.00, 174383, -486567, 1147 
1718957498317.00, 173301, -482759, 1130 
1718957498339.00, 171465, -478989, 1105 
1718957498361.00, 168547, -475239, 1078 
1718957498382.00, 165113, -471564, 1060 
1718957498408.00, 161833, -467963, 1025 
1718957498427.00, 157585, -464427, 980 
1718957498449.00, 152360, -461008, 926 
1718957498471.00, 145931, -457705, 883 
1718957498492.00, 139446, -454534, 834 
1718957498514.00, 132586, -451500, 787 
1718957498536.00, 125581, -448629, 733 
1718957498558.00, 118164, -445900, 684 
1718957498580.00, 110823, -443337, 633 
1718957498601.00, 103226, -440949, 589 
1718957498622.00, 95930, -438703, 522 
1718957498645.00, 87686, -436641, 474 
1718957498666.00, 79640, -434746, 423 
1718957498688.00, 71700, -433019, 357 
1718957498709.00, 63216, -431474, 296 
1718957498731.00, 36817, -430116, 211 
1718957498754.00, 20920, -429316, 126 
1718957498774.00, 11390, -428861, 50 
1718957498795.00, 5655, -428609, 3 
1718957498817.00, 2267, -428487, -68 
1718957498838.00, -3080, -428444, -169 
1718957498860.00, -12771, -428507, -259 
1718957498882.00, -24121, -428784, -376 
1718957498904.00, -37846, -429297, -483 
1718957498925.00, -52303, -430110, -595 
1718957498948.00, -67672, -431243, -695 
1718957498969.00, -82863, -432710, -740 
1718957498990.00, -94365, -434522, -796 
1718957499012.00, -104510, -436568, -813 
1718957499033.00, -111637, -438861, -846 
1718957499058.00, -117814, -441289, -873 
1718957499077.00, -122767, -443860, -869 
1718957499099.00, -125329, -446535, -888 
1718957499120.00, -127997, -449264, -908 
1718957499143.00, -130898, -452067, -905 
1718957499165.00, -132024, -454917, -941 
1718957499186.00, -135074, -457790, -965 
1718957499208.00, -138213, -460730, -961 
1718957499229.00, -139637, -463736, -974 
1718957499250.00, -141360, -466786, -1002 
1718957499272.00, -144074, -469876, -1001 
1718957499293.00, -145386, -473011, -1003 
1718957499315.00, -146377, -476205, -1022 
1718957499337.00, -148025, -479392, -1025 
1718957499360.00, -149175, -482622, -1020 
1718957499381.00, -149323, -485896, -1066 
1718957499402.00, -152041, -489139, -1045 
1718957499424.00, -152435, -492478, -1040 
1718957499446.00, -152279, -495799, -1065 
1718957499468.00, -153521, -499120, -1051 
1718957499497.00, -153350, -502485, -1020 
1718957499512.00, -151416, -505828, -1034 
1718957499533.00, -150892, -509138, -1029 
1718957499555.00, -150222, -512428, -1004 
1718957499577.00, -148402, -515714, -1010 
1718957499600.00, -147532, -518958, -1014 
1718957499622.00, -147245, -522167, -996 
1718957499644.00, -146076, -525383, -991 
1718957499663.00, -144810, -528550, -1011 
1718957499686.00, -145332, -531714, -1010 
1718957499709.00, -145487, -534891, -1009 
1718957499730.00, -145485, -538064, -1023 
1718957499752.00, -146311, -541243, -999 
1718957499774.00, -145354, -544428, -986 
1718957499796.00, -143840, -547575, -966 
1718957499821.00, -141809, -550719, -942 
1718957499839.00, -139020, -553794, -887 
1718957499861.00, -134098, -556818, -924 
1718957499882.00, -133180, -559725, -877 
1718957499905.00, -130009, -562614, -842 
1718957499926.00, -125989, -565448, -879 
1718957499948.00, -125716, -568179, -883 
1718957499970.00, -125790, -570895, -855 
1718957499992.00, -123992, -573645, -903 
1718957500013.00, -125840, -576341, -861 
1718957500046.00, -124335, -579065, -839 
1718957500057.00, -122083, -581778, -836 
1718957500078.00, -120611, -584433, -766 
1718957500100.00, -115505, -587033, -733 
1718957500122.00, -110351, -589544, -703 
1718957500143.00, -105405, -591942, -620 
1718957500165.00, -97603, -594224, -526 
1718957500187.00, -55063, -596305, -473 
1718957500209.00, -29659, -597518, -411 
1718957500230.00, -15015, -598184, -317 
1718957500252.00, -6204, -598527, -304 
1718957500273.00, -1249, -598679, -326 
1718957500294.00, 801, -598709, -275 
1718957500316.00, 2355, -598700, -263 
1718957500337.00, 3455, -598654, -253 
1718957500360.00, 4122, -598580, -230 
1718957500380.00, 4471, -598491, -201 
1718957500403.00, 4655, -598395, -187 
1718957500424.00, 4569, -598294, -174 
1718957500445.00, 4478, -598193, -156 
1718957500467.00, 4401, -598093, -136 
1718957500489.00, 4295, -597997, -117 
1718957500511.00, 4076, -597902, -102 
1718957500532.00, 3990, -597812, -87 
1718957500554.00, 3834, -597724, -73 
1718957500575.00, 3722, -597642, -65 
1718957500597.00, 3741, -597560, -54 
1718957500619.00, 3718, -597478, -43 
1718957500640.00, 3662, -597398, -33 
1718957500662.00, 3615, -597320, -23 
1718957500683.00, 3617, -597244, -13 
1718957500705.00, 3451, -597167, -2 
1718957500726.00, 3313, -597092, 6 
1718957500747.00, 3035, -597022, 14 
1718957500769.00, 3723, -596954, 19 
1718957500819.00, 4487, -596873, 24 
1718957500820.00, 5205, -596776, 29 
1718957500834.00, 5741, -596663, 32 
1718957500855.00, -17, -596536, -147 
1718957500876.00, 0, -596509, -134 
1718957500897.00, 0, -596509, -146 
1718957500919.00, 0, -596508, -140 
1718957500940.00, 0, -596509, -135 
1718957500961.00, 0, -596508, -135 
1718957500982.00, 0, -596508, -132 
1718957501002.00, 0, -596509, -131 
1718957501024.00, 0, -596509, -129 
1718957501045.00, 0, -596509, -128 
1718957501066.00, 0, -596508, -129 
1718957501087.00, 0, -596509, -130 
1718957501109.00, 0, -596508, -128 
1718957501130.00, 6, -596508, -129 
1718957501150.00, 0, -596509, -129 
1718957501172.00, 0, -596508, -129 
1718957501193.00, 0, -596508, -130 
1718957501214.00, 0, -596509, -131 
1718957501235.00, 0, -596509, -131 
1718957501256.00, 0, -596509, -132 
1718957501278.00, 0, -596509, -132 
1718957501298.00, 0, -596508, -133 
1718957501320.00, 0, -596509, -132 
1718957501341.00, 0, -596509, -131 
1718957501362.00, 0, -596509, -131 
1718957501383.00, 0, -596509, -131 
1718957501404.00, 0, -596509, -132 
1718957501425.00, 0, -596509, -132 
1718957501447.00, 0, -596509, -133 
1718957501467.00, 0, -596509, -133 
1718957501489.00, 0, -596510, -134 
1718957501510.00, 0, -596508, -134 
1718957501531.00, 0, -596508, -134 
1718957501551.00, 0, -596509, -134 
1718957501573.00, 0, -596509, -133 
1718957501594.00, 0, -596509, -133 
1718957501615.00, 0, -596508, -132 
1718957501637.00, 0, -596509, -132 
1718957501658.00, 0, -596509, -132 
1718957501679.00, 0, -596509, -131 
1718957501700.00, 0, -596509, -130 
1718957501721.00, 0, -596509, -130 
1718957501742.00, 0, -596508, -129 
1718957501763.00, 32, -596509, -130 
1718957501784.00, 0, -596509, -130 
1718957501805.00, 0, -596509, -131 
1718957501826.00, 0, -596509, -131 
1718957501848.00, 0, -596510, -131 
1718957501869.00, 0, -596508, -131 
1718957501890.00, 0, -596508, -132 
1718957501911.00, 0, -596508, -132 
1718957501932.00, 0, -596510, -131 
1718957501953.00, 0, -596509, -129 
1718957501974.00, 0, -596510, -128 
1718957501996.00, 0, -596508, -127 
1718957502016.00, 0, -596509, -126 
1718957502038.00, 0, -596509, -126 
1718957502059.00, 7, -596509, -126 
1718957502080.00, 0, -596510, -127 
1718957502101.00, 0, -596509, -128 
1718957502123.00, 0, -596508, -128 
1718957502143.00, 0, -596509, -128 
1718957502165.00, 0, -596509, -129 
1718957502186.00, 0, -596508, -128 
1718957502207.00, 0, -596509, -128 
1718957502228.00, 0, -596509, -129 
1718957502249.00, 0, -596509, -129 
1718957502270.00, 0, -596509, -130 
1718957502291.00, 0, -596509, -130 
1718957502312.00, 0, -596509, -130 
1718957502334.00, 0, -596509, -131 
1718957502354.00, 0, -596510, -132 
1718957502376.00, 0, -596509, -132 
1718957502396.00, 0, -596509, -133 
1718957502418.00, 0, -596509, -134 
1718957502439.00, 0, -596509, -135 
1718957502460.00, 0, -596509, -136 
1718957502481.00, 0, -596510, -139 
1718957502502.00, 0, -596510, -140 
1718957502524.00, 0, -596509, -141 
1718957502545.00, 0, -596510, -140 
1718957502566.00, 0, -596509, -141 
1718957502587.00, 0, -596511, -142 
1718957502608.00, 63, -596510, -141 
1718957502629.00, 0, -596509, -140 
1718957502650.00, 0, -596508, -139 
1718957502672.00, 0, -596509, -139 
1718957502692.00, 0, -596509, -138 
1718957502713.00, 0, -596509, -138 
1718957502734.00, 0, -596510, -138 
1718957502756.00, 0, -596509, -139 
1718957502776.00, 0, -596509, -140 
1718957502798.00, -2, -596509, -139 
1718957502819.00, 0, -596510, -140 
1718957502840.00, 0, -596510, -141 
1718957502861.00, 0, -596509, -141 
1718957502883.00, 0, -596508, -139 
1718957502904.00, 0, -596509, -139 
1718957502925.00, 0, -596509, -140 
1718957502946.00, 0, -596509, -141 
1718957502967.00, 0, -596510, -141 
1718957502988.00, 0, -596510, -141 
1718957503009.00, 0, -596510, -141 
1718957503030.00, 0, -596510, -141 
1718957503052.00, 0, -596509, -141 
1718957503073.00, 0, -596509, -140 
1718957503094.00, 0, -596510, -139 
1718957503115.00, 0, -596509, -139 
1718957503138.00, 0, -596509, -140 
1718957503161.00, 0, -596509, -139 
1718957503178.00, 0, -596509, -139 
1718957503200.00, 0, -596508, -139 
1718957503220.00, 0, -596509, -138 
1718957503242.00, 0, -596510, -138 
1718957503263.00, 0, -596511, -138 
1718957503283.00, 0, -596509, -138 
1718957503305.00, -26, -596509, -139 
1718957503326.00, 0, -596508, -139 
1718957503347.00, 0, -596510, -139 
1718957503368.00, 0, -596509, -139 
1718957503389.00, 0, -596510, -139 
1718957503411.00, 0, -596509, -140 
1718957503431.00, 0, -596510, -140 
1718957503453.00, 0, -596509, -140 
1718957503474.00, 0, -596509, -140 
1718957503495.00, 0, -596510, -141 
1718957503516.00, 0, -596509, -142 
1718957503537.00, 0, -596510, -143 
1718957503558.00, 0, -596510, -142 
1718957503580.00, 0, -596510, -142 
1718957503600.00, 0, -596510, -142 
1718957503622.00, 0, -596510, -142 
1718957503642.00, 0, -596510, -141 
1718957503664.00, 0, -596509, -141 
1718957503684.00, 0, -596510, -141 
1718957503706.00, 0, -596509, -141 
1718957503727.00, 0, -596510, -140 
1718957503748.00, 0, -596510, -139 
1718957503768.00, 0, -596509, -138 
