1721831760137.00, -64, -595476, -393 
1721831760158.00, 0, -595477, -394 
1721831760180.00, 0, -595476, -393 
1721831760201.00, 0, -595477, -394 
1721831760222.00, 0, -595478, -394 
1721831760250.00, 0, -595476, -395 
1721831760265.00, 22, -595477, -399 
1721831760286.00, 0, -595477, -402 
1721831760308.00, -32, -595477, -403 
1721831760329.00, 0, -595477, -401 
1721831760351.00, 0, -595478, -397 
1721831760372.00, 0, -595477, -395 
1721831760393.00, 0, -595478, -394 
1721831760414.00, -21, -595477, -395 
1721831760435.00, 0, -595478, -396 
1721831760456.00, 0, -595478, -395 
1721831760477.00, 0, -595478, -392 
1721831760499.00, 0, -595478, -390 
1721831760521.00, 0, -595478, -387 
1721831760542.00, 0, -595478, -386 
1721831760564.00, 0, -595478, -389 
1721831760585.00, 23, -595478, -391 
1721831760606.00, 0, -595478, -391 
1721831760627.00, 0, -595478, -390 
1721831760648.00, 0, -595478, -389 
1721831760670.00, -30, -595478, -387 
1721831760691.00, 0, -595477, -387 
1721831760712.00, 0, -595478, -387 
1721831760734.00, 19, -595478, -385 
1721831760755.00, 22, -595478, -383 
1721831760777.00, 0, -595478, -380 
1721831760798.00, -50, -595478, -378 
1721831760820.00, 0, -595478, -377 
1721831760841.00, 0, -595478, -378 
1721831760862.00, 0, -595479, -380 
1721831760883.00, 0, -595478, -380 
1721831760904.00, 0, -595478, -378 
1721831760926.00, 0, -595478, -375 
1721831760947.00, 7, -595477, -374 
1721831760969.00, 0, -595477, -375 
1721831760989.00, 0, -595479, -375 
1721831761013.00, 0, -595479, -371 
1721831761034.00, 0, -595479, -369 
1721831761054.00, 0, -595478, -368 
1721831761076.00, 0, -595478, -367 
1721831761097.00, 0, -595478, -362 
1721831761119.00, 0, -595478, -353 
1721831761140.00, 0, -595479, -344 
1721831761160.00, 0, -595477, -340 
1721831761182.00, 0, -595477, -343 
1721831761203.00, 0, -595477, -348 
1721831761232.00, 0, -595478, -347 
1721831761246.00, 0, -595477, -344 
1721831761267.00, 0, -595477, -339 
1721831761289.00, 1, -595478, -331 
1721831761310.00, 0, -595477, -322 
1721831761331.00, 0, -595477, -315 
1721831761352.00, 0, -595476, -311 
1721831761374.00, 0, -595476, -310 
1721831761395.00, 0, -595477, -315 
1721831761416.00, 0, -595476, -316 
1721831761438.00, 0, -595476, -315 
1721831761459.00, 0, -595477, -310 
1721831761481.00, 0, -595476, -303 
1721831761502.00, 1, -595475, -299 
1721831761524.00, 51, -595476, -299 
1721831761544.00, -60, -595475, -295 
1721831761569.00, -12, -595475, -291 
1721831761587.00, 0, -595474, -286 
1721831761608.00, 0, -595475, -288 
1721831761630.00, 0, -595475, -289 
1721831761651.00, -3, -595474, -278 
1721831761673.00, 1, -595474, -266 
1721831761694.00, 42, -595474, -265 
1721831761715.00, 3, -595474, -265 
1721831761737.00, 0, -595474, -263 
1721831761758.00, 0, -595474, -256 
1721831761781.00, 0, -595474, -250 
1721831761800.00, 0, -595473, -249 
1721831761822.00, -3, -595473, -246 
1721831761843.00, 0, -595473, -239 
1721831761864.00, 0, -595473, -233 
1721831761886.00, 0, -595472, -228 
1721831761907.00, 0, -595471, -218 
1721831761928.00, 0, -595471, -209 
1721831761949.00, 0, -595471, -198 
1721831761971.00, -12, -595470, -183 
1721831761992.00, 0, -595469, -169 
1721831762014.00, 0, -595468, -151 
1721831762035.00, 0, -595467, -128 
1721831762056.00, 0, -595466, -110 
1721831762077.00, 1, -595464, -96 
1721831762098.00, 0, -595463, -72 
1721831762120.00, -50, -595462, -42 
1721831762142.00, 25, -595458, -20 
1721831762162.00, 5, -595458, 0 
1721831762184.00, 1, -595455, 17 
1721831762205.00, 917, -595453, 34 
1721831762230.00, 2651, -595440, 51 
1721831762248.00, 4656, -595386, 72 
1721831762269.00, 6888, -595287, 92 
1721831762291.00, 9557, -595134, 105 
1721831762313.00, 12217, -594926, 120 
1721831762339.00, 14413, -594658, 144 
1721831762356.00, 17141, -594340, 169 
1721831762378.00, 20614, -593964, 174 
1721831762399.00, 22692, -593526, 174 
1721831762420.00, 23884, -593038, 183 
1721831762449.00, 24974, -592527, 201 
1721831762464.00, 27153, -591984, 213 
1721831762485.00, 28978, -591394, 225 
1721831762507.00, 30496, -590766, 254 
1721831762529.00, 33096, -590100, 282 
1721831762551.00, 36547, -589386, 306 
1721831762572.00, 40027, -588599, 331 
1721831762593.00, 43682, -587723, 360 
1721831762615.00, 47241, -586777, 380 
1721831762637.00, 50917, -585759, 404 
1721831762663.00, 54391, -584654, 438 
1721831762680.00, 58538, -583472, 462 
1721831762702.00, 62611, -582214, 447 
1721831762724.00, 63832, -580848, 519 
1721831762745.00, 68725, -579463, 581 
1721831762766.00, 75536, -577973, 513 
1721831762788.00, 75391, -576336, 548 
1721831762810.00, 77291, -574693, 572 
1721831762832.00, 79885, -573020, 571 
1721831762853.00, 81392, -571289, 598 
1721831762876.00, 83898, -569529, 614 
1721831762896.00, 86249, -567704, 622 
1721831762918.00, 87874, -565838, 654 
1721831762940.00, 90976, -563920, 657 
1721831762962.00, 92964, -561956, 664 
1721831762988.00, 94654, -559941, 691 
1721831763005.00, 95563, -557887, 731 
1721831763027.00, 98550, -555825, 730 
1721831763048.00, 100199, -553677, 731 
1721831763070.00, 101246, -551498, 763 
1721831763096.00, 103767, -549295, 779 
1721831763113.00, 106174, -547037, 773 
1721831763135.00, 107286, -544716, 782 
1721831763157.00, 108542, -542385, 802 
1721831763178.00, 110587, -540020, 813 
1721831763205.00, 112205, -537619, 803 
1721831763222.00, 112745, -535169, 815 
1721831763244.00, 113646, -532724, 836 
1721831763265.00, 115438, -530248, 808 
1721831763287.00, 114928, -527720, 809 
1721831763313.00, 114654, -525227, 818 
1721831763331.00, 115023, -522739, 804 
1721831763353.00, 114383, -520239, 828 
1721831763374.00, 115336, -517736, 879 
1721831763395.00, 119010, -515214, 935 
1721831763420.00, 124592, -512626, 957 
1721831763439.00, 129253, -509910, 994 
1721831763460.00, 134189, -507085, 1040 
1721831763482.00, 139842, -504143, 1077 
1721831763503.00, 145573, -501073, 1085 
1721831763526.00, 149337, -497893, 1104 
1721831763547.00, 152645, -494613, 1144 
1721831763569.00, 157125, -491274, 1165 
1721831763591.00, 160961, -487834, 1171 
1721831763612.00, 163460, -484320, 1185 
1721831763637.00, 165790, -480756, 1190 
1721831763656.00, 167459, -477120, 1173 
1721831763678.00, 167429, -473469, 1175 
1721831763700.00, 167695, -469799, 1158 
1721831763722.00, 166637, -466141, 1126 
1721831763744.00, 164053, -462500, 1134 
1721831763765.00, 162863, -458923, 1114 
1721831763787.00, 160939, -455370, 1102 
1721831763809.00, 158890, -451856, 1072 
1721831763831.00, 155819, -448382, 1052 
1721831763853.00, 153091, -444982, 1001 
1721831763876.00, 148082, -441657, 943 
1721831763898.00, 141608, -438440, 866 
1721831763919.00, 133185, -435356, 815 
1721831763941.00, 125036, -432471, 753 
1721831763962.00, 70029, -429782, 653 
1721831763984.00, 37832, -428268, 644 
1721831764006.00, 18856, -427438, 455 
1721831764027.00, 7915, -427025, 246 
1721831764049.00, 1334, -426868, 38 
1721831764076.00, -1733, -426845, -187 
1721831764092.00, -15152, -426884, -343 
1721831764113.00, -32485, -427206, -461 
1721831764135.00, -49474, -427911, -696 
1721831764157.00, -73895, -428981, -765 
1721831764179.00, -92669, -430571, -768 
1721831764199.00, -103559, -432583, -891 
1721831764221.00, -117342, -434869, -907 
1721831764243.00, -126526, -437431, -931 
1721831764265.00, -133302, -440189, -966 
1721831764287.00, -139324, -443101, -979 
1721831764307.00, -143488, -446130, -1002 
1721831764329.00, -147178, -449258, -1023 
1721831764351.00, -150542, -452495, -1036 
1721831764373.00, -153151, -455777, -1046 
1721831764394.00, -155243, -459133, -1057 
1721831764416.00, -157098, -462516, -1081 
1721831764438.00, -159493, -465944, -1101 
1721831764460.00, -162088, -469433, -1091 
1721831764482.00, -162703, -472973, -1113 
1721831764503.00, -164245, -476536, -1105 
1721831764526.00, -164545, -480122, -1091 
1721831764547.00, -163729, -483729, -1086 
1721831764569.00, -162957, -487300, -1078 
1721831764591.00, -161599, -490859, -1071 
1721831764613.00, -160393, -494393, -1078 
1721831764635.00, -160064, -497882, -1058 
1721831764656.00, -158772, -501396, -1064 
1721831764678.00, -158232, -504854, -1048 
1721831764700.00, -156922, -508308, -1043 
1721831764722.00, -155579, -511727, -1032 
1721831764744.00, -154250, -515124, -1043 
1721831764765.00, -153910, -518491, -1030 
1721831764787.00, -152855, -521846, -1027 
1721831764809.00, -152218, -525198, -1017 
1721831764831.00, -150980, -528518, -1016 
1721831764853.00, -149982, -531794, -1030 
1721831764876.00, -150354, -535082, -979 
1721831764897.00, -147251, -538347, -975 
1721831764919.00, -145002, -541547, -934 
1721831764941.00, -141195, -544693, -865 
1721831764962.00, -134840, -547755, -871 
1721831764984.00, -131222, -550694, -833 
1721831765006.00, -126907, -553535, -795 
1721831765028.00, -121902, -556293, -796 
1721831765049.00, -119021, -558947, -820 
1721831765071.00, -118658, -561525, -809 
1721831765093.00, -117765, -564093, -825 
1721831765115.00, -118234, -566666, -820 
1721831765137.00, -118094, -569241, -826 
1721831765158.00, -118149, -571794, -792 
1721831765180.00, -116203, -574372, -798 
1721831765201.00, -115325, -576895, -779 
1721831765223.00, -113741, -579400, -735 
1721831765245.00, -110127, -581876, -689 
1721831765266.00, -105067, -584255, -599 
1721831765288.00, -96396, -586525, -474 
1721831765310.00, -84020, -588603, -348 
1721831765331.00, -69005, -590407, -275 
1721831765353.00, -55571, -591898, -227 
1721831765375.00, -44775, -593093, -159 
1721831765396.00, -24462, -594059, -112 
1721831765417.00, -12491, -594613, -61 
1721831765439.00, -5410, -594893, -6 
1721831765461.00, -1294, -595012, 77 
1721831765482.00, 5117, -595039, 152 
1721831765504.00, 13985, -594933, 268 
1721831765526.00, 25926, -594634, 391 
1721831765547.00, 40990, -594078, 459 
1721831765569.00, 53664, -593200, 653 
1721831765590.00, 72598, -592040, 793 
1721831765612.00, 92277, -590451, 784 
1721831765634.00, 103705, -588454, 834 
1721831765655.00, 113220, -586183, 929 
1721831765678.00, 124324, -583713, 926 
1721831765699.00, 130679, -580997, 936 
1721831765721.00, 134922, -578141, 991 
1721831765741.00, 140713, -575202, 1030 
1721831765763.00, 146471, -572128, 1047 
1721831765784.00, 150825, -568924, 1078 
1721831765807.00, 154855, -565623, 1140 
1721831765829.00, 161258, -562231, 1125 
1721831765850.00, 163864, -558707, 1166 
1721831765872.00, 167708, -555122, 1177 
1721831765894.00, 170517, -551454, 1129 
1721831765916.00, 169244, -547730, 1135 
1721831765937.00, 168665, -544026, 1118 
1721831765960.00, 167320, -540356, 1089 
1721831765982.00, 164611, -536712, 1093 
1721831766003.00, 163335, -533109, 1105 
1721831766025.00, 163064, -529541, 1120 
1721831766047.00, 163715, -525985, 1162 
1721831766069.00, 166646, -522413, 1185 
1721831766090.00, 169310, -518758, 1210 
1721831766112.00, 172638, -515044, 1237 
1721831766134.00, 174796, -511272, 1242 
1721831766156.00, 174758, -507448, 1235 
1721831766177.00, 174839, -503629, 1274 
1721831766200.00, 174726, -499815, 1325 
1721831766221.00, 174706, -495984, 1331 
1721831766243.00, 174708, -492167, 1353 
1721831766265.00, 174631, -488354, 1387 
1721831766286.00, 174639, -484534, 1405 
1721831766309.00, 174657, -480721, 1433 
1721831766330.00, 174871, -476901, 1429 
1721831766352.00, 174856, -473078, 1422 
1721831766376.00, 174784, -469262, 1417 
1721831766396.00, 174545, -465445, 1411 
1721831766418.00, 174714, -461623, 1388 
1721831766440.00, 174801, -457824, 1361 
1721831766461.00, 174521, -454000, 1353 
1721831766488.00, 174687, -450178, 1329 
1721831766505.00, 174448, -446368, 1279 
1721831766527.00, 174484, -442550, 1194 
1721831766548.00, 174249, -438748, 1106 
1721831766571.00, 168980, -434957, 928 
1721831766593.00, 154903, -431294, 782 
1721831766615.00, 88544, -427964, 607 
1721831766636.00, 50029, -426028, 469 
1721831766658.00, 27296, -424976, 295 
1721831766680.00, 14209, -424376, -20 
1721831766701.00, 5234, -424071, -262 
1721831766723.00, -13619, -423958, -443 
1721831766745.00, -35560, -424250, -780 
1721831766766.00, -69694, -425013, -891 
1721831766788.00, -96501, -426503, -888 
1721831766809.00, -112127, -428616, -1054 
1721831766830.00, -131444, -431073, -1058 
1721831766852.00, -142924, -433961, -1077 
1721831766873.00, -150724, -437088, -1111 
1721831766896.00, -157192, -440378, -1114 
1721831766922.00, -161006, -443830, -1114 
1721831766939.00, -163212, -447356, -1135 
1721831766961.00, -165558, -450922, -1176 
1721831766983.00, -169377, -454554, -1197 
1721831767005.00, -172658, -458250, -1225 
1721831767031.00, -174936, -462025, -1248 
1721831767048.00, -174887, -465835, -1291 
1721831767070.00, -174648, -469668, -1306 
1721831767092.00, -174720, -473479, -1326 
1721831767113.00, -174635, -477308, -1339 
1721831767136.00, -174543, -481106, -1334 
1721831767157.00, -174648, -484926, -1348 
1721831767179.00, -174860, -488738, -1367 
1721831767201.00, -174773, -492561, -1373 
1721831767223.00, -174674, -496382, -1374 
1721831767245.00, -174727, -500207, -1369 
1721831767267.00, -174577, -504021, -1363 
1721831767288.00, -174637, -507832, -1378 
1721831767310.00, -174762, -511644, -1396 
1721831767332.00, -174875, -515462, -1437 
1721831767353.00, -174656, -519297, -1427 
1721831767375.00, -174551, -523099, -1399 
1721831767397.00, -174561, -526919, -1424 
1721831767419.00, -174754, -530718, -1353 
1721831767441.00, -174784, -534550, -1359 
1721831767466.00, -174461, -538349, -1367 
1721831767485.00, -174479, -542182, -1308 
1721831767507.00, -174375, -545993, -1311 
1721831767528.00, -174172, -549808, -1321 
1721831767550.00, -174518, -553604, -1231 
1721831767573.00, -173668, -557419, -1254 
1721831767593.00, -174030, -561205, -1225 
1721831767615.00, -172882, -565001, -1160 
1721831767637.00, -168434, -568788, -1121 
1721831767659.00, -163143, -572447, -1112 
1721831767682.00, -159630, -576009, -998 
1721831767704.00, -150430, -579454, -960 
1721831767726.00, -142662, -582737, -868 
1721831767747.00, -132500, -585822, -725 
1721831767769.00, -117707, -588674, -560 
1721831767790.00, -99028, -591214, -365 
1721831767812.00, -76243, -593332, -260 
1721831767834.00, -40639, -594971, -121 
1721831767855.00, -19612, -595851, 66 
1721831767877.00, -3415, -596264, 340 
1721831767899.00, 21869, -596341, 491 
1721831767920.00, 46553, -595902, 667 
1721831767942.00, 71780, -594909, 845 
1721831767963.00, 97393, -593347, 890 
1721831767985.00, 115250, -591227, 931 
1721831768006.00, 128074, -588717, 1009 
1721831768027.00, 140221, -585902, 1063 
1721831768049.00, 150422, -582826, 1073 
1721831768071.00, 156889, -579528, 1127 
1721831768093.00, 163808, -576091, 1158 
1721831768115.00, 169540, -572509, 1175 
1721831768136.00, 173800, -568801, 1206 
1721831768158.00, 174728, -564991, 1225 
1721831768180.00, 174671, -561165, 1244 
1721831768202.00, 174794, -557357, 1231 
1721831768223.00, 174700, -553537, 1256 
1721831768246.00, 174741, -549729, 1252 
1721831768267.00, 174785, -545919, 1267 
1721831768289.00, 174891, -542101, 1235 
1721831768311.00, 174491, -538274, 1264 
1721831768333.00, 174836, -534462, 1309 
1721831768355.00, 174680, -530651, 1360 
1721831768376.00, 174727, -526824, 1420 
1721831768398.00, 174864, -523014, 1423 
1721831768420.00, 174652, -519181, 1482 
1721831768441.00, 174884, -515360, 1508 
1721831768463.00, 174688, -511547, 1506 
1721831768486.00, 174613, -507718, 1533 
1721831768507.00, 174710, -503917, 1576 
1721831768529.00, 174729, -500096, 1575 
1721831768551.00, 174799, -496277, 1601 
1721831768574.00, 174702, -492452, 1624 
1721831768594.00, 174847, -488639, 1613 
1721831768616.00, 174435, -484820, 1626 
1721831768638.00, 174752, -481004, 1609 
1721831768660.00, 174660, -477199, 1612 
1721831768682.00, 174536, -473383, 1613 
1721831768704.00, 174643, -469557, 1622 
1721831768725.00, 174739, -465742, 1617 
1721831768747.00, 174687, -461915, 1594 
1721831768769.00, 174598, -458108, 1567 
1721831768791.00, 174623, -454291, 1560 
1721831768812.00, 174805, -450479, 1503 
1721831768834.00, 174522, -446663, 1424 
1721831768856.00, 174287, -442850, 1312 
1721831768878.00, 174360, -439051, 1149 
1721831768901.00, 174489, -435241, 973 
1721831768923.00, 163781, -431462, 754 
1721831768944.00, 96593, -427945, 568 
1721831768966.00, 57419, -425839, 508 
1721831768988.00, 34491, -424622, 218 
1721831769009.00, 21268, -423870, -16 
1721831769031.00, 12905, -423411, -256 
1721831769053.00, -6035, -423146, -422 
1721831769074.00, -27700, -423269, -690 
1721831769096.00, -56795, -423857, -847 
1721831769117.00, -83738, -425074, -869 
1721831769138.00, -101176, -426898, -1010 
1721831769160.00, -119649, -429131, -1086 
1721831769181.00, -135578, -431757, -1078 
1721831769204.00, -144386, -434734, -1116 
1721831769225.00, -151812, -437904, -1132 
1721831769248.00, -156925, -441217, -1137 
1721831769269.00, -160061, -444662, -1170 
1721831769290.00, -163998, -448157, -1167 
1721831769313.00, -166221, -451745, -1178 
1721831769335.00, -167882, -455366, -1216 
1721831769356.00, -171229, -459044, -1209 
1721831769378.00, -172939, -462781, -1232 
1721831769399.00, -174914, -466563, -1239 
1721831769422.00, -174606, -470383, -1237 
1721831769443.00, -174829, -474196, -1216 
1721831769465.00, -174723, -478021, -1226 
1721831769488.00, -174665, -481821, -1247 
1721831769509.00, -174943, -485642, -1242 
1721831769531.00, -174871, -489459, -1262 
1721831769553.00, -174640, -493286, -1291 
1721831769574.00, -174570, -497105, -1274 
1721831769596.00, -174705, -500922, -1279 
1721831769618.00, -174881, -504742, -1318 
1721831769640.00, -174655, -508544, -1288 
1721831769661.00, -174551, -512368, -1277 
1721831769683.00, -174643, -516195, -1304 
1721831769705.00, -174599, -520006, -1247 
1721831769727.00, -174606, -523821, -1210 
1721831769748.00, -174619, -527634, -1246 
1721831769770.00, -174823, -531431, -1194 
1721831769792.00, -173645, -535262, -1153 
1721831769814.00, -170494, -539053, -1193 
1721831769836.00, -171001, -542779, -1174 
1721831769858.00, -170025, -546501, -1119 
1721831769880.00, -166217, -550220, -1178 
1721831769902.00, -167242, -553842, -1194 
1721831769923.00, -169096, -557502, -1093 
1721831769945.00, -163724, -561174, -1141 
1721831769967.00, -163469, -564743, -1098 
1721831769994.00, -160613, -568322, -1006 
1721831770011.00, -153202, -571820, -1016 
1721831770034.00, -149400, -575172, -931 
1721831770055.00, -142272, -578397, -823 
1721831770077.00, -131344, -581486, -828 
1721831770101.00, -125072, -584329, -754 
1721831770120.00, -117079, -587028, -707 
1721831770142.00, -109185, -589562, -702 
1721831770164.00, -104180, -591938, -613 
1721831770185.00, -96065, -594186, -501 
1721831770207.00, -53939, -596238, -415 
1721831770229.00, -28952, -597409, -313 
1721831770250.00, -14334, -598048, -182 
1721831770272.00, -5456, -598363, -53 
1721831770293.00, -178, -598478, 59 
1721831770315.00, 5948, -598481, 236 
1721831770336.00, 20104, -598354, 471 
1721831770358.00, 42904, -597911, 757 
1721831770380.00, 73817, -596988, 953 
1721831770401.00, 103828, -595411, 940 
1721831770422.00, 120787, -593129, 1003 
1721831770444.00, 134229, -590472, 1088 
1721831770466.00, 147298, -587533, 1073 
1721831770487.00, 153867, -584300, 1107 
1721831770509.00, 159822, -580930, 1165 
1721831770531.00, 166701, -577433, 1193 
1721831770553.00, 172134, -573774, 1215 
1721831770575.00, 174958, -570003, 1250 
1721831770596.00, 174654, -566182, 1288 
1721831770618.00, 174786, -562382, 1313 
1721831770642.00, 174644, -558551, 1318 
1721831770662.00, 174678, -554751, 1344 
1721831770683.00, 174969, -550923, 1359 
1721831770705.00, 174631, -547112, 1376 
1721831770727.00, 174832, -543297, 1392 
1721831770754.00, 174788, -539484, 1425 
1721831770770.00, 174876, -535664, 1424 
1721831770792.00, 174665, -531833, 1453 
1721831770815.00, 174690, -528019, 1478 
1721831770836.00, 174654, -524205, 1478 
1721831770862.00, 174648, -520383, 1511 
1721831770880.00, 174852, -516570, 1544 
1721831770902.00, 174833, -512755, 1568 
1721831770923.00, 174789, -508921, 1568 
1721831770945.00, 174672, -505107, 1617 
1721831770968.00, 174557, -501296, 1638 
1721831770989.00, 174703, -497481, 1647 
1721831771011.00, 174676, -493661, 1665 
1721831771033.00, 174914, -489852, 1673 
1721831771055.00, 174803, -486022, 1674 
1721831771076.00, 174836, -482198, 1665 
1721831771098.00, 174533, -478389, 1673 
1721831771119.00, 174682, -474583, 1678 
1721831771141.00, 174744, -470765, 1680 
1721831771164.00, 174483, -466946, 1667 
1721831771186.00, 174581, -463124, 1675 
1721831771207.00, 174687, -459304, 1640 
1721831771229.00, 174605, -455493, 1603 
1721831771251.00, 174436, -451680, 1566 
1721831771272.00, 174579, -447882, 1477 
1721831771306.00, 174813, -444056, 1377 
1721831771316.00, 174470, -440259, 1282 
1721831771338.00, 174406, -436440, 1177 
1721831771361.00, 174297, -432639, 985 
1721831771383.00, 163508, -428852, 786 
1721831771408.00, 95287, -425334, 589 
1721831771426.00, 55895, -423260, 528 
1721831771447.00, 33099, -422074, 248 
1721831771469.00, 19745, -421365, 0 
1721831771491.00, 11763, -420937, -191 
1721831771516.00, -3957, -420683, -409 
1721831771534.00, -26627, -420764, -679 
1721831771556.00, -56416, -421325, -873 
1721831771577.00, -85827, -422524, -853 
1721831771598.00, -102235, -424385, -1036 
1721831771620.00, -122720, -426629, -1068 
1721831771640.00, -136713, -429335, -1084 
1721831771663.00, -146075, -432323, -1116 
1721831771685.00, -153148, -435534, -1127 
1721831771707.00, -157908, -438882, -1126 
1721831771731.00, -160559, -442342, -1110 
1721831771751.00, -161183, -445849, -1130 
1721831771772.00, -162807, -449356, -1148 
1721831771794.00, -164717, -452922, -1162 
1721831771816.00, -166721, -456510, -1165 
1721831771842.00, -167943, -460165, -1182 
1721831771859.00, -169411, -463832, -1199 
1721831771881.00, -171309, -467541, -1208 
1721831771903.00, -172876, -471291, -1231 
1721831771924.00, -174952, -475065, -1242 
1721831771947.00, -174976, -478884, -1264 
1721831771969.00, -174698, -482689, -1262 
1721831771990.00, -174350, -486516, -1246 
1721831772012.00, -174729, -490327, -1210 
1721831772034.00, -174581, -494160, -1233 
1721831772060.00, -174756, -497964, -1258 
1721831772077.00, -175085, -501787, -1250 
1721831772099.00, -174844, -505598, -1302 
1721831772121.00, -174630, -509425, -1301 
1721831772143.00, -174650, -513240, -1289 
1721831772169.00, -174644, -517062, -1318 
1721831772187.00, -174620, -520875, -1294 
1721831772209.00, -174857, -524688, -1270 
1721831772230.00, -174691, -528511, -1300 
1721831772252.00, -174722, -532326, -1259 
1721831772273.00, -174644, -536155, -1273 
1721831772296.00, -174610, -539962, -1254 
1721831772317.00, -174591, -543781, -1327 
1721831772339.00, -174836, -547585, -1293 
1721831772361.00, -174395, -551410, -1298 
1721831772383.00, -174392, -555215, -1315 
1721831772405.00, -174409, -559047, -1276 
1721831772427.00, -174525, -562836, -1248 
1721831772448.00, -174549, -566656, -1223 
1721831772470.00, -173192, -570453, -1128 
1721831772496.00, -166488, -574233, -1073 
1721831772515.00, -159093, -577856, -974 
1721831772536.00, -148757, -581295, -844 
1721831772558.00, -134518, -584513, -723 
1721831772580.00, -119031, -587418, -598 
1721831772603.00, -102386, -589984, -501 
1721831772623.00, -86358, -592189, -404 
1721831772645.00, -71157, -594044, -265 
1721831772667.00, -37740, -595571, -136 
1721831772688.00, -18127, -596401, -89 
1721831772710.00, -6174, -596795, 49 
1721831772731.00, 2524, -596922, 326 
1721831772753.00, 24908, -596866, 445 
1721831772774.00, 45304, -596342, 669 
1721831772796.00, 71052, -595382, 796 
1721831772819.00, 93953, -593829, 899 
1721831772840.00, 113522, -591786, 989 
1721831772860.00, 130161, -589299, 1066 
1721831772881.00, 144871, -586434, 1086 
1721831772904.00, 154213, -583254, 1110 
1721831772926.00, 161408, -579876, 1126 
1721831772948.00, 166311, -576342, 1133 
1721831772969.00, 169489, -572704, 1162 
1721831772990.00, 172792, -569010, 1161 
1721831773013.00, 174582, -565219, 1194 
1721831773034.00, 174753, -561408, 1242 
1721831773056.00, 174903, -557583, 1240 
1721831773078.00, 174601, -553769, 1298 
1721831773100.00, 174929, -549951, 1331 
1721831773122.00, 174871, -546149, 1349 
1721831773143.00, 174672, -542326, 1350 
1721831773167.00, 174719, -538514, 1395 
1721831773187.00, 174933, -534695, 1394 
1721831773209.00, 174674, -530870, 1416 
1721831773231.00, 174490, -527053, 1420 
1721831773252.00, 174628, -523247, 1440 
1721831773274.00, 174739, -519425, 1472 
1721831773296.00, 174767, -515610, 1471 
1721831773317.00, 174800, -511786, 1512 
1721831773340.00, 174873, -507960, 1497 
1721831773362.00, 174760, -504160, 1509 
1721831773383.00, 174689, -500335, 1517 
1721831773405.00, 174785, -496526, 1471 
1721831773427.00, 174879, -492706, 1409 
1721831773449.00, 174674, -488903, 1402 
1721831773470.00, 174754, -485075, 1413 
1721831773492.00, 174971, -481256, 1440 
1721831773514.00, 174822, -477458, 1473 
1721831773536.00, 174885, -473632, 1508 
1721831773558.00, 174958, -469803, 1554 
1721831773580.00, 174816, -465985, 1592 
1721831773602.00, 174644, -462155, 1591 
1721831773623.00, 174662, -458351, 1588 
1721831773645.00, 174823, -454541, 1560 
1721831773667.00, 174602, -450723, 1563 
1721831773689.00, 174549, -446907, 1518 
1721831773711.00, 174610, -443085, 1479 
1721831773733.00, 174404, -439289, 1386 
1721831773754.00, 174216, -435472, 1276 
1721831773776.00, 174240, -431687, 1151 
1721831773799.00, 95649, -427909, 1023 
1721831773823.00, 50278, -425772, 1052 
1721831773843.00, 24427, -424694, 697 
1721831773864.00, 9790, -424143, 530 
1721831773885.00, 1187, -423928, 316 
1721831773907.00, -3235, -423920, 0 
1721831773928.00, -6256, -423999, -295 
1721831773949.00, -24956, -424142, -509 
1721831773972.00, -48999, -424686, -824 
1721831773993.00, -82321, -425732, -869 
1721831774015.00, -104815, -427528, -956 
1721831774035.00, -123261, -429822, -1077 
1721831774057.00, -141375, -432525, -1078 
1721831774079.00, -152204, -435642, -1100 
1721831774100.00, -159619, -438967, -1116 
1721831774122.00, -164615, -442458, -1131 
1721831774145.00, -168424, -446063, -1143 
1721831774166.00, -171430, -449725, -1160 
1721831774187.00, -173769, -453487, -1187 
1721831774210.00, -174683, -457273, -1194 
1721831774231.00, -174770, -461106, -1210 
1721831774255.00, -174845, -464912, -1222 
1721831774275.00, -174855, -468738, -1248 
1721831774297.00, -174816, -472541, -1271 
1721831774319.00, -174805, -476374, -1266 
1721831774341.00, -174638, -480190, -1255 
1721831774365.00, -174625, -484004, -1274 
1721831774384.00, -174695, -487825, -1263 
1721831774406.00, -174760, -491636, -1289 
1721831774428.00, -174808, -495448, -1319 
1721831774449.00, -174709, -499271, -1354 
1721831774474.00, -174834, -503098, -1361 
1721831774493.00, -174679, -506914, -1376 
1721831774515.00, -174719, -510743, -1391 
1721831774537.00, -175056, -514541, -1377 
1721831774559.00, -174856, -518361, -1383 
1721831774584.00, -174557, -522180, -1398 
1721831774602.00, -174738, -526009, -1369 
1721831774624.00, -174770, -529816, -1377 
1721831774646.00, -174620, -533647, -1404 
1721831774668.00, -174817, -537457, -1426 
1721831774691.00, -175008, -541269, -1431 
1721831774711.00, -174728, -545083, -1430 
1721831774733.00, -174786, -548912, -1435 
1721831774755.00, -174772, -552724, -1409 
1721831774777.00, -174771, -556539, -1407 
1721831774799.00, -174667, -560344, -1353 
1721831774820.00, -174766, -564154, -1294 
1721831774843.00, -174735, -567966, -1234 
1721831774864.00, -173668, -571766, -1180 
1721831774886.00, -169877, -575574, -1114 
1721831774909.00, -163471, -579268, -1087 
1721831774930.00, -158186, -582837, -1003 
1721831774953.00, -150104, -586279, -895 
1721831774974.00, -138700, -589522, -816 
1721831774996.00, -126931, -592525, -697 
1721831775017.00, -112739, -595261, -574 
1721831775039.00, -61664, -597674, -416 
1721831775061.00, -31686, -599022, -351 
1721831775083.00, -14294, -599715, -204 
1721831775104.00, -4002, -600030, -40 
1721831775126.00, 1238, -600108, 137 
1721831775148.00, 12789, -600082, 282 
1721831775169.00, 28568, -599807, 427 
1721831775193.00, 46341, -599190, 742 
1721831775212.00, 75982, -598198, 843 
1721831775235.00, 99623, -596552, 848 
1721831775255.00, 113896, -594378, 952 
1721831775275.00, 128097, -591889, 1088 
1721831775298.00, 144938, -589081, 1029 
1721831775320.00, 151014, -585906, 1074 
1721831775345.00, 157134, -582596, 1109 
1721831775363.00, 162848, -579168, 1100 
1721831775385.00, 165402, -575597, 1154 
1721831775407.00, 170073, -571987, 1139 
1721831775428.00, 171623, -568268, 1179 
1721831775454.00, 174715, -564516, 1210 
1721831775473.00, 174995, -560695, 1202 
1721831775494.00, 174660, -556881, 1247 
1721831775516.00, 174649, -553071, 1274 
1721831775537.00, 174689, -549246, 1270 
1721831775564.00, 174650, -545444, 1278 
1721831775581.00, 174790, -541609, 1309 
1721831775603.00, 174803, -537801, 1326 
1721831775625.00, 174802, -533978, 1352 
1721831775647.00, 174620, -530169, 1375 
1721831775671.00, 174727, -526348, 1391 
1721831775691.00, 175001, -522526, 1413 
1721831775712.00, 174707, -518709, 1452 
1721831775734.00, 174568, -514883, 1478 
1721831775756.00, 174855, -511068, 1477 
1721831775780.00, 174878, -507256, 1492 
1721831775800.00, 174800, -503435, 1511 
1721831775821.00, 174645, -499615, 1507 
1721831775843.00, 174862, -495798, 1509 
1721831775864.00, 174739, -491983, 1511 
1721831775891.00, 174529, -488158, 1530 
1721831775909.00, 174741, -484346, 1545 
1721831775930.00, 174877, -480538, 1566 
1721831775952.00, 174732, -476705, 1601 
1721831775973.00, 174833, -472902, 1625 
1721831776001.00, 174866, -469082, 1622 
1721831776018.00, 174647, -465261, 1622 
1721831776039.00, 174538, -461448, 1590 
1721831776062.00, 174868, -457640, 1582 
1721831776083.00, 174913, -453816, 1543 
1721831776107.00, 174468, -450009, 1500 
1721831776127.00, 174487, -446197, 1407 
1721831776148.00, 174578, -442388, 1288 
1721831776170.00, 174363, -438591, 1128 
1721831776193.00, 172717, -434786, 887 
1721831776216.00, 157113, -431044, 623 
1721831776237.00, 92555, -427670, 383 
1721831776259.00, 54720, -425674, 322 
1721831776280.00, 32922, -424517, -11 
1721831776304.00, 19867, -423800, -232 
1721831776326.00, -754, -423373, -300 
1721831776345.00, -17969, -423382, -558 
1721831776366.00, -43416, -423771, -851 
1721831776387.00, -76618, -424691, -900 
1721831776409.00, -99157, -426346, -937 
1721831776430.00, -114675, -428508, -1070 
1721831776452.00, -132018, -431027, -1078 
1721831776473.00, -142532, -433912, -1097 
1721831776495.00, -149741, -437042, -1121 
1721831776517.00, -155421, -440312, -1106 
1721831776539.00, -157865, -443713, -1116 
1721831776561.00, -159568, -447160, -1111 
1721831776583.00, -160396, -450655, -1112 
1721831776605.00, -160985, -454159, -1117 
1721831776627.00, -161427, -457675, -1142 
1721831776648.00, -163093, -461215, -1155 
1721831776670.00, -164802, -464761, -1164 
1721831776692.00, -166240, -468380, -1202 
1721831776714.00, -169494, -472009, -1209 
1721831776736.00, -172050, -475721, -1226 
1721831776757.00, -174284, -479462, -1243 
1721831776779.00, -174593, -483277, -1245 
1721831776800.00, -174854, -487115, -1259 
1721831776823.00, -174798, -490917, -1261 
1721831776845.00, -174752, -494741, -1279 
1721831776866.00, -174864, -498546, -1327 
1721831776888.00, -174811, -502368, -1296 
1721831776910.00, -174760, -506178, -1324 
1721831776932.00, -174773, -510010, -1328 
1721831776954.00, -174725, -513826, -1347 
1721831776977.00, -174842, -517654, -1340 
1721831776997.00, -174756, -521459, -1378 
1721831777019.00, -174773, -525280, -1356 
1721831777041.00, -174727, -529089, -1352 
1721831777063.00, -174666, -532915, -1333 
1721831777084.00, -174768, -536728, -1287 
1721831777106.00, -174873, -540540, -1284 
1721831777128.00, -174769, -544356, -1275 
1721831777150.00, -174625, -548163, -1231 
1721831777172.00, -174672, -551997, -1219 
1721831777193.00, -174527, -555799, -1181 
1721831777216.00, -172688, -559614, -1158 
1721831777236.00, -170220, -563363, -1180 
1721831777259.00, -169975, -567087, -1195 
1721831777280.00, -170637, -570794, -1104 
1721831777302.00, -165617, -574527, -1098 
1721831777324.00, -162132, -578133, -1049 
1721831777347.00, -156867, -581667, -978 
1721831777369.00, -149407, -585074, -910 
1721831777391.00, -140784, -588309, -821 
1721831777413.00, -130205, -591358, -661 
1721831777434.00, -114478, -594164, -443 
1721831777456.00, -64314, -596603, -303 
1721831777477.00, -34458, -598006, -183 
1721831777498.00, -17413, -598763, 34 
1721831777521.00, -5523, -599133, 303 
1721831777542.00, 17051, -599252, 459 
1721831777564.00, 40505, -598910, 628 
1721831777585.00, 64117, -598049, 852 
1721831777607.00, 91816, -596661, 927 
1721831777629.00, 112937, -594666, 947 
1721831777649.00, 126395, -592190, 1098 
1721831777670.00, 143331, -589422, 1127 
1721831777693.00, 155144, -586280, 1118 
1721831777715.00, 161122, -582880, 1202 
1721831777736.00, 169769, -579358, 1184 
1721831777759.00, 173551, -575646, 1210 
1721831777780.00, 174833, -571848, 1252 
1721831777801.00, 174747, -568032, 1231 
1721831777824.00, 174524, -564209, 1244 
1721831777845.00, 174565, -560394, 1251 
1721831777867.00, 174658, -556585, 1263 
1721831777889.00, 174695, -552774, 1293 
1721831777911.00, 174808, -548955, 1307 
1721831777933.00, 174494, -545130, 1328 
1721831777955.00, 174808, -541303, 1344 
1721831777976.00, 174676, -537499, 1381 
1721831777998.00, 174626, -533681, 1414 
1721831778020.00, 174825, -529867, 1397 
1721831778042.00, 174772, -526047, 1433 
1721831778064.00, 174689, -522236, 1438 
1721831778085.00, 174789, -518410, 1447 
1721831778107.00, 174798, -514593, 1425 
1721831778129.00, 174524, -510782, 1432 
1721831778151.00, 174697, -506964, 1430 
1721831778172.00, 174872, -503145, 1424 
1721831778195.00, 174508, -499328, 1405 
1721831778216.00, 174516, -495506, 1387 
1721831778238.00, 174619, -491689, 1391 
1721831778259.00, 174775, -487885, 1372 
1721831778281.00, 174665, -484063, 1354 
1721831778303.00, 174698, -480260, 1352 
1721831778325.00, 174892, -476442, 1321 
1721831778347.00, 174643, -472626, 1296 
1721831778368.00, 174459, -468808, 1289 
1721831778390.00, 174532, -465005, 1267 
1721831778413.00, 174658, -461195, 1238 
1721831778434.00, 174780, -457383, 1192 
1721831778456.00, 174695, -453565, 1113 
1721831778478.00, 171607, -449755, 1038 
1721831778501.00, 165015, -446013, 892 
1721831778522.00, 151885, -442439, 718 
1721831778544.00, 133454, -439162, 511 
1721831778566.00, 110114, -436289, 294 
1721831778587.00, 82902, -433932, 96 
1721831778609.00, 55005, -432170, -115 
1721831778631.00, 25173, -430991, -294 
1721831778653.00, -2196, -430426, -499 
1721831778674.00, -31248, -430458, -673 
1721831778696.00, -59087, -431106, -685 
1721831778718.00, -76462, -432371, -767 
1721831778744.00, -91570, -434041, -911 
1721831778761.00, -109284, -436036, -875 
1721831778782.00, -117591, -438424, -894 
1721831778804.00, -123427, -440986, -948 
1721831778826.00, -130013, -443681, -934 
1721831778850.00, -133191, -446512, -947 
1721831778869.00, -135633, -449405, -967 
1721831778891.00, -138070, -452370, -995 
1721831778912.00, -141274, -455375, -1007 
1721831778933.00, -143828, -458474, -1048 
1721831778955.00, -147920, -461620, -1090 
1721831778977.00, -152548, -464851, -1149 
1721831778999.00, -158648, -468201, -1151 
1721831779021.00, -162661, -471682, -1183 
1721831779043.00, -166861, -475232, -1233 
1721831779064.00, -172488, -478885, -1242 
1721831779086.00, -174906, -482645, -1246 
1721831779108.00, -174643, -486488, -1260 
1721831779130.00, -174651, -490293, -1261 
1721831779152.00, -174640, -494127, -1260 
1721831779177.00, -174610, -497923, -1292 
1721831779195.00, -174923, -501747, -1288 
1721831779217.00, -174870, -505564, -1306 
1721831779239.00, -174702, -509388, -1326 
1721831779261.00, -174741, -513215, -1335 
1721831779288.00, -174686, -517029, -1336 
1721831779304.00, -174700, -520846, -1375 
1721831779326.00, -174857, -524660, -1399 
1721831779348.00, -174852, -528472, -1402 
1721831779370.00, -174679, -532296, -1386 
1721831779393.00, -174590, -536124, -1372 
1721831779414.00, -174748, -539930, -1322 
1721831779435.00, -174665, -543748, -1352 
1721831779457.00, -174621, -547556, -1347 
1721831779479.00, -174227, -551365, -1301 
1721831779502.00, -174723, -555170, -1278 
1721831779522.00, -174523, -559008, -1244 
1721831779544.00, -174305, -562812, -1194 
1721831779566.00, -171377, -566613, -1158 
1721831779588.00, -167252, -570340, -1154 
1721831779610.00, -164730, -573995, -1089 
1721831779632.00, -158814, -577569, -1025 
1721831779653.00, -151540, -581032, -1006 
1721831779676.00, -146071, -584342, -902 
1721831779697.00, -136604, -587502, -858 
1721831779719.00, -128403, -590465, -786 
1721831779741.00, -119188, -593246, -684 
1721831779763.00, -65309, -595797, -514 
1721831779784.00, -33783, -597219, -405 
1721831779806.00, -15382, -597963, -267 
1721831779833.00, -4465, -598308, -108 
1721831779849.00, 806, -598403, 52 
1721831779871.00, 7493, -598392, 123 
1721831779892.00, 16360, -598226, 272 
1721831779914.00, 30099, -597865, 710 
1721831779935.00, 64133, -597215, 925 
1721831779957.00, 97662, -595847, 974 
1721831779978.00, 120286, -593704, 1117 
1721831780000.00, 142108, -591061, 1184 
1721831780021.00, 158930, -587951, 1148 
1721831780043.00, 166417, -584461, 1200 
1721831780065.00, 173711, -580819, 1166 
1721831780087.00, 174931, -577019, 1140 
1721831780108.00, 174722, -573189, 1170 
1721831780130.00, 174820, -569380, 1188 
1721831780155.00, 174815, -565562, 1225 
1721831780174.00, 174681, -561737, 1251 
1721831780195.00, 174653, -557919, 1269 
1721831780217.00, 174824, -554111, 1271 
1721831780240.00, 174780, -550294, 1266 
1721831780266.00, 174481, -546478, 1307 
1721831780283.00, 174775, -542673, 1285 
1721831780305.00, 174813, -538859, 1258 
1721831780327.00, 174814, -535026, 1214 
1721831780349.00, 174706, -531219, 1220 
1721831780373.00, 174692, -527397, 1208 
1721831780392.00, 174817, -523592, 1212 
1721831780414.00, 174845, -519775, 1249 
1721831780436.00, 174901, -515950, 1259 
1721831780457.00, 174876, -512127, 1290 
1721831780480.00, 174762, -508307, 1316 
1721831780501.00, 174731, -504486, 1336 
1721831780523.00, 174871, -500675, 1382 
1721831780545.00, 174893, -496857, 1430 
1721831780567.00, 174773, -493038, 1456 
1721831780588.00, 174834, -489219, 1467 
1721831780610.00, 174776, -485394, 1478 
1721831780632.00, 174548, -481581, 1483 
1721831780654.00, 174900, -477762, 1473 
1721831780676.00, 175032, -473954, 1497 
1721831780698.00, 174542, -470146, 1498 
1721831780720.00, 174703, -466316, 1495 
1721831780741.00, 174767, -462500, 1467 
1721831780763.00, 174626, -458687, 1429 
1721831780785.00, 174591, -454882, 1377 
1721831780812.00, 174728, -451070, 1310 
1721831780829.00, 174706, -447252, 1219 
1721831780850.00, 174545, -443447, 1124 
1721831780873.00, 172740, -439641, 994 
1721831780895.00, 163681, -435892, 819 
1721831780922.00, 147441, -432368, 569 
1721831780939.00, 86686, -429200, 358 
1721831780960.00, 51425, -427331, 185 
1721831780982.00, 31042, -426237, -156 
1721831781003.00, 9046, -425566, -278 
1721831781024.00, -10149, -425363, -594 
1721831781047.00, -41164, -425576, -818 
1721831781068.00, -73255, -426423, -797 
1721831781090.00, -90946, -428015, -923 
1721831781112.00, -108976, -429987, -975 
1721831781133.00, -122378, -432356, -982 
1721831781155.00, -131033, -435054, -991 
1721831781176.00, -136475, -437906, -984 
1721831781198.00, -139312, -440872, -988 
1721831781218.00, -141207, -443908, -1000 
1721831781241.00, -143066, -446992, -1002 
1721831781263.00, -144186, -450120, -1036 
1721831781284.00, -146716, -453277, -1067 
1721831781306.00, -150063, -456468, -1079 
1721831781328.00, -152860, -459763, -1080 
1721831781350.00, -154545, -463093, -1119 
1721831781372.00, -157751, -466465, -1126 
1721831781393.00, -159814, -469927, -1143 
1721831781415.00, -162126, -473406, -1164 
1721831781437.00, -164396, -476970, -1178 
1721831781463.00, -166690, -480567, -1191 
1721831781480.00, -168787, -484226, -1198 
1721831781503.00, -170506, -487904, -1198 
1721831781524.00, -171563, -491634, -1193 
1721831781546.00, -171908, -495379, -1165 
1721831781567.00, -170264, -499115, -1135 
1721831781590.00, -167205, -502846, -1123 
1721831781612.00, -164724, -506495, -1089 
1721831781633.00, -161200, -510093, -1079 
1721831781655.00, -158338, -513606, -1097 
1721831781677.00, -157841, -517081, -1154 
1721831781699.00, -161060, -520526, -1180 
1721831781721.00, -164374, -524049, -1204 
1721831781742.00, -167943, -527640, -1231 
1721831781764.00, -171476, -531300, -1257 
1721831781786.00, -174448, -535064, -1232 
1721831781808.00, -174677, -538861, -1223 
1721831781830.00, -174600, -542700, -1197 
1721831781851.00, -173116, -546499, -1106 
1721831781874.00, -166826, -550278, -1071 
1721831781895.00, -160988, -553902, -1039 
1721831781918.00, -155502, -557407, -989 
1721831781939.00, -149048, -560775, -967 
1721831781962.00, -143909, -564009, -958 
1721831781983.00, -140333, -567136, -911 
1721831782005.00, -135517, -570179, -896 
1721831782027.00, -131587, -573121, -899 
1721831782048.00, -129349, -575996, -890 
1721831782070.00, -127518, -578797, -864 
1721831782092.00, -124931, -581566, -851 
1721831782113.00, -122392, -584272, -794 
1721831782135.00, -117395, -586922, -670 
1721831782157.00, -106921, -589469, -549 
1721831782178.00, -93841, -591783, -435 
1721831782200.00, -78984, -593785, -353 
1721831782222.00, -43452, -595480, -284 
1721831782244.00, -22257, -596433, -238 
1721831782265.00, -9751, -596937, -119 
1721831782287.00, -2587, -597150, 6 
1721831782308.00, 924, -597198, 196 
1721831782330.00, 15283, -597177, 428 
1721831782351.00, 37476, -596851, 701 
1721831782373.00, 67229, -596060, 804 
1721831782395.00, 91066, -594609, 891 
1721831782416.00, 110428, -592627, 997 
1721831782437.00, 127947, -590203, 1093 
1721831782459.00, 144334, -587404, 1085 
1721831782480.00, 153138, -584237, 1125 
1721831782501.00, 160537, -580873, 1179 
1721831782524.00, 168007, -577362, 1137 
1721831782545.00, 169705, -573685, 1135 
1721831782568.00, 170364, -569978, 1152 
1721831782589.00, 171797, -566260, 1104 
1721831782611.00, 169541, -562509, 1136 
1721831782633.00, 170054, -558802, 1143 
1721831782655.00, 170636, -555096, 1169 
1721831782676.00, 172591, -551364, 1182 
1721831782698.00, 174506, -547593, 1202 
1721831782720.00, 174843, -543784, 1238 
1721831782742.00, 174552, -539974, 1252 
1721831782764.00, 174964, -536154, 1269 
1721831782786.00, 174950, -532329, 1293 
1721831782807.00, 174650, -528499, 1310 
1721831782829.00, 174765, -524694, 1312 
1721831782851.00, 174643, -520881, 1311 
1721831782873.00, 174791, -517062, 1329 
1721831782895.00, 174692, -513250, 1348 
1721831782917.00, 174838, -509432, 1344 
1721831782938.00, 174951, -505608, 1348 
1721831782959.00, 174636, -501792, 1363 
1721831782982.00, 174721, -497977, 1364 
1721831783004.00, 174795, -494159, 1383 
1721831783026.00, 174873, -490347, 1394 
1721831783047.00, 174720, -486532, 1393 
1721831783069.00, 174744, -482704, 1406 
1721831783091.00, 174744, -478883, 1421 
1721831783114.00, 174571, -475065, 1420 
1721831783134.00, 174623, -471259, 1400 
1721831783156.00, 174749, -467440, 1366 
1721831783178.00, 174550, -463632, 1332 
1721831783200.00, 174593, -459814, 1248 
1721831783225.00, 174404, -456011, 1152 
1721831783244.00, 168684, -452203, 1051 
1721831783266.00, 159216, -448540, 940 
1721831783288.00, 146555, -445096, 835 
1721831783310.00, 132844, -441921, 708 
1721831783332.00, 116942, -439051, 556 
1721831783353.00, 98429, -436530, 424 
1721831783375.00, 79312, -434428, 239 
1721831783396.00, 56804, -432729, 34 
1721831783418.00, 31643, -431526, -164 
1721831783440.00, 4135, -430824, -296 
1721831783462.00, -19010, -430727, -641 
1721831783483.00, -53904, -431128, -848 
1721831783505.00, -87187, -432257, -814 
1721831783527.00, -104851, -434157, -993 
1721831783547.00, -125682, -436449, -1059 
1721831783569.00, -141974, -439216, -1061 
1721831783591.00, -151410, -442332, -1106 
1721831783612.00, -159652, -445656, -1117 
1721831783634.00, -165119, -449146, -1137 
1721831783657.00, -169419, -452764, -1167 
1721831783678.00, -173584, -456458, -1194 
1721831783700.00, -174944, -460261, -1226 
1721831783721.00, -174757, -464083, -1255 
1721831783743.00, -174546, -467904, -1275 
1721831783769.00, -174722, -471714, -1291 
1721831783787.00, -174792, -475537, -1310 
1721831783809.00, -174637, -479349, -1306 
1721831783831.00, -174639, -483161, -1275 
1721831783853.00, -174653, -486994, -1254 
1721831783874.00, -174662, -490801, -1225 
1721831783896.00, -173340, -494624, -1201 
1721831783918.00, -171190, -498393, -1195 
1721831783939.00, -169499, -502118, -1171 
1721831783962.00, -166987, -505819, -1195 
1721831783983.00, -166820, -509475, -1218 
1721831784005.00, -168371, -513122, -1213 
1721831784027.00, -168827, -516811, -1214 
1721831784048.00, -169127, -520505, -1251 
1721831784070.00, -171591, -524200, -1278 
1721831784092.00, -172892, -527939, -1289 
1721831784114.00, -173783, -531712, -1320 
1721831784136.00, -174231, -535520, -1326 
1721831784158.00, -174295, -539327, -1303 
1721831784180.00, -174442, -543144, -1282 
1721831784201.00, -174756, -546933, -1245 
1721831784223.00, -174619, -550759, -1216 
1721831784245.00, -172649, -554547, -1169 
1721831784266.00, -168575, -558326, -1162 
1721831784289.00, -165766, -562011, -1126 
1721831784315.00, -161818, -565632, -1104 
1721831784332.00, -158252, -569170, -1052 
1721831784354.00, -153064, -572604, -1043 
1721831784377.00, -149453, -575947, -995 
1721831784399.00, -144491, -579184, -966 
1721831784426.00, -139661, -582333, -911 
1721831784442.00, -133428, -585352, -858 
1721831784464.00, -126695, -588238, -786 
1721831784486.00, -118305, -590981, -687 
1721831784507.00, -107257, -593533, -602 
1721831784533.00, -58814, -595844, -524 
1721831784550.00, -30227, -597122, -470 
1721831784572.00, -13256, -597794, -323 
1721831784593.00, -3750, -598091, -163 
1721831784615.00, 1356, -598172, -49 
1721831784638.00, 4903, -598136, 177 
1721831784658.00, 17571, -598017, 432 
1721831784680.00, 40183, -597640, 626 
1721831784702.00, 65325, -596790, 760 
1721831784724.00, 88094, -595385, 904 
1721831784747.00, 110152, -593451, 963 
1721831784766.00, 126549, -591039, 1044 
1721831784788.00, 141272, -588266, 1106 
1721831784809.00, 153414, -585164, 1120 
1721831784831.00, 161194, -581794, 1165 
1721831784853.00, 168433, -578262, 1180 
1721831784875.00, 173422, -574582, 1184 
1721831784896.00, 174920, -570796, 1211 
1721831784918.00, 174911, -566970, 1223 
1721831784940.00, 174634, -563156, 1239 
1721831784966.00, 174722, -559344, 1240 
1721831784984.00, 174915, -555529, 1279 
1721831785006.00, 174882, -551699, 1279 
1721831785027.00, 174589, -547894, 1284 
1721831785049.00, 174601, -544075, 1304 
1721831785071.00, 174567, -540266, 1304 
1721831785092.00, 174779, -536451, 1307 
1721831785115.00, 174613, -532629, 1334 
1721831785136.00, 174749, -528811, 1330 
1721831785158.00, 174919, -524984, 1349 
1721831785180.00, 174639, -521174, 1346 
1721831785202.00, 174651, -517357, 1378 
1721831785224.00, 174718, -513541, 1381 
1721831785245.00, 174870, -509724, 1384 
1721831785267.00, 174539, -505910, 1375 
1721831785289.00, 174527, -502085, 1397 
1721831785310.00, 174492, -498268, 1361 
1721831785333.00, 174548, -494462, 1359 
1721831785355.00, 174653, -490644, 1364 
1721831785376.00, 174663, -486844, 1382 
1721831785397.00, 174690, -483010, 1394 
1721831785420.00, 174674, -479199, 1375 
1721831785442.00, 174558, -475380, 1370 
1721831785463.00, 174457, -471564, 1330 
1721831785486.00, 174458, -467765, 1284 
1721831785509.00, 174509, -463952, 1243 
1721831785529.00, 174173, -460141, 1172 
1721831785550.00, 169753, -456346, 1089 
1721831785574.00, 161806, -452645, 977 
1721831785596.00, 150419, -449127, 823 
1721831785618.00, 134452, -445883, 664 
1721831785639.00, 115342, -442979, 490 
1721831785660.00, 93411, -440514, 334 
1721831785682.00, 70911, -438513, 186 
1721831785704.00, 48829, -436985, -2 
1721831785727.00, 24612, -435947, -188 
1721831785747.00, -429, -435392, -252 
1721831785769.00, -19774, -435391, -446 
1721831785790.00, -42620, -435811, -714 
1721831785811.00, -72632, -436704, -725 
1721831785833.00, -90940, -438281, -807 
1721831785856.00, -106392, -440244, -906 
1721831785877.00, -121086, -442576, -922 
1721831785898.00, -130591, -445227, -977 
1721831785921.00, -139545, -448075, -984 
1721831785941.00, -145077, -451123, -1003 
1721831785963.00, -149219, -454300, -1025 
1721831785984.00, -152961, -457563, -1048 
1721831786006.00, -156138, -460911, -1074 
1721831786028.00, -159646, -464325, -1094 
1721831786050.00, -162922, -467821, -1097 
1721831786072.00, -164710, -471388, -1123 
1721831786093.00, -167412, -474974, -1148 
1721831786115.00, -170401, -478632, -1170 
1721831786137.00, -173435, -482343, -1180 
1721831786159.00, -174980, -486147, -1196 
1721831786181.00, -174603, -489961, -1203 
1721831786203.00, -174489, -493790, -1223 
1721831786224.00, -174664, -497599, -1237 
1721831786246.00, -174659, -501427, -1274 
1721831786267.00, -174829, -505246, -1295 
1721831786290.00, -174793, -509068, -1319 
1721831786311.00, -174743, -512877, -1336 
1721831786334.00, -174719, -516712, -1356 
1721831786355.00, -174600, -520524, -1397 
1721831786376.00, -174764, -524345, -1422 
1721831786399.00, -174800, -528155, -1432 
1721831786421.00, -174327, -531964, -1434 
1721831786442.00, -174482, -535801, -1400 
1721831786464.00, -174536, -539601, -1350 
1721831786486.00, -174681, -543419, -1353 
1721831786508.00, -174712, -547221, -1322 
1721831786530.00, -174657, -551039, -1286 
1721831786552.00, -174566, -554836, -1275 
1721831786573.00, -174358, -558668, -1202 
1721831786595.00, -171734, -562479, -1153 
1721831786617.00, -167073, -566218, -1119 
1721831786639.00, -162283, -569864, -1085 
1721831786661.00, -157589, -573394, -1025 
1721831786683.00, -151008, -576823, -1000 
1721831786705.00, -145651, -580104, -957 
1721831786727.00, -139822, -583265, -854 
1721831786748.00, -130053, -586297, -800 
1721831786771.00, -120938, -589119, -693 
1721831786791.00, -109158, -591734, -570 
1721831786814.00, -94737, -594083, -454 
1721831786835.00, -51507, -596107, -375 
1721831786857.00, -25595, -597237, -296 
1721831786879.00, -11021, -597815, -189 
1721831786900.00, -2289, -598052, -35 
1721831786922.00, 2252, -598092, 117 
1721831786944.00, 12240, -598044, 300 
1721831786965.00, 29042, -597782, 452 
1721831786987.00, 48293, -597157, 670 
1721831787009.00, 72780, -596122, 905 
1721831787030.00, 101325, -594543, 918 
1721831787052.00, 118815, -592330, 987 
1721831787072.00, 133172, -589721, 1096 
1721831787094.00, 148342, -586796, 1087 
1721831787116.00, 156477, -583544, 1118 
1721831787138.00, 162682, -580122, 1159 
1721831787160.00, 168805, -576546, 1156 
1721831787184.00, 172242, -572857, 1194 
1721831787203.00, 174924, -569097, 1201 
1721831787225.00, 174708, -565264, 1249 
1721831787247.00, 174728, -561455, 1238 
1721831787269.00, 174728, -557630, 1263 
1721831787291.00, 174533, -553817, 1303 
1721831787312.00, 174731, -550003, 1297 
1721831787334.00, 174795, -546206, 1312 
1721831787356.00, 174763, -542383, 1350 
1721831787382.00, 174608, -538563, 1370 
1721831787400.00, 174902, -534747, 1369 
1721831787422.00, 174700, -530929, 1376 
1721831787443.00, 174441, -527106, 1398 
1721831787464.00, 174769, -523289, 1404 
1721831787487.00, 174847, -519482, 1419 
1721831787509.00, 174815, -515646, 1455 
1721831787531.00, 174775, -511836, 1453 
1721831787552.00, 174803, -508007, 1468 
1721831787574.00, 174620, -504205, 1471 
1721831787596.00, 174663, -500385, 1477 
1721831787617.00, 174881, -496571, 1474 
1721831787640.00, 174874, -492749, 1500 
1721831787661.00, 174538, -488928, 1497 
1721831787683.00, 174767, -485112, 1470 
1721831787705.00, 174771, -481302, 1476 
1721831787726.00, 174728, -477497, 1453 
1721831787748.00, 174822, -473683, 1437 
1721831787770.00, 174810, -469852, 1400 
1721831787792.00, 174671, -466044, 1332 
1721831787814.00, 174353, -462226, 1250 
1721831787835.00, 174414, -458417, 1116 
1721831787859.00, 172454, -454626, 926 
1721831787880.00, 159694, -450882, 758 
1721831787902.00, 141640, -447440, 558 
1721831787924.00, 118934, -444395, 346 
1721831787945.00, 92380, -441852, 154 
1721831787967.00, 64899, -439874, -26 
1721831787989.00, 37995, -438493, -181 
1721831788011.00, 11787, -437667, -316 
1721831788033.00, -10575, -437394, -621 
1721831788054.00, -42962, -437614, -726 
1721831788076.00, -68690, -438511, -765 
1721831788097.00, -86218, -439993, -897 
1721831788119.00, -104534, -441875, -942 
1721831788144.00, -118069, -444161, -942 
1721831788162.00, -126056, -446734, -994 
1721831788183.00, -133726, -449475, -1013 
1721831788204.00, -139343, -452421, -1037 
1721831788226.00, -143862, -455466, -1055 
1721831788249.00, -147751, -458621, -1075 
1721831788270.00, -151121, -461860, -1091 
1721831788292.00, -154104, -465148, -1120 
1721831788313.00, -157490, -468531, -1145 
1721831788335.00, -161180, -471978, -1168 
1721831788358.00, -164434, -475499, -1189 
1721831788379.00, -167752, -479098, -1211 
1721831788400.00, -170890, -482762, -1257 
1721831788422.00, -174707, -486514, -1259 
1721831788444.00, -174619, -490344, -1292 
1721831788467.00, -174677, -494167, -1301 
1721831788488.00, -174705, -497965, -1325 
1721831788510.00, -174967, -501799, -1344 
1721831788532.00, -174893, -505601, -1360 
1721831788553.00, -174632, -509436, -1361 
1721831788577.00, -174551, -513250, -1363 
1721831788597.00, -174679, -517073, -1374 
1721831788619.00, -174784, -520879, -1378 
1721831788641.00, -174860, -524700, -1404 
1721831788663.00, -174791, -528515, -1416 
1721831788687.00, -174587, -532338, -1457 
1721831788707.00, -174551, -536171, -1430 
1721831788728.00, -174744, -539976, -1407 
1721831788750.00, -174701, -543795, -1433 
1721831788771.00, -174809, -547600, -1413 
1721831788794.00, -174404, -551424, -1400 
1721831788816.00, -174699, -555229, -1391 
1721831788837.00, -174657, -559056, -1361 
1721831788859.00, -174675, -562867, -1318 
1721831788881.00, -174741, -566682, -1310 
1721831788903.00, -174701, -570485, -1260 
1721831788925.00, -174644, -574298, -1184 
1721831788946.00, -172917, -578105, -1096 
1721831788970.00, -166562, -581877, -951 
1721831788991.00, -154085, -585496, -857 
1721831789013.00, -140813, -588820, -740 
1721831789035.00, -125710, -591868, -585 
1721831789056.00, -107272, -594575, -483 
1721831789078.00, -60616, -596878, -360 
1721831789099.00, -32964, -598204, -297 
1721831789121.00, -16918, -598937, -151 
1721831789143.00, -7301, -599301, 29 
1721831789164.00, -130, -599453, 248 
1721831789186.00, 16418, -599460, 435 
1721831789207.00, 37996, -599115, 686 
1721831789229.00, 66057, -598306, 925 
1721831789251.00, 97110, -596883, 930 
1721831789271.00, 115668, -594774, 1008 
1721831789293.00, 131281, -592228, 1122 
1721831789315.00, 147302, -589346, 1061 
1721831789337.00, 153076, -586122, 1093 
1721831789358.00, 158007, -582774, 1128 
1721831789380.00, 162770, -579332, 1080 
1721831789402.00, 162589, -575762, 1118 
1721831789424.00, 164543, -572213, 1120 
1721831789446.00, 165805, -568602, 1115 
1721831789467.00, 166213, -564988, 1159 
1721831789489.00, 168904, -561345, 1202 
1721831789511.00, 172830, -557641, 1209 
1721831789533.00, 174745, -553862, 1240 
1721831789554.00, 174826, -550050, 1264 
1721831789576.00, 174770, -546236, 1289 
1721831789598.00, 174687, -542422, 1301 
1721831789620.00, 174659, -538613, 1307 
1721831789642.00, 174811, -534785, 1324 
1721831789667.00, 174657, -530964, 1339 
1721831789685.00, 174589, -527154, 1338 
1721831789707.00, 174714, -523334, 1357 
1721831789729.00, 174720, -519521, 1368 
1721831789750.00, 174719, -515687, 1363 
1721831789773.00, 174769, -511884, 1366 
1721831789795.00, 174841, -508056, 1383 
1721831789816.00, 174483, -504245, 1369 
1721831789838.00, 174533, -500438, 1328 
1721831789860.00, 174610, -496631, 1302 
1721831789882.00, 174644, -492805, 1274 
1721831789903.00, 174599, -488993, 1260 
1721831789925.00, 174689, -485177, 1255 
1721831789947.00, 174646, -481359, 1259 
1721831789969.00, 174652, -477556, 1245 
1721831789991.00, 174513, -473741, 1228 
1721831790013.00, 173537, -469923, 1199 
1721831790034.00, 170871, -466141, 1149 
1721831790056.00, 166327, -462404, 1090 
1721831790078.00, 160008, -458784, 1002 
1721831790101.00, 150892, -455306, 894 
1721831790122.00, 139061, -452030, 745 
1721831790144.00, 122865, -449036, 579 
1721831790166.00, 103220, -446382, 387 
1721831790188.00, 79937, -444171, 235 
1721831790210.00, 56986, -442452, 112 
1721831790231.00, 36246, -441239, -28 
1721831790253.00, 16154, -440443, -193 
1721831790275.00, -5471, -440088, -285 
1721831790296.00, -24242, -440202, -528 
1721831790318.00, -49800, -440718, -588 
1721831790339.00, -69035, -441787, -640 
1721831790361.00, -83366, -443285, -778 
1721831790383.00, -99828, -445103, -817 
1721831790404.00, -111991, -447272, -868 
1721831790426.00, -122081, -449707, -932 
1721831790447.00, -131714, -452389, -974 
1721831790469.00, -139918, -455267, -996 
1721831790490.00, -145895, -458319, -1036 
1721831790511.00, -151676, -461525, -1072 
1721831790533.00, -156980, -464823, -1096 
1721831790555.00, -161470, -468276, -1123 
1721831790577.00, -165654, -471803, -1147 
1721831790599.00, -169385, -475431, -1167 
1721831790620.00, -172880, -479139, -1195 
1721831790643.00, -175068, -482898, -1179 
1721831790664.00, -174689, -486737, -1176 
1721831790686.00, -174480, -490551, -1183 
1721831790708.00, -174837, -494369, -1154 
1721831790730.00, -174732, -498176, -1162 
1721831790751.00, -174761, -501986, -1182 
1721831790774.00, -174709, -505806, -1195 
1721831790796.00, -174780, -509644, -1180 
1721831790817.00, -174628, -513445, -1183 
1721831790839.00, -174629, -517277, -1196 
1721831790861.00, -175002, -521079, -1197 
1721831790883.00, -174780, -524900, -1212 
1721831790905.00, -174674, -528721, -1224 
1721831790926.00, -174766, -532540, -1191 
1721831790948.00, -174606, -536371, -1159 
1721831790970.00, -173672, -540177, -1174 
1721831790991.00, -174018, -543969, -1170 
1721831791014.00, -174130, -547764, -1132 
1721831791035.00, -171550, -551559, -1135 
1721831791057.00, -170081, -555293, -1110 
1721831791079.00, -167412, -559023, -1078 
1721831791101.00, -164067, -562678, -1073 
1721831791123.00, -161541, -566261, -1090 
1721831791144.00, -161175, -569781, -1054 
1721831791166.00, -158685, -573295, -1028 
1721831791187.00, -155264, -576754, -1050 
1721831791211.00, -154533, -580121, -952 
1721831791233.00, -148088, -583488, -859 
1721831791254.00, -138490, -586694, -789 
1721831791276.00, -128561, -589697, -652 
1721831791298.00, -114212, -592473, -507 
1721831791319.00, -96964, -594931, -385 
1721831791341.00, -55756, -596997, -252 
1721831791363.00, -31312, -598205, -142 
1721831791385.00, -17107, -598903, 1 
1721831791406.00, -8392, -599276, 51 
1721831791426.00, -205, -599467, 53 
1721831791448.00, 3952, -599479, 206 
1721831791470.00, 15847, -599390, 432 
1721831791491.00, 36608, -599048, 718 
1721831791513.00, 66421, -598284, 657 
1721831791535.00, 80365, -596850, 809 
1721831791557.00, 97689, -595095, 1001 
1721831791578.00, 119477, -592954, 993 
1721831791599.00, 131615, -590340, 1032 
1721831791621.00, 140964, -587465, 1085 
1721831791643.00, 149665, -584366, 1083 
1721831791664.00, 154900, -581085, 1080 
1721831791686.00, 157400, -577701, 1119 
1721831791708.00, 161202, -574251, 1133 
1721831791730.00, 164242, -570740, 1145 
1721831791752.00, 166448, -567140, 1180 
1721831791773.00, 169894, -563506, 1206 
1721831791795.00, 173485, -559788, 1228 
1721831791817.00, 174764, -556000, 1270 
1721831791839.00, 174751, -552187, 1260 
1721831791861.00, 174753, -548356, 1283 
1721831791882.00, 174932, -544543, 1276 
1721831791904.00, 174648, -540723, 1273 
1721831791926.00, 174802, -536911, 1273 
1721831791948.00, 174965, -533107, 1304 
1721831791970.00, 174846, -529279, 1309 
1721831791991.00, 174750, -525463, 1290 
1721831792013.00, 174877, -521653, 1305 
1721831792035.00, 174733, -517832, 1317 
1721831792057.00, 174552, -514016, 1286 
1721831792078.00, 174895, -510207, 1295 
1721831792100.00, 175065, -506389, 1290 
1721831792123.00, 174545, -502559, 1288 
1721831792144.00, 174625, -498740, 1278 
1721831792166.00, 174707, -494927, 1274 
1721831792188.00, 174689, -491107, 1273 
1721831792209.00, 174661, -487310, 1281 
1721831792232.00, 174842, -483486, 1285 
1721831792253.00, 174950, -479663, 1293 
1721831792275.00, 174745, -475833, 1312 
1721831792297.00, 174647, -472030, 1305 
1721831792318.00, 174718, -468206, 1311 
1721831792341.00, 174751, -464398, 1303 
1721831792362.00, 174689, -460578, 1286 
1721831792384.00, 174726, -456771, 1248 
1721831792406.00, 174516, -452953, 1189 
1721831792427.00, 170769, -449130, 1104 
1721831792450.00, 163453, -445409, 988 
1721831792472.00, 151970, -441881, 832 
1721831792494.00, 135686, -438598, 656 
1721831792516.00, 115380, -435666, 454 
1721831792537.00, 90962, -433188, 246 
1721831792559.00, 64058, -431253, 29 
1721831792581.00, 33426, -429877, -150 
1721831792602.00, 5734, -429143, -319 
1721831792627.00, -19502, -429012, -617 
1721831792646.00, -52877, -429411, -777 
1721831792667.00, -82242, -430518, -740 
1721831792689.00, -97271, -432310, -870 
1721831792711.00, -113801, -434428, -871 
1721831792733.00, -123655, -436920, -886 
1721831792754.00, -130126, -439610, -911 
1721831792776.00, -135469, -442455, -915 
1721831792798.00, -138532, -445404, -932 
1721831792819.00, -141228, -448417, -934 
1721831792841.00, -142609, -451499, -946 
1721831792863.00, -143906, -454598, -948 
1721831792885.00, -144709, -457732, -958 
1721831792907.00, -145785, -460884, -982 
1721831792927.00, -147717, -464054, -987 
1721831792949.00, -148986, -467282, -986 
1721831792971.00, -149637, -470522, -996 
1721831792993.00, -150399, -473764, -992 
1721831793015.00, -150577, -477053, -996 
1721831793035.00, -150746, -480325, -1016 
1721831793057.00, -151702, -483615, -1029 
1721831793079.00, -152846, -486944, -1039 
1721831793100.00, -154253, -490286, -1064 
1721831793123.00, -156561, -493676, -1096 
1721831793144.00, -159642, -497083, -1097 
1721831793165.00, -161167, -500588, -1088 
1721831793188.00, -161790, -504114, -1081 
1721831793210.00, -161659, -507651, -1090 
1721831793232.00, -162029, -511181, -1093 
1721831793254.00, -162627, -514717, -1095 
1721831793277.00, -162868, -518261, -1138 
1721831793298.00, -165379, -521810, -1169 
1721831793320.00, -168510, -525442, -1162 
1721831793340.00, -169977, -529124, -1207 
1721831793362.00, -173286, -532854, -1191 
1721831793384.00, -174311, -536638, -1187 
1721831793406.00, -174655, -540445, -1179 
1721831793428.00, -174419, -544262, -1159 
1721831793449.00, -172616, -548051, -1202 
1721831793472.00, -174241, -551838, -1181 
1721831793493.00, -173791, -555640, -1160 
1721831793516.00, -171962, -559437, -1166 
1721831793536.00, -171410, -563176, -1093 
1721831793559.00, -166544, -566927, -1067 
1721831793581.00, -161895, -570555, -1050 
1721831793606.00, -158317, -574077, -934 
1721831793625.00, -148930, -577508, -894 
1721831793647.00, -140762, -580728, -845 
1721831793669.00, -132858, -583784, -750 
1721831793691.00, -122507, -586661, -685 
1721831793712.00, -112074, -589311, -590 
1721831793735.00, -100376, -591743, -458 
1721831793756.00, -85306, -593904, -321 
1721831793778.00, -48814, -595727, -213 
1721831793799.00, -26895, -596773, -87 
1721831793823.00, -13739, -597356, 104 
1721831793842.00, -77, -597655, 341 
1721831793864.00, 21598, -597674, 449 
1721831793885.00, 42132, -597236, 461 
1721831793907.00, 54364, -596334, 800 
1721831793929.00, 82041, -595157, 894 
1721831793950.00, 104366, -593379, 823 
1721831793971.00, 113163, -591093, 1000 
1721831793993.00, 128618, -588624, 1040 
1721831794016.00, 140212, -585794, 984 
1721831794036.00, 143665, -582729, 1059 
1721831794057.00, 150048, -579594, 1041 
1721831794080.00, 152659, -576312, 1011 
1721831794102.00, 152131, -572970, 1084 
1721831794123.00, 156028, -569654, 1083 
1721831794145.00, 158312, -566228, 1088 
1721831794166.00, 159688, -562771, 1139 
1721831794190.00, 163424, -559285, 1136 
1721831794211.00, 165580, -555703, 1163 
1721831794232.00, 168447, -552087, 1184 
1721831794254.00, 171259, -548401, 1181 
1721831794276.00, 172468, -544655, 1196 
1721831794298.00, 174102, -540869, 1210 
1721831794319.00, 174743, -537074, 1215 
1721831794341.00, 174688, -533264, 1240 
1721831794363.00, 174688, -529444, 1217 
1721831794385.00, 174672, -525626, 1189 
1721831794407.00, 174821, -521806, 1181 
1721831794428.00, 174136, -517990, 1167 
1721831794450.00, 172761, -514193, 1144 
1721831794472.00, 170637, -510415, 1141 
1721831794494.00, 169139, -506698, 1158 
1721831794516.00, 169332, -502994, 1143 
1721831794537.00, 168069, -499293, 1158 
1721831794560.00, 168483, -495619, 1172 
1721831794582.00, 169351, -491932, 1181 
1721831794603.00, 170304, -488236, 1173 
1721831794624.00, 170450, -484510, 1197 
1721831794647.00, 171819, -480787, 1218 
1721831794668.00, 174103, -477028, 1208 
1721831794690.00, 174828, -473231, 1208 
1721831794712.00, 174691, -469407, 1202 
1721831794733.00, 174311, -465594, 1192 
1721831794756.00, 173579, -461782, 1132 
1721831794778.00, 169354, -458005, 1072 
1721831794801.00, 163225, -454318, 970 
1721831794822.00, 153254, -450771, 836 
1721831794844.00, 139382, -447463, 717 
1721831794866.00, 123780, -444444, 604 
1721831794888.00, 107620, -441787, 487 
1721831794909.00, 90919, -439454, 364 
1721831794931.00, 73596, -437508, 250 
1721831794952.00, 56310, -435922, 149 
1721831794974.00, 40132, -434725, 37 
1721831794996.00, 23865, -433847, -85 
1721831795017.00, 6768, -433322, -207 
1721831795039.00, -9678, -433163, -281 
1721831795060.00, -25062, -433362, -276 
1721831795082.00, -33613, -433894, -498 
1721831795104.00, -51857, -434631, -568 
1721831795126.00, -66911, -435738, -602 
1721831795147.00, -77789, -437195, -707 
1721831795169.00, -90608, -438900, -795 
1721831795191.00, -103428, -440862, -833 
1721831795213.00, -113197, -443121, -920 
1721831795234.00, -124154, -445608, -964 
1721831795255.00, -133106, -448314, -973 
1721831795276.00, -139046, -451226, -1001 
1721831795298.00, -143971, -454275, -1037 
1721831795320.00, -149020, -457409, -1058 
1721831795342.00, -153083, -460685, -1075 
1721831795363.00, -156281, -464022, -1097 
1721831795385.00, -159299, -467456, -1104 
1721831795407.00, -161694, -470944, -1106 
1721831795428.00, -162943, -474471, -1107 
1721831795451.00, -163703, -478035, -1128 
1721831795473.00, -165443, -481594, -1137 
1721831795494.00, -166976, -485228, -1157 
1721831795516.00, -169154, -488865, -1174 
1721831795538.00, -171152, -492575, -1189 
1721831795560.00, -172885, -496299, -1204 
1721831795581.00, -174950, -500102, -1225 
1721831795603.00, -174672, -503926, -1211 
1721831795625.00, -174728, -507727, -1221 
1721831795647.00, -174940, -511548, -1226 
1721831795669.00, -174766, -515357, -1219 
1721831795691.00, -174764, -519185, -1204 
1721831795712.00, -174556, -522995, -1195 
1721831795735.00, -174741, -526820, -1159 
1721831795756.00, -172889, -530624, -1157 
1721831795778.00, -171601, -534396, -1129 
1721831795800.00, -169155, -538128, -1072 
1721831795824.00, -163816, -541837, -1073 
1721831795844.00, -160756, -545403, -1050 
1721831795865.00, -157463, -548919, -1031 
1721831795887.00, -154269, -552361, -1053 
1721831795909.00, -153619, -555714, -1071 
1721831795930.00, -154309, -559083, -1033 
1721831795952.00, -152435, -562449, -1061 
1721831795974.00, -152796, -565782, -1065 
1721831795996.00, -153337, -569126, -1021 
1721831796018.00, -150997, -572463, -1048 
1721831796040.00, -151051, -575764, -1036 
1721831796063.00, -150485, -579047, -928 
1721831796084.00, -143256, -582322, -868 
1721831796106.00, -135400, -585432, -748 
1721831796128.00, -123292, -588343, -578 
1721831796149.00, -105802, -591011, -467 
1721831796171.00, -88727, -593286, -362 
1721831796192.00, -50338, -595191, -258 
1721831796214.00, -27181, -596272, -151 
1721831796236.00, -13832, -596875, -8 
1721831796258.00, -5984, -597165, 216 
1721831796279.00, 10726, -597294, 401 
1721831796300.00, 32510, -597084, 466 
1721831796322.00, 49458, -596398, 648 
1721831796344.00, 70253, -595338, 866 
1721831796365.00, 95716, -593805, 855 
1721831796386.00, 110272, -591732, 926 
1721831796408.00, 122939, -589314, 1045 
1721831796430.00, 137612, -586618, 1031 
1721831796453.00, 145426, -583596, 1058 
1721831796473.00, 151320, -580421, 1116 
1721831796495.00, 158140, -577098, 1108 
1721831796517.00, 161512, -573639, 1135 
1721831796538.00, 165076, -570118, 1151 
1721831796562.00, 167857, -566505, 1161 
1721831796596.00, 170114, -562842, 1188 
1721831796604.00, 173005, -559115, 1199 
1721831796626.00, 174800, -555347, 1219 
1721831796647.00, 174632, -551512, 1237 
1721831796670.00, 174996, -547690, 1214 
1721831796691.00, 174638, -543882, 1232 
1721831796713.00, 174481, -540063, 1238 
1721831796735.00, 174654, -536244, 1241 
1721831796757.00, 174892, -532434, 1232 
1721831796781.00, 174709, -528608, 1241 
1721831796801.00, 174762, -524793, 1221 
1721831796822.00, 174720, -520983, 1210 
1721831796844.00, 174641, -517162, 1209 
1721831796866.00, 174722, -513355, 1202 
1721831796889.00, 174964, -509537, 1184 
1721831796910.00, 174726, -505722, 1182 
1721831796931.00, 174531, -501899, 1183 
1721831796953.00, 174522, -498087, 1151 
1721831796975.00, 172317, -494284, 1149 
1721831796999.00, 170730, -490517, 1122 
1721831797019.00, 168324, -486789, 1092 
1721831797040.00, 165025, -483112, 1064 
1721831797062.00, 161292, -479518, 1051 
1721831797084.00, 158092, -476003, 1014 
1721831797109.00, 153774, -472564, 952 
1721831797128.00, 147429, -469220, 925 
1721831797150.00, 142131, -466009, 923 
1721831797172.00, 138832, -462924, 942 
1721831797194.00, 137778, -459903, 932 
1721831797217.00, 136813, -456914, 951 
1721831797237.00, 137349, -453944, 974 
1721831797259.00, 138911, -450959, 966 
1721831797281.00, 139119, -447938, 953 
1721831797302.00, 138285, -444906, 948 
1721831797324.00, 137601, -441891, 918 
1721831797346.00, 135285, -438896, 894 
1721831797367.00, 132418, -435960, 849 
1721831797390.00, 127912, -433084, 769 
1721831797411.00, 120262, -430311, 661 
1721831797435.00, 68533, -427719, 548 
1721831797455.00, 37983, -426226, 496 
1721831797476.00, 20036, -425405, 316 
1721831797497.00, 9689, -424970, 153 
1721831797519.00, 3669, -424764, -20 
1721831797541.00, -429, -424690, -218 
1721831797562.00, -15108, -424702, -357 
1721831797584.00, -32157, -425034, -700 
1721831797606.00, -63211, -425721, -811 
1721831797627.00, -88151, -427067, -818 
1721831797649.00, -103337, -428990, -918 
1721831797670.00, -118337, -431243, -967 
1721831797692.00, -129848, -433826, -990 
1721831797713.00, -138234, -436665, -1015 
1721831797734.00, -144370, -439697, -1060 
1721831797757.00, -150614, -442862, -1102 
1721831797778.00, -156744, -446164, -1118 
1721831797800.00, -161245, -449572, -1128 
1721831797822.00, -164415, -453116, -1165 
1721831797844.00, -168180, -456694, -1159 
1721831797865.00, -169922, -460392, -1153 
1721831797888.00, -170487, -464100, -1173 
1721831797909.00, -171920, -467837, -1168 
1721831797931.00, -172399, -471601, -1159 
1721831797953.00, -172155, -475361, -1174 
1721831797975.00, -172953, -479118, -1189 
1721831797996.00, -174276, -482888, -1203 
1721831798019.00, -174796, -486702, -1220 
1721831798040.00, -174664, -490518, -1232 
1721831798062.00, -174905, -494351, -1222 
1721831798084.00, -174825, -498158, -1252 
1721831798106.00, -174799, -501981, -1263 
1721831798128.00, -174726, -505788, -1261 
1721831798149.00, -174798, -509616, -1253 
1721831798171.00, -174647, -513432, -1277 
1721831798193.00, -174777, -517254, -1292 
1721831798215.00, -174836, -521066, -1313 
1721831798236.00, -174851, -524884, -1324 
1721831798258.00, -174611, -528706, -1378 
1721831798279.00, -174904, -532525, -1354 
1721831798302.00, -174567, -536350, -1344 
1721831798324.00, -174353, -540149, -1326 
1721831798346.00, -174892, -543956, -1168 
1721831798367.00, -173795, -547759, -1193 
1721831798389.00, -174325, -551562, -1142 
1721831798411.00, -171531, -555353, -1001 
1721831798433.00, -161101, -559104, -1017 
1721831798456.00, -155813, -562605, -947 
1721831798478.00, -148479, -565991, -891 
1721831798499.00, -140830, -569219, -928 
1721831798521.00, -138151, -572260, -890 
1721831798543.00, -134313, -575281, -927 
1721831798565.00, -134312, -578190, -924 
1721831798586.00, -133937, -581112, -917 
1721831798608.00, -133325, -584032, -909 
1721831798630.00, -132481, -586916, -794 
1721831798651.00, -125083, -589795, -707 
1721831798673.00, -115249, -592499, -601 
1721831798695.00, -102997, -594981, -467 
1721831798716.00, -59108, -597191, -358 
1721831798738.00, -32844, -598482, -291 
1721831798759.00, -17440, -599204, -207 
1721831798781.00, -8550, -599584, -70 
1721831798803.00, -3246, -599753, 102 
1721831798824.00, 5470, -599817, 282 
1721831798846.00, 21389, -599708, 440 
1721831798868.00, 40859, -599257, 491 
1721831798889.00, 55417, -598386, 712 
1721831798911.00, 77295, -597180, 818 
1721831798932.00, 96666, -595510, 824 
1721831798953.00, 108329, -593391, 924 
1721831798981.00, 121163, -591027, 961 
1721831798997.00, 131196, -588389, 938 
1721831799019.00, 135389, -585526, 977 
1721831799040.00, 140049, -582577, 967 
1721831799062.00, 142270, -579527, 948 
1721831799087.00, 142337, -576436, 966 
1721831799106.00, 143199, -573329, 969 
1721831799127.00, 143796, -570226, 1000 
1721831799149.00, 145908, -567075, 1018 
1721831799171.00, 148264, -563890, 1052 
1721831799192.00, 151602, -560650, 1069 
1721831799214.00, 154284, -557330, 1098 
1721831799237.00, 157902, -553956, 1141 
1721831799258.00, 162453, -550502, 1147 
1721831799280.00, 165331, -546960, 1172 
1721831799302.00, 168573, -543342, 1199 
1721831799322.00, 172022, -539661, 1192 
1721831799344.00, 173369, -535908, 1200 
1721831799367.00, 174565, -532114, 1190 
1721831799389.00, 174844, -528290, 1200 
1721831799413.00, 174676, -524482, 1170 
1721831799432.00, 173036, -520673, 1151 
1721831799453.00, 171109, -516883, 1154 
1721831799476.00, 170118, -513158, 1151 
1721831799497.00, 169467, -509440, 1136 
1721831799520.00, 167585, -505739, 1139 
1721831799541.00, 166878, -502078, 1132 
1721831799563.00, 165872, -498424, 1111 
1721831799585.00, 164066, -494804, 1102 
1721831799607.00, 162345, -491233, 1106 
1721831799628.00, 161359, -487691, 1083 
1721831799650.00, 159342, -484167, 1079 
1721831799672.00, 158003, -480682, 1075 
1721831799694.00, 156933, -477237, 1077 
1721831799715.00, 156340, -473815, 1064 
1721831799737.00, 155152, -470398, 1037 
1721831799759.00, 152788, -467010, 1028 
1721831799781.00, 150888, -463678, 1004 
1721831799804.00, 148006, -460385, 985 
1721831799826.00, 145329, -457184, 957 
1721831799848.00, 141983, -454024, 923 
1721831799869.00, 137798, -450939, 855 
1721831799890.00, 131030, -447959, 766 
1721831799912.00, 121617, -445119, 661 
1721831799934.00, 109481, -442484, 528 
1721831799956.00, 94364, -440126, 382 
1721831799977.00, 76787, -438110, 229 
1721831799999.00, 56804, -436461, 67 
1721831800021.00, 35406, -435252, -74 
1721831800043.00, 13939, -434483, -218 
1721831800066.00, -6826, -434157, -348 
1721831800086.00, -27141, -434301, -573 
1721831800107.00, -53026, -434875, -635 
1721831800129.00, -72094, -435994, -661 
1721831800150.00, -84800, -437566, -794 
1721831800174.00, -100082, -439404, -818 
1721831800194.00, -110562, -441595, -848 
1721831800216.00, -118420, -444005, -893 
1721831800237.00, -125733, -446594, -921 
1721831800259.00, -131550, -449324, -946 
1721831800281.00, -136407, -452210, -963 
1721831800302.00, -140011, -455180, -980 
1721831800324.00, -143281, -458243, -1009 
1721831800345.00, -146793, -461379, -1031 
1721831800367.00, -150128, -464591, -1063 
1721831800390.00, -153887, -467875, -1097 
1721831800411.00, -158059, -471250, -1110 
1721831800432.00, -161000, -474703, -1123 
1721831800454.00, -163604, -478231, -1139 
1721831800476.00, -166206, -481792, -1134 
1721831800500.00, -167440, -485438, -1131 
1721831800520.00, -167761, -489093, -1129 
1721831800541.00, -167696, -492766, -1141 
1721831800563.00, -168267, -496423, -1141 
1721831800585.00, -168446, -500110, -1174 
1721831800608.00, -170383, -503790, -1200 
1721831800629.00, -173161, -507511, -1225 
1721831800650.00, -174896, -511304, -1249 
1721831800672.00, -174789, -515111, -1281 
1721831800694.00, -174490, -518944, -1296 
1721831800718.00, -174687, -522760, -1291 
1721831800737.00, -174525, -526583, -1303 
1721831800760.00, -174607, -530386, -1299 
1721831800781.00, -174937, -534214, -1274 
1721831800803.00, -174826, -538012, -1268 
1721831800826.00, -174648, -541840, -1254 
1721831800846.00, -174425, -545652, -1215 
1721831800868.00, -174680, -549476, -1162 
1721831800890.00, -173028, -553288, -1154 
1721831800913.00, -171614, -557059, -1150 
1721831800938.00, -170534, -560798, -1091 
1721831800956.00, -165862, -564507, -1087 
1721831800977.00, -163055, -568146, -1064 
1721831801001.00, -159875, -571684, -984 
1721831801023.00, -153058, -575172, -978 
1721831801046.00, -148343, -578497, -1007 
1721831801065.00, -147474, -581727, -889 
1721831801088.00, -139913, -584940, -865 
1721831801110.00, -133589, -587951, -840 
1721831801131.00, -128395, -590851, -705 
1721831801155.00, -117069, -593631, -628 
1721831801174.00, -66947, -596142, -537 
1721831801196.00, -37526, -597606, -498 
1721831801217.00, -20070, -598428, -372 
1721831801238.00, -9897, -598883, -297 
1721831801261.00, -4248, -599105, -204 
1721831801282.00, -881, -599188, -77 
1721831801303.00, 732, -599189, 168 
1721831801325.00, 11670, -599166, 411 
1721831801346.00, 32936, -598926, 438 
1721831801368.00, 47834, -598219, 581 
1721831801390.00, 64695, -597181, 870 
1721831801412.00, 92342, -595784, 876 
1721831801433.00, 109021, -593770, 936 
1721831801453.00, 122412, -591380, 1101 
1721831801476.00, 140086, -588708, 1083 
1721831801498.00, 149428, -585632, 1112 
1721831801519.00, 156634, -582344, 1195 
1721831801541.00, 165612, -578935, 1143 
1721831801563.00, 167777, -575305, 1167 
1721831801585.00, 170285, -571638, 1182 
1721831801607.00, 172595, -567910, 1160 
1721831801628.00, 172372, -564141, 1195 
1721831801651.00, 174350, -560370, 1174 
1721831801672.00, 174175, -556561, 1202 
1721831801693.00, 174826, -552752, 1217 
1721831801715.00, 174653, -548942, 1225 
1721831801738.00, 174697, -545117, 1237 
1721831801759.00, 174864, -541302, 1253 
1721831801781.00, 174660, -537480, 1251 
1721831801804.00, 174602, -533667, 1244 
1721831801825.00, 174763, -529860, 1253 
1721831801846.00, 174698, -526031, 1257 
1721831801868.00, 174777, -522227, 1251 
1721831801890.00, 174724, -518404, 1245 
1721831801912.00, 174796, -514587, 1238 
1721831801934.00, 174485, -510778, 1216 
1721831801956.00, 174555, -506972, 1191 
1721831801977.00, 174888, -503146, 1169 
1721831801999.00, 173587, -499327, 1157 
1721831802020.00, 172084, -495534, 1169 
1721831802043.00, 171851, -491768, 1178 
1721831802064.00, 172174, -488018, 1192 
1721831802087.00, 173411, -484256, 1196 
1721831802108.00, 174380, -480480, 1204 
1721831802130.00, 174725, -476659, 1209 
1721831802152.00, 174650, -472846, 1230 
1721831802173.00, 174706, -469026, 1218 
1721831802196.00, 174668, -465204, 1210 
1721831802217.00, 174639, -461399, 1190 
1721831802239.00, 174222, -457583, 1154 
1721831802261.00, 171799, -453772, 1097 
1721831802282.00, 166500, -450028, 1035 
1721831802306.00, 159483, -446411, 939 
1721831802327.00, 149573, -442945, 828 
1721831802349.00, 136825, -439721, 704 
1721831802370.00, 121612, -436758, 569 
1721831802393.00, 104427, -434139, 417 
1721831802415.00, 84968, -431904, 246 
1721831802436.00, 47876, -430076, 69 
1721831802458.00, 26393, -429050, -71 
1721831802479.00, 9430, -428478, -271 
1721831802501.00, -12342, -428281, -399 
1721831802522.00, -33280, -428529, -651 
1721831802544.00, -60710, -429222, -663 
1721831802566.00, -77830, -430525, -761 
1721831802587.00, -93774, -432219, -840 
1721831802609.00, -107913, -434259, -843 
1721831802631.00, -116332, -436617, -885 
1721831802652.00, -123840, -439152, -918 
1721831802673.00, -130025, -441863, -932 
1721831802696.00, -134571, -444697, -966 
1721831802718.00, -139120, -447624, -993 
1721831802738.00, -143226, -450655, -1045 
1721831802760.00, -148718, -453795, -1095 
1721831802781.00, -154793, -457035, -1105 
1721831802804.00, -158901, -460435, -1108 
1721831802825.00, -161490, -463905, -1107 
1721831802847.00, -162790, -467452, -1098 
1721831802869.00, -162984, -471024, -1094 
1721831802890.00, -162637, -474569, -1104 
1721831802913.00, -163194, -478126, -1130 
1721831802935.00, -164732, -481677, -1132 
1721831802956.00, -165991, -485293, -1151 
1721831802978.00, -167838, -488919, -1174 
1721831803000.00, -170008, -492585, -1188 
1721831803022.00, -171923, -496301, -1178 
1721831803044.00, -172670, -500079, -1184 
1721831803065.00, -173193, -503848, -1206 
1721831803087.00, -174759, -507616, -1204 
1721831803109.00, -174804, -511443, -1224 
1721831803131.00, -174958, -515247, -1238 
1721831803153.00, -174534, -519081, -1216 
1721831803174.00, -174710, -522893, -1213 
1721831803196.00, -174821, -526725, -1210 
1721831803218.00, -174858, -530525, -1229 
1721831803240.00, -174759, -534340, -1208 
1721831803261.00, -174814, -538154, -1206 
1721831803283.00, -174749, -541977, -1222 
1721831803305.00, -174668, -545798, -1195 
1721831803327.00, -174433, -549619, -1172 
1721831803348.00, -172908, -553423, -1181 
1721831803370.00, -172442, -557191, -1136 
1721831803392.00, -169469, -560940, -1112 
1721831803414.00, -166011, -564633, -1072 
1721831803436.00, -161313, -568260, -1009 
1721831803459.00, -154711, -571760, -945 
1721831803481.00, -146868, -575135, -863 
1721831803502.00, -137127, -578307, -773 
1721831803524.00, -125776, -581275, -742 
1721831803546.00, -117187, -584006, -697 
1721831803574.00, -109574, -586546, -602 
1721831803589.00, -99167, -588912, -535 
1721831803611.00, -89054, -591049, -481 
1721831803632.00, -79818, -592969, -423 
1721831803654.00, -45188, -594680, -353 
1721831803676.00, -24368, -595679, -360 
1721831803698.00, -12217, -596218, -307 
1721831803718.00, -5122, -596492, -257 
1721831803740.00, -1048, -596610, -249 
1721831803762.00, 548, -596637, -249 
1721831803784.00, 1930, -596629, -227 
1721831803805.00, 2913, -596590, -192 
1721831803827.00, 3511, -596529, -168 
1721831803848.00, 3871, -596455, -151 
1721831803871.00, 3944, -596371, -132 
1721831803892.00, 3832, -596281, -111 
1721831803914.00, 3859, -596201, -95 
1721831803935.00, 3686, -596121, -82 
1721831803956.00, 3545, -596040, -73 
1721831803978.00, 3433, -595961, -68 
1721831804000.00, 3338, -595887, -60 
1721831804021.00, 3322, -595817, -52 
1721831804043.00, 3322, -595746, -48 
1721831804064.00, 3216, -595676, -48 
1721831804085.00, 3125, -595606, -45 
1721831804107.00, 3099, -595536, -43 
1721831804128.00, 2900, -595471, -41 
1721831804150.00, 2917, -595407, -40 
1721831804172.00, 2752, -595348, -40 
1721831804234.00, 2701, -595287, -38 
1721831804234.00, 2704, -595228, -36 
1721831804236.00, 2617, -595172, -32 
1721831804258.00, 0, -595113, -77 
1721831804279.00, -1, -595103, -69 
1721831804300.00, 0, -595104, -72 
1721831804321.00, 0, -595104, -74 
1721831804343.00, -33, -595103, -72 
1721831804363.00, 50, -595104, -69 
1721831804384.00, 60, -595103, -66 
1721831804406.00, -3, -595104, -64 
1721831804426.00, -6, -595103, -62 
1721831804448.00, 0, -595103, -59 
1721831804469.00, 0, -595103, -59 
1721831804489.00, -13, -595103, -58 
1721831804510.00, -36, -595103, -53 
1721831804532.00, 10, -595103, -49 
1721831804553.00, 0, -595103, -45 
1721831804575.00, 51, -595101, -29 
1721831804596.00, 0, -595102, -35 
1721831804617.00, -26, -595102, -45 
1721831804638.00, 0, -595102, -32 
1721831804659.00, -42, -595102, -36 
1721831804680.00, 23, -595102, -33 
1721831804701.00, -32, -595102, -39 
1721831804722.00, 0, -595102, -37 
1721831804743.00, 0, -595102, -35 
1721831804764.00, -3, -595102, -39 
1721831804785.00, 0, -595102, -41 
1721831804806.00, -3, -595103, -41 
1721831804827.00, 0, -595102, -33 
1721831804848.00, -49, -595101, -22 
1721831804869.00, 2, -595101, -21 
1721831804890.00, 0, -595101, -26 
1721831804912.00, 56, -595101, -34 
1721831804933.00, -1, -595102, -37 
1721831804954.00, 38, -595103, -41 
1721831804975.00, -3, -595104, -55 
1721831804996.00, 0, -595101, -36 
1721831805016.00, 0, -595102, -30 
1721831805038.00, 0, -595101, -25 
1721831805059.00, -41, -595102, -35 
1721831805080.00, -49, -595102, -31 
1721831805102.00, 0, -595102, -31 
1721831805143.00, 2, -595102, -23 
1721831805144.00, 0, -595100, -12 
1721831805165.00, -13, -595101, -22 
1721831805186.00, 27, -595103, -74 
1721831805206.00, 0, -595103, -69 
1721831805228.00, 1, -595103, -73 
1721831805249.00, 0, -595103, -67 
1721831805270.00, -5, -595103, -70 
1721831805291.00, 42, -595105, -74 
1721831805312.00, -3, -595103, -63 
1721831805333.00, 0, -595104, -74 
1721831805354.00, -6, -595104, -67 
1721831805375.00, 0, -595103, -74 
1721831805397.00, -60, -595104, -64 
1721831805417.00, 13, -595104, -73 
1721831805439.00, -48, -595104, -70 
1721831805460.00, -1, -595104, -66 
1721831805481.00, 11, -595104, -72 
1721831805502.00, 0, -595104, -68 
1721831805523.00, 0, -595103, -73 
1721831805544.00, 1, -595103, -65 
1721831805565.00, 0, -595104, -74 
1721831805586.00, 0, -595104, -67 
1721831805610.00, 27, -595104, -69 
1721831805628.00, 0, -595105, -70 
1721831805649.00, 40, -595104, -69 
1721831805671.00, 27, -595104, -71 
1721831805691.00, 0, -595104, -66 
1721831805713.00, 6, -595104, -74 
1721831805734.00, -67, -595104, -66 
1721831805755.00, -63, -595104, -70 
1721831805776.00, 4, -595109, -181 
1721831805797.00, 26, -595110, -192 
1721831805819.00, -38, -595108, -152 
1721831805840.00, 0, -595104, -83 
1721831805861.00, -24, -595105, -89 
1721831805882.00, -23, -595104, -69 
1721831805903.00, 0, -595103, -73 
1721831805925.00, 10, -595105, -60 
1721831805946.00, 6, -595103, -65 
1721831805966.00, -45, -595105, -82 
1721831805988.00, 0, -595103, -61 
1721831806009.00, 34, -595104, -73 
1721831806030.00, -26, -595104, -70 
1721831806051.00, 0, -595106, -92 
1721831806072.00, 0, -595104, -70 
1721831806093.00, -3, -595104, -77 
1721831806114.00, 66, -595104, -80 
1721831806135.00, 0, -595105, -81 
1721831806156.00, -1, -595105, -78 
1721831806177.00, 0, -595105, -79 
1721831806198.00, 0, -595106, -96 
1721831806219.00, -23, -595105, -80 
1721831806240.00, 0, -595106, -90 
1721831806261.00, 2, -595106, -90 
1721831806282.00, 13, -595104, -97 
1721831806304.00, 0, -595106, -90 
1721831806325.00, 0, -595106, -96 
1721831806346.00, -20, -595107, -102 
1721831806366.00, -13, -595105, -94 
1721831806388.00, 0, -595107, -97 
1721831806409.00, -19, -595105, -90 
1721831806430.00, 0, -595106, -88 
1721831806452.00, -66, -595106, -80 
1721831806472.00, 16, -595106, -81 
1721831806493.00, 0, -595105, -81 
1721831806515.00, -1, -595106, -78 
1721831806536.00, 0, -595105, -82 
1721831806557.00, 0, -595104, -80 
1721831806577.00, 45, -595105, -79 
1721831806599.00, 0, -595105, -74 
1721831806620.00, 0, -595105, -73 
1721831806641.00, 0, -595105, -70 
1721831806662.00, -54, -595104, -68 
1721831806683.00, -9, -595104, -71 
1721831806704.00, -52, -595105, -68 
1721831806725.00, 0, -595105, -70 
1721831806746.00, 0, -595104, -70 
1721831806767.00, 0, -595104, -72 
1721831806788.00, -4, -595105, -80 
1721831806810.00, 0, -595106, -90 
1721831806830.00, -40, -595106, -91 
1721831806852.00, 21, -595105, -79 
1721831806876.00, -3, -595105, -75 
1721831806893.00, 0, -595105, -72 
1721831806914.00, -19, -595105, -72 
1721831806936.00, 0, -595104, -69 
1721831806957.00, -45, -595105, -70 
1721831806978.00, 0, -595104, -72 
1721831806999.00, -1, -595104, -69 
1721831807020.00, 0, -595104, -74 
1721831807041.00, 0, -595105, -76 
1721831807062.00, 0, -595104, -79 
1721831807084.00, 15, -595105, -80 
1721831807104.00, 0, -595106, -80 
1721831807125.00, -15, -595105, -78 
1721831807147.00, -2, -595104, -79 
1721831807168.00, 0, -595104, -80 
1721831807189.00, 1, -595104, -79 
