1720703167602.00, 1096, -601656, -384 
1720703167623.00, 1096, -601632, -380 
1720703167645.00, 1114, -601608, -378 
1720703167666.00, 1069, -601584, -378 
1720703167688.00, 1046, -601562, -377 
1720703167710.00, 988, -601540, -375 
1720703167731.00, 914, -601520, -376 
1720703167752.00, 877, -601498, -376 
1720703167774.00, 873, -601479, -371 
1720703167796.00, 877, -601459, -364 
1720703167817.00, 847, -601439, -357 
1720703167839.00, 868, -601420, -349 
1720703167860.00, 830, -601403, -344 
1720703167882.00, 813, -601385, -343 
1720703167903.00, 767, -601367, -345 
1720703167924.00, 703, -601351, -343 
1720703167947.00, 656, -601336, -341 
1720703167977.00, 709, -601320, -341 
1720703167990.00, 674, -601306, -347 
1720703168011.00, 639, -601293, -350 
1720703168033.00, 624, -601280, -349 
1720703168054.00, 624, -601267, -347 
1720703168076.00, 608, -601252, -346 
1720703168097.00, 601, -601238, -344 
1720703168119.00, 571, -601226, -342 
1720703168140.00, 530, -601213, -341 
1720703168161.00, 493, -601202, -344 
1720703168183.00, 459, -601192, -345 
1720703168204.00, 451, -601180, -345 
1720703168227.00, 420, -601172, -347 
1720703168248.00, 405, -601162, -348 
1720703168269.00, 395, -601154, -347 
1720703168291.00, 418, -601144, -347 
1720703168313.00, 398, -601135, -346 
1720703168334.00, 384, -601126, -347 
1720703168356.00, 367, -601119, -348 
1720703168378.00, 377, -601111, -350 
1720703168399.00, 369, -601104, -351 
1720703168421.00, 365, -601095, -353 
1720703168442.00, 351, -601087, -355 
1720703168464.00, 398, -601079, -360 
1720703168485.00, 376, -601072, -362 
1720703168507.00, 361, -601063, -365 
1720703168528.00, 337, -601056, -371 
1720703168550.00, 330, -601047, -371 
1720703168575.00, 311, -601041, -369 
1720703168593.00, 284, -601035, -368 
1720703168614.00, 282, -601027, -368 
1720703168636.00, 273, -601023, -367 
1720703168657.00, 264, -601016, -365 
1720703168683.00, 271, -601010, -365 
1720703168701.00, 263, -601004, -362 
1720703168722.00, 247, -600997, -360 
1720703168746.00, 231, -600991, -359 
1720703168765.00, 227, -600987, -357 
1720703168788.00, 220, -600981, -356 
1720703168809.00, 227, -600977, -353 
1720703168830.00, 218, -600973, -354 
1720703168851.00, 220, -600969, -352 
1720703168873.00, 212, -600963, -348 
1720703168899.00, 212, -600958, -345 
1720703168916.00, 204, -600953, -340 
1720703168938.00, 191, -600948, -337 
1720703168959.00, 186, -600945, -332 
1720703168981.00, 172, -600938, -332 
1720703169002.00, 197, -600936, -332 
1720703169024.00, 197, -600931, -325 
1720703169045.00, 198, -600926, -324 
1720703169067.00, 165, -600922, -325 
1720703169089.00, 163, -600918, -328 
1720703169110.00, 174, -600915, -325 
1720703169132.00, 156, -600912, -324 
1720703169153.00, 140, -600909, -328 
1720703169175.00, 211, -600906, -330 
1720703169197.00, 158, -600900, -298 
1720703169217.00, 113, -600895, -311 
1720703169239.00, 142, -600895, -332 
1720703169261.00, 133, -600890, -318 
1720703169282.00, 198, -600888, -324 
1720703169304.00, 184, -600885, -315 
1720703169324.00, 175, -600880, -320 
1720703169348.00, 169, -600877, -320 
1720703169369.00, 155, -600873, -318 
1720703169390.00, 142, -600868, -318 
1720703169412.00, 123, -600865, -314 
1720703169433.00, 123, -600862, -312 
1720703169455.00, 131, -600860, -305 
1720703169476.00, 132, -600857, -302 
1720703169498.00, 138, -600855, -300 
1720703169520.00, 140, -600852, -296 
1720703169541.00, 123, -600849, -290 
1720703169567.00, 111, -600847, -286 
1720703169584.00, 105, -600844, -285 
1720703169606.00, 99, -600841, -288 
1720703169626.00, 84, -600840, -288 
1720703169649.00, 89, -600838, -287 
1720703169670.00, 82, -600836, -287 
1720703169691.00, 74, -600834, -290 
1720703169713.00, 67, -600833, -292 
1720703169734.00, 64, -600830, -289 
1720703169756.00, 82, -600829, -286 
1720703169778.00, 80, -600827, -284 
1720703169799.00, 83, -600824, -284 
1720703169821.00, 91, -600823, -280 
1720703169842.00, 90, -600821, -276 
1720703169863.00, 81, -600819, -273 
1720703169886.00, 82, -600817, -273 
1720703169906.00, 63, -600814, -272 
1720703169927.00, 61, -600814, -269 
1720703169949.00, 60, -600811, -267 
1720703169971.00, 51, -600810, -267 
1720703169993.00, 41, -600808, -270 
1720703170014.00, 13, -600808, -272 
1720703170035.00, 12, -600807, -274 
1720703170057.00, 64, -600806, -274 
1720703170078.00, 50, -600806, -271 
1720703170099.00, 64, -600804, -269 
1720703170120.00, 31, -600805, -271 
1720703170142.00, 4, -600804, -273 
1720703170163.00, -4, -600802, -275 
1720703170185.00, 17, -600801, -278 
1720703170206.00, -4, -600801, -283 
1720703170228.00, 0, -600801, -285 
1720703170249.00, 0, -600801, -288 
1720703170270.00, 0, -600801, -289 
1720703170291.00, 0, -600801, -289 
1720703170313.00, 0, -600800, -285 
1720703170333.00, 0, -600800, -282 
1720703170355.00, 0, -600801, -279 
1720703170376.00, 0, -600800, -282 
1720703170398.00, 56, -600800, -282 
1720703170419.00, 0, -600801, -285 
1720703170441.00, 0, -600800, -287 
1720703170462.00, 0, -600800, -288 
1720703170483.00, 1, -600800, -287 
1720703170505.00, 14, -600799, -285 
1720703170525.00, 0, -600799, -282 
1720703170547.00, -1, -600799, -282 
1720703170569.00, 0, -600800, -282 
1720703170590.00, 0, -600799, -278 
1720703170611.00, 0, -600798, -274 
1720703170632.00, 0, -600799, -275 
1720703170656.00, -2, -600798, -281 
1720703170675.00, 0, -600799, -284 
1720703170696.00, 0, -600798, -282 
1720703170717.00, -2, -600798, -281 
1720703170739.00, 0, -600798, -277 
1720703170760.00, 0, -600797, -275 
1720703170782.00, 0, -600798, -275 
1720703170802.00, 0, -600799, -275 
1720703170824.00, 0, -600798, -276 
1720703170846.00, 0, -600797, -277 
1720703170867.00, 70, -600798, -278 
1720703170888.00, 0, -600798, -281 
1720703170909.00, 0, -600798, -286 
1720703170931.00, 0, -600798, -288 
1720703170952.00, 0, -600797, -288 
1720703170973.00, 0, -600797, -286 
1720703170994.00, 0, -600798, -284 
1720703171016.00, 0, -600797, -283 
1720703171037.00, 0, -600797, -283 
1720703171059.00, 0, -600798, -282 
1720703171079.00, -3, -600797, -282 
1720703171102.00, 0, -600797, -282 
1720703171122.00, 0, -600798, -283 
1720703171144.00, 0, -600797, -285 
1720703171165.00, 0, -600797, -286 
1720703171186.00, 0, -600798, -285 
1720703171208.00, 0, -600797, -287 
1720703171229.00, 0, -600797, -289 
1720703171250.00, 0, -600798, -291 
1720703171271.00, 0, -600798, -294 
1720703171293.00, 0, -600797, -299 
1720703171314.00, 0, -600798, -306 
1720703171335.00, 0, -600799, -312 
1720703171356.00, 0, -600799, -317 
1720703171377.00, 0, -600798, -321 
1720703171399.00, 0, -600798, -322 
1720703171420.00, 0, -600799, -329 
1720703171441.00, 0, -600798, -334 
1720703171463.00, 0, -600799, -337 
1720703171484.00, 60, -600799, -348 
1720703171506.00, 0, -600799, -361 
1720703171531.00, 0, -600800, -363 
1720703171548.00, 0, -600800, -378 
1720703171570.00, 0, -600801, -390 
1720703171590.00, 0, -600801, -398 
1720703171613.00, 0, -600802, -416 
1720703171638.00, 0, -600803, -438 
1720703171656.00, -16, -600802, -442 
1720703171677.00, 0, -600804, -453 
1720703171698.00, 0, -600804, -465 
1720703171719.00, 0, -600805, -474 
1720703171744.00, -9, -600804, -482 
1720703171762.00, 0, -600806, -493 
1720703171783.00, 0, -600806, -501 
1720703171805.00, 1, -600806, -506 
1720703171826.00, 0, -600806, -513 
1720703171847.00, 0, -600807, -518 
1720703171868.00, 0, -600807, -525 
1720703171890.00, 4, -600806, -527 
1720703171911.00, 0, -600807, -532 
1720703171932.00, 0, -600807, -535 
1720703171954.00, 0, -600807, -529 
1720703171976.00, 0, -600807, -527 
1720703171996.00, 0, -600807, -520 
1720703172018.00, -15, -600807, -507 
1720703172039.00, 0, -600806, -493 
1720703172060.00, 0, -600806, -476 
1720703172081.00, 0, -600805, -459 
1720703172103.00, 0, -600804, -446 
1720703172124.00, 0, -600804, -431 
1720703172145.00, 0, -600804, -418 
1720703172167.00, 0, -600803, -404 
1720703172188.00, 1, -600802, -392 
1720703172209.00, 0, -600801, -367 
1720703172231.00, 50, -600799, -302 
1720703172252.00, 26, -600796, -239 
1720703172274.00, 142, -600792, -172 
1720703172295.00, 295, -600785, -96 
1720703172317.00, 185, -600777, -55 
1720703172338.00, 108, -600772, -54 
1720703172359.00, 62, -600768, -44 
1720703172381.00, 63, -600766, -43 
1720703172403.00, 64, -600764, -36 
1720703172423.00, 61, -600764, -35 
1720703172445.00, -4, -600764, -32 
1720703172466.00, 7, -600761, -28 
1720703172487.00, -3, -600761, -26 
1720703172512.00, 1, -600761, -22 
1720703172530.00, 0, -600760, -20 
1720703172552.00, 4, -600760, -20 
1720703172573.00, 32, -600761, -22 
1720703172594.00, 67, -600760, -21 
1720703172620.00, 56, -600759, -21 
1720703172637.00, 0, -600759, -21 
1720703172658.00, -4, -600758, -21 
1720703172679.00, 0, -600758, -21 
1720703172700.00, -1, -600757, -20 
1720703172721.00, 0, -600757, -19 
1720703172743.00, 1, -600758, -19 
1720703172764.00, 0, -600757, -19 
1720703172786.00, 42, -600757, -19 
1720703172807.00, 0, -600757, -19 
1720703172828.00, -4, -600757, -19 
1720703172849.00, 0, -600755, -18 
1720703172870.00, 0, -600756, -17 
1720703172891.00, 44, -600757, -16 
1720703172913.00, 1, -600755, -14 
1720703172934.00, 67, -600755, -12 
1720703172955.00, 67, -600756, -11 
1720703172977.00, 63, -600755, -9 
1720703172997.00, 50, -600755, -7 
1720703173019.00, -5, -600754, -6 
1720703173041.00, 0, -600754, -4 
1720703173061.00, 0, -600754, -2 
1720703173083.00, -4, -600754, -1 
1720703173104.00, 0, -600752, 0 
1720703173125.00, 0, -600753, 0 
1720703173145.00, 0, -600751, 0 
1720703173166.00, 0, -600753, 1 
1720703173188.00, 54, -600751, 2 
1720703173209.00, 2, -600751, 2 
1720703173230.00, 1, -600751, 2 
1720703173251.00, 1, -600752, 3 
1720703173281.00, -4, -600751, 4 
1720703173294.00, 0, -600752, 5 
1720703173314.00, 0, -600751, 6 
1720703173335.00, 0, -600750, 6 
1720703173356.00, -5, -600751, 7 
1720703173377.00, 1, -600750, 8 
1720703173399.00, 1, -600750, 15 
1720703173420.00, 931, -600749, 22 
1720703173441.00, 1922, -600731, 25 
1720703173463.00, 2700, -600688, 28 
1720703173485.00, 3332, -600631, 32 
1720703173506.00, 3977, -600562, 35 
1720703173528.00, 4547, -600477, 31 
1720703173549.00, 4590, -600378, 29 
1720703173570.00, 4354, -600281, 30 
1720703173592.00, 4336, -600188, 34 
1720703173613.00, 4531, -600092, 35 
1720703173635.00, 4734, -599992, 32 
1720703173656.00, 4708, -599890, 29 
1720703173678.00, 4576, -599788, 25 
1720703173699.00, 4391, -599691, 25 
1720703173721.00, 4045, -599597, 28 
1720703173742.00, 4016, -599508, 31 
1720703173764.00, 4105, -599422, 28 
1720703173785.00, 4131, -599333, 23 
1720703173807.00, 3782, -599248, 17 
1720703173828.00, 3220, -599168, 15 
1720703173849.00, 2781, -599099, 15 
1720703173871.00, 2454, -599040, 15 
1720703173892.00, 2284, -598986, 15 
1720703173914.00, 2228, -598935, 17 
1720703173935.00, 2402, -598888, 16 
1720703173956.00, 2341, -598836, 17 
1720703173978.00, 2370, -598784, 22 
1720703174000.00, 2630, -598732, 25 
1720703174021.00, 3084, -598676, 31 
1720703174044.00, 3709, -598609, 42 
1720703174064.00, 4767, -598531, 51 
1720703174085.00, 5863, -598430, 52 
1720703174107.00, 6581, -598304, 55 
1720703174128.00, 7191, -598160, 65 
1720703174154.00, 7957, -598006, 56 
1720703174171.00, 8167, -597831, 57 
1720703174193.00, 8185, -597660, 49 
1720703174214.00, 7642, -597484, 43 
1720703174236.00, 7330, -597316, 46 
1720703174263.00, 7063, -597160, 49 
1720703174279.00, 7072, -597008, 51 
1720703174300.00, 7275, -596856, 50 
1720703174322.00, 7394, -596702, 45 
1720703174343.00, 7196, -596547, 44 
1720703174369.00, 6941, -596395, 58 
1720703174386.00, 7580, -596245, 62 
1720703174407.00, 8090, -596090, 55 
1720703174429.00, 8176, -595918, 50 
1720703174451.00, 7825, -595748, 63 
1720703174471.00, 8226, -595580, 62 
1720703174493.00, 8372, -595402, 69 
1720703174515.00, 9215, -595220, 67 
1720703174536.00, 9670, -595027, 69 
1720703174558.00, 9641, -594823, 47 
1720703174579.00, 8347, -594613, 39 
1720703174601.00, 7343, -594433, 30 
1720703174621.00, 6059, -594280, 19 
1720703174643.00, 4536, -594149, 30 
1720703174665.00, 4519, -594047, 37 
1720703174686.00, 4851, -593953, 19 
1720703174707.00, 3777, -593853, -2 
1720703174729.00, 1985, -593772, -21 
1720703174751.00, 989, -593725, -18 
1720703174772.00, 415, -593702, 7 
1720703174793.00, 79, -593689, 45 
1720703174815.00, 2750, -593686, 45 
1720703174837.00, 4326, -593630, 39 
1720703174858.00, 4906, -593537, 58 
1720703174879.00, 6107, -593432, 72 
1720703174900.00, 8009, -593300, 61 
1720703174923.00, 8418, -593132, 61 
1720703174944.00, 8467, -592951, 79 
1720703174965.00, 9552, -592768, 95 
1720703174987.00, 11388, -592563, 105 
1720703175009.00, 13021, -592318, 117 
1720703175030.00, 15001, -592034, 161 
1720703175051.00, 18627, -591699, 269 
1720703175073.00, 27408, -591284, 381 
1720703175095.00, 39339, -590699, 424 
1720703175116.00, 48955, -589866, 441 
1720703175138.00, 55510, -588806, 619 
1720703175160.00, 70083, -587598, 659 
1720703175182.00, 81223, -586069, 700 
1720703175203.00, 90168, -584300, 806 
1720703175224.00, 101653, -582342, 875 
1720703175252.00, 112886, -580111, 895 
1720703175268.00, 120573, -577642, 989 
1720703175289.00, 130707, -575006, 1031 
1720703175311.00, 139325, -572143, 1068 
1720703175332.00, 146492, -569088, 1147 
1720703175354.00, 155504, -565877, 1136 
1720703175376.00, 160178, -562475, 1177 
1720703175398.00, 165226, -558958, 1244 
1720703175419.00, 172312, -555345, 1243 
1720703175442.00, 174915, -551575, 1253 
1720703175463.00, 175004, -547754, 1298 
1720703175485.00, 174664, -543926, 1331 
1720703175507.00, 174685, -540115, 1336 
1720703175529.00, 174756, -536296, 1368 
1720703175551.00, 174803, -532482, 1395 
1720703175572.00, 174901, -528667, 1405 
1720703175594.00, 174739, -524837, 1429 
1720703175616.00, 174812, -521018, 1454 
1720703175638.00, 174679, -517213, 1466 
1720703175660.00, 174751, -513390, 1488 
1720703175686.00, 174957, -509574, 1511 
1720703175703.00, 174843, -505754, 1531 
1720703175725.00, 174620, -501944, 1533 
1720703175747.00, 174725, -498116, 1550 
1720703175769.00, 174831, -494292, 1565 
1720703175795.00, 174709, -490488, 1578 
1720703175813.00, 174887, -486659, 1607 
1720703175834.00, 174890, -482838, 1611 
1720703175856.00, 174762, -479015, 1579 
1720703175877.00, 174579, -475211, 1578 
1720703175906.00, 174574, -471400, 1549 
1720703175922.00, 174951, -467577, 1528 
1720703175943.00, 174793, -463764, 1519 
1720703175965.00, 174658, -459938, 1513 
1720703175987.00, 174743, -456131, 1475 
1720703176013.00, 174592, -452313, 1433 
1720703176030.00, 174654, -448498, 1383 
1720703176052.00, 174773, -444700, 1321 
1720703176074.00, 174731, -440886, 1240 
1720703176099.00, 174414, -437075, 1096 
1720703176120.00, 168337, -433269, 870 
1720703176141.00, 151054, -429628, 709 
1720703176162.00, 86778, -426376, 625 
1720703176184.00, 48837, -424497, 611 
1720703176205.00, 27235, -423435, 410 
1720703176228.00, 14691, -422844, 248 
1720703176248.00, 7081, -422541, 80 
1720703176270.00, 2547, -422396, -93 
1720703176291.00, -4440, -422351, -272 
1720703176313.00, -20143, -422447, -312 
1720703176340.00, -31856, -422874, -547 
1720703176357.00, -52976, -423554, -582 
1720703176378.00, -67644, -424693, -651 
1720703176399.00, -80360, -426169, -748 
1720703176421.00, -93906, -427919, -725 
1720703176446.00, -100246, -429946, -772 
1720703176464.00, -106801, -432145, -799 
1720703176487.00, -112258, -434476, -801 
1720703176509.00, -115478, -436922, -818 
1720703176530.00, -118311, -439444, -848 
1720703176552.00, -121724, -442017, -823 
1720703176574.00, -122187, -444678, -815 
1720703176596.00, -121936, -447329, -843 
1720703176617.00, -123231, -449978, -836 
1720703176638.00, -123485, -452663, -746 
1720703176661.00, -118523, -455355, -718 
1720703176682.00, -113622, -457925, -725 
1720703176704.00, -111155, -460389, -671 
1720703176726.00, -106306, -462791, -688 
1720703176747.00, -104179, -465099, -745 
1720703176769.00, -106519, -467383, -738 
1720703176791.00, -107608, -469695, -735 
1720703176813.00, -107763, -472034, -810 
1720703176835.00, -112228, -474392, -861 
1720703176856.00, -118241, -476840, -852 
1720703176879.00, -120896, -479410, -911 
1720703176900.00, -125821, -482036, -979 
1720703176921.00, -133027, -484806, -925 
1720703176943.00, -134014, -487701, -881 
1720703176964.00, -131724, -490625, -966 
1720703176987.00, -135374, -493491, -884 
1720703177008.00, -132742, -496423, -798 
1720703177030.00, -126013, -499312, -887 
1720703177051.00, -127287, -502057, -939 
1720703177073.00, -131121, -504825, -934 
1720703177094.00, -133103, -507686, -975 
1720703177115.00, -136528, -510601, -1089 
1720703177137.00, -145656, -513578, -1052 
1720703177159.00, -148711, -516781, -1077 
1720703177181.00, -151787, -520036, -1168 
1720703177203.00, -159064, -523345, -1099 
1720703177228.00, -159178, -526823, -1021 
1720703177247.00, -154203, -530303, -1107 
1720703177269.00, -156556, -533680, -987 
1720703177291.00, -151011, -537085, -874 
1720703177311.00, -140656, -540357, -1006 
1720703177335.00, -142289, -543422, -892 
1720703177357.00, -136482, -546506, -879 
1720703177378.00, -132208, -549487, -917 
1720703177399.00, -131928, -552351, -920 
1720703177422.00, -131976, -555209, -915 
1720703177443.00, -131697, -558086, -958 
1720703177465.00, -134067, -560945, -987 
1720703177487.00, -137237, -563857, -984 
1720703177507.00, -138939, -566864, -1060 
1720703177529.00, -144374, -569895, -1129 
1720703177551.00, -151813, -573052, -1133 
1720703177572.00, -156392, -576375, -1132 
1720703177594.00, -158899, -579781, -1096 
1720703177617.00, -157991, -583259, -976 
1720703177639.00, -150127, -586685, -834 
1720703177661.00, -136740, -589933, -690 
1720703177683.00, -120148, -592883, -445 
1720703177704.00, -67967, -595455, -269 
1720703177725.00, -37295, -596927, -198 
1720703177748.00, -19066, -597745, -78 
1720703177769.00, -8802, -598168, 22 
1720703177790.00, -1463, -598372, 55 
1720703177812.00, 4452, -598402, 171 
1720703177834.00, 14933, -598313, 301 
1720703177855.00, 29366, -597982, 462 
1720703177876.00, 47422, -597344, 739 
1720703177898.00, 74781, -596333, 785 
1720703177920.00, 93820, -594714, 893 
1720703177942.00, 111661, -592671, 998 
1720703177962.00, 128425, -590226, 1029 
1720703177984.00, 140040, -587417, 1085 
1720703178006.00, 149899, -584339, 1112 
1720703178028.00, 157324, -581055, 1141 
1720703178050.00, 163421, -577603, 1194 
1720703178072.00, 170117, -574018, 1237 
1720703178093.00, 175151, -570300, 1258 
1720703178115.00, 174915, -566474, 1295 
1720703178137.00, 174703, -562655, 1327 
1720703178159.00, 174726, -558836, 1344 
1720703178180.00, 174716, -555023, 1390 
1720703178202.00, 174586, -551207, 1406 
1720703178224.00, 174581, -547390, 1402 
1720703178246.00, 174642, -543566, 1423 
1720703178267.00, 174684, -539758, 1456 
1720703178289.00, 174697, -535935, 1471 
1720703178311.00, 174680, -532113, 1491 
1720703178333.00, 174890, -528296, 1511 
1720703178355.00, 174537, -524472, 1540 
1720703178376.00, 174424, -520659, 1571 
1720703178398.00, 174526, -516850, 1578 
1720703178420.00, 174709, -513038, 1598 
1720703178442.00, 174753, -509211, 1608 
1720703178464.00, 174745, -505408, 1586 
1720703178486.00, 174780, -501585, 1610 
1720703178507.00, 174526, -497761, 1605 
1720703178532.00, 174554, -493964, 1610 
1720703178551.00, 174725, -490150, 1601 
1720703178572.00, 174741, -486324, 1582 
1720703178595.00, 174600, -482507, 1560 
1720703178617.00, 174602, -478694, 1524 
1720703178643.00, 174576, -474876, 1486 
1720703178660.00, 174564, -471079, 1473 
1720703178682.00, 174721, -467267, 1440 
1720703178703.00, 174822, -463438, 1415 
1720703178726.00, 174662, -459632, 1392 
1720703178749.00, 174372, -455817, 1374 
1720703178770.00, 174275, -452002, 1317 
1720703178791.00, 174337, -448195, 1262 
1720703178813.00, 174469, -444401, 1153 
1720703178835.00, 168903, -440610, 1012 
1720703178858.00, 156851, -436925, 870 
1720703178879.00, 141154, -433539, 704 
1720703178901.00, 121849, -430490, 562 
1720703178922.00, 66902, -427888, 439 
1720703178944.00, 34737, -426429, 363 
1720703178966.00, 16156, -425687, 139 
1720703178988.00, 5092, -425342, -59 
1720703179009.00, -3959, -425233, -190 
1720703179031.00, -17617, -425313, -276 
1720703179052.00, -30839, -425702, -538 
1720703179077.00, -54454, -426352, -565 
1720703179095.00, -70084, -427521, -609 
1720703179117.00, -81718, -429050, -731 
1720703179139.00, -95841, -430818, -756 
1720703179161.00, -105729, -432906, -799 
1720703179187.00, -113997, -435229, -859 
1720703179204.00, -122515, -437715, -868 
1720703179226.00, -127856, -440369, -895 
1720703179248.00, -132493, -443171, -949 
1720703179269.00, -138251, -446063, -977 
1720703179290.00, -143053, -449063, -968 
1720703179313.00, -145537, -452196, -947 
1720703179334.00, -145417, -455365, -983 
1720703179356.00, -147482, -458535, -977 
1720703179378.00, -148329, -461740, -911 
1720703179399.00, -144469, -464953, -958 
1720703179422.00, -144821, -468116, -980 
1720703179443.00, -146596, -471265, -906 
1720703179464.00, -142899, -474450, -973 
1720703179487.00, -144495, -477563, -980 
1720703179508.00, -145899, -480705, -966 
1720703179529.00, -145686, -483894, -998 
1720703179551.00, -147042, -487061, -1001 
1720703179573.00, -148159, -490282, -969 
1720703179595.00, -146801, -493510, -926 
1720703179617.00, -143375, -496698, -976 
1720703179639.00, -144392, -499833, -983 
1720703179661.00, -145427, -502973, -969 
1720703179681.00, -145097, -506124, -1025 
1720703179703.00, -148203, -509298, -1031 
1720703179742.00, -150391, -512536, -1019 
1720703179751.00, -150703, -515822, -1134 
1720703179768.00, -157710, -519120, -1101 
1720703179790.00, -159846, -522567, -1068 
1720703179812.00, -159045, -526069, -1108 
1720703179834.00, -160632, -529546, -1097 
1720703179859.00, -161060, -533055, -1045 
1720703179877.00, -158070, -536581, -1077 
1720703179898.00, -158114, -540020, -1087 
1720703179921.00, -158792, -543477, -1062 
1720703179942.00, -157428, -546933, -1088 
1720703179968.00, -158236, -550386, -1090 
1720703179986.00, -158698, -553829, -1091 
1720703180007.00, -159008, -557306, -1102 
1720703180030.00, -159782, -560766, -1115 
1720703180051.00, -160916, -564253, -1144 
1720703180077.00, -163145, -567778, -1128 
1720703180096.00, -163470, -571340, -1144 
1720703180117.00, -164524, -574918, -1129 
1720703180139.00, -164130, -578508, -1089 
1720703180161.00, -161407, -582093, -1032 
1720703180185.00, -156298, -585615, -933 
1720703180205.00, -147186, -588997, -821 
1720703180227.00, -134878, -592187, -704 
1720703180249.00, -120294, -595088, -571 
1720703180271.00, -68414, -597670, -367 
1720703180292.00, -37602, -599161, -293 
1720703180314.00, -19941, -599992, -155 
1720703180334.00, -9843, -600434, -62 
1720703180357.00, -3722, -600657, -18 
1720703180378.00, -173, -600727, 147 
1720703180403.00, 9984, -600730, 321 
1720703180422.00, 27079, -600530, 453 
1720703180443.00, 45094, -599950, 724 
1720703180465.00, 71979, -598988, 867 
1720703180486.00, 96836, -597416, 973 
1720703180510.00, 117903, -595321, 1050 
1720703180529.00, 134815, -592724, 1133 
1720703180551.00, 149511, -589765, 1162 
1720703180572.00, 159951, -586473, 1197 
1720703180593.00, 168094, -582976, 1253 
1720703180616.00, 175222, -579310, 1248 
1720703180638.00, 174851, -575476, 1273 
1720703180660.00, 174754, -571651, 1303 
1720703180682.00, 175046, -567832, 1291 
1720703180702.00, 174943, -564011, 1374 
1720703180725.00, 174640, -560196, 1389 
1720703180747.00, 174674, -556380, 1414 
1720703180769.00, 174940, -552573, 1440 
1720703180790.00, 174739, -548744, 1483 
1720703180812.00, 174893, -544920, 1469 
1720703180834.00, 174769, -541115, 1474 
1720703180858.00, 174880, -537297, 1437 
1720703180878.00, 174621, -533482, 1451 
1720703180900.00, 174876, -529677, 1423 
1720703180921.00, 175143, -525844, 1458 
1720703180947.00, 174567, -522033, 1499 
1720703180964.00, 174708, -518215, 1520 
1720703180986.00, 174670, -514400, 1524 
1720703181009.00, 174737, -510579, 1528 
1720703181030.00, 174731, -506767, 1534 
1720703181056.00, 174762, -502949, 1553 
1720703181074.00, 174872, -499116, 1571 
1720703181096.00, 174781, -495309, 1607 
1720703181118.00, 174670, -491483, 1633 
1720703181139.00, 174770, -487664, 1648 
1720703181161.00, 174705, -483859, 1649 
1720703181183.00, 174639, -480044, 1647 
1720703181205.00, 174756, -476215, 1605 
1720703181226.00, 174564, -472409, 1579 
1720703181248.00, 174574, -468592, 1533 
1720703181270.00, 174734, -464786, 1481 
1720703181292.00, 174706, -460969, 1448 
1720703181313.00, 174641, -457169, 1412 
1720703181336.00, 174593, -453336, 1368 
1720703181357.00, 174552, -449523, 1326 
1720703181379.00, 174481, -445715, 1209 
1720703181400.00, 174490, -441917, 1094 
1720703181423.00, 169821, -438107, 941 
1720703181446.00, 157769, -434441, 736 
1720703181467.00, 138063, -431029, 591 
1720703181489.00, 80638, -428063, 418 
1720703181511.00, 47234, -426316, 336 
1720703181532.00, 27281, -425323, 108 
1720703181554.00, 15887, -424727, -101 
1720703181575.00, 3589, -424378, -273 
1720703181602.00, -13964, -424308, -326 
1720703181619.00, -28072, -424603, -570 
1720703181641.00, -50917, -425198, -582 
1720703181662.00, -65263, -426274, -618 
1720703181684.00, -75969, -427699, -681 
1720703181706.00, -86016, -429352, -761 
1720703181726.00, -96792, -431224, -819 
1720703181749.00, -106616, -433318, -811 
1720703181770.00, -112044, -435664, -875 
1720703181792.00, -118937, -438109, -927 
1720703181814.00, -126166, -440688, -890 
1720703181836.00, -128275, -443443, -910 
1720703181858.00, -130452, -446234, -996 
1720703181879.00, -136963, -449065, -977 
1720703181900.00, -139450, -452067, -999 
1720703181922.00, -142117, -455112, -1022 
1720703181944.00, -145093, -458215, -968 
1720703181966.00, -143761, -461377, -941 
1720703181988.00, -140909, -464490, -944 
1720703182010.00, -139494, -467558, -904 
1720703182031.00, -136249, -470592, -873 
1720703182053.00, -132313, -473538, -904 
1720703182074.00, -132112, -476430, -900 
1720703182096.00, -131548, -479295, -947 
1720703182118.00, -134064, -482147, -981 
1720703182140.00, -137708, -485079, -950 
1720703182162.00, -137634, -488078, -992 
1720703182182.00, -140142, -491081, -1132 
1720703182204.00, -149910, -494160, -1111 
1720703182226.00, -154578, -497435, -1147 
1720703182248.00, -159222, -500834, -1197 
1720703182269.00, -164997, -504304, -1129 
1720703182291.00, -164399, -507923, -1083 
1720703182313.00, -161256, -511504, -1143 
1720703182335.00, -163104, -515009, -1068 
1720703182357.00, -159571, -518583, -1085 
1720703182378.00, -158312, -522054, -1143 
1720703182400.00, -161107, -525518, -1044 
1720703182422.00, -156528, -529034, -1108 
1720703182444.00, -157672, -532454, -1114 
1720703182466.00, -158778, -535910, -1053 
1720703182488.00, -155748, -539370, -1091 
1720703182509.00, -156035, -542778, -1167 
1720703182531.00, -160768, -546180, -1158 
1720703182553.00, -162965, -549717, -1238 
1720703182575.00, -168920, -553273, -1241 
1720703182597.00, -172967, -556964, -1166 
1720703182618.00, -170764, -560739, -1256 
1720703182640.00, -173882, -564462, -1216 
1720703182662.00, -174123, -568267, -1033 
1720703182684.00, -163102, -572058, -1012 
1720703182707.00, -155052, -575609, -960 
1720703182729.00, -147079, -578962, -788 
1720703182751.00, -131943, -582150, -671 
1720703182772.00, -116095, -585006, -610 
1720703182794.00, -102745, -587499, -552 
1720703182816.00, -91223, -589726, -509 
1720703182837.00, -81889, -591707, -465 
1720703182858.00, -73707, -593469, -420 
1720703182880.00, -40795, -595052, -337 
1720703182902.00, -21115, -595955, -304 
1720703182924.00, -9515, -596432, -242 
1720703182945.00, -2883, -596644, -138 
1720703182967.00, 424, -596709, -63 
1720703182988.00, 2894, -596693, 108 
1720703183010.00, 10685, -596617, 324 
1720703183031.00, 28561, -596383, 528 
1720703183053.00, 51298, -595776, 859 
1720703183074.00, 84757, -594679, 990 
1720703183095.00, 112663, -592838, 1035 
1720703183117.00, 131400, -590353, 1166 
1720703183139.00, 150200, -587478, 1184 
1720703183161.00, 162444, -584169, 1172 
1720703183182.00, 168719, -580608, 1246 
1720703183204.00, 175370, -576912, 1240 
1720703183226.00, 174809, -573089, 1229 
1720703183248.00, 174691, -569271, 1310 
1720703183270.00, 174828, -565456, 1297 
1720703183291.00, 174698, -561631, 1328 
1720703183313.00, 174774, -557823, 1327 
1720703183335.00, 174814, -554012, 1364 
1720703183358.00, 174659, -550188, 1364 
1720703183378.00, 174741, -546388, 1377 
1720703183401.00, 174848, -542562, 1400 
1720703183422.00, 174707, -538751, 1423 
1720703183444.00, 174569, -534928, 1376 
1720703183466.00, 174795, -531114, 1372 
1720703183487.00, 174632, -527301, 1372 
1720703183509.00, 174590, -523487, 1367 
1720703183532.00, 174718, -519673, 1378 
1720703183553.00, 174657, -515851, 1384 
1720703183575.00, 174807, -512028, 1400 
1720703183596.00, 174879, -508211, 1422 
1720703183619.00, 174696, -504401, 1429 
1720703183640.00, 174710, -500586, 1432 
1720703183662.00, 174827, -496766, 1435 
1720703183684.00, 174464, -492948, 1433 
1720703183706.00, 174475, -489133, 1445 
1720703183727.00, 174500, -485313, 1427 
1720703183749.00, 174551, -481504, 1415 
1720703183771.00, 174601, -477697, 1403 
1720703183793.00, 174641, -473877, 1379 
1720703183814.00, 174760, -470061, 1339 
1720703183837.00, 174644, -466237, 1323 
1720703183858.00, 174551, -462428, 1304 
1720703183880.00, 174552, -458619, 1267 
1720703183903.00, 174580, -454812, 1220 
1720703183924.00, 173022, -450996, 1168 
1720703183946.00, 169037, -447225, 1131 
1720703183968.00, 164050, -443541, 1065 
1720703183990.00, 157204, -439967, 974 
1720703184013.00, 147539, -436566, 868 
1720703184033.00, 135530, -433374, 699 
1720703184056.00, 118136, -430443, 527 
1720703184077.00, 64754, -427916, 369 
1720703184099.00, 33493, -426513, 261 
1720703184120.00, 15369, -425792, 46 
1720703184142.00, 4725, -425457, -105 
1720703184164.00, -7005, -425356, -252 
1720703184185.00, -23485, -425494, -287 
1720703184207.00, -34873, -425994, -543 
1720703184228.00, -56971, -426742, -589 
1720703184250.00, -72774, -427973, -606 
1720703184271.00, -83106, -429552, -698 
1720703184294.00, -94502, -431362, -761 
1720703184315.00, -105143, -433412, -764 
1720703184339.00, -111561, -435723, -801 
1720703184358.00, -117267, -438164, -803 
1720703184380.00, -120825, -440703, -824 
1720703184402.00, -123912, -443339, -819 
1720703184424.00, -125374, -446034, -804 
1720703184445.00, -125336, -448755, -835 
1720703184468.00, -126807, -451510, -915 
1720703184489.00, -132532, -454266, -838 
1720703184511.00, -131255, -457131, -868 
1720703184532.00, -131949, -459995, -865 
1720703184554.00, -132064, -462859, -808 
1720703184576.00, -128746, -465722, -807 
1720703184598.00, -126747, -468539, -816 
1720703184619.00, -125774, -471288, -807 
1720703184641.00, -124441, -474022, -872 
1720703184662.00, -127701, -476732, -853 
1720703184684.00, -128324, -479498, -895 
1720703184706.00, -131015, -482290, -949 
1720703184728.00, -135913, -485157, -960 
1720703184750.00, -139162, -488118, -989 
1720703184770.00, -142825, -491156, -1055 
1720703184792.00, -148712, -494294, -1089 
1720703184814.00, -154242, -497534, -1078 
1720703184836.00, -156698, -500927, -1076 
1720703184857.00, -158153, -504353, -1114 
1720703184879.00, -161127, -507816, -1138 
1720703184902.00, -164431, -511325, -1080 
1720703184923.00, -162751, -514911, -1109 
1720703184944.00, -163282, -518478, -1095 
1720703184966.00, -162983, -522027, -1056 
1720703184990.00, -160138, -525592, -1112 
1720703185010.00, -161419, -529088, -1111 
1720703185032.00, -162224, -532623, -1002 
1720703185054.00, -156120, -536176, -1052 
1720703185075.00, -155191, -539573, -1071 
1720703185097.00, -155872, -542970, -1001 
1720703185119.00, -151956, -546358, -1011 
1720703185140.00, -150202, -549696, -1072 
1720703185163.00, -152761, -552977, -1050 
1720703185185.00, -153066, -556306, -1036 
1720703185207.00, -152288, -559659, -1141 
1720703185228.00, -157991, -562972, -1144 
1720703185250.00, -161570, -566443, -1108 
1720703185272.00, -161340, -569975, -1271 
1720703185294.00, -169475, -573499, -1226 
1720703185315.00, -173240, -577198, -1104 
1720703185337.00, -167764, -580987, -1145 
1720703185360.00, -166617, -584634, -979 
1720703185382.00, -156158, -588248, -755 
1720703185404.00, -135992, -591639, -736 
1720703185425.00, -123202, -594564, -524 
1720703185447.00, -70250, -597205, -408 
1720703185469.00, -38939, -598742, -441 
1720703185490.00, -20979, -599589, -282 
1720703185512.00, -10174, -600054, -206 
1720703185533.00, -3925, -600292, -200 
1720703185555.00, -339, -600375, -76 
1720703185576.00, 1093, -600386, -5 
1720703185598.00, 2484, -600357, 117 
1720703185620.00, 10010, -600291, 312 
1720703185641.00, 26393, -600075, 438 
1720703185663.00, 43466, -599499, 756 
1720703185684.00, 72873, -598564, 940 
1720703185706.00, 101601, -596977, 945 
1720703185727.00, 118890, -594761, 1068 
1720703185749.00, 136439, -592152, 1104 
1720703185770.00, 148773, -589149, 1113 
1720703185792.00, 156472, -585884, 1189 
1720703185814.00, 165203, -582447, 1217 
1720703185835.00, 172113, -578830, 1245 
1720703185857.00, 175081, -575057, 1288 
1720703185880.00, 174964, -571240, 1278 
1720703185901.00, 174633, -567422, 1298 
1720703185923.00, 174675, -563607, 1308 
1720703185945.00, 174695, -559794, 1293 
1720703185967.00, 174746, -555981, 1291 
1720703185988.00, 174752, -552168, 1319 
1720703186010.00, 174842, -548352, 1324 
1720703186032.00, 174909, -544524, 1335 
1720703186054.00, 174628, -540712, 1334 
1720703186075.00, 174583, -536904, 1327 
1720703186097.00, 174761, -533090, 1316 
1720703186119.00, 174684, -529270, 1299 
1720703186141.00, 174697, -525464, 1247 
1720703186163.00, 174718, -521647, 1196 
1720703186185.00, 174567, -517835, 1140 
1720703186207.00, 172904, -514027, 1146 
1720703186228.00, 172129, -510252, 1170 
1720703186250.00, 173092, -506477, 1210 
1720703186272.00, 174877, -502703, 1236 
1720703186294.00, 174661, -498883, 1243 
1720703186315.00, 174708, -495059, 1261 
1720703186337.00, 174721, -491234, 1278 
1720703186359.00, 174753, -487434, 1268 
1720703186381.00, 174826, -483620, 1240 
1720703186402.00, 174497, -479797, 1211 
1720703186424.00, 172168, -475982, 1192 
1720703186447.00, 169575, -472228, 1157 
1720703186468.00, 166030, -468525, 1095 
1720703186490.00, 160250, -464903, 1071 
1720703186512.00, 155330, -461408, 1066 
1720703186533.00, 152306, -458029, 1066 
1720703186556.00, 150351, -454701, 1070 
1720703186577.00, 149567, -451410, 1039 
1720703186600.00, 147072, -448159, 976 
1720703186622.00, 141756, -444963, 875 
1720703186644.00, 132605, -441892, 755 
1720703186666.00, 119798, -439019, 649 
1720703186687.00, 106051, -436428, 539 
1720703186708.00, 91121, -434141, 425 
1720703186731.00, 75434, -432194, 308 
1720703186753.00, 40472, -430572, 165 
1720703186773.00, 19710, -429688, 97 
1720703186795.00, 7419, -429256, -32 
1720703186817.00, -766, -429091, -122 
1720703186838.00, -11592, -429106, -208 
1720703186860.00, -23068, -429343, -289 
1720703186882.00, -34748, -429833, -338 
1720703186903.00, -44543, -430582, -487 
1720703186925.00, -59029, -431547, -515 
1720703186947.00, -69440, -432819, -573 
1720703186972.00, -78899, -434335, -669 
1720703186990.00, -90206, -436054, -764 
1720703187012.00, -102546, -438019, -741 
1720703187033.00, -108401, -440248, -795 
1720703187055.00, -114855, -442617, -804 
1720703187078.00, -119044, -445131, -774 
1720703187098.00, -119881, -447718, -770 
1720703187120.00, -119836, -450319, -808 
1720703187141.00, -122019, -452933, -789 
1720703187163.00, -121988, -455577, -784 
1720703187185.00, -121329, -458244, -844 
1720703187207.00, -124568, -460895, -901 
1720703187229.00, -129879, -463596, -909 
1720703187251.00, -133527, -466429, -931 
1720703187272.00, -136736, -469338, -967 
1720703187294.00, -140725, -472311, -919 
1720703187316.00, -140111, -475379, -859 
1720703187337.00, -135876, -478436, -892 
1720703187359.00, -135346, -481377, -881 
1720703187381.00, -134222, -484336, -828 
1720703187405.00, -130382, -487255, -871 
1720703187424.00, -130427, -490083, -923 
1720703187446.00, -133656, -492932, -903 
1720703187468.00, -134512, -495830, -933 
1720703187489.00, -136543, -498750, -993 
1720703187518.00, -141176, -501737, -994 
1720703187532.00, -143992, -504816, -1020 
1720703187554.00, -147027, -507960, -1064 
1720703187575.00, -151473, -511181, -1032 
1720703187597.00, -152099, -514475, -1000 
1720703187624.00, -150310, -517813, -1045 
1720703187640.00, -151893, -521097, -1032 
1720703187662.00, -152146, -524417, -1015 
1720703187685.00, -151011, -527743, -1053 
1720703187706.00, -152739, -531025, -1028 
1720703187728.00, -152388, -534376, -1013 
1720703187750.00, -150842, -537695, -1090 
1720703187772.00, -154625, -540994, -1079 
1720703187793.00, -156133, -544366, -1049 
1720703187815.00, -155014, -547779, -1130 
1720703187839.00, -159125, -551167, -1128 
1720703187859.00, -161603, -554637, -1056 
1720703187881.00, -158183, -558172, -1105 
1720703187903.00, -159363, -561629, -1102 
1720703187924.00, -159963, -565112, -1069 
1720703187948.00, -158247, -568605, -1123 
1720703187968.00, -160133, -572056, -1166 
1720703187990.00, -163800, -575573, -1101 
1720703188011.00, -162005, -579130, -1036 
1720703188034.00, -157103, -582675, -931 
1720703188059.00, -147583, -586077, -821 
1720703188078.00, -135097, -589264, -726 
1720703188100.00, -122023, -592189, -568 
1720703188121.00, -104728, -594814, -435 
1720703188143.00, -59496, -597049, -315 
1720703188165.00, -32541, -598350, -223 
1720703188187.00, -16823, -599080, -104 
1720703188208.00, -7897, -599457, -56 
1720703188229.00, -2605, -599635, 0 
1720703188251.00, 51, -599683, 146 
1720703188272.00, 10392, -599678, 277 
1720703188294.00, 24958, -599463, 438 
1720703188316.00, 42948, -598932, 730 
1720703188337.00, 71137, -598013, 864 
1720703188359.00, 96097, -596468, 896 
1720703188379.00, 112687, -594381, 1039 
1720703188401.00, 130758, -591907, 1088 
1720703188423.00, 144608, -589032, 1113 
1720703188445.00, 153942, -585851, 1178 
1720703188467.00, 163400, -582460, 1232 
1720703188488.00, 172038, -578887, 1273 
1720703188510.00, 174918, -575119, 1277 
1720703188531.00, 174744, -571298, 1320 
1720703188554.00, 174890, -567483, 1324 
1720703188575.00, 174695, -563655, 1353 
1720703188597.00, 174746, -559837, 1391 
1720703188619.00, 174800, -556029, 1403 
1720703188641.00, 174787, -552199, 1440 
1720703188663.00, 174787, -548379, 1471 
1720703188685.00, 174936, -544565, 1474 
1720703188709.00, 174630, -540744, 1478 
1720703188728.00, 174794, -536931, 1484 
1720703188750.00, 174894, -533122, 1516 
1720703188772.00, 174786, -529299, 1561 
1720703188794.00, 174789, -525481, 1560 
1720703188819.00, 174837, -521673, 1574 
1720703188837.00, 174689, -517842, 1580 
1720703188859.00, 174593, -514032, 1560 
1720703188881.00, 174801, -510220, 1525 
1720703188902.00, 174985, -506415, 1503 
1720703188927.00, 174575, -502588, 1492 
1720703188947.00, 174605, -498760, 1453 
1720703188968.00, 174667, -494959, 1431 
1720703188990.00, 174677, -491144, 1387 
1720703189012.00, 174754, -487333, 1335 
1720703189033.00, 174857, -483517, 1360 
1720703189055.00, 174802, -479689, 1376 
1720703189077.00, 174713, -475872, 1374 
1720703189099.00, 174665, -472052, 1386 
1720703189121.00, 174757, -468243, 1372 
1720703189143.00, 174729, -464429, 1342 
1720703189165.00, 174596, -460615, 1300 
1720703189186.00, 174663, -456804, 1264 
1720703189208.00, 174472, -452982, 1211 
1720703189230.00, 174576, -449180, 1125 
1720703189252.00, 172051, -445361, 1032 
1720703189275.00, 164691, -441618, 961 
1720703189297.00, 155828, -438048, 898 
1720703189318.00, 146759, -434673, 816 
1720703189340.00, 136067, -431500, 715 
1720703189361.00, 79480, -428565, 584 
1720703189383.00, 46253, -426836, 494 
1720703189405.00, 26574, -425851, 264 
1720703189427.00, 15045, -425273, 109 
1720703189448.00, 8356, -424950, -73 
1720703189469.00, 59, -424777, -273 
1720703189491.00, -15922, -424775, -437 
1720703189513.00, -35944, -425112, -602 
1720703189535.00, -57824, -425864, -638 
1720703189556.00, -72971, -427103, -704 
1720703189578.00, -85747, -428702, -777 
1720703189599.00, -97750, -430554, -746 
1720703189621.00, -102887, -432672, -746 
1720703189643.00, -105803, -434937, -794 
1720703189665.00, -110543, -437240, -827 
1720703189686.00, -115246, -439644, -792 
1720703189708.00, -115913, -442161, -816 
1720703189729.00, -117510, -444693, -867 
1720703189752.00, -121632, -447247, -844 
1720703189773.00, -122704, -449889, -889 
1720703189795.00, -125820, -452572, -908 
1720703189816.00, -128840, -455318, -867 
1720703189838.00, -127909, -458122, -868 
1720703189860.00, -127459, -460905, -889 
1720703189882.00, -128574, -463668, -820 
1720703189904.00, -124951, -466463, -798 
1720703189925.00, -121398, -469177, -824 
1720703189946.00, -120703, -471822, -801 
1720703189969.00, -118995, -474456, -803 
1720703189991.00, -118006, -477045, -846 
1720703190012.00, -120168, -479609, -890 
1720703190035.00, -123877, -482207, -907 
1720703190056.00, -127000, -484924, -932 
1720703190078.00, -130414, -487698, -954 
1720703190099.00, -133520, -490534, -954 
1720703190121.00, -135437, -493454, -930 
1720703190143.00, -135149, -496387, -944 
1720703190164.00, -135836, -499331, -973 
1720703190185.00, -138065, -502289, -1014 
1720703190207.00, -141790, -505301, -1001 
1720703190229.00, -142984, -508406, -1041 
1720703190250.00, -146110, -511535, -1070 
1720703190272.00, -149624, -514717, -1081 
1720703190293.00, -152443, -518010, -1124 
1720703190315.00, -156748, -521335, -1203 
1720703190337.00, -163901, -524761, -1166 
1720703190359.00, -165933, -528348, -1182 
1720703190381.00, -167772, -531967, -1217 
1720703190403.00, -171105, -535647, -1165 
1720703190425.00, -169662, -539385, -1161 
1720703190447.00, -168436, -543102, -1176 
1720703190469.00, -168677, -546767, -1092 
1720703190490.00, -163777, -550460, -1108 
1720703190511.00, -161839, -554022, -1131 
1720703190534.00, -162078, -557549, -1059 
1720703190555.00, -157880, -561082, -1090 
1720703190577.00, -157111, -564525, -1089 
1720703190599.00, -156535, -567964, -1056 
1720703190621.00, -154173, -571366, -1111 
1720703190643.00, -156001, -574752, -1084 
1720703190666.00, -155640, -578138, -982 
1720703190687.00, -148877, -581524, -970 
1720703190709.00, -144001, -584751, -840 
1720703190731.00, -133536, -587859, -648 
1720703190753.00, -115505, -590754, -569 
1720703190774.00, -99926, -593237, -440 
1720703190796.00, -55739, -595369, -257 
1720703190817.00, -29449, -596577, -163 
1720703190839.00, -14376, -597245, -25 
1720703190861.00, -5684, -597565, 45 
1720703190882.00, 1435, -597697, 63 
1720703190903.00, 7305, -597673, 180 
1720703190925.00, 17869, -597517, 310 
1720703190947.00, 31971, -597137, 423 
1720703190968.00, 46832, -596447, 719 
1720703190990.00, 73341, -595448, 825 
1720703191011.00, 95649, -593849, 904 
1720703191032.00, 113441, -591770, 1065 
1720703191054.00, 133840, -589276, 1105 
1720703191075.00, 147823, -586325, 1135 
1720703191098.00, 158024, -583075, 1195 
1720703191120.00, 167312, -579629, 1226 
1720703191140.00, 174596, -575955, 1242 
1720703191163.00, 174786, -572143, 1249 
1720703191185.00, 174822, -568310, 1264 
1720703191207.00, 174666, -564492, 1290 
1720703191232.00, 174932, -560677, 1311 
1720703191250.00, 174619, -556856, 1333 
1720703191272.00, 174518, -553052, 1368 
1720703191294.00, 174599, -549225, 1395 
1720703191316.00, 174861, -545398, 1424 
1720703191340.00, 174762, -541590, 1411 
1720703191359.00, 174722, -537780, 1434 
1720703191381.00, 174819, -533956, 1411 
1720703191402.00, 174564, -530148, 1412 
1720703191425.00, 174660, -526333, 1385 
1720703191452.00, 174796, -522522, 1379 
1720703191468.00, 174875, -518699, 1361 
1720703191490.00, 174514, -514883, 1352 
1720703191513.00, 174634, -511068, 1347 
1720703191534.00, 174847, -507249, 1382 
1720703191556.00, 174779, -503439, 1391 
1720703191577.00, 174908, -499614, 1407 
1720703191599.00, 174949, -495798, 1426 
1720703191621.00, 174818, -491976, 1411 
1720703191643.00, 174464, -488165, 1401 
1720703191668.00, 174502, -484352, 1379 
1720703191686.00, 174830, -480538, 1356 
1720703191708.00, 174695, -476722, 1335 
1720703191730.00, 174669, -472909, 1327 
1720703191751.00, 174765, -469096, 1312 
1720703191776.00, 174605, -465285, 1292 
1720703191795.00, 174638, -461471, 1261 
1720703191817.00, 174768, -457656, 1237 
1720703191839.00, 174271, -453847, 1201 
1720703191860.00, 171481, -450041, 1151 
1720703191888.00, 166666, -446303, 1080 
1720703191906.00, 159542, -442668, 999 
1720703191928.00, 150600, -439205, 955 
1720703191950.00, 142446, -435941, 892 
1720703191971.00, 133683, -432853, 786 
1720703191993.00, 122353, -429958, 663 
1720703192014.00, 67219, -427330, 513 
1720703192036.00, 34765, -425871, 406 
1720703192058.00, 16072, -425123, 157 
1720703192079.00, 5336, -424772, 4 
1720703192100.00, -239, -424662, -191 
1720703192122.00, -15511, -424670, -292 
1720703192143.00, -30605, -425009, -538 
1720703192165.00, -54388, -425658, -571 
1720703192187.00, -70151, -426811, -603 
1720703192208.00, -81528, -428345, -668 
1720703192230.00, -91781, -430112, -767 
1720703192252.00, -103832, -432110, -742 
1720703192274.00, -109469, -434382, -784 
1720703192296.00, -115074, -436766, -780 
1720703192317.00, -118034, -439277, -773 
1720703192339.00, -119226, -441850, -810 
1720703192360.00, -122050, -444446, -808 
1720703192382.00, -123612, -447108, -847 
1720703192404.00, -126606, -449787, -861 
1720703192426.00, -129078, -452552, -833 
1720703192448.00, -128594, -455370, -900 
1720703192470.00, -132172, -458172, -882 
1720703192491.00, -133331, -461054, -847 
1720703192513.00, -131684, -463952, -868 
1720703192541.00, -131844, -466818, -884 
1720703192556.00, -132904, -469683, -832 
1720703192578.00, -130339, -472575, -878 
1720703192600.00, -131324, -475417, -944 
1720703192622.00, -135823, -478286, -916 
1720703192643.00, -136792, -481231, -907 
1720703192665.00, -136608, -484236, -961 
1720703192686.00, -139392, -487207, -925 
1720703192709.00, -139216, -490236, -930 
1720703192730.00, -139190, -493276, -986 
1720703192751.00, -142447, -496294, -979 
1720703192774.00, -144000, -499397, -986 
1720703192794.00, -145107, -502541, -1024 
1720703192816.00, -148088, -505696, -1028 
1720703192838.00, -149920, -508948, -1008 
1720703192859.00, -149756, -512224, -1030 
1720703192885.00, -150768, -515496, -1041 
1720703192904.00, -152196, -518788, -978 
1720703192925.00, -149004, -522102, -1050 
1720703192947.00, -151424, -525356, -1076 
1720703192969.00, -154549, -528667, -1024 
1720703192992.00, -152992, -532034, -1107 
1720703193012.00, -156795, -535394, -1075 
1720703193034.00, -157100, -538814, -1063 
1720703193056.00, -156613, -542264, -1159 
1720703193078.00, -162264, -545687, -1151 
1720703193099.00, -164632, -549231, -1166 
1720703193121.00, -167133, -552833, -1231 
1720703193143.00, -172369, -556489, -1192 
1720703193165.00, -173169, -560251, -1187 
1720703193187.00, -173133, -564023, -1190 
1720703193208.00, -173105, -567803, -1137 
1720703193230.00, -169793, -571572, -1046 
1720703193252.00, -162353, -575294, -1006 
1720703193275.00, -155310, -578817, -941 
1720703193297.00, -147225, -582199, -860 
1720703193318.00, -137418, -585385, -793 
1720703193340.00, -127220, -588347, -683 
1720703193362.00, -114751, -591104, -543 
1720703193383.00, -98740, -593579, -481 
1720703193405.00, -56127, -595687, -316 
1720703193427.00, -30931, -596906, -191 
1720703193448.00, -15842, -597599, -110 
1720703193470.00, -7399, -597956, -39 
1720703193491.00, -2444, -598124, -2 
1720703193513.00, 66, -598177, 66 
1720703193534.00, 5607, -598171, 185 
1720703193555.00, 16514, -598051, 380 
1720703193578.00, 34256, -597695, 579 
1720703193599.00, 56783, -596961, 776 
1720703193621.00, 82022, -595745, 889 
1720703193643.00, 103782, -593953, 949 
1720703193664.00, 120290, -591687, 996 
1720703193685.00, 132760, -589060, 1066 
1720703193707.00, 144526, -586135, 1102 
1720703193728.00, 153435, -582974, 1095 
1720703193751.00, 157834, -579623, 1129 
1720703193772.00, 162523, -576166, 1156 
1720703193794.00, 166890, -572609, 1131 
1720703193816.00, 167697, -568961, 1186 
1720703193837.00, 171391, -565296, 1195 
1720703193861.00, 174068, -561548, 1210 
1720703193881.00, 174675, -557750, 1229 
1720703193903.00, 174686, -553928, 1267 
1720703193925.00, 174555, -550107, 1298 
1720703193946.00, 174759, -546301, 1316 
1720703193971.00, 174781, -542474, 1338 
1720703193989.00, 174753, -538663, 1353 
1720703194012.00, 174806, -534846, 1358 
1720703194034.00, 174560, -531021, 1327 
1720703194056.00, 174554, -527223, 1218 
1720703194077.00, 174552, -523409, 1199 
1720703194099.00, 174887, -519600, 1166 
1720703194121.00, 173972, -515777, 1158 
1720703194143.00, 173144, -511974, 1143 
1720703194165.00, 171321, -508196, 1182 
1720703194186.00, 172506, -504453, 1211 
1720703194207.00, 174840, -500678, 1213 
1720703194230.00, 174843, -496855, 1212 
1720703194252.00, 174758, -493043, 1235 
1720703194273.00, 174749, -489217, 1235 
1720703194296.00, 174574, -485405, 1213 
1720703194317.00, 174601, -481583, 1237 
1720703194339.00, 174759, -477777, 1214 
1720703194361.00, 174714, -473959, 1204 
1720703194383.00, 174693, -470139, 1201 
1720703194404.00, 174717, -466320, 1193 
1720703194426.00, 174582, -462505, 1176 
1720703194448.00, 173403, -458691, 1163 
1720703194470.00, 171853, -454907, 1142 
1720703194492.00, 169700, -451157, 1096 
1720703194513.00, 165318, -447456, 1019 
1720703194537.00, 158188, -443844, 932 
1720703194558.00, 148650, -440434, 830 
1720703194580.00, 136613, -437214, 699 
1720703194602.00, 121629, -434265, 541 
1720703194623.00, 102886, -431660, 380 
1720703194645.00, 58442, -429451, 180 
1720703194667.00, 32280, -428203, 17 
1720703194688.00, 17642, -427493, -227 
1720703194710.00, -4651, -427109, -301 
1720703194732.00, -22589, -427199, -574 
1720703194754.00, -49802, -427676, -620 
1720703194775.00, -68593, -428726, -640 
1720703194796.00, -80873, -430203, -687 
1720703194818.00, -90766, -431968, -736 
1720703194845.00, -99576, -433931, -757 
1720703194862.00, -106051, -436100, -739 
1720703194883.00, -108472, -438412, -752 
1720703194904.00, -110681, -440768, -753 
1720703194926.00, -111861, -443179, -748 
1720703194953.00, -112381, -445625, -776 
1720703194970.00, -114127, -448059, -788 
1720703194992.00, -115871, -450542, -758 
1720703195013.00, -115171, -453069, -777 
1720703195035.00, -115595, -455578, -848 
1720703195062.00, -120115, -458095, -813 
1720703195079.00, -120695, -460714, -824 
1720703195100.00, -121433, -463331, -866 
1720703195121.00, -124376, -465965, -851 
1720703195144.00, -125074, -468698, -873 
1720703195167.00, -126817, -471427, -916 
1720703195187.00, -130427, -474183, -913 
1720703195209.00, -132320, -477031, -919 
1720703195231.00, -133901, -479903, -950 
1720703195252.00, -136612, -482806, -975 
1720703195282.00, -139597, -485779, -995 
1720703195295.00, -142377, -488820, -1040 
1720703195316.00, -146687, -491940, -1014 
1720703195338.00, -147597, -495143, -1034 
1720703195360.00, -149386, -498364, -1067 
1720703195383.00, -152235, -501647, -1111 
1720703195403.00, -156516, -504979, -1136 
1720703195425.00, -160733, -508396, -1140 
1720703195447.00, -163304, -511916, -1182 
1720703195469.00, -167456, -515479, -1224 
1720703195491.00, -172002, -519156, -1270 
1720703195513.00, -174856, -522924, -1241 
1720703195535.00, -174841, -526751, -1244 
1720703195556.00, -174760, -530546, -1302 
1720703195578.00, -174812, -534379, -1291 
1720703195600.00, -174845, -538191, -1364 
1720703195622.00, -174833, -542015, -1364 
1720703195644.00, -174738, -545834, -1325 
1720703195666.00, -174609, -549663, -1408 
1720703195687.00, -174950, -553474, -1372 
1720703195709.00, -174915, -557278, -1363 
1720703195731.00, -174374, -561099, -1453 
1720703195752.00, -174701, -564905, -1343 
1720703195774.00, -174758, -568721, -1214 
1720703195796.00, -174466, -572539, -1302 
1720703195818.00, -174582, -576350, -1177 
1720703195841.00, -173235, -580131, -963 
1720703195862.00, -159259, -583889, -733 
1720703195884.00, -137009, -587313, -506 
1720703195906.00, -109761, -590257, -306 
1720703195932.00, -81439, -592621, -171 
1720703195949.00, -56480, -594365, -46 
1720703195971.00, -31510, -595578, 42 
1720703195992.00, -14340, -596271, 70 
1720703196014.00, -2448, -596596, 97 
1720703196035.00, 5427, -596663, 128 
1720703196057.00, 12599, -596556, 182 
1720703196079.00, 20115, -596293, 226 
1720703196101.00, 27291, -595859, 425 
1720703196122.00, 43208, -595266, 632 
1720703196143.00, 65173, -594335, 771 
1720703196165.00, 86722, -592920, 874 
1720703196186.00, 105639, -591022, 1100 
1720703196208.00, 130315, -588707, 1129 
1720703196229.00, 146648, -585840, 1171 
1720703196251.00, 158608, -582611, 1276 
1720703196273.00, 170390, -579139, 1232 
1720703196294.00, 175024, -575405, 1266 
1720703196317.00, 174876, -571577, 1277 
1720703196338.00, 174740, -567757, 1295 
1720703196360.00, 174960, -563941, 1304 
1720703196382.00, 174557, -560113, 1338 
1720703196404.00, 174706, -556309, 1354 
1720703196426.00, 174862, -552490, 1375 
1720703196447.00, 174810, -548670, 1404 
1720703196471.00, 174598, -544857, 1425 
1720703196492.00, 174749, -541040, 1415 
1720703196512.00, 174639, -537231, 1412 
1720703196534.00, 174582, -533408, 1415 
1720703196557.00, 174939, -529606, 1405 
1720703196578.00, 174911, -525778, 1410 
1720703196599.00, 174690, -521960, 1409 
1720703196622.00, 174729, -518152, 1393 
1720703196643.00, 174558, -514337, 1386 
1720703196666.00, 174696, -510518, 1391 
1720703196687.00, 174746, -506709, 1371 
1720703196709.00, 174682, -502892, 1397 
1720703196731.00, 174805, -499060, 1377 
1720703196753.00, 174782, -495242, 1379 
1720703196774.00, 174718, -491436, 1354 
1720703196796.00, 174713, -487615, 1368 
1720703196818.00, 174732, -483797, 1363 
1720703196839.00, 174504, -479977, 1353 
1720703196862.00, 174455, -476158, 1329 
1720703196884.00, 174422, -472352, 1301 
1720703196906.00, 174556, -468540, 1283 
1720703196927.00, 174558, -464739, 1251 
1720703196949.00, 174435, -460926, 1212 
1720703196971.00, 172367, -457113, 1185 
1720703196993.00, 169463, -453343, 1136 
1720703197015.00, 164884, -449646, 1055 
1720703197037.00, 157142, -446066, 980 
1720703197059.00, 148050, -442651, 930 
1720703197081.00, 139387, -439455, 863 
1720703197103.00, 130359, -436422, 768 
1720703197124.00, 119065, -433606, 654 
1720703197146.00, 105590, -431026, 501 
1720703197168.00, 57567, -428775, 291 
1720703197189.00, 29405, -427537, 69 
1720703197211.00, 13136, -426896, -211 
1720703197233.00, -8521, -426608, -310 
1720703197254.00, -27677, -426788, -633 
1720703197276.00, -58465, -427380, -771 
1720703197297.00, -85228, -428631, -801 
1720703197319.00, -102593, -430469, -896 
1720703197340.00, -118319, -432713, -919 
1720703197363.00, -128942, -435312, -894 
1720703197384.00, -133530, -438145, -931 
1720703197406.00, -138218, -441040, -950 
1720703197427.00, -142201, -444060, -911 
1720703197450.00, -141916, -447135, -897 
1720703197471.00, -140834, -450227, -919 
1720703197493.00, -141340, -453292, -944 
1720703197514.00, -143104, -456362, -907 
1720703197536.00, -141777, -459477, -952 
1720703197558.00, -143462, -462562, -989 
1720703197580.00, -146575, -465675, -916 
1720703197601.00, -143787, -468866, -953 
1720703197623.00, -144407, -471996, -949 
1720703197645.00, -144314, -475140, -942 
1720703197667.00, -143575, -478283, -979 
1720703197688.00, -145190, -481399, -1036 
1720703197709.00, -149577, -484597, -1005 
1720703197731.00, -150034, -487865, -1050 
1720703197753.00, -153056, -491148, -1048 
1720703197775.00, -154673, -494499, -1039 
1720703197796.00, -155103, -497864, -1059 
1720703197818.00, -156359, -501273, -1114 
1720703197840.00, -160354, -504693, -1097 
1720703197862.00, -161646, -508192, -1126 
1720703197884.00, -164130, -511730, -1174 
1720703197905.00, -168422, -515310, -1173 
1720703197927.00, -170541, -519004, -1142 
1720703197949.00, -170059, -522722, -1184 
1720703197971.00, -172060, -526445, -1114 
1720703197993.00, -169029, -530205, -1113 
1720703198015.00, -166884, -533896, -1189 
1720703198036.00, -170469, -537534, -1147 
1720703198057.00, -169951, -541261, -1142 
1720703198080.00, -168807, -544964, -1172 
1720703198102.00, -170165, -548661, -1094 
1720703198124.00, -165995, -552375, -1110 
1720703198146.00, -164301, -556008, -1184 
1720703198167.00, -167872, -559602, -1113 
1720703198189.00, -165881, -563255, -1083 
1720703198211.00, -162655, -566878, -1109 
1720703198236.00, -162114, -570412, -1029 
1720703198255.00, -157128, -573952, -951 
1720703198277.00, -149241, -577358, -948 
1720703198299.00, -144180, -580590, -870 
1720703198321.00, -136436, -583712, -716 
1720703198343.00, -122431, -586666, -619 
1720703198364.00, -108181, -589303, -496 
1720703198386.00, -92079, -591635, -332 
1720703198408.00, -72705, -593614, -227 
1720703198429.00, -41250, -595173, -136 
1720703198455.00, -22191, -596070, -13 
1720703198472.00, -11166, -596554, 120 
1720703198494.00, 1716, -596790, 323 
1720703198515.00, 22131, -596765, 421 
1720703198537.00, 39887, -596294, 678 
1720703198562.00, 66142, -595441, 813 
1720703198580.00, 90085, -594004, 909 
1720703198602.00, 110046, -592045, 1045 
1720703198623.00, 129903, -589623, 1140 
1720703198645.00, 147367, -586760, 1190 
1720703198670.00, 160482, -583525, 1253 
1720703198688.00, 171707, -580011, 1243 
1720703198710.00, 175051, -576260, 1255 
1720703198732.00, 174703, -572432, 1262 
1720703198753.00, 174735, -568613, 1273 
1720703198779.00, 174898, -564788, 1273 
1720703198797.00, 174742, -560982, 1278 
1720703198819.00, 174664, -557159, 1306 
1720703198841.00, 174794, -553351, 1275 
1720703198863.00, 174734, -549525, 1329 
1720703198887.00, 174825, -545720, 1346 
1720703198906.00, 174895, -541899, 1367 
1720703198928.00, 175017, -538080, 1394 
1720703198950.00, 174530, -534261, 1420 
1720703198972.00, 174732, -530449, 1409 
1720703198998.00, 174838, -526628, 1437 
1720703199015.00, 174782, -522828, 1424 
1720703199037.00, 174676, -518999, 1388 
1720703199059.00, 174804, -515184, 1357 
1720703199081.00, 174666, -511362, 1326 
1720703199103.00, 174579, -507559, 1305 
1720703199124.00, 174787, -503744, 1276 
1720703199146.00, 174931, -499918, 1269 
1720703199168.00, 174598, -496108, 1254 
1720703199190.00, 174703, -492287, 1243 
1720703199212.00, 174616, -488468, 1227 
1720703199233.00, 174653, -484664, 1207 
1720703199255.00, 174677, -480846, 1182 
1720703199277.00, 174748, -477029, 1170 
1720703199299.00, 174773, -473209, 1143 
1720703199321.00, 172954, -469396, 1119 
1720703199342.00, 170335, -465615, 1102 
1720703199364.00, 167707, -461893, 1073 
1720703199386.00, 164302, -458245, 1026 
1720703199409.00, 159320, -454659, 988 
1720703199430.00, 153954, -451195, 958 
1720703199453.00, 148910, -447870, 915 
1720703199474.00, 143119, -444630, 848 
1720703199496.00, 135499, -441529, 796 
1720703199518.00, 127776, -438595, 716 
1720703199541.00, 118315, -435816, 635 
1720703199561.00, 107863, -433257, 538 
1720703199583.00, 95481, -430929, 442 
1720703199604.00, 55663, -428886, 352 
1720703199626.00, 32039, -427678, 290 
1720703199648.00, 18032, -426974, 172 
1720703199670.00, 9696, -426581, 93 
1720703199691.00, 4801, -426373, 11 
1720703199712.00, 1908, -426274, -134 
1720703199734.00, -7082, -426245, -261 
1720703199755.00, -20780, -426387, -294 
1720703199777.00, -30769, -426837, -547 
1720703199799.00, -51832, -427505, -577 
1720703199820.00, -66276, -428615, -603 
1720703199842.00, -76118, -430049, -702 
1720703199864.00, -88136, -431717, -737 
1720703199885.00, -97334, -433616, -700 
1720703199906.00, -100332, -435741, -735 
1720703199929.00, -104260, -437936, -729 
1720703199950.00, -106185, -440190, -738 
1720703199972.00, -107691, -442512, -767 
1720703199994.00, -110220, -444862, -785 
1720703200016.00, -112881, -447261, -804 
1720703200037.00, -115424, -449714, -884 
1720703200059.00, -121865, -452245, -880 
1720703200081.00, -125250, -454898, -896 
1720703200103.00, -128086, -457627, -926 
1720703200124.00, -131567, -460419, -914 
1720703200146.00, -132947, -463275, -904 
1720703200167.00, -133121, -466164, -910 
1720703200189.00, -133422, -469068, -883 
1720703200211.00, -131750, -471975, -892 
1720703200232.00, -131375, -474842, -898 
1720703200255.00, -131530, -477711, -903 
1720703200276.00, -131704, -480567, -943 
1720703200298.00, -134162, -483432, -953 
1720703200320.00, -136391, -486352, -977 
1720703200342.00, -139290, -489312, -976 
1720703200362.00, -140727, -492349, -1018 
1720703200384.00, -143775, -495427, -1072 
1720703200406.00, -148981, -498562, -1053 
1720703200428.00, -150768, -501836, -1072 
1720703200450.00, -153112, -505122, -1132 
1720703200471.00, -158001, -508477, -1115 
1720703200493.00, -159849, -511923, -1092 
1720703200515.00, -159383, -515409, -1136 
1720703200537.00, -161523, -518899, -1173 
1720703200558.00, -164998, -522428, -1113 
1720703200580.00, -163344, -526055, -1111 
1720703200602.00, -162153, -529606, -1077 
1720703200625.00, -159392, -533150, -967 
1720703200646.00, -151210, -536617, -939 
1720703200668.00, -144471, -539895, -989 
1720703200690.00, -143344, -543032, -922 
1720703200712.00, -138819, -546138, -885 
1720703200733.00, -133750, -549161, -891 
1720703200761.00, -131075, -552058, -865 
1720703200777.00, -128069, -554896, -814 
1720703200799.00, -122947, -557673, -862 
1720703200821.00, -122883, -560358, -862 
1720703200842.00, -122939, -563020, -885 
1720703200867.00, -124224, -565711, -942 
1720703200885.00, -128347, -568409, -977 
1720703200907.00, -133050, -571194, -976 
1720703200929.00, -135661, -574100, -969 
1720703200950.00, -136779, -577049, -939 
1720703200973.00, -134566, -580012, -882 
1720703200994.00, -129604, -582941, -859 
1720703201016.00, -125288, -585755, -765 
1720703201038.00, -117118, -588457, -621 
1720703201059.00, -103480, -590990, -522 
1720703201081.00, -89245, -593222, -419 
1720703201102.00, -49120, -595132, -268 
1720703201124.00, -25350, -596203, -211 
1720703201146.00, -11377, -596768, -77 
1720703201167.00, -3364, -597012, 40 
1720703201189.00, 3388, -597086, 103 
1720703201210.00, 11246, -597016, 308 
1720703201232.00, 28367, -596773, 454 
1720703201254.00, 47249, -596166, 731 
1720703201275.00, 75200, -595158, 904 
1720703201297.00, 102383, -593523, 906 
1720703201318.00, 118395, -591289, 1050 
1720703201339.00, 136147, -588690, 1142 
1720703201361.00, 152111, -585689, 1164 
1720703201383.00, 162739, -582352, 1186 
1720703201405.00, 170205, -578789, 1217 
1720703201427.00, 175214, -575054, 1216 
1720703201449.00, 175092, -571243, 1215 
1720703201470.00, 174818, -567423, 1221 
1720703201492.00, 174669, -563601, 1250 
1720703201514.00, 174838, -559779, 1247 
1720703201536.00, 174813, -555981, 1255 
1720703201557.00, 174657, -552146, 1274 
1720703201579.00, 174642, -548332, 1289 
1720703201601.00, 174886, -544517, 1282 
1720703201623.00, 174645, -540698, 1288 
1720703201645.00, 174584, -536885, 1302 
1720703201667.00, 174781, -533071, 1291 
1720703201688.00, 174773, -529258, 1268 
1720703201710.00, 174686, -525434, 1239 
1720703201732.00, 174752, -521624, 1209 
1720703201754.00, 174592, -517810, 1200 
1720703201776.00, 174706, -514003, 1174 
1720703201797.00, 174753, -510189, 1160 
1720703201819.00, 174799, -506370, 1158 
1720703201841.00, 174625, -502541, 1144 
1720703201863.00, 173665, -498725, 1148 
1720703201884.00, 173194, -494940, 1120 
1720703201906.00, 171055, -491158, 1105 
1720703201928.00, 168692, -487433, 1078 
1720703201950.00, 165672, -483744, 1027 
1720703201973.00, 160465, -480134, 963 
1720703201995.00, 153573, -476641, 910 
1720703202017.00, 146246, -473324, 908 
1720703202038.00, 141726, -470142, 903 
1720703202060.00, 138600, -467067, 930 
1720703202082.00, 138207, -464050, 944 
1720703202104.00, 138753, -461051, 933 
1720703202125.00, 138375, -458024, 933 
1720703202147.00, 138100, -455009, 928 
1720703202168.00, 137572, -452001, 908 
1720703202191.00, 135917, -449019, 880 
1720703202212.00, 133068, -446058, 840 
1720703202233.00, 129108, -443168, 783 
1720703202256.00, 123203, -440376, 709 
1720703202277.00, 114958, -437720, 607 
1720703202299.00, 103889, -435227, 494 
1720703202320.00, 90428, -432978, 383 
1720703202342.00, 75622, -431044, 251 
1720703202363.00, 43820, -429428, 100 
1720703202388.00, 24628, -428484, -11 
1720703202407.00, 12652, -427946, -181 
1720703202428.00, -3956, -427663, -297 
1720703202450.00, -21028, -427734, -383 
1720703202471.00, -36557, -428188, -525 
1720703202497.00, -54260, -428963, -573 
1720703202515.00, -67447, -430117, -614 
1720703202537.00, -77888, -431597, -659 
1720703202559.00, -86629, -433282, -718 
1720703202580.00, -95457, -435183, -753 
1720703202606.00, -102587, -437246, -769 
1720703202624.00, -107833, -439483, -808 
1720703202645.00, -113189, -441841, -857 
1720703202667.00, -119274, -444316, -871 
1720703202689.00, -123600, -446901, -864 
1720703202716.00, -125593, -449584, -853 
1720703202732.00, -125879, -452338, -887 
1720703202753.00, -127932, -455086, -898 
1720703202775.00, -130010, -457865, -845 
1720703202798.00, -127969, -460698, -861 
1720703202824.00, -127782, -463474, -871 
1720703202841.00, -128221, -466246, -829 
1720703202863.00, -125741, -469035, -857 
1720703202884.00, -125774, -471778, -880 
1720703202906.00, -126950, -474517, -864 
1720703202928.00, -127051, -477293, -881 
1720703202949.00, -127963, -480048, -909 
1720703202971.00, -130211, -482826, -921 
1720703202993.00, -132159, -485661, -945 
1720703203014.00, -134796, -488542, -956 
1720703203038.00, -136753, -491472, -992 
1720703203058.00, -139935, -494460, -969 
1720703203079.00, -140398, -497507, -968 
1720703203101.00, -140674, -500578, -980 
1720703203122.00, -141412, -503641, -1006 
1720703203144.00, -143648, -506722, -1015 
1720703203166.00, -145291, -509872, -1042 
1720703203188.00, -147644, -513040, -1052 
1720703203209.00, -149747, -516281, -1066 
1720703203231.00, -151916, -519543, -1012 
1720703203254.00, -149780, -522858, -988 
1720703203274.00, -147061, -526125, -1017 
1720703203298.00, -147015, -529314, -947 
1720703203319.00, -142409, -532518, -943 
1720703203341.00, -139646, -535630, -948 
1720703203363.00, -138461, -538648, -908 
1720703203385.00, -135250, -541673, -929 
1720703203407.00, -134598, -544606, -958 
1720703203428.00, -135894, -547532, -931 
1720703203450.00, -134829, -550503, -941 
1720703203471.00, -135018, -553433, -964 
1720703203493.00, -136531, -556370, -935 
1720703203515.00, -135309, -559340, -972 
1720703203536.00, -136844, -562288, -1027 
1720703203558.00, -141180, -565281, -983 
1720703203579.00, -141069, -568355, -1042 
1720703203600.00, -144218, -571434, -1132 
1720703203623.00, -151708, -574605, -1018 
1720703203645.00, -149359, -577907, -970 
1720703203667.00, -144900, -581154, -943 
1720703203688.00, -140528, -584302, -827 
1720703203713.00, -130977, -587339, -762 
1720703203733.00, -121076, -590177, -694 
1720703203754.00, -111121, -592799, -571 
1720703203776.00, -62720, -595186, -450 
1720703203798.00, -33990, -596545, -418 
1720703203819.00, -17259, -597303, -274 
1720703203840.00, -7725, -597694, -213 
1720703203862.00, -1969, -597868, -146 
1720703203883.00, 663, -597908, -12 
1720703203905.00, 2614, -597887, 150 
1720703203926.00, 12853, -597820, 332 
1720703203948.00, 29989, -597548, 459 
1720703203970.00, 47548, -596915, 621 
1720703203992.00, 67746, -595897, 765 
1720703204014.00, 88390, -594424, 815 
1720703204035.00, 103589, -592509, 884 
1720703204057.00, 116474, -590243, 956 
1720703204077.00, 128325, -587692, 1004 
1720703204100.00, 138011, -584875, 1062 
1720703204121.00, 147340, -581842, 1114 
1720703204143.00, 155732, -578618, 1163 
1720703204165.00, 163618, -575205, 1169 
1720703204187.00, 168421, -571629, 1189 
1720703204208.00, 172371, -567939, 1212 
1720703204229.00, 174688, -564162, 1211 
1720703204252.00, 174576, -560341, 1174 
1720703204273.00, 174755, -556537, 1160 
1720703204296.00, 174045, -552725, 1151 
1720703204317.00, 172899, -548912, 1171 
1720703204339.00, 173326, -545129, 1148 
1720703204361.00, 172211, -541349, 1140 
1720703204383.00, 170902, -537599, 1146 
1720703204405.00, 170428, -533866, 1140 
1720703204426.00, 169541, -530149, 1131 
1720703204448.00, 168528, -526439, 1129 
1720703204470.00, 167719, -522765, 1134 
1720703204491.00, 167323, -519099, 1115 
1720703204514.00, 165766, -515441, 1083 
1720703204536.00, 163041, -511818, 1072 
1720703204557.00, 160532, -508268, 1071 
1720703204579.00, 158952, -504761, 1065 
1720703204600.00, 157647, -501289, 1055 
1720703204623.00, 156157, -497854, 1053 
1720703204645.00, 154921, -494437, 1053 
1720703204666.00, 154226, -491049, 1056 
1720703204688.00, 153990, -487685, 1052 
1720703204711.00, 153625, -484314, 1037 
1720703204732.00, 152424, -480965, 1030 
1720703204754.00, 151044, -477644, 1001 
1720703204777.00, 148672, -474337, 955 
1720703204798.00, 144181, -471115, 909 
1720703204821.00, 138778, -467973, 893 
1720703204842.00, 134624, -464957, 867 
1720703204864.00, 130648, -462030, 861 
1720703204886.00, 127651, -459192, 856 
1720703204911.00, 125620, -456426, 837 
1720703204929.00, 123496, -453694, 798 
1720703204951.00, 119606, -451018, 764 
1720703204972.00, 115114, -448420, 722 
1720703204994.00, 109894, -445914, 675 
1720703205016.00, 104037, -443527, 627 
1720703205037.00, 97535, -441290, 560 
1720703205058.00, 89640, -439176, 492 
1720703205080.00, 80908, -437242, 415 
1720703205102.00, 71134, -435508, 336 
1720703205128.00, 60472, -433964, 257 
1720703205146.00, 49303, -432664, 178 
1720703205167.00, 37856, -431615, 76 
1720703205189.00, 20682, -430788, -14 
1720703205210.00, 9180, -430329, -101 
1720703205232.00, -1945, -430125, -229 
1720703205254.00, -16750, -430157, -282 
1720703205275.00, -28592, -430517, -435 
1720703205297.00, -44967, -431137, -493 
1720703205318.00, -58216, -432097, -516 
1720703205346.00, -67240, -433353, -607 
1720703205362.00, -78016, -434831, -640 
1720703205383.00, -86361, -436517, -656 
1720703205405.00, -92172, -438403, -700 
1720703205427.00, -98360, -440394, -728 
1720703205449.00, -103286, -442532, -736 
1720703205470.00, -106757, -444792, -765 
1720703205492.00, -110644, -447113, -774 
1720703205514.00, -113266, -449517, -773 
1720703205535.00, -114565, -451991, -775 
1720703205558.00, -115445, -454498, -785 
1720703205579.00, -116449, -456993, -802 
1720703205600.00, -118065, -459534, -809 
1720703205622.00, -119350, -462107, -829 
1720703205643.00, -121086, -464703, -860 
1720703205666.00, -124088, -467353, -836 
1720703205688.00, -124459, -470047, -866 
1720703205709.00, -126342, -472747, -889 
1720703205730.00, -128709, -475503, -887 
1720703205752.00, -129830, -478314, -915 
1720703205777.00, -132131, -481137, -946 
1720703205796.00, -135161, -484026, -949 
1720703205818.00, -137214, -486977, -980 
1720703205839.00, -140305, -489952, -1023 
1720703205859.00, -144673, -493037, -1030 
1720703205886.00, -147526, -496185, -1065 
1720703205904.00, -151280, -499415, -1057 
1720703205925.00, -152988, -502726, -1019 
1720703205947.00, -151586, -506062, -1028 
1720703205969.00, -151356, -509376, -1026 
1720703205994.00, -150965, -512678, -1008 
1720703206012.00, -149556, -515981, -1017 
1720703206034.00, -149237, -519244, -1032 
1720703206059.00, -149672, -522492, -1084 
1720703206078.00, -153026, -525775, -1079 
1720703206103.00, -154778, -529117, -1074 
1720703206121.00, -155452, -532513, -1144 
1720703206143.00, -159992, -535906, -1079 
1720703206165.00, -158690, -539401, -1075 
1720703206187.00, -157383, -542884, -1164 
1720703206209.00, -162274, -546305, -1080 
1720703206230.00, -159984, -549867, -1140 
1720703206253.00, -161905, -553351, -1159 
1720703206274.00, -164433, -556890, -1098 
1720703206296.00, -162076, -560489, -1214 
1720703206319.00, -167754, -564017, -1184 
1720703206340.00, -169051, -567682, -1112 
1720703206362.00, -165255, -571366, -1149 
1720703206383.00, -165245, -574992, -1013 
1720703206407.00, -157046, -578576, -863 
1720703206432.00, -143007, -581999, -810 
1720703206450.00, -131361, -585081, -621 
1720703206472.00, -112764, -587902, -431 
1720703206493.00, -90411, -590338, -329 
1720703206514.00, -70961, -592283, -208 
1720703206540.00, -52077, -593801, -78 
1720703206558.00, -28323, -594920, 12 
1720703206579.00, -13761, -595553, 122 
1720703206601.00, 968, -595846, 278 
1720703206623.00, 19335, -595842, 421 
1720703206644.00, 39006, -595437, 542 
1720703206666.00, 57742, -594599, 736 
1720703206687.00, 80409, -593341, 824 
1720703206709.00, 99377, -591589, 893 
1720703206731.00, 114730, -589428, 986 
1720703206752.00, 129305, -586921, 1031 
1720703206773.00, 140512, -584082, 1072 
1720703206795.00, 149501, -580992, 1114 
1720703206817.00, 157151, -577718, 1137 
1720703206839.00, 162982, -574273, 1154 
1720703206862.00, 167353, -570708, 1161 
1720703206882.00, 170350, -567036, 1187 
1720703206904.00, 173386, -563328, 1260 
1720703206926.00, 174732, -559539, 1278 
1720703206948.00, 174682, -555716, 1307 
1720703206969.00, 174760, -551883, 1331 
1720703206991.00, 174814, -548075, 1368 
1720703207013.00, 174694, -544248, 1372 
1720703207035.00, 174730, -540437, 1373 
1720703207057.00, 174713, -536621, 1354 
1720703207079.00, 174740, -532803, 1348 
1720703207100.00, 174866, -528985, 1331 
1720703207122.00, 174841, -525172, 1337 
1720703207144.00, 174512, -521363, 1325 
1720703207166.00, 174709, -517547, 1323 
1720703207188.00, 174752, -513731, 1318 
1720703207209.00, 174793, -509915, 1320 
1720703207231.00, 174697, -506093, 1329 
1720703207253.00, 174780, -502285, 1301 
1720703207275.00, 174730, -498460, 1280 
1720703207297.00, 174507, -494638, 1268 
1720703207319.00, 174752, -490827, 1239 
1720703207340.00, 175033, -487020, 1182 
1720703207362.00, 174612, -483200, 1164 
1720703207384.00, 174186, -479380, 1131 
1720703207406.00, 171908, -475574, 1105 
1720703207428.00, 168696, -471827, 1083 
1720703207449.00, 165576, -468152, 1063 
1720703207471.00, 162281, -464551, 1035 
1720703207493.00, 158656, -461004, 1007 
1720703207516.00, 154675, -457547, 979 
1720703207538.00, 150764, -454183, 928 
1720703207560.00, 145042, -450911, 871 
1720703207581.00, 138066, -447770, 805 
1720703207603.00, 129770, -444785, 735 
1720703207625.00, 120430, -441966, 668 
1720703207647.00, 110959, -439355, 601 
1720703207668.00, 101503, -436950, 524 
1720703207690.00, 90969, -434763, 463 
1720703207712.00, 81023, -432800, 399 
1720703207733.00, 71122, -431056, 313 
1720703207754.00, 40988, -429526, 214 
1720703207776.00, 22903, -428641, 126 
1720703207798.00, 12518, -428137, -21 
1720703207820.00, 5038, -427864, -142 
1720703207841.00, -5931, -427758, -271 
1720703207862.00, -20935, -427873, -302 
1720703207885.00, -31613, -428326, -545 
1720703207906.00, -52555, -429004, -644 
1720703207928.00, -70591, -430116, -646 
1720703207949.00, -81634, -431665, -764 
1720703207970.00, -95052, -433438, -880 
1720703207993.00, -110167, -435522, -855 
1720703208014.00, -117547, -437930, -882 
1720703208036.00, -123474, -440480, -905 
1720703208058.00, -128219, -443182, -912 
1720703208080.00, -131277, -445974, -918 
1720703208101.00, -133281, -448819, -913 
1720703208123.00, -134166, -451747, -922 
1720703208145.00, -135114, -454674, -938 
1720703208167.00, -136762, -457609, -907 
1720703208191.00, -135760, -460584, -911 
1720703208210.00, -135350, -463525, -945 
1720703208232.00, -137118, -466476, -988 
1720703208253.00, -140738, -469459, -967 
1720703208275.00, -141473, -472520, -996 
1720703208296.00, -143489, -475603, -1016 
1720703208318.00, -145846, -478746, -1021 
1720703208341.00, -147585, -481917, -968 
1720703208362.00, -145133, -485139, -993 
1720703208383.00, -145061, -488298, -1003 
1720703208406.00, -145716, -491475, -955 
1720703208428.00, -143067, -494644, -975 
1720703208448.00, -142540, -497757, -1038 
1720703208471.00, -145939, -500876, -982 
1720703208493.00, -144752, -504067, -998 
1720703208515.00, -144805, -507214, -1099 
1720703208535.00, -150987, -510381, -1057 
1720703208557.00, -151977, -513672, -1046 
1720703208579.00, -151779, -517009, -1116 
1720703208601.00, -155857, -520331, -1081 
1720703208623.00, -156309, -523742, -1078 
1720703208644.00, -156130, -527152, -1180 
1720703208665.00, -162166, -530550, -1120 
1720703208688.00, -162383, -534116, -1086 
1720703208710.00, -160215, -537663, -1161 
1720703208740.00, -163158, -541155, -1186 
1720703208754.00, -166619, -544719, -1115 
1720703208775.00, -164210, -548366, -1156 
1720703208797.00, -165170, -551960, -1135 
1720703208819.00, -164454, -555561, -1085 
1720703208843.00, -160897, -559164, -1070 
1720703208862.00, -157814, -562660, -1006 
1720703208885.00, -152281, -566098, -930 
1720703208907.00, -144091, -569404, -918 
1720703208929.00, -138588, -572523, -794 
1720703208951.00, -127826, -575527, -771 
1720703208972.00, -119619, -578293, -735 
1720703208994.00, -113017, -580892, -663 
1720703209015.00, -104652, -583341, -642 
1720703209037.00, -98334, -585619, -599 
1720703209059.00, -92052, -587725, -512 
1720703209080.00, -83232, -589717, -488 
1720703209102.00, -76214, -591515, -397 
1720703209124.00, -66879, -593150, -263 
1720703209145.00, -37388, -594583, -204 
1720703209167.00, -19455, -595415, -171 
1720703209189.00, -8821, -595847, -40 
1720703209209.00, -2574, -596035, 90 
1720703209231.00, 5821, -596086, 244 
1720703209253.00, 20445, -595967, 493 
1720703209275.00, 44069, -595530, 770 
1720703209296.00, 75086, -594594, 942 
1720703209318.00, 103731, -592966, 966 
1720703209338.00, 122024, -590702, 1076 
1720703209360.00, 139297, -588029, 1105 
1720703209382.00, 150997, -584967, 1138 
1720703209404.00, 159804, -581654, 1162 
1720703209426.00, 166265, -578151, 1160 
1720703209448.00, 169914, -574512, 1193 
1720703209469.00, 173864, -570801, 1225 
1720703209494.00, 174948, -566999, 1242 
1720703209512.00, 174706, -563184, 1280 
1720703209534.00, 174707, -559371, 1312 
1720703209556.00, 174882, -555559, 1341 
1720703209579.00, 174977, -551734, 1378 
1720703209600.00, 174623, -547919, 1404 
1720703209622.00, 174695, -544094, 1399 
1720703209644.00, 174647, -540277, 1379 
1720703209665.00, 174646, -536475, 1371 
1720703209687.00, 174659, -532650, 1370 
1720703209709.00, 174693, -528836, 1335 
1720703209731.00, 174751, -525020, 1318 
1720703209753.00, 174593, -521204, 1288 
1720703209774.00, 174599, -517389, 1267 
1720703209797.00, 174617, -513582, 1229 
1720703209818.00, 174870, -509759, 1208 
1720703209840.00, 174507, -505958, 1182 
1720703209862.00, 174646, -502134, 1177 
1720703209884.00, 174482, -498313, 1166 
1720703209905.00, 174379, -494503, 1144 
1720703209928.00, 172924, -490697, 1143 
1720703209949.00, 172100, -486920, 1140 
1720703209971.00, 171230, -483155, 1123 
1720703209993.00, 169349, -479421, 1129 
1720703210015.00, 168596, -475720, 1123 
1720703210037.00, 167513, -472059, 1109 
1720703210058.00, 166039, -468389, 1089 
1720703210080.00, 163703, -464772, 1067 
1720703210102.00, 161049, -461203, 1030 
1720703210125.00, 157178, -457684, 987 
1720703210147.00, 152229, -454273, 935 
1720703210169.00, 145982, -450974, 857 
1720703210190.00, 137443, -447811, 781 
1720703210212.00, 127740, -444837, 693 
1720703210234.00, 116574, -442066, 610 
1720703210259.00, 104899, -439550, 511 
1720703210277.00, 91857, -437284, 417 
1720703210298.00, 78396, -435314, 317 
1720703210320.00, 64331, -433618, 192 
1720703210342.00, 48515, -432256, 60 
1720703210364.00, 27198, -431219, -81 
1720703210385.00, 10064, -430605, -206 
1720703210406.00, -7209, -430376, -306 
1720703210429.00, -23635, -430529, -499 
1720703210450.00, -45025, -431031, -526 
1720703210471.00, -59610, -431993, -580 
1720703210493.00, -71211, -433278, -682 
1720703210515.00, -84379, -434840, -710 
1720703210537.00, -93973, -436667, -729 
1720703210558.00, -100458, -438722, -842 
1720703210580.00, -111190, -440904, -887 
1720703210602.00, -120152, -443340, -902 
1720703210623.00, -126315, -445962, -965 
1720703210645.00, -133594, -448710, -974 
1720703210667.00, -138374, -451638, -962 
1720703210687.00, -140372, -454650, -1006 
1720703210708.00, -144143, -457722, -1022 
1720703210732.00, -147282, -460867, -994 
1720703210752.00, -147381, -464071, -1020 
1720703210774.00, -148892, -467295, -1013 
1720703210796.00, -149337, -470548, -1015 
1720703210818.00, -149556, -473806, -1025 
1720703210840.00, -150287, -477074, -1022 
1720703210862.00, -150482, -480347, -1024 
1720703210884.00, -150498, -483643, -1018 
1720703210906.00, -150111, -486922, -989 
1720703210927.00, -147894, -490187, -1049 
1720703210949.00, -150122, -493436, -1040 
1720703210970.00, -150937, -496711, -1038 
1720703210992.00, -150963, -500027, -1113 
1720703211014.00, -155819, -503335, -1107 
1720703211036.00, -158069, -506744, -1149 
1720703211058.00, -162049, -510197, -1136 
1720703211079.00, -163490, -513737, -1104 
1720703211102.00, -162289, -517330, -1177 
1720703211123.00, -165833, -520862, -1157 
1720703211145.00, -166882, -524486, -1046 
1720703211167.00, -160703, -528122, -1053 
1720703211189.00, -157499, -531620, -1018 
1720703211212.00, -153514, -535068, -985 
1720703211232.00, -148912, -538388, -1011 
1720703211255.00, -147796, -541642, -989 
1720703211277.00, -145756, -544853, -967 
1720703211298.00, -143118, -548020, -1013 
1720703211320.00, -144239, -551147, -1039 
1720703211341.00, -146447, -554298, -1041 
1720703211363.00, -147744, -557501, -1057 
1720703211385.00, -149578, -560737, -1056 
1720703211407.00, -150440, -563991, -1046 
1720703211428.00, -150222, -567282, -1000 
1720703211451.00, -147342, -570553, -949 
1720703211473.00, -142507, -573765, -902 
1720703211495.00, -136657, -576848, -802 
1720703211516.00, -127376, -579797, -667 
1720703211538.00, -113406, -582572, -641 
1720703211560.00, -103175, -585020, -551 
1720703211582.00, -92155, -587246, -425 
1720703211603.00, -77715, -589229, -366 
1720703211625.00, -65747, -590911, -274 
1720703211646.00, -53164, -592327, -174 
1720703211668.00, -39514, -593465, -89 
1720703211689.00, -20715, -594320, 27 
1720703211711.00, -8247, -594781, 186 
1720703211733.00, 8029, -594962, 363 
1720703211754.00, 28684, -594808, 485 
1720703211776.00, 48726, -594197, 663 
1720703211798.00, 70828, -593157, 845 
1720703211819.00, 95203, -591614, 900 
1720703211841.00, 112933, -589539, 998 
1720703211861.00, 129010, -587071, 1073 
1720703211883.00, 142912, -584228, 1104 
1720703211905.00, 153065, -581090, 1148 
1720703211927.00, 161350, -577740, 1162 
1720703211949.00, 167164, -574199, 1169 
1720703211970.00, 170645, -570554, 1197 
1720703211992.00, 174341, -566823, 1176 
1720703212015.00, 174671, -563019, 1208 
1720703212036.00, 174751, -559196, 1206 
1720703212058.00, 174585, -555379, 1190 
1720703212079.00, 174595, -551559, 1138 
1720703212101.00, 172839, -547761, 1113 
1720703212122.00, 170065, -543990, 1110 
1720703212145.00, 168150, -540277, 1128 
1720703212167.00, 167839, -536606, 1134 
1720703212189.00, 168098, -532946, 1140 
1720703212210.00, 168499, -529268, 1136 
1720703212234.00, 168213, -525584, 1151 
1720703212254.00, 168689, -521910, 1145 
1720703212276.00, 168758, -518217, 1128 
1720703212298.00, 167766, -514537, 1120 
1720703212319.00, 166587, -510876, 1124 
1720703212342.00, 166026, -507235, 1119 
1720703212363.00, 165420, -503613, 1115 
1720703212385.00, 164662, -500003, 1099 
1720703212407.00, 163261, -496399, 1104 
1720703212428.00, 162562, -492836, 1107 
1720703212451.00, 162350, -489282, 1117 
1720703212472.00, 162570, -485744, 1115 
1720703212494.00, 162424, -482190, 1101 
1720703212516.00, 161463, -478634, 1103 
1720703212537.00, 160896, -475107, 1087 
1720703212560.00, 159431, -471590, 1091 
1720703212581.00, 158931, -468103, 1080 
1720703212603.00, 157987, -464639, 1067 
1720703212625.00, 156545, -461188, 1033 
1720703212647.00, 153576, -457780, 1018 
1720703212676.00, 150766, -454430, 988 
1720703212692.00, 147342, -451145, 963 
1720703212713.00, 143751, -447944, 937 
1720703212735.00, 140152, -444827, 891 
1720703212757.00, 135077, -441785, 856 
1720703212781.00, 129809, -438854, 805 
1720703212800.00, 123583, -436031, 752 
1720703212822.00, 116821, -433357, 680 
1720703212843.00, 108224, -430827, 601 
1720703212865.00, 61548, -428507, 515 
1720703212889.00, 33930, -427161, 489 
1720703212909.00, 17471, -426418, 333 
1720703212929.00, 7936, -426028, 215 
1720703212951.00, 2434, -425866, 65 
1720703212972.00, -81, -425820, -104 
1720703212996.00, -8060, -425830, -247 
1720703213016.00, -21383, -425997, -305 
1720703213037.00, -32992, -426459, -506 
1720703213059.00, -51743, -427166, -600 
1720703213080.00, -68677, -428285, -634 
1720703213102.00, -80573, -429771, -742 
1720703213124.00, -94050, -431527, -741 
1720703213146.00, -101867, -433560, -775 
1720703213167.00, -108508, -435799, -803 
1720703213189.00, -113924, -438169, -793 
1720703213212.00, -116670, -440641, -828 
1720703213232.00, -120149, -443194, -848 
1720703213255.00, -123309, -445811, -827 
1720703213276.00, -123905, -448487, -813 
1720703213298.00, -123316, -451198, -848 
1720703213320.00, -125044, -453875, -868 
1720703213342.00, -127153, -456581, -845 
1720703213363.00, -126981, -459359, -871 
1720703213384.00, -128205, -462127, -899 
1720703213407.00, -130577, -464913, -933 
1720703213429.00, -133944, -467765, -951 
1720703213450.00, -137120, -470687, -958 
1720703213472.00, -139230, -473656, -986 
1720703213493.00, -142024, -476699, -974 
1720703213515.00, -142949, -479788, -984 
1720703213536.00, -144187, -482895, -1006 
1720703213557.00, -145989, -486048, -1008 
1720703213579.00, -147154, -489227, -1038 
1720703213601.00, -149420, -492451, -1028 
1720703213623.00, -150412, -495720, -1013 
1720703213646.00, -149869, -498997, -1063 
1720703213666.00, -152422, -502273, -1050 
1720703213688.00, -153122, -505592, -1029 
1720703213710.00, -152113, -508955, -1095 
1720703213732.00, -155460, -512279, -1084 
1720703213757.00, -156866, -515661, -1056 
1720703213776.00, -155912, -519102, -1111 
1720703213797.00, -158191, -522496, -1131 
1720703213819.00, -160887, -525963, -1080 
1720703213841.00, -159346, -529480, -1111 
1720703213862.00, -159956, -532968, -1152 
1720703213885.00, -163113, -536462, -1028 
1720703213907.00, -157486, -540014, -967 
1720703213928.00, -150183, -543436, -1027 
1720703213951.00, -149523, -546702, -947 
1720703213974.00, -144163, -549957, -921 
1720703213995.00, -139340, -553086, -948 
1720703214016.00, -138032, -556116, -901 
1720703214038.00, -134616, -559120, -914 
1720703214059.00, -133267, -562041, -956 
1720703214084.00, -134865, -564936, -939 
1720703214103.00, -134980, -567874, -929 
1720703214125.00, -134152, -570795, -937 
1720703214146.00, -134239, -573726, -900 
1720703214168.00, -131962, -576643, -911 
1720703214189.00, -131315, -579499, -871 
1720703214212.00, -128347, -582366, -821 
1720703214234.00, -123398, -585155, -778 
1720703214255.00, -117937, -587809, -630 
1720703214277.00, -105669, -590371, -560 
1720703214299.00, -94179, -592659, -527 
1720703214320.00, -85220, -594675, -350 
1720703214342.00, -48223, -596498, -236 
1720703214364.00, -25818, -597556, -230 
1720703214385.00, -12763, -598141, -121 
1720703214407.00, -5116, -598423, 0 
1720703214430.00, -524, -598534, 92 
1720703214449.00, 6939, -598544, 271 
1720703214471.00, 22404, -598397, 462 
1720703214493.00, 43196, -597919, 599 
1720703214514.00, 63700, -596991, 813 
1720703214536.00, 89052, -595621, 882 
1720703214558.00, 108097, -593678, 955 
1720703214578.00, 123608, -591313, 1040 
1720703214600.00, 137761, -588602, 1077 
1720703214622.00, 148239, -585586, 1119 
1720703214644.00, 156825, -582328, 1141 
1720703214665.00, 163114, -578901, 1175 
1720703214687.00, 168748, -575331, 1195 
1720703214709.00, 173122, -571636, 1232 
1720703214730.00, 174942, -567846, 1243 
1720703214755.00, 174982, -564019, 1259 
1720703214775.00, 174638, -560212, 1254 
1720703214796.00, 174798, -556403, 1294 
1720703214818.00, 174887, -552583, 1304 
1720703214840.00, 174789, -548763, 1320 
1720703214865.00, 174761, -544938, 1312 
1720703214883.00, 174795, -541128, 1313 
1720703214905.00, 174770, -537312, 1299 
1720703214927.00, 174605, -533497, 1306 
1720703214949.00, 174845, -529692, 1262 
1720703214971.00, 175039, -525868, 1237 
1720703214992.00, 174533, -522054, 1216 
1720703215014.00, 174717, -518234, 1175 
1720703215036.00, 174651, -514422, 1160 
1720703215058.00, 173982, -510618, 1152 
1720703215079.00, 173297, -506813, 1159 
1720703215101.00, 173153, -503022, 1183 
1720703215124.00, 174351, -499244, 1198 
1720703215145.00, 174751, -495434, 1193 
1720703215167.00, 174704, -491619, 1186 
1720703215189.00, 174772, -487800, 1183 
1720703215210.00, 174757, -483994, 1185 
1720703215232.00, 174796, -480173, 1164 
1720703215254.00, 173670, -476352, 1169 
1720703215276.00, 173005, -472569, 1150 
1720703215298.00, 171145, -468793, 1117 
1720703215320.00, 168035, -465057, 1073 
1720703215341.00, 163405, -461394, 1038 
1720703215365.00, 158672, -457824, 992 
1720703215386.00, 153051, -454374, 954 
1720703215408.00, 147368, -451056, 897 
1720703215430.00, 140427, -447861, 847 
1720703215451.00, 133185, -444822, 787 
1720703215473.00, 125111, -441935, 725 
1720703215495.00, 116572, -439218, 677 
1720703215519.00, 108515, -436689, 637 
1720703215538.00, 101225, -434340, 587 
1720703215560.00, 93901, -432145, 519 
1720703215582.00, 54035, -430117, 442 
1720703215603.00, 30133, -428953, 422 
1720703215625.00, 16126, -428289, 297 
1720703215646.00, 7879, -427929, 218 
1720703215668.00, 2984, -427754, 132 
1720703215689.00, 67, -427695, 23 
1720703215710.00, -1034, -427696, -112 
1720703215732.00, -8429, -427719, -235 
1720703215754.00, -20669, -427901, -293 
1720703215776.00, -30982, -428350, -478 
1720703215797.00, -48400, -429022, -597 
1720703215819.00, -65853, -430046, -630 
1720703215843.00, -78168, -431486, -738 
1720703215862.00, -91848, -433184, -806 
1720703215884.00, -104039, -435197, -820 
1720703215906.00, -112104, -437463, -866 
1720703215927.00, -119523, -439905, -859 
1720703215949.00, -123384, -442519, -841 
1720703215971.00, -124364, -445219, -877 
1720703215993.00, -127203, -447918, -893 
1720703216014.00, -129749, -450691, -897 
1720703216036.00, -131507, -453513, -917 
1720703216058.00, -133554, -456369, -920 
1720703216080.00, -134877, -459290, -921 
1720703216101.00, -135556, -462219, -904 
1720703216122.00, -134886, -465163, -928 
1720703216144.00, -135964, -468121, -928 
1720703216166.00, -136531, -471078, -914 
1720703216188.00, -135905, -474045, -970 
1720703216208.00, -138927, -477009, -1016 
1720703216231.00, -143289, -480033, -1013 
1720703216253.00, -145595, -483175, -1035 
1720703216276.00, -148219, -486364, -1064 
1720703216296.00, -151450, -489600, -1035 
1720703216318.00, -151697, -492923, -1020 
1720703216340.00, -150847, -496229, -1036 
1720703216361.00, -151163, -499522, -1020 
1720703216387.00, -150516, -502826, -989 
1720703216406.00, -148040, -506084, -989 
1720703216427.00, -146551, -509318, -994 
1720703216450.00, -145911, -512502, -970 
1720703216469.00, -143969, -515662, -1040 
1720703216493.00, -146910, -518822, -1099 
1720703216513.00, -152271, -522021, -1011 
1720703216536.00, -150176, -525365, -1075 
1720703216557.00, -152604, -528632, -1144 
1720703216579.00, -158125, -531965, -1030 
1720703216604.00, -154399, -535435, -989 
1720703216623.00, -149600, -538779, -1029 
1720703216645.00, -148954, -542064, -995 
1720703216666.00, -146695, -545291, -1006 
1720703216688.00, -145988, -548492, -1042 
1720703216712.00, -147857, -551683, -996 
1720703216731.00, -146152, -554899, -1009 
1720703216753.00, -145701, -558083, -1006 
1720703216776.00, -145351, -561267, -981 
1720703216798.00, -143455, -564421, -988 
1720703216820.00, -142597, -567541, -955 
1720703216841.00, -140127, -570628, -868 
1720703216863.00, -133440, -573685, -865 
1720703216885.00, -129277, -576576, -823 
1720703216907.00, -124189, -579376, -797 
1720703216940.00, -119478, -582083, -775 
1720703216950.00, -115385, -584675, -710 
1720703216972.00, -108999, -587156, -609 
1720703216994.00, -98994, -589520, -543 
1720703217015.00, -89092, -591652, -442 
1720703217037.00, -77197, -593573, -369 
1720703217058.00, -43329, -595235, -301 
1720703217080.00, -23231, -596176, -248 
1720703217101.00, -11232, -596698, -184 
1720703217123.00, -4324, -596957, -181 
1720703217145.00, -182, -597057, -187 
1720703217166.00, 1407, -597068, -148 
1720703217188.00, 2696, -597051, -160 
1720703217210.00, 3510, -596998, -144 
1720703217231.00, 4042, -596922, -121 
1720703217253.00, 4198, -596835, -110 
1720703217274.00, 4219, -596743, -95 
1720703217296.00, 4363, -596650, -79 
1720703217317.00, 4314, -596556, -61 
1720703217338.00, 4284, -596463, -45 
1720703217360.00, 4150, -596370, -36 
1720703217382.00, 3923, -596278, -29 
1720703217406.00, 3639, -596197, -21 
1720703217425.00, 3505, -596116, -13 
1720703217447.00, 3404, -596041, -15 
1720703217468.00, 3237, -595963, -12 
1720703217490.00, 3276, -595890, -6 
1720703217511.00, 3301, -595822, 0 
1720703217533.00, 3343, -595751, 5 
1720703217554.00, 3327, -595681, 17 
1720703217575.00, 4240, -595611, 28 
1720703217597.00, 5328, -595519, 36 
1720703217619.00, 6483, -595404, 49 
1720703217640.00, 7779, -595263, 60 
1720703217698.00, 9344, -595096, 55 
1720703217699.00, 10211, -594893, 63 
1720703217704.00, 10657, -594677, 72 
1720703217726.00, 0, -594439, -42 
1720703217747.00, 0, -594400, -32 
1720703217768.00, 0, -594401, -51 
1720703217789.00, 0, -594400, -38 
1720703217810.00, 0, -594400, -27 
1720703217831.00, 0, -594400, -28 
1720703217852.00, 0, -594399, -24 
1720703217873.00, 0, -594399, -17 
1720703217894.00, 0, -594399, -18 
1720703217915.00, 0, -594398, -2 
1720703217936.00, 0, -594398, 1 
1720703217957.00, 0, -594399, -17 
1720703217978.00, 0, -594400, -28 
1720703217999.00, 0, -594400, -31 
1720703218019.00, 0, -594399, -37 
1720703218041.00, 0, -594400, -49 
1720703218062.00, 0, -594401, -52 
1720703218083.00, 0, -594401, -58 
1720703218104.00, 0, -594400, -53 
1720703218125.00, 0, -594401, -55 
1720703218146.00, 0, -594401, -57 
1720703218167.00, 0, -594401, -58 
1720703218188.00, 0, -594401, -58 
1720703218209.00, 0, -594401, -50 
1720703218231.00, 0, -594401, -49 
1720703218251.00, 0, -594401, -50 
1720703218272.00, 0, -594400, -50 
1720703218293.00, 0, -594401, -51 
1720703218314.00, 0, -594402, -50 
1720703218335.00, 0, -594401, -49 
1720703218357.00, 0, -594401, -52 
1720703218377.00, 0, -594402, -53 
1720703218398.00, 0, -594402, -53 
1720703218419.00, 0, -594401, -53 
1720703218441.00, 0, -594402, -51 
1720703218461.00, 0, -594401, -49 
1720703218482.00, 0, -594401, -50 
1720703218504.00, 0, -594400, -51 
1720703218524.00, 0, -594401, -51 
1720703218545.00, 0, -594401, -47 
1720703218567.00, 0, -594401, -45 
1720703218588.00, 0, -594401, -45 
1720703218609.00, 0, -594400, -44 
1720703218630.00, 0, -594401, -42 
1720703218650.00, 0, -594402, -41 
1720703218672.00, 0, -594402, -39 
1720703218693.00, 0, -594401, -36 
1720703218722.00, 0, -594401, -36 
1720703218736.00, 0, -594401, -37 
1720703218756.00, 0, -594401, -37 
1720703218776.00, 0, -594400, -39 
1720703218797.00, 0, -594401, -41 
1720703218819.00, 0, -594401, -44 
1720703218840.00, 0, -594400, -48 
1720703218861.00, 0, -594401, -51 
1720703218882.00, 0, -594402, -57 
1720703218903.00, 0, -594402, -59 
1720703218924.00, 0, -594402, -62 
1720703218944.00, 0, -594402, -63 
1720703218966.00, 0, -594403, -66 
1720703218987.00, 0, -594402, -68 
1720703219008.00, 0, -594403, -69 
1720703219029.00, 0, -594402, -68 
1720703219050.00, 0, -594402, -66 
1720703219071.00, 0, -594402, -65 
1720703219092.00, 0, -594403, -64 
1720703219113.00, 0, -594402, -63 
1720703219134.00, 0, -594401, -62 
1720703219156.00, 0, -594403, -60 
1720703219176.00, 0, -594402, -59 
1720703219197.00, 0, -594402, -60 
1720703219218.00, 0, -594402, -57 
1720703219240.00, 0, -594403, -52 
1720703219260.00, 0, -594402, -52 
1720703219282.00, 0, -594402, -51 
1720703219302.00, 0, -594402, -49 
1720703219323.00, 0, -594401, -50 
1720703219345.00, 0, -594401, -53 
1720703219365.00, 0, -594402, -54 
1720703219386.00, 0, -594402, -53 
1720703219407.00, 0, -594403, -49 
1720703219428.00, 0, -594402, -47 
1720703219450.00, 0, -594402, -53 
1720703219470.00, 0, -594402, -59 
1720703219492.00, 0, -594402, -62 
1720703219513.00, 0, -594403, -65 
1720703219533.00, 0, -594402, -61 
1720703219555.00, 0, -594402, -56 
1720703219576.00, 0, -594402, -55 
1720703219597.00, 0, -594402, -54 
1720703219618.00, 0, -594403, -50 
1720703219639.00, 0, -594402, -47 
1720703219659.00, 0, -594402, -47 
1720703219681.00, 0, -594402, -49 
1720703219702.00, 0, -594402, -52 
1720703219723.00, 0, -594402, -58 
1720703219744.00, 0, -594403, -65 
1720703219765.00, 0, -594402, -73 
1720703219786.00, 0, -594403, -72 
1720703219807.00, 0, -594402, -71 
1720703219828.00, 0, -594402, -67 
1720703219849.00, 0, -594402, -65 
1720703219870.00, 0, -594403, -65 
1720703219891.00, 0, -594402, -65 
1720703219913.00, 0, -594402, -66 
1720703219933.00, 0, -594402, -67 
1720703219954.00, 0, -594403, -67 
1720703219977.00, 0, -594404, -68 
1720703219996.00, 0, -594403, -69 
1720703220017.00, 0, -594402, -70 
1720703220038.00, 0, -594402, -69 
1720703220059.00, 0, -594402, -68 
1720703220080.00, 0, -594402, -66 
1720703220102.00, 0, -594402, -66 
1720703220122.00, 0, -594402, -66 
1720703220143.00, 0, -594403, -67 
1720703220165.00, 0, -594403, -67 
1720703220186.00, 0, -594402, -63 
1720703220206.00, 0, -594403, -62 
1720703220228.00, 0, -594402, -63 
1720703220248.00, 0, -594402, -63 
1720703220270.00, 0, -594402, -61 
1720703220291.00, 0, -594403, -62 
1720703220312.00, 0, -594403, -61 
1720703220332.00, 0, -594404, -60 
1720703220354.00, 0, -594404, -59 
1720703220375.00, 0, -594403, -59 
1720703220396.00, 0, -594402, -59 
1720703220430.00, 0, -594403, -57 
1720703220438.00, 0, -594402, -55 
1720703220459.00, 0, -594403, -53 
1720703220480.00, 0, -594403, -51 
1720703220501.00, 0, -594402, -50 
1720703220522.00, 0, -594402, -50 
1720703220543.00, 0, -594401, -50 
1720703220564.00, 0, -594402, -48 
1720703220585.00, 0, -594402, -48 
1720703220606.00, 0, -594403, -50 
1720703220627.00, 0, -594403, -52 
1720703220648.00, 0, -594402, -54 
