1721391572674.00, 0, -595673, -370 
1721391572695.00, 0, -595673, -374 
1721391572716.00, 0, -595673, -375 
1721391572737.00, 0, -595673, -376 
1721391572758.00, -17, -595674, -377 
1721391572782.00, 0, -595673, -379 
1721391572800.00, 0, -595674, -380 
1721391572822.00, 0, -595674, -381 
1721391572844.00, 35, -595674, -383 
1721391572865.00, -53, -595674, -384 
1721391572887.00, 0, -595674, -386 
1721391572908.00, 0, -595674, -387 
1721391572929.00, 52, -595674, -387 
1721391572950.00, 0, -595674, -388 
1721391572972.00, 0, -595674, -383 
1721391572994.00, 0, -595674, -380 
1721391573014.00, 0, -595674, -379 
1721391573036.00, 0, -595675, -380 
1721391573057.00, 0, -595674, -385 
1721391573078.00, 55, -595675, -387 
1721391573099.00, 0, -595674, -389 
1721391573121.00, 0, -595674, -390 
1721391573142.00, 0, -595674, -393 
1721391573164.00, 0, -595675, -396 
1721391573185.00, 0, -595674, -397 
1721391573206.00, 49, -595676, -395 
1721391573227.00, 0, -595675, -397 
1721391573248.00, 0, -595676, -396 
1721391573270.00, 0, -595675, -398 
1721391573291.00, 0, -595675, -400 
1721391573313.00, 0, -595676, -402 
1721391573334.00, 0, -595675, -403 
1721391573355.00, 0, -595676, -407 
1721391573377.00, -35, -595676, -406 
1721391573397.00, 0, -595676, -407 
1721391573419.00, 0, -595675, -407 
1721391573441.00, 0, -595676, -404 
1721391573462.00, 0, -595676, -401 
1721391573483.00, 0, -595676, -398 
1721391573505.00, 0, -595675, -394 
1721391573525.00, 0, -595674, -390 
1721391573548.00, 0, -595675, -388 
1721391573567.00, 0, -595674, -388 
1721391573589.00, 0, -595676, -387 
1721391573611.00, 0, -595674, -383 
1721391573632.00, 0, -595675, -385 
1721391573657.00, 0, -595675, -385 
1721391573674.00, 0, -595676, -380 
1721391573696.00, 0, -595675, -384 
1721391573717.00, 0, -595676, -390 
1721391573739.00, 0, -595676, -398 
1721391573768.00, -28, -595675, -407 
1721391573781.00, -23, -595677, -415 
1721391573802.00, -15, -595676, -423 
1721391573822.00, 0, -595677, -431 
1721391573846.00, 0, -595677, -437 
1721391573867.00, 0, -595678, -442 
1721391573889.00, 0, -595676, -441 
1721391573910.00, 0, -595678, -435 
1721391573931.00, -37, -595677, -434 
1721391573952.00, 0, -595677, -430 
1721391573974.00, 0, -595677, -430 
1721391573995.00, 0, -595677, -428 
1721391574017.00, 0, -595678, -416 
1721391574038.00, 0, -595676, -401 
1721391574059.00, 0, -595676, -393 
1721391574080.00, 0, -595675, -373 
1721391574101.00, -67, -595674, -346 
1721391574122.00, 0, -595674, -346 
1721391574144.00, 0, -595674, -355 
1721391574166.00, 0, -595675, -349 
1721391574187.00, 0, -595674, -324 
1721391574208.00, 0, -595674, -328 
1721391574230.00, 11, -595674, -332 
1721391574251.00, -2, -595674, -327 
1721391574272.00, 7, -595674, -331 
1721391574294.00, 8, -595673, -331 
1721391574315.00, 63, -595674, -336 
1721391574336.00, 37, -595674, -339 
1721391574358.00, 0, -595673, -335 
1721391574379.00, 0, -595672, -332 
1721391574400.00, 0, -595674, -335 
1721391574421.00, 0, -595673, -339 
1721391574443.00, 0, -595674, -339 
1721391574464.00, 0, -595674, -339 
1721391574486.00, 0, -595673, -337 
1721391574507.00, 0, -595674, -342 
1721391574531.00, 0, -595674, -345 
1721391574550.00, 0, -595674, -348 
1721391574571.00, 0, -595674, -351 
1721391574592.00, 0, -595674, -362 
1721391574613.00, 0, -595675, -369 
1721391574634.00, 0, -595675, -373 
1721391574655.00, 0, -595676, -375 
1721391574677.00, 0, -595676, -379 
1721391574698.00, 0, -595676, -383 
1721391574719.00, -66, -595676, -383 
1721391574742.00, -61, -595675, -385 
1721391574763.00, 0, -595676, -388 
1721391574784.00, 0, -595676, -390 
1721391574805.00, 0, -595676, -392 
1721391574826.00, 0, -595676, -392 
1721391574848.00, 0, -595676, -390 
1721391574869.00, 0, -595676, -388 
1721391574890.00, 0, -595675, -384 
1721391574911.00, 0, -595676, -385 
1721391574932.00, 0, -595676, -385 
1721391574954.00, 0, -595675, -385 
1721391574976.00, 0, -595676, -383 
1721391574996.00, 0, -595676, -383 
1721391575018.00, 0, -595676, -384 
1721391575039.00, 0, -595675, -382 
1721391575060.00, 0, -595676, -376 
1721391575081.00, 0, -595676, -374 
1721391575103.00, 0, -595675, -372 
1721391575124.00, 0, -595675, -363 
1721391575145.00, 0, -595675, -350 
1721391575166.00, 0, -595674, -338 
1721391575188.00, 67, -595674, -328 
1721391575209.00, 0, -595674, -304 
1721391575231.00, 0, -595672, -268 
1721391575252.00, 0, -595669, -227 
1721391575273.00, 0, -595668, -191 
1721391575294.00, 0, -595665, -158 
1721391575315.00, 0, -595664, -123 
1721391575336.00, 0, -595662, -97 
1721391575358.00, 0, -595660, -69 
1721391575379.00, 1, -595658, -48 
1721391575400.00, 0, -595656, -16 
1721391575421.00, 0, -595655, 0 
1721391575443.00, 0, -595654, 14 
1721391575465.00, 491, -595653, 14 
1721391575486.00, 1191, -595646, 15 
1721391575507.00, 1656, -595624, 18 
1721391575528.00, 2223, -595591, 17 
1721391575551.00, 2344, -595542, 20 
1721391575571.00, 2619, -595492, 20 
1721391575593.00, 2769, -595437, 23 
1721391575614.00, 3031, -595379, 24 
1721391575636.00, 3170, -595313, 25 
1721391575657.00, 3327, -595245, 22 
1721391575679.00, 3227, -595172, 19 
1721391575701.00, 3145, -595102, 17 
1721391575722.00, 2878, -595036, 16 
1721391575743.00, 2630, -594974, 6 
1721391575765.00, 1470, -594918, -7 
1721391575786.00, 831, -594884, -24 
1721391575807.00, 421, -594865, -37 
1721391575829.00, 205, -594857, -48 
1721391575851.00, 91, -594852, -47 
1721391575872.00, 62, -594850, -39 
1721391575893.00, 26, -594848, -27 
1721391575914.00, -6, -594845, -10 
1721391575935.00, 67, -594845, 1 
1721391575957.00, -1, -594843, 14 
1721391575982.00, 851, -594843, 13 
1721391576000.00, 1270, -594825, 8 
1721391576021.00, 678, -594800, 0 
1721391576042.00, 322, -594784, -16 
1721391576063.00, 136, -594778, -28 
1721391576091.00, 65, -594775, -37 
1721391576106.00, -5, -594773, -47 
1721391576127.00, 0, -594773, -51 
1721391576149.00, 0, -594773, -42 
1721391576170.00, 18, -594772, -28 
1721391576191.00, 0, -594771, -20 
1721391576213.00, 32, -594771, -17 
1721391576234.00, 60, -594770, -6 
1721391576255.00, 64, -594768, 5 
1721391576276.00, 18, -594766, 11 
1721391576298.00, 703, -594768, 3 
1721391576319.00, 421, -594753, -1 
1721391576341.00, 204, -594744, -5 
1721391576362.00, 98, -594740, -15 
1721391576383.00, 57, -594737, -9 
1721391576404.00, 48, -594735, -1 
1721391576426.00, 62, -594733, 15 
1721391576447.00, 985, -594731, 24 
1721391576468.00, 2094, -594712, 18 
1721391576490.00, 2276, -594668, 20 
1721391576511.00, 2372, -594617, 23 
1721391576533.00, 2837, -594563, 13 
1721391576554.00, 2416, -594505, 4 
1721391576576.00, 1363, -594454, -1 
1721391576597.00, 766, -594423, -4 
1721391576618.00, 417, -594406, 9 
1721391576640.00, 215, -594396, 23 
1721391576661.00, 1619, -594392, 21 
1721391576683.00, 2227, -594359, 15 
1721391576704.00, 2197, -594312, 18 
1721391576725.00, 2356, -594262, 25 
1721391576747.00, 3026, -594212, 15 
1721391576768.00, 2701, -594149, 12 
1721391576789.00, 2261, -594092, 13 
1721391576811.00, 2209, -594042, 13 
1721391576833.00, 2238, -593996, 22 
1721391576856.00, 2713, -593949, 34 
1721391576876.00, 3669, -593892, 36 
1721391576897.00, 4237, -593812, 30 
1721391576919.00, 4234, -593723, 31 
1721391576940.00, 4455, -593631, 29 
1721391576965.00, 4370, -593535, 32 
1721391576983.00, 4396, -593440, 37 
1721391577004.00, 4765, -593346, 34 
1721391577026.00, 4715, -593244, 22 
1721391577048.00, 4202, -593141, 18 
1721391577073.00, 3399, -593049, 13 
1721391577090.00, 2758, -592973, 14 
1721391577112.00, 2481, -592914, 11 
1721391577133.00, 1961, -592861, 8 
1721391577155.00, 1079, -592819, 1 
1721391577180.00, 559, -592794, -2 
1721391577197.00, 196, -592783, 3 
1721391577219.00, 91, -592780, -24 
1721391577240.00, 78, -592775, 12 
1721391577261.00, 777, -592770, 53 
1721391577283.00, 3849, -592750, 73 
1721391577304.00, 6727, -592675, 86 
1721391577326.00, 9260, -592527, 133 
1721391577347.00, 13776, -592323, 203 
1721391577369.00, 20496, -592029, 281 
1721391577391.00, 29516, -591583, 388 
1721391577412.00, 40966, -590947, 473 
1721391577434.00, 52844, -590062, 653 
1721391577456.00, 70671, -588927, 694 
1721391577477.00, 83779, -587390, 747 
1721391577499.00, 94589, -585565, 815 
1721391577520.00, 105015, -583501, 861 
1721391577542.00, 114136, -581209, 882 
1721391577564.00, 120678, -578724, 921 
1721391577585.00, 126872, -576093, 950 
1721391577611.00, 132157, -573322, 976 
1721391577629.00, 136696, -570437, 976 
1721391577652.00, 139351, -567464, 963 
1721391577673.00, 140054, -564428, 977 
1721391577694.00, 141401, -561372, 998 
1721391577719.00, 143332, -558295, 985 
1721391577738.00, 143593, -555189, 998 
1721391577758.00, 144497, -552051, 1005 
1721391577780.00, 145399, -548897, 1002 
1721391577802.00, 145615, -545721, 1028 
1721391577824.00, 147363, -542545, 1038 
1721391577846.00, 148932, -539326, 1041 
1721391577867.00, 150048, -536063, 1064 
1721391577889.00, 151875, -532781, 1097 
1721391577911.00, 154860, -529463, 1110 
1721391577933.00, 157516, -526071, 1097 
1721391577954.00, 158241, -522637, 1112 
1721391577977.00, 159434, -519166, 1119 
1721391577998.00, 160670, -515685, 1116 
1721391578020.00, 160864, -512171, 1144 
1721391578041.00, 162918, -508641, 1142 
1721391578064.00, 163826, -505096, 1157 
1721391578086.00, 165276, -501507, 1168 
1721391578107.00, 166833, -497897, 1193 
1721391578129.00, 169186, -494253, 1234 
1721391578151.00, 172740, -490552, 1247 
1721391578172.00, 174854, -486772, 1255 
1721391578195.00, 174865, -482946, 1264 
1721391578216.00, 174601, -479133, 1255 
1721391578238.00, 174563, -475307, 1216 
1721391578262.00, 174543, -471498, 1185 
1721391578282.00, 172905, -467676, 1160 
1721391578304.00, 170450, -463912, 1156 
1721391578326.00, 168734, -460182, 1140 
1721391578347.00, 166627, -456509, 1098 
1721391578369.00, 162796, -452866, 1075 
1721391578391.00, 159069, -449322, 1041 
1721391578413.00, 154809, -445851, 961 
1721391578435.00, 147396, -442498, 894 
1721391578457.00, 138649, -439309, 778 
1721391578479.00, 126411, -436306, 574 
1721391578501.00, 107326, -433572, 430 
1721391578522.00, 86984, -431273, 455 
1721391578543.00, 48705, -429401, 376 
1721391578565.00, 26365, -428353, 321 
1721391578587.00, 12765, -427773, 161 
1721391578608.00, 4808, -427484, 125 
1721391578630.00, -4, -427384, -38 
1721391578652.00, -4152, -427383, -189 
1721391578673.00, -16280, -427471, -273 
1721391578695.00, -28428, -427828, -514 
1721391578716.00, -49989, -428434, -576 
1721391578737.00, -66515, -429489, -637 
1721391578760.00, -79916, -430942, -732 
1721391578781.00, -93654, -432681, -822 
1721391578803.00, -107114, -434727, -843 
1721391578825.00, -116243, -437058, -883 
1721391578847.00, -123854, -439596, -919 
1721391578868.00, -130554, -442301, -922 
1721391578890.00, -134480, -445153, -937 
1721391578912.00, -137663, -448076, -970 
1721391578932.00, -141428, -451082, -1004 
1721391578954.00, -145474, -454175, -1025 
1721391578976.00, -149136, -457356, -1040 
1721391578998.00, -152057, -460625, -1057 
1721391579019.00, -154722, -463941, -1071 
1721391579041.00, -156924, -467328, -1066 
1721391579062.00, -157804, -470762, -1066 
1721391579084.00, -158337, -474203, -1066 
1721391579106.00, -158441, -477676, -1053 
1721391579129.00, -157572, -481112, -1058 
1721391579150.00, -157263, -484571, -1069 
1721391579173.00, -157763, -488005, -1071 
1721391579194.00, -158168, -491459, -1055 
1721391579216.00, -157219, -494909, -1068 
1721391579237.00, -157624, -498334, -1069 
1721391579259.00, -157820, -501780, -1075 
1721391579281.00, -158065, -505227, -1110 
1721391579303.00, -160223, -508686, -1120 
1721391579324.00, -162114, -512193, -1137 
1721391579347.00, -164096, -515724, -1144 
1721391579368.00, -165689, -519325, -1151 
1721391579390.00, -166865, -522937, -1131 
1721391579412.00, -166222, -526588, -1146 
1721391579434.00, -166685, -530208, -1152 
1721391579456.00, -167328, -533865, -1157 
1721391579478.00, -168046, -537513, -1170 
1721391579499.00, -169044, -541183, -1177 
1721391579521.00, -169865, -544877, -1115 
1721391579543.00, -166769, -548598, -1128 
1721391579565.00, -165328, -552240, -1151 
1721391579586.00, -165985, -555851, -1088 
1721391579608.00, -162585, -559471, -1058 
1721391579630.00, -158516, -563005, -1060 
1721391579652.00, -156196, -566470, -1011 
1721391579675.00, -152026, -569880, -983 
1721391579696.00, -147659, -573180, -978 
1721391579718.00, -144816, -576385, -921 
1721391579740.00, -139559, -579512, -882 
1721391579762.00, -133939, -582554, -866 
1721391579784.00, -129628, -585459, -804 
1721391579805.00, -123391, -588261, -752 
1721391579827.00, -116208, -590935, -694 
1721391579848.00, -108603, -593454, -609 
1721391579870.00, -61815, -595785, -521 
1721391579892.00, -33489, -597129, -488 
1721391579914.00, -17295, -597885, -412 
1721391579935.00, -7795, -598278, -337 
1721391579956.00, -2425, -598464, -309 
1721391579979.00, 58, -598524, -256 
1721391579999.00, 2025, -598523, -164 
1721391580021.00, 3250, -598470, 23 
1721391580043.00, 5565, -598382, 207 
1721391580065.00, 17632, -598255, 420 
1721391580086.00, 37361, -597867, 661 
1721391580108.00, 63806, -597067, 798 
1721391580129.00, 87805, -595700, 864 
1721391580151.00, 105814, -593781, 985 
1721391580171.00, 124004, -591458, 1054 
1721391580193.00, 138648, -588741, 1099 
1721391580215.00, 149819, -585700, 1117 
1721391580237.00, 157551, -582407, 1151 
1721391580258.00, 164009, -578964, 1159 
1721391580281.00, 168063, -575379, 1161 
1721391580302.00, 170437, -571708, 1192 
1721391580324.00, 173654, -567971, 1176 
1721391580348.00, 174168, -564177, 1199 
1721391580368.00, 174800, -560367, 1181 
1721391580390.00, 174658, -556556, 1213 
1721391580412.00, 174815, -552741, 1218 
1721391580433.00, 174624, -548925, 1246 
1721391580458.00, 174577, -545105, 1250 
1721391580477.00, 174914, -541290, 1259 
1721391580499.00, 174636, -537470, 1261 
1721391580520.00, 174572, -533652, 1282 
1721391580543.00, 174707, -529838, 1235 
1721391580566.00, 174797, -526029, 1274 
1721391580585.00, 174753, -522204, 1278 
1721391580607.00, 174747, -518383, 1283 
1721391580630.00, 174803, -514574, 1265 
1721391580652.00, 174567, -510755, 1241 
1721391580676.00, 174634, -506934, 1239 
1721391580695.00, 174773, -503126, 1249 
1721391580717.00, 174553, -499292, 1245 
1721391580739.00, 174718, -495479, 1250 
1721391580761.00, 174737, -491662, 1276 
1721391580782.00, 174740, -487838, 1306 
1721391580804.00, 174743, -484024, 1327 
1721391580826.00, 174792, -480209, 1361 
1721391580848.00, 174906, -476379, 1363 
1721391580870.00, 174720, -472567, 1370 
1721391580891.00, 174419, -468751, 1357 
1721391580913.00, 174343, -464943, 1283 
1721391580935.00, 174509, -461135, 1237 
1721391580957.00, 174019, -457334, 1211 
1721391580978.00, 172042, -453525, 1176 
1721391581002.00, 168832, -449769, 1136 
1721391581022.00, 164401, -446088, 1113 
1721391581044.00, 160318, -442506, 1086 
1721391581066.00, 156245, -439005, 1010 
1721391581089.00, 149264, -435591, 941 
1721391581114.00, 140712, -432367, 823 
1721391581132.00, 77678, -429329, 663 
1721391581154.00, 40826, -427641, 602 
1721391581176.00, 19684, -426755, 353 
1721391581197.00, 7406, -426313, 315 
1721391581218.00, 53, -426158, 163 
1721391581240.00, -4009, -426161, -44 
1721391581262.00, -9192, -426252, -267 
1721391581282.00, -25028, -426456, -498 
1721391581305.00, -48389, -426998, -710 
1721391581326.00, -74995, -428036, -822 
1721391581348.00, -97458, -429656, -907 
1721391581370.00, -115820, -431789, -988 
1721391581390.00, -131542, -434336, -1014 
1721391581412.00, -142298, -437220, -1039 
1721391581434.00, -150049, -440329, -1048 
1721391581456.00, -154994, -443617, -1044 
1721391581478.00, -157513, -447001, -1053 
1721391581499.00, -159208, -450450, -1067 
1721391581521.00, -161041, -453939, -1087 
1721391581546.00, -162996, -457448, -1102 
1721391581565.00, -164982, -461019, -1094 
1721391581586.00, -165578, -464624, -1085 
1721391581608.00, -165143, -468247, -1099 
1721391581630.00, -165653, -471856, -1072 
1721391581652.00, -164211, -475463, -1048 
1721391581673.00, -161941, -479056, -1059 
1721391581696.00, -161172, -482575, -1038 
1721391581718.00, -159203, -486102, -1049 
1721391581739.00, -158541, -489564, -1067 
1721391581764.00, -159198, -493038, -1055 
1721391581783.00, -158499, -496519, -1094 
1721391581805.00, -160516, -499996, -1138 
1721391581826.00, -164149, -503512, -1160 
1721391581848.00, -167584, -507096, -1170 
1721391581870.00, -170133, -510765, -1199 
1721391581892.00, -173497, -514475, -1202 
1721391581914.00, -174911, -518270, -1182 
1721391581935.00, -174577, -522072, -1152 
1721391581957.00, -172735, -525908, -1116 
1721391581979.00, -169243, -529672, -1112 
1721391582001.00, -167115, -533373, -1116 
1721391582023.00, -165924, -537024, -1079 
1721391582045.00, -163095, -540643, -1117 
1721391582067.00, -163557, -544202, -1108 
1721391582089.00, -163221, -547763, -1076 
1721391582110.00, -160953, -551331, -1116 
1721391582132.00, -161817, -554837, -1115 
1721391582154.00, -162284, -558380, -1073 
1721391582176.00, -159856, -561924, -1083 
1721391582202.00, -158695, -565417, -1059 
1721391582219.00, -156857, -568888, -1016 
1721391582242.00, -152959, -572294, -970 
1721391582264.00, -147812, -575625, -911 
1721391582286.00, -141082, -578825, -824 
1721391582308.00, -131762, -581888, -757 
1721391582328.00, -122020, -584744, -687 
1721391582351.00, -112189, -587384, -633 
1721391582373.00, -103129, -589809, -582 
1721391582394.00, -94422, -592041, -581 
1721391582416.00, -89234, -594078, -527 
1721391582437.00, -50981, -595992, -474 
1721391582458.00, -28131, -597105, -389 
1721391582481.00, -14748, -597734, -295 
1721391582502.00, -6754, -598067, -235 
1721391582524.00, -2137, -598227, -219 
1721391582545.00, 61, -598277, -155 
1721391582567.00, 1695, -598272, -9 
1721391582588.00, 2557, -598223, 213 
1721391582610.00, 16236, -598150, 417 
1721391582632.00, 36176, -597799, 727 
1721391582653.00, 66738, -597028, 804 
1721391582674.00, 89896, -595598, 869 
1721391582695.00, 107207, -593633, 1076 
1721391582717.00, 129898, -591280, 1115 
1721391582739.00, 145594, -588436, 1118 
1721391582761.00, 154855, -585229, 1170 
1721391582782.00, 163294, -581837, 1181 
1721391582804.00, 168883, -578250, 1195 
1721391582826.00, 172939, -574557, 1205 
1721391582848.00, 174948, -570782, 1223 
1721391582869.00, 174782, -566954, 1296 
1721391582892.00, 174720, -563139, 1288 
1721391582913.00, 174771, -559327, 1297 
1721391582935.00, 174811, -555524, 1302 
1721391582957.00, 174711, -551697, 1316 
1721391582979.00, 174403, -547886, 1284 
1721391583000.00, 174541, -544064, 1252 
1721391583022.00, 174516, -540251, 1283 
1721391583045.00, 174553, -536448, 1289 
1721391583066.00, 174762, -532624, 1259 
1721391583089.00, 174813, -528806, 1291 
1721391583110.00, 174764, -524987, 1357 
1721391583132.00, 174867, -521174, 1348 
1721391583153.00, 174685, -517362, 1335 
1721391583175.00, 174712, -513549, 1365 
1721391583197.00, 174846, -509735, 1367 
1721391583218.00, 174650, -505908, 1364 
1721391583240.00, 174665, -502085, 1418 
1721391583263.00, 174587, -498262, 1429 
1721391583284.00, 174573, -494453, 1471 
1721391583306.00, 174656, -490634, 1513 
1721391583327.00, 174634, -486810, 1546 
1721391583350.00, 174721, -482998, 1560 
1721391583371.00, 174717, -479177, 1565 
1721391583393.00, 174612, -475359, 1546 
1721391583415.00, 174447, -471548, 1524 
1721391583438.00, 174475, -467727, 1511 
1721391583459.00, 174596, -463921, 1488 
1721391583481.00, 174757, -460104, 1461 
1721391583502.00, 174745, -456292, 1422 
1721391583524.00, 174533, -452478, 1336 
1721391583546.00, 174512, -448671, 1244 
1721391583567.00, 174214, -444877, 1133 
1721391583589.00, 167474, -441080, 1028 
1721391583613.00, 156773, -437437, 848 
1721391583634.00, 139614, -434038, 632 
1721391583656.00, 116416, -431039, 433 
1721391583677.00, 63848, -428547, 279 
1721391583699.00, 32842, -427163, 125 
1721391583721.00, 14899, -426454, -148 
1721391583743.00, -4015, -426125, -278 
1721391583764.00, -23016, -426205, -538 
1721391583786.00, -50027, -426689, -631 
1721391583807.00, -71559, -427754, -680 
1721391583829.00, -87227, -429311, -825 
1721391583851.00, -105000, -431214, -914 
1721391583873.00, -120923, -433505, -952 
1721391583893.00, -132442, -436158, -1004 
1721391583914.00, -142205, -439070, -1054 
1721391583937.00, -151028, -442191, -1062 
1721391583959.00, -156334, -445496, -1071 
1721391583980.00, -159895, -448901, -1081 
1721391584002.00, -162493, -452414, -1101 
1721391584023.00, -165147, -455954, -1114 
1721391584045.00, -167374, -459571, -1129 
1721391584068.00, -169194, -463228, -1152 
1721391584089.00, -171742, -466928, -1188 
1721391584111.00, -174912, -470698, -1195 
1721391584133.00, -174723, -474512, -1212 
1721391584155.00, -174863, -478331, -1232 
1721391584176.00, -174944, -482131, -1229 
1721391584198.00, -174804, -485966, -1228 
1721391584220.00, -174582, -489774, -1214 
1721391584242.00, -174838, -493602, -1209 
1721391584264.00, -174674, -497409, -1202 
1721391584286.00, -174706, -501235, -1206 
1721391584307.00, -174850, -505045, -1234 
1721391584329.00, -174935, -508875, -1236 
1721391584351.00, -174737, -512688, -1228 
1721391584373.00, -174585, -516514, -1230 
1721391584395.00, -174716, -520320, -1200 
1721391584417.00, -174902, -524131, -1194 
1721391584438.00, -174698, -527942, -1204 
1721391584459.00, -174768, -531757, -1172 
1721391584482.00, -174896, -535596, -1142 
1721391584503.00, -173165, -539395, -1142 
1721391584525.00, -172109, -543188, -1120 
1721391584547.00, -170177, -546925, -1096 
1721391584569.00, -167405, -550655, -1099 
1721391584590.00, -165910, -554289, -1114 
1721391584617.00, -165567, -557926, -1117 
1721391584635.00, -165584, -561539, -1091 
1721391584656.00, -163845, -565153, -1073 
1721391584678.00, -161498, -568734, -1071 
1721391584700.00, -159959, -572257, -1044 
1721391584723.00, -157287, -575756, -1011 
1721391584745.00, -153657, -579175, -989 
1721391584767.00, -150058, -582524, -956 
1721391584789.00, -145880, -585780, -878 
1721391584810.00, -138570, -588949, -815 
1721391584835.00, -130435, -591949, -733 
1721391584853.00, -120581, -594766, -596 
1721391584875.00, -69533, -597347, -433 
1721391584897.00, -39435, -598857, -326 
1721391584918.00, -22025, -599717, -179 
1721391584940.00, -11637, -600202, -37 
1721391584961.00, -5623, -600450, 95 
1721391584983.00, 3049, -600568, 257 
1721391585004.00, 18126, -600505, 520 
1721391585026.00, 43247, -600115, 770 
1721391585048.00, 73156, -599205, 797 
1721391585069.00, 92670, -597616, 881 
1721391585089.00, 109062, -595603, 1067 
1721391585111.00, 130054, -593191, 1102 
1721391585133.00, 144343, -590342, 1099 
1721391585160.00, 152591, -587176, 1142 
1721391585177.00, 159995, -583837, 1152 
1721391585199.00, 164692, -580335, 1193 
1721391585221.00, 169919, -576726, 1209 
1721391585243.00, 173857, -573017, 1251 
1721391585267.00, 174800, -569215, 1270 
1721391585286.00, 174704, -565404, 1297 
1721391585308.00, 174839, -561578, 1308 
1721391585330.00, 174586, -557760, 1328 
1721391585352.00, 174772, -553946, 1324 
1721391585373.00, 174549, -550120, 1345 
1721391585395.00, 174756, -546320, 1363 
1721391585416.00, 174704, -542505, 1389 
1721391585438.00, 174632, -538693, 1375 
1721391585461.00, 174851, -534871, 1354 
1721391585482.00, 174661, -531047, 1387 
1721391585504.00, 174618, -527225, 1379 
1721391585526.00, 174613, -523424, 1399 
1721391585548.00, 174677, -519602, 1394 
1721391585570.00, 174718, -515782, 1387 
1721391585592.00, 174836, -511967, 1376 
1721391585614.00, 174861, -508139, 1390 
1721391585635.00, 174630, -504324, 1409 
1721391585657.00, 174682, -500512, 1429 
1721391585679.00, 174712, -496691, 1444 
1721391585703.00, 174462, -492883, 1438 
1721391585722.00, 174553, -489057, 1435 
1721391585744.00, 174549, -485247, 1436 
1721391585765.00, 174552, -481423, 1440 
1721391585788.00, 174409, -477628, 1424 
1721391585810.00, 174607, -473807, 1424 
1721391585831.00, 174840, -469979, 1415 
1721391585853.00, 174659, -466173, 1392 
1721391585875.00, 174569, -462348, 1387 
1721391585897.00, 174461, -458538, 1368 
1721391585919.00, 174577, -454733, 1343 
1721391585940.00, 174560, -450926, 1290 
1721391585963.00, 174614, -447103, 1225 
1721391585984.00, 173285, -443296, 1148 
1721391586006.00, 167735, -439519, 1029 
1721391586029.00, 157231, -435876, 911 
1721391586051.00, 143650, -432475, 756 
1721391586072.00, 79278, -429379, 588 
1721391586094.00, 41605, -427652, 574 
1721391586115.00, 20000, -426747, 344 
1721391586137.00, 7656, -426302, 226 
1721391586158.00, 67, -426144, 71 
1721391586180.00, -3882, -426143, -99 
1721391586201.00, -12263, -426227, -279 
1721391586223.00, -27511, -426495, -466 
1721391586244.00, -48099, -427088, -594 
1721391586266.00, -67815, -428127, -779 
1721391586288.00, -90649, -429598, -885 
1721391586310.00, -110649, -431566, -916 
1721391586332.00, -124041, -433989, -991 
1721391586354.00, -136576, -436704, -1012 
1721391586374.00, -144819, -439697, -998 
1721391586396.00, -148824, -442868, -1002 
1721391586418.00, -151156, -446115, -986 
1721391586440.00, -151543, -449394, -967 
1721391586461.00, -150421, -452702, -1004 
1721391586482.00, -151777, -455986, -1014 
1721391586505.00, -153200, -459311, -1028 
1721391586527.00, -154728, -462659, -1057 
1721391586548.00, -157239, -466038, -1108 
1721391586569.00, -161747, -469480, -1103 
1721391586592.00, -163876, -473004, -1101 
1721391586613.00, -164929, -476596, -1089 
1721391586635.00, -164385, -480202, -1079 
1721391586657.00, -163547, -483804, -1036 
1721391586678.00, -160521, -487362, -1041 
1721391586701.00, -158686, -490864, -1053 
1721391586723.00, -158155, -494334, -1046 
1721391586744.00, -157356, -497775, -1053 
1721391586766.00, -157318, -501231, -1065 
1721391586788.00, -157815, -504670, -1079 
1721391586810.00, -158915, -508111, -1071 
1721391586832.00, -159093, -511589, -1053 
1721391586853.00, -158192, -515060, -1064 
1721391586875.00, -157949, -518517, -1038 
1721391586897.00, -156098, -521961, -1008 
1721391586923.00, -153270, -525368, -965 
1721391586942.00, -148983, -528694, -941 
1721391586963.00, -144743, -531924, -900 
1721391586986.00, -139641, -535079, -914 
1721391587007.00, -137440, -538100, -895 
1721391587029.00, -134964, -541095, -908 
1721391587051.00, -134067, -544027, -919 
1721391587072.00, -134263, -546929, -946 
1721391587094.00, -135994, -549868, -929 
1721391587115.00, -135644, -552824, -939 
1721391587138.00, -135943, -555785, -914 
1721391587159.00, -134923, -558739, -889 
1721391587181.00, -132374, -561671, -908 
1721391587203.00, -132098, -564542, -872 
1721391587224.00, -129735, -567414, -857 
1721391587246.00, -127448, -570236, -845 
1721391587268.00, -125352, -573007, -816 
1721391587290.00, -122234, -575727, -791 
1721391587311.00, -119057, -578376, -740 
1721391587333.00, -113925, -580956, -716 
1721391587355.00, -109449, -583431, -718 
1721391587376.00, -106624, -585803, -687 
1721391587398.00, -102931, -588110, -646 
1721391587419.00, -98410, -590350, -636 
1721391587441.00, -95173, -592482, -608 
1721391587463.00, -91473, -594534, -536 
1721391587485.00, -52547, -596487, -489 
1721391587506.00, -28934, -597642, -473 
1721391587528.00, -15237, -598295, -391 
1721391587550.00, -6943, -598640, -304 
1721391587571.00, -2241, -598794, -209 
1721391587592.00, 48, -598842, -99 
1721391587614.00, 1711, -598835, 72 
1721391587635.00, 7287, -598784, 346 
1721391587657.00, 26532, -598622, 601 
1721391587679.00, 53580, -598055, 731 
1721391587700.00, 77468, -596912, 816 
1721391587722.00, 96474, -595235, 902 
1721391587743.00, 113040, -593123, 1009 
1721391587764.00, 129204, -590641, 1053 
1721391587786.00, 141277, -587809, 1055 
1721391587809.00, 148425, -584707, 1089 
1721391587830.00, 154608, -581452, 1099 
1721391587851.00, 158665, -578074, 1116 
1721391587873.00, 161989, -574596, 1135 
1721391587895.00, 165145, -571058, 1139 
1721391587917.00, 167144, -567444, 1172 
1721391587939.00, 170201, -563794, 1186 
1721391587961.00, 172740, -560071, 1222 
1721391587982.00, 174759, -556306, 1244 
1721391588004.00, 174817, -552486, 1259 
1721391588026.00, 174809, -548663, 1294 
1721391588048.00, 174741, -544846, 1301 
1721391588069.00, 174777, -541021, 1295 
1721391588091.00, 174663, -537211, 1292 
1721391588116.00, 174750, -533397, 1284 
1721391588135.00, 174881, -529586, 1294 
1721391588157.00, 174763, -525768, 1302 
1721391588179.00, 174565, -521953, 1312 
1721391588200.00, 174737, -518128, 1311 
1721391588222.00, 174647, -514304, 1340 
1721391588247.00, 174601, -510501, 1375 
1721391588266.00, 174802, -506677, 1371 
1721391588288.00, 174809, -502861, 1375 
1721391588309.00, 174827, -499027, 1407 
1721391588331.00, 174764, -495214, 1410 
1721391588354.00, 174660, -491398, 1432 
1721391588375.00, 174649, -487587, 1440 
1721391588396.00, 174880, -483772, 1438 
1721391588418.00, 174506, -479945, 1440 
1721391588441.00, 174834, -476127, 1432 
1721391588462.00, 174629, -472315, 1411 
1721391588484.00, 174664, -468489, 1426 
1721391588506.00, 174534, -464678, 1413 
1721391588528.00, 174603, -460867, 1377 
1721391588550.00, 174900, -457061, 1330 
1721391588572.00, 174571, -453232, 1288 
1721391588593.00, 174510, -449427, 1221 
1721391588615.00, 174456, -445607, 1147 
1721391588637.00, 172315, -441803, 1042 
1721391588660.00, 164750, -438051, 915 
1721391588682.00, 152416, -434483, 757 
1721391588703.00, 135324, -431187, 589 
1721391588725.00, 78506, -428285, 437 
1721391588747.00, 45141, -426574, 355 
1721391588768.00, 25657, -425619, 96 
1721391588796.00, 14008, -425065, -58 
1721391588811.00, 4004, -424756, -198 
1721391588833.00, -9894, -424663, -307 
1721391588855.00, -24919, -424875, -514 
1721391588876.00, -46249, -425401, -605 
1721391588898.00, -64680, -426379, -650 
1721391588920.00, -78072, -427790, -815 
1721391588941.00, -96135, -429487, -865 
1721391588963.00, -109754, -431571, -876 
1721391588985.00, -118457, -433969, -948 
1721391589006.00, -127745, -436561, -971 
1721391589028.00, -134565, -439347, -999 
1721391589048.00, -140370, -442291, -1010 
1721391589070.00, -144303, -445365, -1026 
1721391589092.00, -147326, -448504, -1028 
1721391589114.00, -149309, -451739, -1010 
1721391589136.00, -149147, -454999, -1010 
1721391589157.00, -149113, -458258, -1016 
1721391589179.00, -149207, -461514, -1015 
1721391589201.00, -149119, -464765, -1017 
1721391589224.00, -149246, -468034, -1013 
1721391589245.00, -148912, -471301, -1030 
1721391589267.00, -149883, -474548, -1048 
1721391589288.00, -151140, -477823, -1021 
1721391589310.00, -150332, -481122, -1006 
1721391589337.00, -148793, -484416, -998 
1721391589355.00, -147422, -487654, -971 
1721391589376.00, -144793, -490852, -954 
1721391589398.00, -142136, -494003, -957 
1721391589420.00, -140806, -497087, -961 
1721391589442.00, -139945, -500172, -956 
1721391589463.00, -139394, -503218, -998 
1721391589483.00, -141515, -506236, -1018 
1721391589506.00, -144136, -509340, -1018 
1721391589527.00, -145548, -512489, -1045 
1721391589554.00, -147984, -515672, -1042 
1721391589571.00, -149163, -518909, -1017 
1721391589593.00, -148351, -522158, -1062 
1721391589615.00, -150520, -525404, -1042 
1721391589637.00, -150648, -528687, -1033 
1721391589664.00, -149966, -531975, -1039 
1721391589681.00, -149929, -535256, -1052 
1721391589702.00, -150554, -538518, -1028 
1721391589724.00, -149591, -541822, -1036 
1721391589746.00, -149365, -545078, -1042 
1721391589767.00, -149637, -548337, -1037 
1721391589789.00, -149432, -551611, -1043 
1721391589811.00, -149443, -554870, -1024 
1721391589833.00, -148397, -558142, -1004 
1721391589856.00, -146527, -561374, -992 
1721391589878.00, -144527, -564556, -980 
1721391589900.00, -142760, -567702, -973 
1721391589921.00, -141142, -570788, -937 
1721391589943.00, -137945, -573868, -908 
1721391589965.00, -134288, -576854, -870 
1721391589987.00, -129659, -579757, -840 
1721391590009.00, -125072, -582596, -770 
1721391590030.00, -118067, -585306, -729 
1721391590052.00, -111372, -587849, -646 
1721391590073.00, -102437, -590272, -560 
1721391590095.00, -91761, -592483, -485 
1721391590117.00, -81063, -594461, -335 
1721391590139.00, -44990, -596184, -221 
1721391590160.00, -23725, -597175, -92 
1721391590181.00, -11005, -597692, 140 
1721391590208.00, 3724, -597936, 355 
1721391590225.00, 26078, -597868, 439 
1721391590246.00, 44403, -597317, 725 
1721391590268.00, 72346, -596370, 798 
1721391590290.00, 93382, -594810, 842 
1721391590316.00, 108491, -592767, 955 
1721391590331.00, 123874, -590391, 1099 
1721391590353.00, 141731, -587675, 1047 
1721391590376.00, 149132, -584560, 1104 
1721391590397.00, 156562, -581296, 1145 
1721391590423.00, 163376, -577867, 1140 
1721391590441.00, 166881, -574295, 1161 
1721391590462.00, 170121, -570638, 1187 
1721391590484.00, 173572, -566915, 1198 
1721391590506.00, 174698, -563130, 1214 
1721391590533.00, 174842, -559307, 1218 
1721391590550.00, 174786, -555503, 1238 
1721391590572.00, 174636, -551671, 1232 
1721391590593.00, 174694, -547849, 1240 
1721391590615.00, 174697, -544030, 1247 
1721391590637.00, 174659, -540218, 1261 
1721391590658.00, 174670, -536403, 1244 
1721391590680.00, 174702, -532596, 1257 
1721391590702.00, 174596, -528769, 1231 
1721391590724.00, 174749, -524961, 1235 
1721391590750.00, 174718, -521138, 1250 
1721391590767.00, 174673, -517326, 1267 
1721391590790.00, 174583, -513513, 1282 
1721391590811.00, 174754, -509691, 1277 
1721391590833.00, 174449, -505873, 1285 
1721391590859.00, 174491, -502051, 1304 
1721391590877.00, 174438, -498234, 1288 
1721391590899.00, 174506, -494423, 1287 
1721391590920.00, 174518, -490603, 1313 
1721391590943.00, 174568, -486802, 1341 
1721391590969.00, 174880, -482972, 1339 
1721391590986.00, 174632, -479149, 1356 
1721391591008.00, 174420, -475341, 1344 
1721391591030.00, 174412, -471532, 1312 
1721391591051.00, 174498, -467715, 1276 
1721391591077.00, 174537, -463908, 1228 
1721391591095.00, 173514, -460086, 1163 
1721391591117.00, 168867, -456311, 1106 
1721391591139.00, 162509, -452631, 1045 
1721391591162.00, 155058, -449092, 968 
1721391591188.00, 146137, -445721, 886 
1721391591205.00, 135840, -442566, 773 
1721391591227.00, 122945, -439629, 648 
1721391591249.00, 107861, -436977, 510 
1721391591270.00, 90350, -434664, 378 
1721391591294.00, 71810, -432716, 213 
1721391591314.00, 51293, -431189, 43 
1721391591335.00, 26157, -430089, -108 
1721391591357.00, 4952, -429504, -241 
1721391591378.00, -15248, -429377, -251 
1721391591400.00, -28085, -429696, -477 
1721391591422.00, -48977, -430294, -544 
1721391591444.00, -65674, -431347, -592 
1721391591465.00, -78231, -432775, -769 
1721391591487.00, -96271, -434487, -852 
1721391591508.00, -111660, -436573, -878 
1721391591530.00, -122394, -439026, -947 
1721391591552.00, -132786, -441711, -976 
1721391591574.00, -140591, -444609, -979 
1721391591593.00, -145144, -447660, -1000 
1721391591617.00, -148911, -450842, -999 
1721391591638.00, -150985, -454091, -1018 
1721391591659.00, -153221, -457382, -1033 
1721391591682.00, -155322, -460747, -1038 
1721391591703.00, -156381, -464128, -1034 
1721391591725.00, -157053, -467559, -1028 
1721391591747.00, -156900, -470990, -1047 
1721391591769.00, -157814, -474414, -1052 
1721391591791.00, -158463, -477868, -1061 
1721391591813.00, -159148, -481318, -1111 
1721391591834.00, -162430, -484816, -1096 
1721391591856.00, -163505, -488351, -1109 
1721391591878.00, -165027, -491936, -1134 
1721391591899.00, -167184, -495531, -1121 
1721391591922.00, -167519, -499186, -1132 
1721391591943.00, -168052, -502854, -1150 
1721391591965.00, -169360, -506521, -1135 
1721391591987.00, -169083, -510231, -1127 
1721391592009.00, -168515, -513922, -1155 
1721391592030.00, -169847, -517610, -1138 
1721391592051.00, -169600, -521314, -1143 
1721391592074.00, -169516, -525010, -1141 
1721391592096.00, -168896, -528711, -1102 
1721391592117.00, -166151, -532403, -1055 
1721391592140.00, -161678, -536044, -998 
1721391592162.00, -155407, -539541, -936 
1721391592184.00, -148004, -542927, -910 
1721391592206.00, -141795, -546130, -905 
1721391592228.00, -137852, -549217, -863 
1721391592249.00, -133240, -552213, -851 
1721391592271.00, -129624, -555090, -869 
1721391592293.00, -128433, -557916, -909 
1721391592314.00, -130228, -560703, -928 
1721391592336.00, -132250, -563526, -934 
1721391592358.00, -133910, -566424, -921 
1721391592380.00, -134035, -569330, -912 
1721391592401.00, -133307, -572232, -898 
1721391592423.00, -132126, -575153, -858 
1721391592445.00, -128577, -578002, -820 
1721391592466.00, -124455, -580792, -792 
1721391592488.00, -120043, -583504, -751 
1721391592510.00, -114968, -586100, -680 
1721391592531.00, -107585, -588593, -597 
1721391592553.00, -98286, -590925, -498 
1721391592575.00, -86524, -593041, -435 
1721391592596.00, -49516, -594896, -341 
1721391592618.00, -27331, -595971, -255 
1721391592639.00, -14496, -596574, -97 
1721391592661.00, -6570, -596879, 29 
1721391592683.00, -298, -597027, 137 
1721391592704.00, 9049, -597044, 189 
1721391592725.00, 18045, -596858, 290 
1721391592748.00, 29826, -596471, 413 
1721391592769.00, 43984, -595823, 704 
1721391592790.00, 69942, -594877, 821 
1721391592812.00, 92551, -593358, 859 
1721391592834.00, 108100, -591345, 981 
1721391592855.00, 124754, -588979, 1108 
1721391592876.00, 141951, -586232, 1096 
1721391592898.00, 151392, -583123, 1129 
1721391592920.00, 158983, -579803, 1168 
1721391592942.00, 165624, -576326, 1167 
1721391592964.00, 169247, -572709, 1193 
1721391592985.00, 172829, -569014, 1203 
1721391593007.00, 174740, -565226, 1207 
1721391593029.00, 174777, -561395, 1217 
1721391593051.00, 174805, -557578, 1230 
1721391593072.00, 174589, -553767, 1228 
1721391593095.00, 174779, -549949, 1232 
1721391593116.00, 174782, -546136, 1237 
1721391593138.00, 174751, -542326, 1254 
1721391593159.00, 174760, -538504, 1267 
1721391593182.00, 174853, -534688, 1262 
1721391593204.00, 174675, -530872, 1259 
1721391593225.00, 174580, -527059, 1245 
1721391593247.00, 174592, -523242, 1241 
1721391593269.00, 174849, -519426, 1194 
1721391593291.00, 174768, -515607, 1210 
1721391593313.00, 174773, -511783, 1206 
1721391593335.00, 174804, -507963, 1225 
1721391593356.00, 174749, -504142, 1252 
1721391593378.00, 174723, -500335, 1293 
1721391593400.00, 174854, -496509, 1316 
1721391593421.00, 174924, -492692, 1331 
1721391593443.00, 174691, -488875, 1347 
1721391593465.00, 174644, -485056, 1342 
1721391593487.00, 174698, -481235, 1344 
1721391593509.00, 174705, -477431, 1320 
1721391593530.00, 174854, -473613, 1304 
1721391593552.00, 174771, -469784, 1284 
1721391593574.00, 174652, -465974, 1237 
1721391593602.00, 173873, -462168, 1184 
1721391593618.00, 170291, -458374, 1126 
1721391593640.00, 164520, -454660, 1096 
1721391593662.00, 159317, -451072, 1041 
1721391593684.00, 152925, -447593, 997 
1721391593707.00, 146419, -444280, 937 
1721391593728.00, 138951, -441106, 849 
1721391593750.00, 129517, -438089, 727 
1721391593772.00, 116334, -435289, 611 
1721391593793.00, 101596, -432770, 533 
1721391593817.00, 88120, -430582, 411 
1721391593836.00, 47946, -428707, 277 
1721391593858.00, 24083, -427664, 190 
1721391593880.00, 10076, -427135, -21 
1721391593901.00, 302, -426916, -169 
1721391593923.00, -13916, -426900, -277 
1721391593944.00, -28663, -427186, -414 
1721391593966.00, -45663, -427800, -502 
1721391593988.00, -61223, -428776, -560 
1721391594010.00, -73520, -430100, -745 
1721391594031.00, -92084, -431707, -832 
1721391594053.00, -108167, -433698, -839 
1721391594075.00, -117813, -436073, -908 
1721391594096.00, -127401, -438656, -949 
1721391594118.00, -135633, -441439, -959 
1721391594145.00, -140814, -444404, -977 
1721391594161.00, -144865, -447461, -998 
1721391594182.00, -148394, -450626, -1022 
1721391594204.00, -151858, -453877, -1036 
1721391594226.00, -154582, -457185, -1048 
1721391594248.00, -156829, -460585, -1059 
1721391594270.00, -158526, -464002, -1071 
1721391594291.00, -160355, -467479, -1084 
1721391594313.00, -161970, -470991, -1088 
1721391594335.00, -162981, -474522, -1088 
1721391594359.00, -163566, -478095, -1091 
1721391594379.00, -163993, -481645, -1088 
1721391594400.00, -163999, -485241, -1091 
1721391594422.00, -164223, -488810, -1091 
1721391594444.00, -163966, -492399, -1099 
1721391594468.00, -164317, -495971, -1109 
1721391594488.00, -164894, -499571, -1105 
1721391594509.00, -164830, -503188, -1105 
1721391594532.00, -164746, -506782, -1118 
1721391594553.00, -165131, -510376, -1110 
1721391594576.00, -165062, -513981, -1111 
1721391594596.00, -164950, -517600, -1110 
1721391594618.00, -164861, -521180, -1088 
1721391594640.00, -163360, -524780, -1073 
1721391594662.00, -161356, -528347, -1061 
1721391594692.00, -159147, -531859, -1038 
1721391594706.00, -156369, -535342, -1004 
1721391594729.00, -152406, -538751, -989 
1721391594750.00, -149246, -542078, -963 
1721391594772.00, -145737, -545318, -931 
1721391594797.00, -141826, -548485, -931 
1721391594816.00, -139386, -551562, -904 
1721391594837.00, -136237, -554584, -857 
1721391594859.00, -131395, -557549, -832 
1721391594881.00, -127028, -560406, -816 
1721391594904.00, -123418, -563158, -789 
1721391594924.00, -119657, -565849, -758 
1721391594945.00, -115409, -568447, -735 
1721391594968.00, -111555, -570940, -741 
1721391594989.00, -109378, -573369, -743 
1721391595013.00, -108257, -575755, -741 
1721391595032.00, -107533, -578106, -715 
1721391595055.00, -105583, -580438, -708 
1721391595076.00, -103905, -582743, -690 
1721391595098.00, -101468, -584994, -616 
1721391595122.00, -95907, -587191, -530 
1721391595141.00, -87271, -589253, -445 
1721391595163.00, -76932, -591136, -320 
1721391595184.00, -63038, -592787, -192 
1721391595206.00, -35455, -594139, -50 
1721391595229.00, -18880, -594920, 88 
1721391595249.00, -4249, -595331, 302 
1721391595271.00, 16574, -595431, 404 
1721391595292.00, 35862, -595106, 423 
1721391595313.00, 48492, -594343, 558 
1721391595335.00, 63977, -593296, 655 
1721391595357.00, 78925, -591911, 768 
1721391595379.00, 94439, -590185, 919 
1721391595401.00, 112781, -588136, 969 
1721391595421.00, 126744, -585658, 1032 
1721391595443.00, 138620, -582879, 1057 
1721391595464.00, 146861, -579853, 1083 
1721391595486.00, 153392, -576621, 1104 
1721391595509.00, 158393, -573270, 1123 
1721391595530.00, 162361, -569804, 1116 
1721391595551.00, 164173, -566257, 1143 
1721391595574.00, 166577, -562672, 1162 
1721391595595.00, 169205, -559034, 1150 
1721391595618.00, 169829, -555344, 1168 
1721391595639.00, 171142, -551617, 1168 
1721391595661.00, 171819, -547881, 1144 
1721391595683.00, 170709, -544124, 1155 
1721391595704.00, 170665, -540403, 1149 
1721391595726.00, 169980, -536677, 1125 
1721391595748.00, 168350, -532961, 1099 
1721391595770.00, 165566, -529282, 1123 
1721391595792.00, 165601, -525672, 1143 
1721391595814.00, 166426, -522056, 1154 
1721391595835.00, 167633, -518416, 1165 
1721391595857.00, 168746, -514758, 1186 
1721391595879.00, 170553, -511069, 1211 
1721391595901.00, 173159, -507331, 1215 
1721391595923.00, 174760, -503544, 1245 
1721391595944.00, 174709, -499718, 1250 
1721391595966.00, 174913, -495897, 1267 
1721391595988.00, 174715, -492083, 1263 
1721391596010.00, 174600, -488260, 1276 
1721391596031.00, 174580, -484441, 1297 
1721391596054.00, 174776, -480632, 1301 
1721391596075.00, 174781, -476814, 1288 
1721391596097.00, 174736, -473002, 1255 
1721391596118.00, 174644, -469190, 1225 
1721391596141.00, 174516, -465373, 1203 
1721391596162.00, 174658, -461554, 1166 
1721391596184.00, 172647, -457745, 1134 
1721391596206.00, 169276, -453988, 1070 
1721391596229.00, 163660, -450282, 996 
1721391596251.00, 155655, -446730, 947 
1721391596272.00, 147942, -443367, 907 
1721391596295.00, 140802, -440162, 870 
1721391596316.00, 134362, -437107, 825 
1721391596339.00, 127554, -434200, 733 
1721391596359.00, 118142, -431446, 608 
1721391596380.00, 67571, -428902, 498 
1721391596403.00, 37595, -427437, 468 
1721391596425.00, 20218, -426610, 331 
1721391596450.00, 9697, -426166, 232 
1721391596468.00, 3551, -425956, 97 
1721391596489.00, 42, -425888, -63 
1721391596510.00, -4865, -425892, -223 
1721391596531.00, -18272, -426002, -301 
1721391596553.00, -30638, -426391, -585 
1721391596575.00, -54791, -427057, -770 
1721391596596.00, -80643, -428241, -824 
1721391596619.00, -99113, -429980, -885 
1721391596640.00, -113720, -432142, -970 
1721391596662.00, -127432, -434637, -957 
1721391596683.00, -134680, -437418, -974 
1721391596706.00, -139851, -440341, -988 
1721391596727.00, -143501, -443401, -998 
1721391596747.00, -146135, -446521, -1008 
1721391596770.00, -148307, -449710, -1033 
1721391596791.00, -150913, -452966, -1050 
1721391596813.00, -153198, -456251, -1066 
1721391596835.00, -155705, -459619, -1080 
1721391596856.00, -157953, -463007, -1081 
1721391596884.00, -159266, -466451, -1070 
1721391596901.00, -159020, -469945, -1071 
1721391596922.00, -158926, -473406, -1046 
1721391596944.00, -157387, -476898, -1023 
1721391596966.00, -154769, -480324, -1006 
1721391596988.00, -152079, -483707, -981 
1721391597011.00, -148665, -487019, -960 
1721391597032.00, -145429, -490256, -963 
1721391597053.00, -143866, -493429, -964 
1721391597076.00, -142918, -496548, -975 
1721391597107.00, -142987, -499649, -985 
1721391597119.00, -143662, -502765, -977 
1721391597140.00, -143492, -505881, -985 
1721391597163.00, -143586, -509011, -998 
1721391597184.00, -144579, -512133, -965 
1721391597207.00, -143204, -515276, -961 
1721391597228.00, -141928, -518394, -964 
1721391597249.00, -141400, -521474, -980 
1721391597271.00, -141859, -524557, -957 
1721391597293.00, -140730, -527640, -951 
1721391597314.00, -139511, -530689, -940 
1721391597337.00, -138147, -533739, -915 
1721391597358.00, -135662, -536739, -894 
1721391597380.00, -133017, -539688, -885 
1721391597402.00, -130741, -542590, -870 
1721391597430.00, -128491, -545419, -860 
1721391597445.00, -126468, -548210, -858 
1721391597467.00, -125323, -550963, -860 
1721391597489.00, -124546, -553688, -862 
1721391597510.00, -124119, -556401, -856 
1721391597535.00, -123514, -559103, -827 
1721391597553.00, -121603, -561785, -827 
1721391597575.00, -120195, -564420, -841 
1721391597597.00, -120277, -567041, -839 
1721391597619.00, -120022, -569660, -815 
1721391597645.00, -118516, -572263, -799 
1721391597662.00, -116653, -574852, -809 
1721391597684.00, -116217, -577375, -788 
1721391597705.00, -114502, -579886, -787 
1721391597728.00, -113267, -582403, -758 
1721391597752.00, -110701, -584862, -729 
1721391597771.00, -107519, -587265, -721 
1721391597793.00, -105038, -589595, -668 
1721391597814.00, -100580, -591883, -585 
1721391597836.00, -92738, -594053, -540 
1721391597858.00, -52483, -596043, -474 
1721391597879.00, -28306, -597188, -384 
1721391597901.00, -14309, -597831, -306 
1721391597922.00, -6202, -598155, -234 
1721391597944.00, -1419, -598297, -161 
1721391597965.00, 819, -598328, -55 
1721391597987.00, 2574, -598303, 162 
1721391598009.00, 13197, -598235, 351 
1721391598030.00, 30751, -597945, 552 
1721391598052.00, 53469, -597281, 798 
1721391598073.00, 81649, -596143, 869 
1721391598095.00, 102842, -594365, 961 
1721391598116.00, 120905, -592120, 1033 
1721391598137.00, 135487, -589464, 1050 
1721391598160.00, 145147, -586489, 1061 
1721391598181.00, 151356, -583304, 1066 
1721391598202.00, 155083, -579998, 1069 
1721391598224.00, 157637, -576601, 1075 
1721391598247.00, 159279, -573166, 1087 
1721391598268.00, 160765, -569694, 1096 
1721391598290.00, 162092, -566171, 1134 
1721391598312.00, 165042, -562637, 1139 
1721391598334.00, 166924, -559028, 1171 
1721391598356.00, 169801, -555375, 1195 
1721391598378.00, 172937, -551650, 1204 
1721391598399.00, 174679, -547881, 1223 
1721391598421.00, 174729, -544053, 1223 
1721391598443.00, 174738, -540237, 1237 
1721391598464.00, 174716, -536432, 1239 
1721391598486.00, 174792, -532602, 1253 
1721391598508.00, 174648, -528793, 1251 
1721391598530.00, 174888, -524969, 1234 
1721391598552.00, 174759, -521158, 1221 
1721391598573.00, 174677, -517345, 1218 
1721391598596.00, 174784, -513525, 1225 
1721391598618.00, 174772, -509711, 1239 
1721391598639.00, 174557, -505884, 1250 
1721391598661.00, 174680, -502069, 1280 
1721391598683.00, 174541, -498246, 1297 
1721391598705.00, 174687, -494434, 1288 
1721391598727.00, 174598, -490620, 1301 
1721391598749.00, 174712, -486800, 1289 
1721391598770.00, 174855, -482976, 1302 
1721391598792.00, 174597, -479153, 1278 
1721391598814.00, 174536, -475337, 1273 
1721391598836.00, 174567, -471528, 1230 
1721391598858.00, 174720, -467718, 1160 
1721391598879.00, 173230, -463898, 1128 
1721391598901.00, 170471, -460119, 1102 
1721391598923.00, 166955, -456405, 1085 
1721391598945.00, 163703, -452761, 1055 
1721391598967.00, 159905, -449178, 1028 
1721391598990.00, 155924, -445700, 989 
1721391599011.00, 151198, -442302, 917 
1721391599033.00, 144034, -439023, 844 
1721391599055.00, 135197, -435906, 753 
1721391599076.00, 124341, -432986, 634 
1721391599098.00, 110866, -430291, 511 
1721391599120.00, 63951, -427920, 446 
1721391599141.00, 36054, -426521, 425 
1721391599163.00, 19843, -425738, 281 
1721391599184.00, 10316, -425305, 162 
1721391599206.00, 4445, -425094, -6 
1721391599228.00, 1273, -425002, -167 
1721391599249.00, -10164, -424980, -268 
1721391599271.00, -23217, -425203, -560 
1721391599292.00, -48653, -425695, -641 
1721391599314.00, -68468, -426715, -719 
1721391599336.00, -84967, -428223, -853 
1721391599357.00, -102962, -430067, -864 
1721391599379.00, -114210, -432314, -919 
1721391599401.00, -124073, -434824, -948 
1721391599423.00, -131723, -437530, -965 
1721391599445.00, -137085, -440388, -995 
1721391599464.00, -141865, -443383, -1032 
1721391599487.00, -146890, -446493, -1061 
1721391599509.00, -151612, -449706, -1088 
1721391599530.00, -155880, -453022, -1085 
1721391599552.00, -158101, -456426, -1100 
1721391599573.00, -160154, -459890, -1100 
1721391599596.00, -161173, -463380, -1092 
1721391599618.00, -161292, -466909, -1090 
1721391599640.00, -160964, -470435, -1063 
1721391599661.00, -159040, -473942, -1041 
1721391599683.00, -156624, -477432, -1023 
1721391599705.00, -153916, -480841, -1000 
1721391599728.00, -150892, -484203, -977 
1721391599750.00, -147697, -487484, -972 
1721391599772.00, -145565, -490691, -976 
1721391599793.00, -144458, -493861, -962 
1721391599815.00, -142818, -496998, -994 
1721391599835.00, -143381, -500122, -1000 
1721391599857.00, -144220, -503252, -1000 
1721391599878.00, -144811, -506405, -1017 
1721391599901.00, -146059, -509577, -1032 
1721391599922.00, -147721, -512762, -1036 
1721391599944.00, -148905, -516001, -1041 
1721391599966.00, -150010, -519265, -1052 
1721391599988.00, -150921, -522526, -1070 
1721391600010.00, -152376, -525847, -1057 
1721391600031.00, -152702, -529168, -1071 
1721391600053.00, -153794, -532505, -1050 
1721391600075.00, -153091, -535884, -1038 
1721391600097.00, -151673, -539212, -1039 
1721391600118.00, -150900, -542535, -1037 
1721391600142.00, -150507, -545819, -998 
1721391600163.00, -147667, -549092, -1014 
1721391600185.00, -146842, -552320, -972 
1721391600207.00, -143966, -555501, -900 
1721391600229.00, -137872, -558636, -931 
1721391600251.00, -135757, -561624, -865 
1721391600272.00, -130803, -564564, -795 
1721391600294.00, -123476, -567403, -814 
1721391600315.00, -120234, -570085, -798 
1721391600337.00, -117472, -572697, -759 
1721391600359.00, -113573, -575261, -768 
1721391600381.00, -111701, -577717, -789 
1721391600402.00, -111795, -580132, -790 
1721391600425.00, -111804, -582575, -774 
1721391600446.00, -111088, -585005, -744 
1721391600467.00, -108595, -587407, -714 
1721391600490.00, -105277, -589764, -680 
1721391600512.00, -101169, -592046, -632 
1721391600533.00, -95952, -594238, -543 
1721391600555.00, -54201, -596287, -481 
1721391600576.00, -29013, -597475, -423 
1721391600598.00, -14347, -598140, -360 
1721391600619.00, -5937, -598467, -249 
1721391600641.00, -1053, -598602, -179 
1721391600663.00, 987, -598622, -39 
1721391600684.00, 2428, -598604, 52 
1721391600708.00, 6939, -598550, 101 
1721391600727.00, 12704, -598388, 347 
1721391600748.00, 30110, -598098, 698 
1721391600770.00, 62166, -597452, 807 
1721391600792.00, 87566, -596138, 792 
1721391600814.00, 101628, -594224, 935 
1721391600834.00, 118477, -592004, 1085 
1721391600856.00, 137335, -589403, 1002 
1721391600878.00, 143583, -586379, 1096 
1721391600899.00, 152372, -583231, 1098 
1721391600922.00, 157952, -579904, 1110 
1721391600943.00, 161727, -576451, 1134 
1721391600964.00, 165174, -572910, 1144 
1721391600987.00, 167728, -569293, 1169 
1721391601009.00, 170691, -565636, 1166 
1721391601030.00, 172116, -561901, 1179 
1721391601052.00, 173607, -558139, 1188 
1721391601074.00, 174838, -554340, 1171 
1721391601096.00, 174467, -550526, 1210 
1721391601118.00, 174716, -546710, 1222 
1721391601141.00, 174598, -542900, 1247 
1721391601162.00, 174661, -539085, 1256 
1721391601183.00, 174731, -535254, 1261 
1721391601205.00, 174787, -531438, 1260 
1721391601227.00, 174727, -527628, 1259 
1721391601254.00, 174681, -523812, 1246 
1721391601271.00, 174818, -520005, 1219 
1721391601292.00, 174719, -516180, 1210 
1721391601314.00, 174523, -512361, 1218 
1721391601335.00, 174760, -508533, 1220 
1721391601359.00, 174643, -504731, 1223 
1721391601380.00, 174761, -500906, 1229 
1721391601401.00, 174643, -497095, 1245 
1721391601423.00, 174593, -493269, 1260 
1721391601445.00, 174859, -489453, 1264 
1721391601467.00, 174607, -485640, 1253 
1721391601492.00, 174549, -481818, 1241 
1721391601510.00, 174603, -477999, 1209 
1721391601533.00, 174713, -474194, 1172 
1721391601554.00, 173962, -470376, 1166 
1721391601576.00, 173225, -466570, 1154 
1721391601598.00, 171871, -462787, 1135 
1721391601619.00, 169739, -459048, 1105 
1721391601641.00, 166528, -455336, 1092 
1721391601663.00, 163716, -451704, 1043 
1721391601687.00, 159068, -448139, 988 
1721391601708.00, 152968, -444683, 959 
1721391601730.00, 147366, -441365, 944 
1721391601751.00, 143117, -438160, 884 
1721391601773.00, 137006, -435052, 825 
1721391601799.00, 129650, -432075, 734 
1721391601816.00, 74748, -429282, 631 
1721391601838.00, 42210, -427668, 619 
1721391601860.00, 23144, -426747, 414 
1721391601881.00, 12192, -426235, 288 
1721391601903.00, 5341, -425978, 139 
1721391601927.00, 1391, -425870, -35 
1721391601946.00, -2354, -425851, -244 
1721391601967.00, -17292, -425900, -371 
1721391601989.00, -34211, -426274, -662 
1721391602011.00, -61406, -427002, -798 
1721391602033.00, -85950, -428321, -828 
1721391602054.00, -102042, -430180, -904 
1721391602076.00, -115940, -432407, -943 
1721391602097.00, -126618, -434966, -939 
1721391602120.00, -132609, -437732, -951 
1721391602141.00, -136864, -440608, -987 
1721391602162.00, -141271, -443602, -992 
1721391602184.00, -144168, -446675, -1018 
1721391602205.00, -147411, -449820, -1025 
1721391602227.00, -149581, -453054, -1049 
1721391602249.00, -152135, -456316, -1062 
1721391602271.00, -154439, -459652, -1068 
1721391602293.00, -156194, -463019, -1059 
1721391602314.00, -156505, -466425, -1045 
1721391602336.00, -155759, -469855, -1045 
1721391602358.00, -155168, -473243, -1029 
1721391602380.00, -153742, -476642, -1023 
1721391602401.00, -152540, -479992, -1023 
1721391602423.00, -151739, -483322, -1015 
1721391602445.00, -150578, -486636, -1013 
1721391602466.00, -149866, -489922, -1009 
1721391602489.00, -149018, -493210, -1028 
1721391602510.00, -149633, -496448, -1028 
1721391602532.00, -150031, -499720, -1058 
1721391602554.00, -151795, -503005, -1078 
1721391602575.00, -153770, -506314, -1086 
1721391602598.00, -155627, -509700, -1084 
1721391602619.00, -156566, -513086, -1083 
1721391602642.00, -156880, -516521, -1074 
1721391602663.00, -156480, -519955, -1077 
1721391602685.00, -156345, -523372, -1092 
1721391602707.00, -157039, -526795, -1070 
1721391602728.00, -156074, -530210, -1094 
1721391602750.00, -156962, -533637, -1072 
1721391602772.00, -156234, -537063, -1058 
1721391602794.00, -154850, -540479, -1087 
1721391602816.00, -155760, -543861, -1067 
1721391602838.00, -155283, -547246, -1037 
1721391602860.00, -152806, -550643, -1034 
1721391602881.00, -151342, -553968, -1014 
1721391602905.00, -149134, -557279, -950 
1721391602925.00, -143936, -560520, -943 
1721391602948.00, -140473, -563626, -930 
1721391602969.00, -137457, -566690, -880 
1721391602991.00, -132541, -569674, -859 
1721391603013.00, -128403, -572541, -853 
1721391603035.00, -125563, -575343, -799 
1721391603057.00, -120483, -578055, -767 
1721391603078.00, -115468, -580662, -746 
1721391603100.00, -111299, -583172, -718 
1721391603122.00, -106972, -585593, -699 
1721391603143.00, -103282, -587910, -650 
1721391603165.00, -98390, -590153, -628 
1721391603186.00, -93695, -592276, -614 
1721391603209.00, -90319, -594301, -525 
1721391603230.00, -51099, -596234, -433 
1721391603252.00, -27332, -597355, -417 
1721391603273.00, -13783, -597976, -349 
1721391603294.00, -5699, -598285, -276 
1721391603316.00, -928, -598415, -198 
1721391603339.00, 1288, -598433, -66 
1721391603359.00, 2827, -598396, 166 
1721391603381.00, 13854, -598314, 461 
1721391603402.00, 38007, -598006, 693 
1721391603424.00, 66347, -597206, 749 
1721391603450.00, 86585, -595771, 886 
1721391603466.00, 106718, -593880, 1019 
1721391603488.00, 126706, -591541, 1040 
1721391603510.00, 139606, -588765, 1083 
1721391603532.00, 149636, -585691, 1112 
1721391603555.00, 157386, -582415, 1093 
1721391603575.00, 160563, -578978, 1126 
1721391603597.00, 164338, -575464, 1113 
1721391603619.00, 165665, -571878, 1094 
1721391603641.00, 165085, -568253, 1097 
1721391603663.00, 164700, -564656, 1115 
1721391603685.00, 165447, -561048, 1128 
1721391603706.00, 166694, -557427, 1147 
1721391603728.00, 168386, -553796, 1143 
1721391603750.00, 168955, -550114, 1164 
1721391603773.00, 170368, -546422, 1180 
1721391603793.00, 172205, -542699, 1162 
1721391603815.00, 172282, -538931, 1177 
1721391603837.00, 172995, -535175, 1168 
1721391603858.00, 172906, -531393, 1166 
1721391603881.00, 172553, -527609, 1178 
1721391603903.00, 172889, -523844, 1172 
1721391603926.00, 172772, -520076, 1182 
1721391603946.00, 173265, -516292, 1211 
1721391603968.00, 174897, -512506, 1244 
1721391603996.00, 174862, -508684, 1239 
1721391604011.00, 174790, -504873, 1251 
1721391604033.00, 174630, -501045, 1264 
1721391604055.00, 174823, -497238, 1247 
1721391604077.00, 174945, -493426, 1241 
1721391604103.00, 174591, -489607, 1236 
1721391604121.00, 174696, -485785, 1229 
1721391604143.00, 174649, -481956, 1227 
1721391604165.00, 174632, -478140, 1219 
1721391604186.00, 174706, -474341, 1206 
1721391604208.00, 174724, -470519, 1194 
1721391604230.00, 174828, -466689, 1162 
1721391604251.00, 172699, -462887, 1146 
1721391604273.00, 170344, -459113, 1105 
1721391604295.00, 166328, -455391, 1056 
1721391604317.00, 160877, -451773, 1008 
1721391604339.00, 154657, -448265, 955 
1721391604362.00, 147933, -444906, 909 
1721391604383.00, 140983, -441708, 857 
1721391604405.00, 133559, -438635, 801 
1721391604427.00, 125802, -435741, 733 
1721391604449.00, 117103, -433011, 656 
1721391604470.00, 107299, -430481, 542 
1721391604492.00, 61556, -428190, 433 
1721391604514.00, 34300, -426851, 388 
1721391604537.00, 17973, -426106, 205 
1721391604557.00, 8451, -425710, 97 
1721391604578.00, 3006, -425529, -54 
1721391604600.00, -2623, -425470, -231 
1721391604622.00, -17193, -425525, -274 
1721391604644.00, -28262, -425896, -539 
1721391604665.00, -50839, -426503, -663 
1721391604687.00, -71736, -427597, -748 
1721391604708.00, -89151, -429161, -879 
1721391604730.00, -107363, -431099, -900 
1721391604756.00, -119376, -433437, -917 
1721391604773.00, -127554, -436060, -917 
1721391604795.00, -132059, -438835, -918 
1721391604817.00, -134802, -441717, -907 
1721391604838.00, -135618, -444656, -908 
1721391604862.00, -135955, -447601, -932 
1721391604882.00, -137720, -450554, -945 
1721391604903.00, -139360, -453554, -959 
1721391604924.00, -140933, -456575, -1004 
1721391604946.00, -144619, -459674, -1019 
1721391604970.00, -147595, -462829, -1030 
1721391604989.00, -150004, -466048, -1042 
1721391605012.00, -151913, -469332, -1046 
1721391605033.00, -153439, -472651, -1057 
1721391605055.00, -154905, -476007, -1073 
1721391605077.00, -156514, -479393, -1078 
1721391605098.00, -157585, -482805, -1078 
1721391605121.00, -158159, -486258, -1096 
1721391605142.00, -159512, -489701, -1101 
1721391605164.00, -160327, -493208, -1111 
1721391605187.00, -161399, -496701, -1112 
1721391605208.00, -162214, -500247, -1121 
1721391605229.00, -162977, -503786, -1127 
1721391605251.00, -163737, -507350, -1140 
1721391605273.00, -165153, -510923, -1150 
1721391605295.00, -166307, -514520, -1165 
1721391605317.00, -168012, -518165, -1163 
1721391605339.00, -168794, -521831, -1157 
1721391605361.00, -168447, -525521, -1145 
1721391605382.00, -167780, -529202, -1136 
1721391605404.00, -166494, -532870, -1130 
1721391605425.00, -165430, -536516, -1110 
1721391605448.00, -163624, -540124, -1089 
1721391605469.00, -161243, -543699, -1097 
1721391605491.00, -160415, -547198, -1068 
1721391605516.00, -158126, -550706, -1058 
1721391605535.00, -155942, -554148, -1056 
1721391605556.00, -154455, -557552, -1053 
1721391605579.00, -153331, -560927, -1046 
1721391605600.00, -152234, -564270, -1029 
1721391605627.00, -150597, -567592, -996 
1721391605645.00, -147481, -570856, -993 
1721391605667.00, -145355, -574063, -982 
1721391605689.00, -143502, -577217, -892 
1721391605710.00, -136851, -580325, -947 
1721391605732.00, -136008, -583306, -891 
1721391605753.00, -132181, -586255, -775 
1721391605775.00, -122693, -589127, -741 
1721391605797.00, -114869, -591777, -615 
1721391605819.00, -102905, -594256, -444 
1721391605841.00, -58252, -596453, -345 
1721391605862.00, -31571, -597727, -300 
1721391605884.00, -15804, -598435, -206 
1721391605905.00, -6679, -598790, -90 
1721391605926.00, -1553, -598933, 58 
1721391605948.00, 4497, -598961, 213 
1721391605970.00, 17748, -598869, 395 
1721391605992.00, 36745, -598491, 576 
1721391606013.00, 58616, -597704, 806 
1721391606035.00, 85461, -596443, 874 
1721391606057.00, 105482, -594584, 974 
1721391606077.00, 123239, -592275, 1032 
1721391606099.00, 137249, -589568, 1057 
1721391606121.00, 146771, -586559, 1078 
1721391606143.00, 153569, -583342, 1074 
1721391606164.00, 156958, -579987, 1081 
1721391606186.00, 159502, -576547, 1081 
1721391606207.00, 160752, -573061, 1050 
1721391606229.00, 159493, -569557, 1023 
1721391606251.00, 157157, -566076, 1022 
1721391606273.00, 155519, -562644, 1020 
1721391606295.00, 154199, -559265, 1032 
1721391606317.00, 154202, -555900, 1037 
1721391606338.00, 154325, -552522, 1044 
1721391606361.00, 154799, -549149, 1070 
1721391606382.00, 156624, -545767, 1097 
1721391606404.00, 159237, -542340, 1129 
1721391606425.00, 162410, -538871, 1137 
1721391606448.00, 164807, -535312, 1140 
1721391606470.00, 166266, -531700, 1159 
1721391606492.00, 168350, -528062, 1180 
1721391606513.00, 170587, -524380, 1187 
1721391606535.00, 172151, -520666, 1185 
1721391606557.00, 172995, -516904, 1201 
1721391606579.00, 174393, -513118, 1224 
1721391606600.00, 174744, -509295, 1224 
1721391606622.00, 174766, -505477, 1227 
1721391606644.00, 174806, -501662, 1242 
1721391606666.00, 174494, -497848, 1246 
1721391606688.00, 174710, -494037, 1244 
1721391606710.00, 174674, -490212, 1246 
1721391606731.00, 174529, -486386, 1228 
1721391606753.00, 174715, -482574, 1192 
1721391606775.00, 174436, -478752, 1177 
1721391606797.00, 173359, -474932, 1161 
1721391606819.00, 171638, -471164, 1130 
1721391606841.00, 169092, -467408, 1108 
1721391606862.00, 165923, -463722, 1099 
1721391606884.00, 163487, -460092, 1085 
1721391606906.00, 161044, -456548, 1042 
1721391606929.00, 156862, -453035, 989 
1721391606950.00, 150999, -449616, 937 
1721391606972.00, 144503, -446339, 883 
1721391606993.00, 137337, -443204, 818 
1721391607016.00, 128805, -440237, 746 
1721391607037.00, 119514, -437446, 647 
1721391607059.00, 107890, -434864, 540 
1721391607080.00, 94614, -432532, 404 
1721391607103.00, 78415, -430493, 257 
1721391607124.00, 44546, -428829, 116 
1721391607146.00, 24044, -427875, -28 
1721391607168.00, 10790, -427341, -244 
1721391607189.00, -9694, -427101, -278 
1721391607211.00, -24464, -427303, -489 
1721391607233.00, -45659, -427819, -503 
1721391607254.00, -59328, -428788, -554 
1721391607275.00, -70160, -430065, -645 
1721391607297.00, -82069, -431606, -721 
1721391607319.00, -93677, -433384, -844 
1721391607340.00, -107867, -435445, -882 
1721391607362.00, -118711, -437801, -941 
1721391607384.00, -128391, -440383, -987 
1721391607404.00, -136968, -443198, -1024 
1721391607427.00, -143963, -446192, -1063 
1721391607448.00, -150480, -449344, -1074 
1721391607470.00, -154870, -452651, -1095 
1721391607492.00, -158589, -456027, -1113 
1721391607514.00, -161847, -459501, -1110 
1721391607535.00, -163554, -463042, -1120 
1721391607557.00, -164914, -466612, -1126 
1721391607579.00, -165937, -470235, -1149 
1721391607601.00, -167900, -473845, -1134 
1721391607623.00, -167931, -477529, -1148 
1721391607645.00, -168682, -481186, -1154 
1721391607666.00, -169535, -484882, -1153 
1721391607688.00, -169966, -488586, -1178 
1721391607710.00, -171562, -492292, -1174 
1721391607732.00, -172268, -496041, -1178 
1721391607754.00, -172663, -499808, -1180 
1721391607775.00, -172792, -503594, -1185 
1721391607798.00, -173295, -507354, -1162 
1721391607819.00, -172153, -511157, -1167 
1721391607841.00, -171712, -514889, -1162 
1721391607863.00, -170967, -518655, -1160 
1721391607884.00, -170326, -522377, -1156 
1721391607906.00, -169637, -526118, -1133 
1721391607928.00, -167736, -529812, -1101 
1721391607950.00, -164569, -533475, -1074 
1721391607972.00, -160819, -537063, -1031 
1721391607993.00, -156100, -540575, -1020 
1721391608017.00, -152748, -543975, -962 
1721391608038.00, -147198, -547271, -887 
1721391608060.00, -139349, -550472, -874 
1721391608082.00, -133632, -553488, -822 
1721391608103.00, -127155, -556397, -795 
1721391608125.00, -121520, -559161, -824 
1721391608147.00, -120217, -561799, -815 
1721391608169.00, -118787, -564402, -814 
1721391608190.00, -117661, -566992, -871 
1721391608211.00, -120522, -569558, -848 
1721391608234.00, -120727, -572171, -827 
1721391608255.00, -119654, -574811, -864 
1721391608278.00, -121216, -577401, -858 
1721391608299.00, -121700, -580023, -816 
1721391608321.00, -119328, -582690, -804 
1721391608342.00, -117330, -585279, -748 
1721391608364.00, -112646, -587820, -680 
1721391608386.00, -105566, -590261, -629 
1721391608408.00, -98393, -592552, -537 
1721391608429.00, -88365, -594662, -423 
1721391608451.00, -50022, -596556, -358 
1721391608480.00, -27037, -597654, -321 
1721391608494.00, -13668, -598268, -253 
1721391608515.00, -5833, -598575, -182 
1721391608537.00, -1221, -598705, -117 
1721391608558.00, 892, -598728, -19 
1721391608582.00, 2471, -598705, 164 
1721391608602.00, 13227, -598644, 302 
1721391608624.00, 28066, -598360, 431 
1721391608645.00, 44522, -597750, 632 
1721391608666.00, 66265, -596792, 808 
1721391608690.00, 89953, -595361, 873 
1721391608710.00, 107742, -593397, 966 
1721391608731.00, 123589, -591034, 1043 
1721391608753.00, 137735, -588327, 1074 
1721391608774.00, 147862, -585303, 1078 
1721391608796.00, 153843, -582059, 1056 
1721391608819.00, 155955, -578702, 985 
1721391608841.00, 152955, -575305, 963 
1721391608862.00, 149428, -571983, 957 
1721391608884.00, 147008, -568734, 947 
1721391608906.00, 144900, -565531, 981 
1721391608927.00, 145665, -562388, 1025 
1721391608948.00, 148530, -559208, 1031 
1721391608970.00, 150716, -555965, 1056 
1721391608992.00, 153078, -552669, 1089 
1721391609016.00, 156411, -549304, 1110 
1721391609035.00, 159814, -545886, 1112 
1721391609058.00, 161914, -542383, 1130 
1721391609079.00, 163957, -538865, 1118 
1721391609101.00, 164542, -535269, 1077 
1721391609127.00, 162244, -531670, 1053 
1721391609145.00, 159287, -528139, 1054 
1721391609166.00, 157680, -524657, 1049 
1721391609189.00, 156135, -521224, 1067 
1721391609210.00, 156207, -517807, 1069 
1721391609231.00, 156349, -514392, 1093 
1721391609254.00, 157729, -510977, 1106 
1721391609276.00, 159345, -507527, 1118 
1721391609298.00, 160862, -504043, 1122 
1721391609319.00, 162093, -500522, 1143 
1721391609341.00, 163974, -496988, 1140 
1721391609363.00, 164871, -493398, 1135 
1721391609384.00, 165078, -489798, 1140 
1721391609407.00, 165248, -486190, 1129 
1721391609428.00, 164732, -482574, 1100 
1721391609450.00, 162512, -478973, 1070 
1721391609473.00, 159605, -475424, 1077 
1721391609494.00, 158050, -471949, 1078 
1721391609516.00, 156971, -468490, 1070 
1721391609537.00, 155841, -465070, 1067 
1721391609579.00, 154997, -461659, 1059 
1721391609583.00, 153867, -458275, 1028 
1721391609603.00, 151452, -454918, 1000 
1721391609626.00, 148064, -451609, 962 
1721391609647.00, 143747, -448396, 907 
1721391609669.00, 137701, -445279, 833 
1721391609691.00, 129795, -442277, 743 
1721391609713.00, 119660, -439475, 648 
1721391609735.00, 107868, -436874, 551 
1721391609756.00, 94963, -434560, 443 
1721391609778.00, 80881, -432514, 332 
1721391609800.00, 45517, -430772, 238 
1721391609820.00, 24407, -429783, 172 
1721391609843.00, 12072, -429246, 6 
1721391609864.00, 4880, -428992, -131 
1721391609886.00, -6599, -428892, -267 
1721391609915.00, -22074, -429024, -356 
1721391609928.00, -36736, -429488, -557 
1721391609951.00, -57187, -430266, -623 
1721391609972.00, -73537, -431508, -686 
1721391609994.00, -86722, -433104, -856 
1721391610017.00, -104952, -435010, -875 
1721391610038.00, -116612, -437299, -931 
1721391610058.00, -127012, -439846, -1004 
1721391610080.00, -137239, -442639, -1020 
1721391610101.00, -144189, -445652, -1056 
1721391610123.00, -150486, -448790, -1068 
1721391610145.00, -154636, -452108, -1067 
1721391610167.00, -156921, -455482, -1073 
1721391610189.00, -158521, -458922, -1073 
1721391610211.00, -159448, -462382, -1089 
1721391610232.00, -160978, -465858, -1087 
1721391610254.00, -161729, -469385, -1097 
1721391610276.00, -162551, -472909, -1107 
1721391610298.00, -163456, -476459, -1126 
1721391610319.00, -165198, -480033, -1122 
1721391610345.00, -165566, -483649, -1134 
1721391610363.00, -166633, -487267, -1145 
1721391610385.00, -167593, -490898, -1154 
1721391610407.00, -168806, -494572, -1159 
1721391610429.00, -169753, -498256, -1175 
1721391610451.00, -171293, -501962, -1179 
1721391610472.00, -172260, -505705, -1176 
1721391610494.00, -172483, -509478, -1182 
1721391610516.00, -172665, -513238, -1183 
1721391610538.00, -172849, -517035, -1180 
1721391610560.00, -172840, -520801, -1192 
1721391610582.00, -173608, -524578, -1199 
1721391610603.00, -174414, -528360, -1190 
1721391610625.00, -174060, -532160, -1147 
1721391610647.00, -171123, -535974, -1060 
1721391610670.00, -163960, -539699, -977 
1721391610691.00, -154595, -543266, -918 
1721391610713.00, -145628, -546601, -853 
1721391610735.00, -136346, -549766, -823 
1721391610757.00, -129059, -552728, -807 
1721391610778.00, -123601, -555514, -787 
1721391610800.00, -119209, -558203, -790 
1721391610822.00, -116872, -560793, -820 
1721391610843.00, -116958, -563319, -819 
1721391610865.00, -117248, -565882, -837 
1721391610887.00, -118195, -568433, -849 
1721391610908.00, -119650, -570989, -868 
1721391610931.00, -121563, -573604, -894 
1721391610952.00, -124196, -576251, -868 
1721391610974.00, -124063, -578953, -842 
1721391611005.00, -122530, -581659, -839 
1721391611017.00, -121399, -584325, -847 
1721391611039.00, -121073, -586948, -805 
1721391611061.00, -118386, -589577, -713 
1721391611083.00, -110996, -592150, -656 
1721391611104.00, -103097, -594549, -551 
1721391611125.00, -58425, -596765, -467 
1721391611148.00, -31969, -598050, -428 
1721391611169.00, -16608, -598765, -331 
1721391611191.00, -7514, -599138, -287 
1721391611212.00, -2250, -599306, -235 
1721391611234.00, 108, -599354, -135 
1721391611255.00, 2033, -599348, -7 
1721391611277.00, 3179, -599292, 207 
1721391611299.00, 16020, -599214, 407 
1721391611320.00, 35816, -598876, 459 
1721391611341.00, 50630, -598104, 710 
1721391611364.00, 74542, -597003, 829 
1721391611384.00, 96033, -595389, 864 
1721391611406.00, 110915, -593290, 984 
1721391611427.00, 126698, -590862, 1023 
1721391611449.00, 138233, -588096, 1055 
1721391611471.00, 146814, -585052, 1117 
1721391611493.00, 155596, -581839, 1085 
1721391611515.00, 158749, -578429, 1105 
1721391611536.00, 161651, -574960, 1110 
1721391611558.00, 163628, -571434, 1100 
1721391611580.00, 163985, -567858, 1122 
1721391611602.00, 165365, -564266, 1135 
1721391611624.00, 166960, -560653, 1124 
1721391611645.00, 167171, -557007, 1159 
1721391611667.00, 169410, -553350, 1164 
1721391611689.00, 170752, -549662, 1167 
1721391611710.00, 171642, -545929, 1184 
1721391611733.00, 173068, -542177, 1185 
1721391611754.00, 174042, -538391, 1170 
1721391611776.00, 173563, -534605, 1166 
1721391611797.00, 172941, -530808, 1167 
1721391611820.00, 172255, -527035, 1156 
1721391611842.00, 171218, -523273, 1138 
1721391611864.00, 169438, -519541, 1129 
1721391611885.00, 167858, -515829, 1129 
1721391611908.00, 166600, -512170, 1122 
1721391611928.00, 165649, -508516, 1140 
1721391611951.00, 165952, -504913, 1148 
1721391611973.00, 166498, -501277, 1148 
1721391611995.00, 166779, -497645, 1142 
1721391612016.00, 166568, -493998, 1159 
1721391612037.00, 167451, -490365, 1170 
1721391612060.00, 168389, -486702, 1159 
1721391612082.00, 168160, -483014, 1143 
1721391612111.00, 167196, -479332, 1143 
1721391612126.00, 166431, -475692, 1105 
1721391612147.00, 163754, -472052, 1079 
1721391612169.00, 160255, -468487, 1064 
1721391612190.00, 157405, -464986, 1055 
1721391612213.00, 155170, -461547, 1024 
1721391612235.00, 151799, -458165, 990 
1721391612257.00, 147964, -454865, 963 
1721391612279.00, 143760, -451643, 938 
1721391612300.00, 139816, -448531, 905 
1721391612323.00, 135538, -445486, 871 
1721391612344.00, 130879, -442541, 822 
1721391612366.00, 125150, -439702, 758 
1721391612388.00, 117792, -436993, 674 
1721391612410.00, 108310, -434443, 604 
1721391612431.00, 98302, -432104, 534 
1721391612453.00, 55681, -429987, 447 
1721391612474.00, 30247, -428779, 434 
1721391612496.00, 15483, -428116, 263 
1721391612517.00, 6901, -427772, 151 
1721391612541.00, 1562, -427630, 4 
1721391612560.00, -805, -427601, -177 
1721391612582.00, -13500, -427619, -281 
1721391612603.00, -26989, -427906, -489 
1721391612625.00, -47457, -428484, -637 
1721391612652.00, -68491, -429484, -657 
1721391612668.00, -82120, -430974, -755 
1721391612690.00, -95774, -432756, -793 
1721391612712.00, -106062, -434857, -857 
1721391612733.00, -116239, -437178, -863 
1721391612756.00, -122406, -439706, -888 
1721391612777.00, -127457, -442384, -904 
1721391612799.00, -131179, -445170, -912 
1721391612820.00, -133876, -448027, -943 
1721391612842.00, -137180, -450950, -966 
1721391612864.00, -140534, -453951, -995 
1721391612884.00, -144201, -456995, -1019 
1721391612906.00, -147802, -460161, -1041 
1721391612928.00, -151142, -463390, -1067 
1721391612950.00, -154397, -466689, -1081 
1721391612973.00, -157107, -470081, -1084 
1721391612994.00, -158874, -473507, -1125 
1721391613015.00, -162028, -476994, -1125 
1721391613037.00, -164070, -480542, -1148 
1721391613059.00, -166577, -484139, -1175 
1721391613082.00, -169457, -487784, -1201 
1721391613102.00, -172706, -491481, -1224 
1721391613125.00, -175066, -495266, -1260 
1721391613146.00, -174908, -499080, -1266 
1721391613168.00, -174783, -502907, -1268 
1721391613191.00, -174580, -506718, -1265 
1721391613212.00, -174642, -510544, -1229 
1721391613234.00, -174664, -514340, -1239 
1721391613255.00, -174751, -518176, -1199 
1721391613277.00, -174766, -521981, -1207 
1721391613301.00, -174721, -525803, -1158 
1721391613321.00, -172845, -529615, -1131 
1721391613343.00, -170058, -533402, -1124 
1721391613365.00, -167982, -537097, -1093 
1721391613386.00, -164955, -540768, -1116 
1721391613409.00, -164293, -544360, -1103 
1721391613430.00, -163187, -547933, -1059 
1721391613451.00, -159550, -551498, -1053 
1721391613473.00, -157019, -554977, -1002 
1721391613496.00, -152478, -558407, -937 
1721391613517.00, -145596, -561709, -928 
1721391613539.00, -140703, -564860, -878 
1721391613561.00, -135002, -567931, -857 
1721391613582.00, -130322, -570854, -883 
1721391613604.00, -129160, -573690, -857 
1721391613627.00, -126791, -576491, -833 
1721391613649.00, -123858, -579238, -850 
1721391613670.00, -123010, -581943, -820 
1721391613691.00, -120732, -584614, -823 
1721391613713.00, -119474, -587232, -826 
1721391613736.00, -119033, -589837, -771 
1721391613757.00, -115364, -592417, -691 
1721391613779.00, -108254, -594904, -585 
1721391613800.00, -62003, -597227, -457 
1721391613821.00, -34232, -598580, -376 
1721391613846.00, -17790, -599335, -311 
1721391613865.00, -8555, -599736, -202 
1721391613886.00, -3055, -599921, -81 
1721391613908.00, 67, -599975, 78 
1721391613930.00, 6210, -599967, 370 
1721391613955.00, 27728, -599836, 437 
1721391613973.00, 44547, -599252, 664 
1721391613994.00, 68358, -598297, 865 
1721391614016.00, 94440, -596813, 918 
1721391614038.00, 113016, -594762, 997 
1721391614059.00, 128887, -592288, 1071 
1721391614080.00, 142348, -589461, 1063 
1721391614102.00, 149675, -586338, 1090 
1721391614124.00, 155752, -583055, 1127 
1721391614146.00, 161428, -579664, 1106 
1721391614168.00, 163219, -576129, 1126 
1721391614189.00, 165399, -572566, 1149 
1721391614211.00, 167849, -568965, 1134 
1721391614232.00, 168339, -565292, 1162 
1721391614255.00, 170171, -561606, 1167 
1721391614277.00, 171468, -557888, 1170 
1721391614298.00, 172523, -554145, 1178 
1721391614320.00, 173294, -550376, 1204 
1721391614341.00, 174618, -546584, 1212 
1721391614364.00, 174639, -542764, 1213 
1721391614386.00, 174763, -538951, 1232 
1721391614407.00, 174736, -535133, 1229 
1721391614429.00, 174793, -531313, 1221 
1721391614450.00, 174843, -527486, 1222 
1721391614473.00, 174560, -523686, 1217 
1721391614495.00, 174587, -519867, 1235 
1721391614516.00, 174837, -516041, 1218 
1721391614538.00, 174685, -512223, 1244 
1721391614560.00, 174597, -508405, 1250 
1721391614582.00, 174686, -504590, 1256 
1721391614604.00, 174801, -500768, 1239 
1721391614625.00, 174718, -496960, 1245 
1721391614648.00, 174682, -493145, 1222 
1721391614669.00, 174833, -489329, 1171 
1721391614691.00, 173713, -485521, 1109 
1721391614713.00, 169184, -481723, 1070 
1721391614735.00, 164011, -478042, 1056 
1721391614756.00, 160102, -474459, 1044 
1721391614778.00, 157125, -470970, 1050 
1721391614800.00, 155464, -467542, 1065 
1721391614822.00, 155372, -464146, 1076 
1721391614844.00, 156068, -460754, 1066 
1721391614865.00, 155829, -457351, 1047 
1721391614887.00, 154355, -453949, 1041 
1721391614909.00, 152975, -450570, 1025 
1721391614932.00, 151192, -447234, 991 
1721391614954.00, 147886, -443953, 947 
1721391614975.00, 143322, -440755, 901 
1721391614997.00, 137627, -437636, 833 
1721391615019.00, 130099, -434657, 742 
1721391615040.00, 120053, -431839, 629 
1721391615061.00, 68750, -429247, 507 
1721391615083.00, 38537, -427770, 448 
1721391615106.00, 20416, -426942, 190 
1721391615127.00, 9746, -426493, 40 
1721391615149.00, 3778, -426282, -145 
1721391615170.00, -8009, -426203, -283 
1721391615192.00, -23437, -426373, -462 
1721391615213.00, -43305, -426871, -620 
1721391615235.00, -64821, -427799, -652 
1721391615257.00, -79231, -429204, -798 
1721391615278.00, -96840, -430929, -876 
1721391615300.00, -111706, -433025, -872 
1721391615322.00, -120286, -435481, -927 
1721391615343.00, -128369, -438117, -942 
1721391615365.00, -134050, -440897, -965 
1721391615389.00, -138690, -443832, -991 
1721391615409.00, -142859, -446855, -998 
1721391615429.00, -145735, -449955, -1039 
1721391615450.00, -149825, -453158, -1051 
1721391615473.00, -152873, -456421, -1067 
1721391615495.00, -155461, -459781, -1082 
1721391615516.00, -157997, -463168, -1087 
1721391615538.00, -159523, -466610, -1089 
1721391615560.00, -160504, -470115, -1082 
1721391615582.00, -160567, -473606, -1082 
1721391615603.00, -160357, -477124, -1086 
1721391615625.00, -160467, -480630, -1088 
1721391615647.00, -160394, -484131, -1085 
1721391615669.00, -160071, -487643, -1074 
1721391615691.00, -159368, -491148, -1092 
1721391615712.00, -159934, -494625, -1084 
1721391615735.00, -159704, -498106, -1089 
1721391615756.00, -159813, -501610, -1105 
1721391615778.00, -160678, -505083, -1098 
1721391615800.00, -160750, -508606, -1096 
1721391615822.00, -160699, -512121, -1085 
1721391615843.00, -159983, -515615, -1060 
1721391615865.00, -157750, -519108, -1049 
1721391615887.00, -155636, -522547, -1024 
1721391615910.00, -152931, -525962, -999 
1721391615932.00, -149610, -529276, -999 
1721391615954.00, -147703, -532528, -974 
1721391615975.00, -145023, -535742, -950 
1721391615997.00, -141779, -538874, -940 
1721391616019.00, -139363, -541969, -904 
1721391616041.00, -135622, -544993, -888 
1721391616062.00, -132436, -547932, -882 
1721391616083.00, -130252, -550819, -835 
1721391616106.00, -125932, -553639, -811 
1721391616127.00, -121876, -556377, -820 
1721391616149.00, -120023, -559032, -776 
1721391616171.00, -116320, -561633, -749 
1721391616193.00, -112459, -564147, -762 
1721391616214.00, -110928, -566597, -753 
1721391616235.00, -109458, -569010, -738 
1721391616258.00, -107554, -571371, -742 
1721391616280.00, -106744, -573722, -748 
1721391616301.00, -106616, -576045, -743 
1721391616322.00, -106176, -578354, -773 
1721391616344.00, -107728, -580652, -773 
1721391616366.00, -108633, -583009, -754 
1721391616388.00, -107763, -585378, -776 
1721391616410.00, -108770, -587708, -737 
1721391616431.00, -106989, -590069, -669 
1721391616453.00, -101806, -592387, -612 
1721391616475.00, -94994, -594587, -519 
1721391616496.00, -53935, -596615, -419 
1721391616518.00, -29594, -597798, -355 
1721391616540.00, -14989, -598461, -284 
1721391616561.00, -6589, -598801, -231 
1721391616583.00, -1644, -598950, -172 
1721391616605.00, 724, -598983, -69 
1721391616626.00, 2551, -598964, 110 
1721391616647.00, 9934, -598895, 366 
1721391616669.00, 29997, -598680, 447 
1721391616690.00, 46908, -598040, 669 
1721391616712.00, 70099, -597028, 888 
1721391616734.00, 96998, -595507, 934 
1721391616754.00, 115948, -593394, 1014 
1721391616776.00, 131564, -590855, 1088 
1721391616797.00, 144990, -587977, 1087 
1721391616820.00, 152856, -584778, 1110 
1721391616841.00, 158760, -581429, 1120 
1721391616864.00, 162696, -577961, 1093 
1721391616885.00, 163265, -574399, 1104 
1721391616908.00, 164049, -570841, 1075 
1721391616929.00, 163031, -567244, 1083 
1721391616951.00, 162640, -563701, 1123 
1721391616973.00, 164618, -560140, 1144 
1721391616994.00, 166945, -556547, 1156 
1721391617016.00, 168774, -552896, 1205 
1721391617038.00, 172781, -549202, 1217 
1721391617060.00, 174852, -545425, 1230 
1721391617082.00, 174854, -541602, 1231 
1721391617103.00, 174677, -537793, 1241 
1721391617125.00, 174846, -533966, 1224 
1721391617146.00, 174651, -530158, 1221 
1721391617169.00, 174784, -526344, 1216 
1721391617190.00, 174685, -522525, 1211 
1721391617212.00, 174769, -518705, 1201 
1721391617234.00, 174620, -514878, 1202 
1721391617256.00, 174730, -511071, 1202 
1721391617278.00, 174703, -507252, 1181 
1721391617300.00, 174372, -503444, 1159 
1721391617322.00, 172645, -499625, 1134 
1721391617347.00, 170161, -495854, 1102 
1721391617365.00, 166600, -492144, 1089 
1721391617387.00, 163756, -488506, 1073 
1721391617408.00, 160865, -484943, 1080 
1721391617431.00, 159275, -481428, 1080 
1721391617452.00, 158431, -477938, 1081 
1721391617474.00, 158079, -474485, 1090 
1721391617496.00, 158326, -471032, 1098 
1721391617518.00, 158856, -467572, 1077 
1721391617540.00, 157755, -464107, 1048 
1721391617562.00, 155474, -460659, 1015 
1721391617584.00, 152091, -457275, 960 
1721391617606.00, 146504, -453974, 900 
1721391617628.00, 139513, -450790, 853 
1721391617650.00, 132424, -447771, 811 
1721391617671.00, 125659, -444900, 774 
1721391617693.00, 119423, -442161, 726 
1721391617715.00, 112861, -439576, 675 
1721391617736.00, 105745, -437130, 616 
1721391617758.00, 97888, -434846, 548 
1721391617780.00, 89222, -432728, 454 
1721391617802.00, 78527, -430806, 358 
1721391617823.00, 44414, -429135, 239 
1721391617844.00, 24069, -428177, 158 
1721391617866.00, 12290, -427639, -3 
1721391617888.00, 5341, -427372, -97 
1721391617909.00, -4158, -427258, -162 
1721391617931.00, -14127, -427336, -229 
1721391617953.00, -24058, -427630, -280 
1721391617974.00, -32888, -428148, -356 
1721391618001.00, -42636, -428861, -519 
1721391618018.00, -58166, -429771, -557 
1721391618039.00, -69692, -431032, -633 
1721391618061.00, -81061, -432542, -724 
1721391618082.00, -93121, -434318, -846 
1721391618104.00, -107651, -436343, -853 
1721391618127.00, -116547, -438704, -897 
1721391618148.00, -124342, -441243, -930 
1721391618169.00, -131030, -443969, -949 
1721391618191.00, -135954, -446815, -985 
1721391618211.00, -140948, -449767, -1016 
1721391618233.00, -145618, -452869, -1032 
1721391618255.00, -149253, -456044, -1068 
1721391618277.00, -153529, -459323, -1062 
1721391618299.00, -155546, -462667, -1101 
1721391618320.00, -159139, -466071, -1122 
1721391618342.00, -162492, -469557, -1143 
1721391618364.00, -165450, -473094, -1171 
1721391618386.00, -168830, -476725, -1181 
1721391618407.00, -171269, -480412, -1195 
1721391618430.00, -173389, -484165, -1198 
1721391618452.00, -174780, -487949, -1200 
1721391618473.00, -174850, -491775, -1234 
1721391618495.00, -174752, -495592, -1218 
1721391618517.00, -174698, -499411, -1225 
1721391618539.00, -174618, -503237, -1227 
1721391618561.00, -174572, -507045, -1194 
1721391618582.00, -174719, -510864, -1203 
1721391618604.00, -174805, -514674, -1208 
1721391618626.00, -174787, -518494, -1197 
1721391618648.00, -174622, -522298, -1180 
1721391618669.00, -173850, -526131, -1172 
1721391618691.00, -172657, -529927, -1155 
1721391618713.00, -170975, -533702, -1130 
1721391618735.00, -168433, -537424, -1122 
1721391618757.00, -166293, -541101, -1135 
1721391618779.00, -165730, -544736, -1120 
1721391618800.00, -164521, -548360, -1060 
1721391618822.00, -160018, -551949, -1054 
1721391618844.00, -156942, -555431, -1033 
1721391618867.00, -153831, -558872, -985 
1721391618889.00, -148930, -562209, -948 
1721391618910.00, -143832, -565440, -869 
1721391618932.00, -136120, -568558, -826 
1721391618954.00, -128714, -571501, -821 
1721391618976.00, -124059, -574302, -798 
1721391618998.00, -119974, -576996, -818 
1721391619019.00, -118699, -579595, -832 
1721391619041.00, -118699, -582185, -765 
1721391619063.00, -114436, -584756, -769 
1721391619084.00, -112174, -587239, -725 
1721391619109.00, -108274, -589667, -608 
1721391619128.00, -98738, -592014, -507 
1721391619149.00, -87050, -594140, -403 
1721391619170.00, -49363, -595999, -336 
1721391619193.00, -26975, -597082, -292 
1721391619214.00, -13696, -597688, -250 
1721391619236.00, -6099, -598002, -227 
1721391619258.00, -1611, -598141, -231 
1721391619278.00, 191, -598181, -224 
1721391619300.00, 1685, -598181, -205 
1721391619322.00, 2757, -598148, -182 
1721391619344.00, 3290, -598088, -162 
1721391619365.00, 3533, -598014, -142 
1721391619388.00, 3804, -597932, -118 
1721391619408.00, 3885, -597849, -95 
1721391619430.00, 3807, -597764, -77 
1721391619451.00, 3728, -597682, -61 
1721391619473.00, 3582, -597600, -47 
1721391619494.00, 3532, -597519, -35 
1721391619516.00, 3464, -597441, -29 
1721391619537.00, 3299, -597364, -25 
1721391619559.00, 3234, -597290, -19 
1721391619581.00, 3286, -597219, -10 
1721391619602.00, 3285, -597147, -8 
1721391619624.00, 3145, -597076, -8 
1721391619645.00, 2970, -597009, 1 
1721391619666.00, 2789, -596943, 7 
1721391619688.00, 2903, -596882, -1 
1721391619709.00, 2799, -596822, 6 
1721391619731.00, 2683, -596760, 16 
1721391619752.00, 3661, -596702, 22 
1721391619773.00, 4437, -596622, 27 
1721391619795.00, 5386, -596530, 26 
1721391619817.00, 5655, -596417, 27 
1721391619838.00, 5690, -596291, 24 
1721391619860.00, 5481, -596170, 31 
1721391619881.00, 5945, -596050, 15 
1721391619903.00, 5372, -595922, 24 
1721391619924.00, 5383, -595809, 28 
1721391619945.00, 5696, -595692, 41 
1721391619967.00, 6694, -595569, 34 
1721391619988.00, 6682, -595427, 30 
1721391620010.00, 6396, -595284, 27 
1721391620032.00, 6093, -595144, 25 
1721391620053.00, 5689, -595011, 27 
1721391620075.00, 5585, -594884, 27 
1721391620096.00, 5708, -594761, 22 
1721391620117.00, 5309, -594641, 11 
1721391620138.00, 4292, -594528, 3 
1721391620160.00, 3063, -594433, -1 
1721391620182.00, 2369, -594365, -6 
1721391620202.00, 1968, -594313, -9 
1721391620224.00, 1775, -594271, -10 
1721391620246.00, 1629, -594233, -9 
1721391620267.00, 1574, -594199, -8 
1721391620289.00, 1544, -594166, -7 
1721391620310.00, 1385, -594133, -7 
1721391620332.00, 1296, -594103, -8 
1721391620354.00, 1227, -594075, -7 
1721391620412.00, 1193, -594049, -6 
1721391620412.00, 1192, -594023, -6 
1721391620417.00, 1187, -593998, -6 
1721391620439.00, -8, -593972, -57 
1721391620460.00, 0, -593967, -58 
1721391620481.00, 0, -593968, -64 
1721391620501.00, 0, -593967, -66 
1721391620523.00, 0, -593969, -67 
1721391620544.00, 0, -593967, -68 
1721391620565.00, 0, -593968, -67 
1721391620586.00, 0, -593968, -65 
1721391620607.00, 0, -593968, -63 
1721391620628.00, 0, -593967, -61 
1721391620649.00, 16, -593967, -58 
1721391620671.00, 0, -593967, -56 
1721391620692.00, 0, -593968, -54 
1721391620712.00, 0, -593967, -52 
1721391620733.00, 0, -593968, -50 
1721391620755.00, 0, -593966, -48 
1721391620775.00, 0, -593967, -46 
1721391620797.00, 0, -593966, -45 
1721391620818.00, 0, -593967, -44 
1721391620838.00, 0, -593968, -45 
1721391620860.00, 0, -593968, -46 
1721391620881.00, 0, -593968, -47 
1721391620902.00, 0, -593966, -48 
1721391620923.00, 0, -593967, -48 
1721391620944.00, 0, -593967, -47 
1721391620965.00, 0, -593968, -48 
1721391620986.00, 0, -593969, -48 
1721391621007.00, 0, -593967, -48 
1721391621027.00, 0, -593968, -48 
1721391621048.00, 0, -593969, -48 
1721391621070.00, 0, -593966, -48 
1721391621091.00, 0, -593967, -47 
1721391621111.00, 0, -593968, -48 
1721391621133.00, 0, -593967, -49 
1721391621154.00, 0, -593968, -50 
1721391621175.00, 0, -593967, -51 
1721391621196.00, 0, -593967, -51 
1721391621217.00, 0, -593968, -51 
1721391621238.00, 0, -593968, -52 
1721391621259.00, 0, -593967, -52 
1721391621280.00, 0, -593967, -52 
1721391621301.00, 0, -593968, -53 
1721391621322.00, 0, -593968, -53 
1721391621344.00, 0, -593968, -54 
1721391621364.00, 0, -593967, -54 
1721391621386.00, 0, -593967, -54 
1721391621406.00, 0, -593968, -52 
1721391621428.00, 0, -593967, -51 
1721391621448.00, 0, -593968, -50 
1721391621482.00, 0, -593968, -49 
1721391621490.00, 0, -593967, -48 
1721391621511.00, 0, -593968, -47 
1721391621533.00, 0, -593968, -46 
1721391621553.00, 0, -593967, -45 
1721391621574.00, 0, -593968, -44 
1721391621596.00, 0, -593967, -44 
1721391621616.00, 0, -593968, -44 
1721391621637.00, 0, -593968, -44 
1721391621659.00, 0, -593967, -47 
1721391621680.00, 0, -593967, -48 
1721391621701.00, 0, -593967, -48 
1721391621721.00, 0, -593967, -47 
1721391621743.00, 0, -593967, -43 
1721391621764.00, 0, -593967, -42 
1721391621784.00, 0, -593967, -44 
1721391621806.00, 0, -593967, -42 
1721391621827.00, 0, -593967, -41 
1721391621848.00, 0, -593966, -40 
1721391621869.00, 0, -593967, -40 
1721391621890.00, 0, -593967, -40 
1721391621910.00, 0, -593968, -39 
1721391621932.00, 0, -593967, -37 
1721391621953.00, 0, -593966, -35 
1721391621974.00, 0, -593967, -31 
1721391621995.00, 0, -593966, -29 
1721391622016.00, 0, -593967, -30 
1721391622038.00, 0, -593966, -30 
1721391622058.00, 0, -593967, -28 
1721391622079.00, 0, -593967, -25 
1721391622100.00, 0, -593967, -22 
1721391622122.00, 0, -593966, -23 
1721391622142.00, 0, -593967, -23 
1721391622163.00, 0, -593967, -24 
1721391622184.00, 0, -593965, -25 
1721391622205.00, 0, -593966, -22 
1721391622227.00, 0, -593966, -20 
1721391622248.00, 0, -593965, -21 
1721391622268.00, 0, -593965, -23 
1721391622289.00, 0, -593966, -21 
1721391622310.00, 0, -593967, -21 
1721391622332.00, 0, -593966, -20 
1721391622353.00, 0, -593966, -20 
1721391622373.00, 0, -593966, -20 
1721391622395.00, 0, -593966, -21 
1721391622416.00, 0, -593965, -22 
1721391622437.00, 0, -593966, -20 
1721391622458.00, 0, -593966, -17 
1721391622479.00, 0, -593967, -28 
1721391622500.00, 0, -593967, -51 
1721391622521.00, 0, -593968, -42 
1721391622542.00, 0, -593968, -45 
1721391622563.00, 0, -593967, -50 
1721391622584.00, 0, -593968, -55 
1721391622604.00, 0, -593967, -47 
1721391622626.00, 0, -593967, -46 
1721391622646.00, 0, -593967, -41 
1721391622668.00, 0, -593966, -36 
1721391622689.00, 0, -593966, -30 
1721391622710.00, 0, -593966, -37 
1721391622731.00, 0, -593966, -42 
1721391622752.00, 0, -593967, -45 
1721391622773.00, 0, -593967, -48 
1721391622794.00, 0, -593968, -52 
1721391622815.00, 0, -593968, -62 
1721391622836.00, 0, -593968, -68 
1721391622858.00, 0, -593968, -69 
1721391622878.00, 0, -593968, -68 
1721391622900.00, 0, -593968, -67 
1721391622920.00, 0, -593968, -68 
1721391622941.00, 0, -593969, -68 
1721391622963.00, 0, -593968, -67 
1721391622984.00, 0, -593968, -68 
1721391623005.00, 0, -593967, -68 
1721391623025.00, 0, -593968, -68 
1721391623047.00, 0, -593968, -68 
1721391623067.00, 0, -593969, -68 
1721391623088.00, 0, -593968, -68 
1721391623109.00, 0, -593968, -67 
1721391623130.00, 0, -593968, -68 
1721391623152.00, 0, -593968, -68 
1721391623173.00, 0, -593969, -68 
1721391623193.00, 0, -593969, -68 
1721391623215.00, 0, -593968, -68 
1721391623235.00, 0, -593967, -68 
1721391623256.00, 0, -593968, -68 
1721391623278.00, 0, -593968, -68 
1721391623299.00, 0, -593969, -68 
1721391623320.00, 0, -593971, -112 
1721391623341.00, 0, -593970, -98 
1721391623362.00, 0, -593970, -84 
