1721218628724.00, 554, -596252, -349 
1721218628746.00, 512, -596242, -353 
1721218628767.00, 529, -596231, -358 
1721218628789.00, 533, -596219, -361 
1721218628810.00, 525, -596208, -361 
1721218628832.00, 549, -596199, -358 
1721218628854.00, 583, -596189, -355 
1721218628875.00, 592, -596175, -354 
1721218628897.00, 555, -596162, -355 
1721218628918.00, 524, -596151, -357 
1721218628940.00, 486, -596140, -358 
1721218628961.00, 456, -596130, -361 
1721218628982.00, 444, -596121, -362 
1721218629004.00, 424, -596112, -364 
1721218629025.00, 421, -596101, -364 
1721218629050.00, 392, -596092, -364 
1721218629076.00, 388, -596083, -363 
1721218629091.00, 360, -596075, -361 
1721218629112.00, 361, -596067, -359 
1721218629133.00, 357, -596060, -359 
1721218629155.00, 349, -596051, -359 
1721218629177.00, 348, -596045, -361 
1721218629198.00, 343, -596038, -363 
1721218629220.00, 344, -596028, -364 
1721218629241.00, 331, -596021, -364 
1721218629266.00, 305, -596013, -362 
1721218629284.00, 304, -596007, -360 
1721218629306.00, 294, -596002, -361 
1721218629327.00, 349, -595994, -361 
1721218629349.00, 395, -595990, -363 
1721218629371.00, 350, -595980, -364 
1721218629392.00, 326, -595971, -364 
1721218629414.00, 290, -595964, -363 
1721218629435.00, 298, -595956, -362 
1721218629457.00, 272, -595950, -361 
1721218629484.00, 270, -595944, -361 
1721218629500.00, 254, -595938, -359 
1721218629522.00, 247, -595934, -359 
1721218629543.00, 225, -595930, -361 
1721218629564.00, 234, -595923, -361 
1721218629586.00, 235, -595918, -360 
1721218629608.00, 221, -595914, -360 
1721218629630.00, 207, -595910, -360 
1721218629651.00, 187, -595905, -362 
1721218629672.00, 184, -595901, -364 
1721218629694.00, 193, -595897, -364 
1721218629715.00, 187, -595893, -362 
1721218629736.00, 186, -595888, -361 
1721218629759.00, 173, -595885, -360 
1721218629780.00, 159, -595880, -360 
1721218629801.00, 164, -595878, -362 
1721218629826.00, 166, -595875, -364 
1721218629844.00, 143, -595871, -364 
1721218629866.00, 136, -595868, -363 
1721218629887.00, 132, -595866, -363 
1721218629909.00, 140, -595863, -362 
1721218629931.00, 165, -595861, -363 
1721218629952.00, 167, -595858, -364 
1721218629974.00, 165, -595852, -363 
1721218629995.00, 160, -595849, -359 
1721218630017.00, 164, -595845, -355 
1721218630039.00, 166, -595842, -354 
1721218630060.00, 141, -595840, -353 
1721218630081.00, 122, -595836, -356 
1721218630103.00, 123, -595832, -356 
1721218630125.00, 120, -595830, -356 
1721218630146.00, 116, -595829, -356 
1721218630168.00, 126, -595825, -354 
1721218630190.00, 124, -595822, -350 
1721218630211.00, 137, -595820, -344 
1721218630232.00, 142, -595817, -340 
1721218630254.00, 152, -595812, -338 
1721218630276.00, 151, -595809, -335 
1721218630297.00, 141, -595805, -328 
1721218630319.00, 123, -595803, -320 
1721218630340.00, 89, -595800, -322 
1721218630362.00, 76, -595799, -339 
1721218630383.00, 71, -595799, -349 
1721218630405.00, 74, -595797, -353 
1721218630426.00, 94, -595796, -347 
1721218630448.00, 93, -595794, -340 
1721218630469.00, 89, -595791, -337 
1721218630490.00, 89, -595790, -336 
1721218630512.00, 73, -595788, -337 
1721218630533.00, 60, -595787, -339 
1721218630555.00, 63, -595785, -340 
1721218630576.00, 69, -595783, -338 
1721218630598.00, 61, -595782, -338 
1721218630619.00, 59, -595781, -343 
1721218630641.00, 61, -595780, -345 
1721218630661.00, 60, -595779, -347 
1721218630689.00, 60, -595776, -353 
1721218630705.00, 35, -595776, -354 
1721218630727.00, 62, -595775, -351 
1721218630748.00, 52, -595774, -349 
1721218630770.00, 62, -595772, -348 
1721218630791.00, 66, -595770, -345 
1721218630812.00, 66, -595769, -338 
1721218630834.00, 83, -595768, -332 
1721218630855.00, 98, -595764, -326 
1721218630877.00, 79, -595763, -314 
1721218630898.00, 62, -595761, -313 
1721218630920.00, 38, -595759, -318 
1721218630941.00, 40, -595760, -323 
1721218630962.00, 57, -595759, -327 
1721218630983.00, 5, -595758, -331 
1721218631005.00, 61, -595757, -334 
1721218631026.00, 65, -595757, -332 
1721218631048.00, 58, -595756, -329 
1721218631070.00, 46, -595755, -326 
1721218631091.00, 66, -595754, -325 
1721218631113.00, 40, -595753, -327 
1721218631134.00, 33, -595752, -329 
1721218631156.00, 42, -595751, -327 
1721218631177.00, 65, -595751, -325 
1721218631199.00, 38, -595751, -324 
1721218631220.00, 68, -595749, -324 
1721218631241.00, 6, -595749, -325 
1721218631263.00, -4, -595748, -329 
1721218631284.00, 1, -595747, -332 
1721218631306.00, 51, -595746, -335 
1721218631327.00, -5, -595747, -336 
1721218631352.00, -3, -595746, -336 
1721218631369.00, -1, -595746, -336 
1721218631391.00, 0, -595745, -334 
1721218631411.00, 1, -595746, -332 
1721218631433.00, 0, -595745, -330 
1721218631459.00, 0, -595745, -328 
1721218631476.00, 0, -595745, -327 
1721218631497.00, 0, -595745, -326 
1721218631519.00, 0, -595744, -327 
1721218631540.00, 0, -595744, -328 
1721218631561.00, 0, -595745, -329 
1721218631582.00, 5, -595744, -328 
1721218631604.00, 0, -595745, -329 
1721218631624.00, 0, -595744, -330 
1721218631646.00, 0, -595744, -332 
1721218631668.00, 63, -595744, -332 
1721218631689.00, 33, -595744, -330 
1721218631711.00, 0, -595744, -329 
1721218631731.00, 0, -595743, -329 
1721218631753.00, 0, -595744, -328 
1721218631774.00, 8, -595744, -327 
1721218631795.00, 0, -595744, -328 
1721218631817.00, 0, -595745, -328 
1721218631838.00, -13, -595744, -327 
1721218631860.00, 0, -595743, -326 
1721218631881.00, -5, -595744, -327 
1721218631902.00, 0, -595743, -328 
1721218631923.00, 0, -595743, -328 
1721218631944.00, 0, -595743, -330 
1721218631965.00, 0, -595744, -334 
1721218631987.00, 0, -595743, -338 
1721218632008.00, 0, -595743, -338 
1721218632029.00, -4, -595743, -336 
1721218632051.00, 0, -595743, -337 
1721218632072.00, 0, -595744, -339 
1721218632094.00, 0, -595743, -337 
1721218632115.00, 0, -595742, -335 
1721218632136.00, 0, -595743, -333 
1721218632158.00, -3, -595743, -328 
1721218632179.00, -24, -595744, -326 
1721218632200.00, 0, -595742, -324 
1721218632222.00, 0, -595743, -324 
1721218632242.00, 0, -595743, -326 
1721218632264.00, 0, -595743, -327 
1721218632285.00, 0, -595743, -328 
1721218632307.00, 4, -595742, -328 
1721218632328.00, 0, -595743, -326 
1721218632349.00, 0, -595743, -323 
1721218632370.00, 0, -595742, -320 
1721218632392.00, 0, -595743, -320 
1721218632413.00, -47, -595743, -320 
1721218632435.00, 0, -595743, -321 
1721218632456.00, 56, -595742, -319 
1721218632477.00, -54, -595742, -322 
1721218632499.00, 0, -595742, -327 
1721218632520.00, 46, -595743, -326 
1721218632541.00, 2, -595743, -325 
1721218632563.00, 0, -595743, -324 
1721218632584.00, 0, -595743, -323 
1721218632605.00, 4, -595742, -325 
1721218632626.00, 0, -595742, -327 
1721218632648.00, 0, -595743, -329 
1721218632670.00, 53, -595742, -329 
1721218632690.00, 0, -595742, -328 
1721218632712.00, -31, -595742, -327 
1721218632733.00, 0, -595742, -325 
1721218632755.00, 0, -595743, -324 
1721218632775.00, 0, -595742, -322 
1721218632797.00, 0, -595742, -322 
1721218632818.00, 0, -595742, -323 
1721218632840.00, 0, -595742, -326 
1721218632861.00, 0, -595742, -326 
1721218632882.00, 0, -595743, -327 
1721218632902.00, 0, -595742, -327 
1721218632926.00, 0, -595743, -326 
1721218632947.00, 27, -595743, -324 
1721218632969.00, 0, -595742, -323 
1721218632990.00, 0, -595742, -323 
1721218633011.00, 0, -595742, -327 
1721218633032.00, 0, -595742, -327 
1721218633054.00, 0, -595743, -324 
1721218633075.00, 0, -595740, -322 
1721218633099.00, 0, -595743, -322 
1721218633118.00, 0, -595742, -323 
1721218633139.00, 0, -595740, -323 
1721218633160.00, 0, -595742, -323 
1721218633182.00, 0, -595742, -322 
1721218633204.00, 0, -595742, -321 
1721218633224.00, 0, -595743, -320 
1721218633245.00, 0, -595742, -319 
1721218633266.00, -36, -595740, -317 
1721218633288.00, 0, -595742, -314 
1721218633309.00, 0, -595740, -311 
1721218633330.00, 0, -595742, -310 
1721218633352.00, 1, -595740, -310 
1721218633373.00, 0, -595742, -309 
1721218633394.00, 0, -595740, -306 
1721218633415.00, 0, -595740, -302 
1721218633437.00, 0, -595739, -298 
1721218633458.00, 0, -595740, -285 
1721218633480.00, 0, -595738, -271 
1721218633501.00, 0, -595737, -254 
1721218633522.00, 0, -595736, -232 
1721218633543.00, -4, -595734, -208 
1721218633565.00, 57, -595734, -196 
1721218633586.00, 42, -595731, -178 
1721218633607.00, 76, -595731, -156 
1721218633629.00, 186, -595727, -127 
1721218633651.00, 295, -595722, -86 
1721218633672.00, 192, -595713, -37 
1721218633694.00, 143, -595708, -30 
1721218633715.00, 87, -595704, -3 
1721218633736.00, 56, -595700, -1 
1721218633757.00, 7, -595698, 1 
1721218633778.00, -2, -595698, -1 
1721218633800.00, 53, -595697, 0 
1721218633821.00, 0, -595696, 0 
1721218633842.00, 0, -595697, 2 
1721218633864.00, 0, -595697, 2 
1721218633884.00, -5, -595697, 3 
1721218633905.00, 0, -595696, 4 
1721218633926.00, 0, -595696, 6 
1721218633947.00, 0, -595695, 10 
1721218633973.00, 0, -595694, 18 
1721218633990.00, 1188, -595693, 31 
1721218634011.00, 2669, -595671, 44 
1721218634033.00, 4369, -595612, 62 
1721218634054.00, 6353, -595520, 87 
1721218634076.00, 9273, -595382, 108 
1721218634097.00, 12254, -595189, 130 
1721218634119.00, 15206, -594918, 168 
1721218634141.00, 19020, -594586, 215 
1721218634163.00, 24244, -594172, 237 
1721218634184.00, 28485, -593648, 275 
1721218634205.00, 33191, -593031, 324 
1721218634227.00, 39240, -592309, 354 
1721218634249.00, 44744, -591461, 403 
1721218634270.00, 50881, -590494, 452 
1721218634292.00, 57422, -589398, 489 
1721218634314.00, 63148, -588153, 524 
1721218634335.00, 69075, -586776, 504 
1721218634357.00, 71151, -585275, 636 
1721218634379.00, 80285, -583726, 607 
1721218634400.00, 83859, -581990, 645 
1721218634421.00, 88294, -580160, 679 
1721218634444.00, 92902, -578239, 706 
1721218634465.00, 97240, -576229, 704 
1721218634487.00, 99793, -574118, 716 
1721218634510.00, 101809, -571955, 748 
1721218634531.00, 105069, -569734, 751 
1721218634552.00, 107135, -567450, 733 
1721218634573.00, 107113, -565113, 769 
1721218634595.00, 109252, -562791, 803 
1721218634617.00, 112451, -560393, 791 
1721218634639.00, 113788, -557954, 786 
1721218634661.00, 114018, -555487, 825 
1721218634682.00, 116582, -552992, 848 
1721218634704.00, 119566, -550457, 804 
1721218634726.00, 118516, -547853, 823 
1721218634747.00, 118977, -545280, 821 
1721218634769.00, 118889, -542698, 837 
1721218634791.00, 120042, -540096, 842 
1721218634813.00, 121081, -537486, 838 
1721218634834.00, 121185, -534861, 855 
1721218634856.00, 122283, -532213, 882 
1721218634877.00, 124558, -529564, 882 
1721218634900.00, 125869, -526847, 891 
1721218634921.00, 127205, -524108, 895 
1721218634943.00, 128159, -521330, 905 
1721218634965.00, 129400, -518550, 940 
1721218634987.00, 132009, -515731, 954 
1721218635008.00, 134390, -512860, 969 
1721218635030.00, 136614, -509938, 987 
1721218635050.00, 138913, -506953, 1013 
1721218635083.00, 141879, -503914, 1028 
1721218635094.00, 144402, -500800, 1018 
1721218635116.00, 145360, -497646, 1014 
1721218635138.00, 145635, -494464, 1057 
1721218635160.00, 148169, -491284, 1061 
1721218635183.00, 150066, -488038, 1067 
1721218635203.00, 151454, -484761, 1086 
1721218635225.00, 153339, -481441, 1084 
1721218635247.00, 154311, -478081, 1099 
1721218635269.00, 155698, -474714, 1102 
1721218635290.00, 156748, -471318, 1079 
1721218635312.00, 155999, -467880, 1068 
1721218635334.00, 154946, -464488, 1064 
1721218635355.00, 153854, -461105, 1050 
1721218635377.00, 152350, -457745, 1036 
1721218635399.00, 150462, -454419, 1026 
1721218635422.00, 148766, -451126, 968 
1721218635444.00, 144325, -447907, 917 
1721218635466.00, 138638, -444770, 859 
1721218635488.00, 131567, -441770, 807 
1721218635509.00, 124357, -438913, 737 
1721218635530.00, 115669, -436217, 650 
1721218635552.00, 105208, -433715, 520 
1721218635574.00, 91013, -431461, 361 
1721218635596.00, 51636, -429504, 223 
1721218635618.00, 28430, -428395, 207 
1721218635639.00, 14242, -427762, 213 
1721218635661.00, 5913, -427446, 162 
1721218635683.00, 847, -427318, 107 
1721218635703.00, -1566, -427308, -13 
1721218635725.00, -4038, -427338, -135 
1721218635747.00, -12589, -427429, -222 
1721218635768.00, -22858, -427702, -293 
1721218635790.00, -33508, -428198, -366 
1721218635812.00, -43812, -428910, -430 
1721218635838.00, -53895, -429846, -467 
1721218635855.00, -62085, -431021, -511 
1721218635877.00, -69507, -432363, -544 
1721218635898.00, -75895, -433872, -570 
1721218635920.00, -81094, -435534, -624 
1721218635941.00, -87361, -437285, -636 
1721218635963.00, -91689, -439184, -684 
1721218635985.00, -97090, -441173, -703 
1721218636006.00, -101161, -443273, -717 
1721218636028.00, -104336, -445492, -740 
1721218636051.00, -107507, -447761, -738 
1721218636072.00, -109418, -450102, -761 
1721218636093.00, -111641, -452497, -792 
1721218636115.00, -114891, -454929, -808 
1721218636136.00, -117720, -457430, -837 
1721218636163.00, -120959, -460002, -858 
1721218636181.00, -124200, -462626, -875 
1721218636202.00, -126967, -465322, -890 
1721218636223.00, -129590, -468110, -867 
1721218636246.00, -129452, -470929, -859 
1721218636267.00, -128924, -473738, -853 
1721218636289.00, -128218, -476541, -831 
1721218636311.00, -126292, -479324, -871 
1721218636332.00, -127330, -482064, -893 
1721218636354.00, -129275, -484853, -899 
1721218636375.00, -130873, -487674, -921 
1721218636397.00, -132969, -490523, -934 
1721218636419.00, -134899, -493425, -930 
1721218636441.00, -135788, -496357, -960 
1721218636463.00, -138030, -499316, -998 
1721218636486.00, -141840, -502323, -991 
1721218636506.00, -143392, -505403, -984 
1721218636528.00, -143867, -508525, -963 
1721218636550.00, -142859, -511652, -935 
1721218636571.00, -140378, -514754, -912 
1721218636593.00, -137432, -517810, -861 
1721218636615.00, -132540, -520800, -852 
1721218636637.00, -128947, -523681, -835 
1721218636659.00, -125979, -526483, -813 
1721218636679.00, -122745, -529213, -817 
1721218636705.00, -121057, -531871, -838 
1721218636724.00, -121270, -534513, -872 
1721218636745.00, -123542, -537157, -873 
1721218636767.00, -124847, -539841, -881 
1721218636789.00, -125864, -542573, -903 
1721218636814.00, -127919, -545297, -911 
1721218636832.00, -129496, -548074, -938 
1721218636853.00, -132035, -550903, -947 
1721218636875.00, -134020, -553778, -966 
1721218636898.00, -136200, -556705, -985 
1721218636921.00, -138643, -559663, -973 
1721218636941.00, -139339, -562689, -991 
1721218636962.00, -140711, -565728, -1024 
1721218636983.00, -143446, -568807, -1040 
1721218637005.00, -146026, -571936, -1056 
1721218637032.00, -148564, -575144, -1053 
1721218637048.00, -149777, -578374, -1036 
1721218637072.00, -149462, -581649, -986 
1721218637093.00, -146045, -584892, -943 
1721218637115.00, -141336, -588060, -853 
1721218637140.00, -133326, -591137, -789 
1721218637159.00, -124458, -594011, -675 
1721218637179.00, -70655, -596681, -521 
1721218637202.00, -38875, -598219, -411 
1721218637223.00, -20271, -599076, -300 
1721218637250.00, -9376, -599527, -182 
1721218637266.00, -3238, -599744, -120 
1721218637287.00, 50, -599817, -29 
1721218637310.00, 1881, -599809, 132 
1721218637331.00, 10989, -599765, 318 
1721218637357.00, 27345, -599525, 484 
1721218637374.00, 47154, -598949, 548 
1721218637396.00, 62949, -597930, 685 
1721218637417.00, 80384, -596554, 948 
1721218637439.00, 106675, -594807, 916 
1721218637461.00, 120321, -592477, 993 
1721218637481.00, 132924, -589844, 1049 
1721218637503.00, 143669, -586935, 1041 
1721218637525.00, 149255, -583789, 1101 
1721218637547.00, 156044, -580524, 1085 
1721218637568.00, 158924, -577100, 1112 
1721218637591.00, 162046, -573627, 1143 
1721218637612.00, 165767, -570082, 1168 
1721218637634.00, 169366, -566461, 1192 
1721218637656.00, 172778, -562760, 1213 
1721218637678.00, 174919, -558975, 1260 
1721218637700.00, 174856, -555157, 1248 
1721218637722.00, 174851, -551345, 1251 
1721218637743.00, 174781, -547526, 1269 
1721218637765.00, 174700, -543712, 1250 
1721218637787.00, 174691, -539892, 1272 
1721218637808.00, 174877, -536077, 1292 
1721218637830.00, 174794, -532256, 1309 
1721218637852.00, 174636, -528439, 1322 
1721218637874.00, 174710, -524623, 1350 
1721218637896.00, 174643, -520796, 1354 
1721218637918.00, 174567, -516990, 1349 
1721218637939.00, 174736, -513169, 1308 
1721218637961.00, 174760, -509348, 1347 
1721218637983.00, 174756, -505534, 1328 
1721218638006.00, 174748, -501719, 1322 
1721218638027.00, 174619, -497908, 1303 
1721218638049.00, 174629, -494086, 1301 
1721218638071.00, 174834, -490271, 1307 
1721218638092.00, 174548, -486450, 1320 
1721218638114.00, 174734, -482627, 1325 
1721218638136.00, 174625, -478808, 1318 
1721218638158.00, 174677, -474982, 1292 
1721218638180.00, 174540, -471187, 1264 
1721218638201.00, 174542, -467360, 1249 
1721218638223.00, 174805, -463542, 1216 
1721218638245.00, 174549, -459722, 1180 
1721218638267.00, 174547, -455909, 1168 
1721218638289.00, 173908, -452106, 1133 
1721218638310.00, 171432, -448307, 1098 
1721218638332.00, 167849, -444563, 1050 
1721218638355.00, 162585, -440910, 967 
1721218638377.00, 154149, -437371, 870 
1721218638398.00, 143139, -434039, 771 
1721218638420.00, 130859, -430940, 604 
1721218638441.00, 76028, -428135, 449 
1721218638464.00, 43716, -426482, 387 
1721218638485.00, 24941, -425551, 182 
1721218638507.00, 13689, -425013, 47 
1721218638528.00, 7120, -424722, -132 
1721218638549.00, -3676, -424573, -319 
1721218638571.00, -21954, -424653, -416 
1721218638593.00, -38725, -425126, -654 
1721218638615.00, -62919, -425951, -727 
1721218638637.00, -81872, -427317, -798 
1721218638658.00, -97214, -429101, -901 
1721218638680.00, -112593, -431219, -958 
1721218638702.00, -124982, -433675, -986 
1721218638722.00, -134029, -436416, -1025 
1721218638744.00, -141548, -439359, -1074 
1721218638766.00, -148780, -442470, -1090 
1721218638788.00, -154142, -445725, -1123 
1721218638810.00, -159204, -449093, -1148 
1721218638831.00, -163604, -452596, -1166 
1721218638853.00, -167239, -456160, -1176 
1721218638875.00, -170041, -459828, -1182 
1721218638898.00, -171851, -463532, -1177 
1721218638919.00, -172481, -467299, -1187 
1721218638940.00, -173329, -471069, -1177 
1721218638962.00, -173145, -474845, -1188 
1721218638984.00, -173680, -478630, -1200 
1721218639007.00, -174706, -482416, -1182 
1721218639027.00, -173969, -486241, -1161 
1721218639049.00, -172166, -490043, -1163 
1721218639071.00, -171256, -493810, -1156 
1721218639093.00, -170024, -497542, -1156 
1721218639114.00, -169462, -501258, -1151 
1721218639136.00, -168717, -504951, -1159 
1721218639158.00, -168737, -508634, -1147 
1721218639180.00, -167893, -512324, -1159 
1721218639202.00, -167970, -515989, -1139 
1721218639224.00, -166942, -519666, -1117 
1721218639246.00, -164649, -523302, -1127 
1721218639268.00, -163965, -526902, -1148 
1721218639289.00, -164653, -530481, -1150 
1721218639311.00, -165395, -534083, -1170 
1721218639332.00, -166931, -537694, -1146 
1721218639355.00, -166501, -541346, -1175 
1721218639376.00, -167430, -544973, -1158 
1721218639399.00, -167305, -548636, -1122 
1721218639420.00, -164745, -552297, -1118 
1721218639443.00, -163146, -555890, -1077 
1721218639464.00, -159713, -559443, -1084 
1721218639486.00, -157891, -562920, -1074 
1721218639508.00, -156123, -566379, -1083 
1721218639529.00, -155715, -569791, -1051 
1721218639556.00, -153595, -573170, -1011 
1721218639573.00, -149738, -576528, -1012 
1721218639596.00, -147619, -579777, -934 
1721218639617.00, -141496, -582993, -871 
1721218639639.00, -133834, -586056, -801 
1721218639666.00, -125199, -588942, -666 
1721218639683.00, -111713, -591651, -546 
1721218639704.00, -96288, -594062, -457 
1721218639726.00, -53751, -596108, -313 
1721218639748.00, -28727, -597283, -182 
1721218639769.00, -14030, -597929, -113 
1721218639791.00, -5687, -598251, -30 
1721218639812.00, -758, -598377, 21 
1721218639833.00, 2765, -598393, 109 
1721218639855.00, 10500, -598336, 234 
1721218639877.00, 22546, -598105, 376 
1721218639898.00, 38270, -597615, 520 
1721218639920.00, 56396, -596803, 553 
1721218639942.00, 69086, -595599, 647 
1721218639963.00, 81977, -594080, 863 
1721218639985.00, 102639, -592306, 833 
1721218640006.00, 112963, -590053, 922 
1721218640027.00, 124250, -587586, 1002 
1721218640049.00, 135648, -584856, 1004 
1721218640071.00, 142519, -581877, 1047 
1721218640093.00, 149075, -578745, 1107 
1721218640115.00, 156429, -575487, 1139 
1721218640136.00, 162764, -572065, 1161 
1721218640158.00, 167545, -568506, 1171 
1721218640180.00, 170972, -564839, 1170 
1721218640205.00, 172769, -561094, 1194 
1721218640223.00, 174926, -557320, 1203 
1721218640245.00, 174834, -553502, 1211 
1721218640267.00, 174721, -549680, 1223 
1721218640289.00, 174767, -545873, 1288 
1721218640318.00, 174641, -542047, 1283 
1721218640333.00, 174616, -538229, 1315 
1721218640354.00, 174746, -534409, 1341 
1721218640376.00, 174619, -530598, 1344 
1721218640398.00, 174668, -526783, 1368 
1721218640419.00, 174631, -522967, 1350 
1721218640441.00, 174660, -519137, 1360 
1721218640464.00, 174971, -515325, 1347 
1721218640486.00, 174610, -511503, 1365 
1721218640507.00, 174547, -507684, 1345 
1721218640529.00, 174655, -503870, 1357 
1721218640551.00, 174822, -500062, 1359 
1721218640573.00, 174813, -496235, 1382 
1721218640595.00, 174735, -492418, 1368 
1721218640616.00, 174680, -488604, 1367 
1721218640638.00, 174531, -484781, 1378 
1721218640660.00, 174703, -480965, 1390 
1721218640682.00, 174763, -477144, 1378 
1721218640704.00, 174881, -473340, 1372 
1721218640725.00, 174595, -469510, 1370 
1721218640747.00, 174719, -465687, 1346 
1721218640769.00, 174711, -461870, 1323 
1721218640791.00, 174630, -458077, 1268 
1721218640812.00, 174634, -454261, 1165 
1721218640835.00, 169896, -450436, 1134 
1721218640861.00, 165021, -446750, 1110 
1721218640878.00, 160640, -443141, 1095 
1721218640900.00, 156978, -439648, 1073 
1721218640922.00, 153476, -436218, 1060 
1721218640945.00, 150644, -432872, 997 
1721218640971.00, 145191, -429600, 872 
1721218640988.00, 80134, -426466, 748 
1721218641010.00, 42040, -424726, 728 
1721218641032.00, 20211, -423799, 513 
1721218641053.00, 7518, -423343, 465 
1721218641074.00, 71, -423175, 330 
1721218641096.00, -3791, -423170, 164 
1721218641117.00, -6271, -423260, -19 
1721218641139.00, -8664, -423405, -213 
1721218641160.00, -21974, -423599, -361 
1721218641182.00, -38058, -424071, -563 
1721218641203.00, -59895, -424900, -679 
1721218641225.00, -79787, -426183, -723 
1721218641247.00, -94196, -427931, -813 
1721218641268.00, -107982, -429974, -893 
1721218641295.00, -120658, -432330, -924 
1721218641312.00, -130129, -434992, -960 
1721218641334.00, -137540, -437829, -995 
1721218641354.00, -144152, -440828, -1002 
1721218641376.00, -148273, -443991, -1048 
1721218641397.00, -153225, -447230, -1070 
1721218641420.00, -157404, -450591, -1067 
1721218641441.00, -159636, -454041, -1076 
1721218641463.00, -161206, -457532, -1104 
1721218641485.00, -163935, -461065, -1116 
1721218641507.00, -166166, -464640, -1129 
1721218641529.00, -167873, -468274, -1148 
1721218641551.00, -170219, -471947, -1145 
1721218641572.00, -171291, -475656, -1148 
1721218641594.00, -171762, -479393, -1126 
1721218641616.00, -170709, -483140, -1108 
1721218641638.00, -168866, -486885, -1110 
1721218641660.00, -167665, -490564, -1102 
1721218641681.00, -166134, -494237, -1096 
1721218641703.00, -164980, -497852, -1066 
1721218641725.00, -162372, -501462, -1082 
1721218641747.00, -161888, -505012, -1088 
1721218641769.00, -161805, -508534, -1079 
1721218641791.00, -161124, -512075, -1072 
1721218641812.00, -160299, -515583, -1046 
1721218641834.00, -157913, -519089, -1064 
1721218641856.00, -157450, -522533, -1038 
1721218641877.00, -155638, -525983, -1026 
1721218641900.00, -153652, -529383, -1053 
1721218641922.00, -154010, -532739, -1029 
1721218641943.00, -152658, -536107, -1010 
1721218641965.00, -150753, -539433, -1023 
1721218641988.00, -150408, -542740, -979 
1721218642009.00, -147317, -545997, -1008 
1721218642031.00, -147252, -549222, -1015 
1721218642053.00, -147647, -552441, -975 
1721218642074.00, -145119, -555641, -1007 
1721218642097.00, -145666, -558823, -990 
1721218642119.00, -145140, -561988, -951 
1721218642140.00, -142217, -565136, -956 
1721218642162.00, -140704, -568230, -943 
1721218642183.00, -139042, -571274, -896 
1721218642205.00, -135254, -574304, -911 
1721218642227.00, -133709, -577238, -903 
1721218642249.00, -132352, -580131, -843 
1721218642271.00, -127821, -583021, -836 
1721218642292.00, -124484, -585799, -797 
1721218642314.00, -120100, -588499, -702 
1721218642336.00, -111740, -591094, -628 
1721218642357.00, -102375, -593513, -552 
1721218642379.00, -58484, -595713, -430 
1721218642401.00, -32452, -596974, -311 
1721218642423.00, -17245, -597702, -274 
1721218642444.00, -8295, -598085, -212 
1721218642466.00, -3042, -598275, -176 
1721218642487.00, 0, -598348, -164 
1721218642508.00, 1317, -598351, -102 
1721218642530.00, 939, -598326, 17 
1721218642552.00, 1983, -598291, 171 
1721218642573.00, 11756, -598235, 375 
1721218642595.00, 29467, -597980, 561 
1721218642617.00, 51494, -597344, 720 
1721218642638.00, 74093, -596243, 854 
1721218642660.00, 95583, -594631, 952 
1721218642681.00, 114306, -592541, 1012 
1721218642702.00, 128968, -590029, 1077 
1721218642724.00, 141196, -587206, 1104 
1721218642745.00, 150161, -584103, 1109 
1721218642768.00, 155644, -580806, 1125 
1721218642789.00, 159981, -577399, 1124 
1721218642811.00, 162074, -573908, 1148 
1721218642833.00, 164820, -570369, 1155 
1721218642856.00, 166851, -566758, 1156 
1721218642876.00, 168061, -563121, 1181 
1721218642898.00, 169894, -559454, 1178 
1721218642920.00, 170880, -555741, 1208 
1721218642942.00, 173179, -551998, 1189 
1721218642964.00, 173344, -548211, 1211 
1721218642986.00, 174865, -544422, 1220 
1721218643007.00, 174857, -540608, 1205 
1721218643029.00, 174704, -536798, 1221 
1721218643051.00, 174743, -532967, 1249 
1721218643073.00, 174878, -529154, 1246 
1721218643095.00, 174506, -525327, 1280 
1721218643117.00, 174781, -521512, 1297 
1721218643139.00, 174561, -517696, 1291 
1721218643160.00, 174667, -513882, 1311 
1721218643182.00, 174798, -510072, 1325 
1721218643204.00, 174607, -506258, 1330 
1721218643226.00, 174883, -502427, 1330 
1721218643247.00, 174640, -498606, 1342 
1721218643272.00, 174509, -494790, 1346 
1721218643291.00, 174689, -490969, 1346 
1721218643313.00, 174825, -487169, 1325 
1721218643334.00, 174798, -483340, 1319 
1721218643356.00, 174821, -479524, 1304 
1721218643378.00, 174810, -475700, 1287 
1721218643400.00, 174559, -471890, 1263 
1721218643422.00, 174525, -468075, 1233 
1721218643444.00, 174712, -464269, 1192 
1721218643466.00, 173806, -460442, 1167 
1721218643488.00, 171959, -456647, 1140 
1721218643509.00, 169202, -452896, 1111 
1721218643531.00, 165626, -449199, 1076 
1721218643553.00, 161447, -445576, 1072 
1721218643575.00, 158735, -442057, 1060 
1721218643596.00, 156219, -438595, 1034 
1721218643619.00, 153057, -435192, 966 
1721218643641.00, 147040, -431870, 876 
1721218643663.00, 83744, -428695, 771 
1721218643684.00, 46642, -426873, 765 
1721218643708.00, 25059, -425866, 576 
1721218643728.00, 12633, -425307, 509 
1721218643749.00, 5324, -425036, 359 
1721218643771.00, 917, -424931, 176 
1721218643792.00, -969, -424922, -13 
1721218643818.00, -3219, -424955, -227 
1721218643835.00, -17268, -425033, -358 
1721218643856.00, -33729, -425411, -624 
1721218643879.00, -59337, -426121, -677 
1721218643900.00, -77713, -427400, -735 
1721218643922.00, -92018, -429091, -835 
1721218643943.00, -106426, -431097, -934 
1721218643966.00, -120973, -433423, -969 
1721218643987.00, -131500, -436069, -982 
1721218644008.00, -138492, -438943, -1022 
1721218644029.00, -144932, -441983, -1019 
1721218644051.00, -148344, -445158, -1040 
1721218644073.00, -151554, -448392, -1072 
1721218644095.00, -155176, -451721, -1086 
1721218644117.00, -158047, -455106, -1101 
1721218644138.00, -160534, -458572, -1109 
1721218644160.00, -162574, -462076, -1112 
1721218644182.00, -163729, -465618, -1125 
1721218644204.00, -165279, -469212, -1132 
1721218644226.00, -166428, -472815, -1141 
1721218644247.00, -167558, -476460, -1138 
1721218644269.00, -167775, -480121, -1152 
1721218644291.00, -168856, -483806, -1148 
1721218644313.00, -168882, -487485, -1123 
1721218644335.00, -167323, -491184, -1116 
1721218644360.00, -166064, -494836, -1109 
1721218644378.00, -164959, -498451, -1089 
1721218644400.00, -163101, -502054, -1087 
1721218644422.00, -161601, -505612, -1130 
1721218644444.00, -163295, -509149, -1088 
1721218644466.00, -161165, -512711, -1121 
1721218644488.00, -162151, -516246, -1137 
1721218644510.00, -163674, -519797, -1080 
1721218644531.00, -161036, -523366, -1094 
1721218644553.00, -160200, -526886, -1075 
1721218644574.00, -158701, -530381, -1030 
1721218644596.00, -154936, -533851, -1048 
1721218644618.00, -153707, -537229, -1051 
1721218644641.00, -153068, -540585, -966 
1721218644663.00, -147617, -543915, -953 
1721218644684.00, -143358, -547101, -969 
1721218644707.00, -141923, -550239, -911 
1721218644728.00, -137570, -553319, -914 
1721218644750.00, -135041, -556305, -922 
1721218644772.00, -133945, -559236, -885 
1721218644794.00, -131132, -562159, -906 
1721218644815.00, -130573, -565001, -910 
1721218644837.00, -130615, -567843, -895 
1721218644859.00, -129701, -570676, -930 
1721218644880.00, -131129, -573496, -893 
1721218644902.00, -129817, -576355, -848 
1721218644923.00, -126118, -579165, -834 
1721218644945.00, -122945, -581910, -764 
1721218644967.00, -116885, -584572, -691 
1721218644989.00, -108901, -587104, -645 
1721218645012.00, -101268, -589459, -585 
1721218645032.00, -92987, -591661, -511 
1721218645054.00, -83693, -593669, -444 
1721218645076.00, -47202, -595469, -398 
1721218645097.00, -25450, -596496, -330 
1721218645119.00, -12790, -597070, -274 
1721218645140.00, -5489, -597359, -220 
1721218645162.00, -1177, -597481, -178 
1721218645183.00, 860, -597504, -105 
1721218645205.00, 2652, -597487, 18 
1721218645227.00, 4685, -597418, 178 
1721218645248.00, 15329, -597305, 322 
1721218645270.00, 30375, -596970, 520 
1721218645292.00, 51019, -596318, 658 
1721218645313.00, 71791, -595226, 810 
1721218645334.00, 93270, -593656, 875 
1721218645357.00, 109803, -591632, 987 
1721218645377.00, 126015, -589225, 1027 
1721218645399.00, 138162, -586452, 1050 
1721218645421.00, 146562, -583421, 1098 
1721218645442.00, 154249, -580207, 1125 
1721218645464.00, 160308, -576822, 1122 
1721218645485.00, 163830, -573316, 1160 
1721218645508.00, 167959, -569736, 1162 
1721218645529.00, 170334, -566071, 1188 
1721218645551.00, 173226, -562342, 1224 
1721218645573.00, 174770, -558552, 1239 
1721218645595.00, 174769, -554730, 1237 
1721218645617.00, 174729, -550918, 1258 
1721218645639.00, 174736, -547108, 1263 
1721218645660.00, 174730, -543282, 1296 
1721218645683.00, 174766, -539471, 1295 
1721218645704.00, 174781, -535653, 1314 
1721218645726.00, 174550, -531821, 1319 
1721218645747.00, 174822, -528005, 1334 
1721218645770.00, 174555, -524184, 1331 
1721218645792.00, 174647, -520378, 1363 
1721218645813.00, 174672, -516554, 1398 
1721218645835.00, 174601, -512726, 1416 
1721218645857.00, 174801, -508909, 1411 
1721218645879.00, 174661, -505105, 1429 
1721218645901.00, 174473, -501275, 1451 
1721218645922.00, 174578, -497460, 1423 
1721218645944.00, 174767, -493658, 1395 
1721218645966.00, 174768, -489832, 1395 
1721218645988.00, 174736, -486014, 1392 
1721218646009.00, 174802, -482196, 1367 
1721218646031.00, 174459, -478383, 1326 
1721218646053.00, 174563, -474570, 1319 
1721218646075.00, 174758, -470755, 1278 
1721218646097.00, 174567, -466934, 1284 
1721218646118.00, 174608, -463111, 1312 
1721218646141.00, 174660, -459302, 1263 
1721218646162.00, 174631, -455487, 1242 
1721218646184.00, 174550, -451677, 1226 
1721218646206.00, 174584, -447861, 1188 
1721218646229.00, 174875, -444049, 1119 
1721218646249.00, 171359, -440237, 1022 
1721218646273.00, 163317, -436514, 941 
1721218646294.00, 153498, -432966, 845 
1721218646316.00, 141698, -429643, 760 
1721218646341.00, 82571, -426586, 678 
1721218646359.00, 47697, -424801, 656 
1721218646381.00, 27343, -423765, 449 
1721218646403.00, 15790, -423159, 358 
1721218646424.00, 8577, -422820, 225 
1721218646446.00, 4279, -422646, 72 
1721218646467.00, 1823, -422564, -104 
1721218646488.00, -5202, -422536, -268 
1721218646510.00, -19963, -422639, -395 
1721218646532.00, -35736, -423056, -592 
1721218646554.00, -57096, -423822, -668 
1721218646575.00, -74372, -425059, -713 
1721218646597.00, -87505, -426676, -785 
1721218646618.00, -99616, -428594, -884 
1721218646640.00, -112574, -430747, -914 
1721218646662.00, -121971, -433203, -945 
1721218646682.00, -129299, -435893, -1016 
1721218646704.00, -137900, -438725, -1041 
1721218646726.00, -144104, -441751, -1059 
1721218646748.00, -149061, -444919, -1081 
1721218646770.00, -153502, -448172, -1104 
1721218646792.00, -157286, -451549, -1142 
1721218646814.00, -161832, -454980, -1138 
1721218646835.00, -164032, -458523, -1181 
1721218646857.00, -168005, -462101, -1205 
1721218646885.00, -171595, -465772, -1206 
1721218646901.00, -173815, -469533, -1187 
1721218646923.00, -173836, -473328, -1168 
1721218646944.00, -172602, -477139, -1154 
1721218646966.00, -170872, -480896, -1122 
1721218646989.00, -167765, -484637, -1130 
1721218647009.00, -166572, -488288, -1118 
1721218647032.00, -165159, -491927, -1145 
1721218647053.00, -165869, -495534, -1145 
1721218647075.00, -166094, -499151, -1140 
1721218647097.00, -165702, -502785, -1133 
1721218647118.00, -165181, -506409, -1124 
1721218647141.00, -164191, -510023, -1101 
1721218647162.00, -162055, -513605, -1089 
1721218647184.00, -160047, -517146, -1030 
1721218647207.00, -155442, -520632, -995 
1721218647229.00, -150326, -524014, -988 
1721218647251.00, -146873, -527272, -939 
1721218647273.00, -141741, -530448, -883 
1721218647294.00, -135459, -533545, -902 
1721218647316.00, -132668, -536487, -887 
1721218647338.00, -130343, -539364, -852 
1721218647359.00, -126632, -542200, -887 
1721218647381.00, -126618, -544941, -891 
1721218647403.00, -126870, -547691, -891 
1721218647428.00, -126971, -550461, -931 
1721218647446.00, -129314, -553216, -893 
1721218647468.00, -128481, -556038, -907 
1721218647490.00, -128783, -558829, -919 
1721218647511.00, -129664, -561625, -909 
1721218647534.00, -129663, -564438, -911 
1721218647555.00, -129590, -567270, -957 
1721218647576.00, -132342, -570083, -944 
1721218647598.00, -133149, -572959, -901 
1721218647620.00, -131050, -575869, -915 
1721218647643.00, -130416, -578703, -898 
1721218647663.00, -129137, -581539, -828 
1721218647685.00, -124004, -584345, -808 
1721218647707.00, -119750, -587035, -746 
1721218647729.00, -113454, -589641, -718 
1721218647751.00, -107915, -592101, -669 
1721218647772.00, -101736, -594436, -579 
1721218647794.00, -57517, -596617, -498 
1721218647816.00, -31167, -597876, -459 
1721218647837.00, -15555, -598579, -408 
1721218647858.00, -6714, -598932, -354 
1721218647880.00, -1377, -599080, -300 
1721218647902.00, 1015, -599112, -224 
1721218647923.00, 2883, -599097, -133 
1721218647945.00, 4217, -599034, -34 
1721218647970.00, 4885, -598930, 133 
1721218647988.00, 12964, -598809, 322 
1721218648009.00, 29028, -598524, 477 
1721218648032.00, 48155, -597904, 550 
1721218648052.00, 63829, -596871, 704 
1721218648074.00, 82402, -595487, 854 
1721218648096.00, 102251, -593696, 841 
1721218648118.00, 113231, -591459, 925 
1721218648140.00, 124720, -588992, 990 
1721218648162.00, 135266, -586266, 994 
1721218648183.00, 141517, -583313, 1004 
1721218648205.00, 145812, -580219, 999 
1721218648227.00, 147758, -577040, 993 
1721218648248.00, 148614, -573824, 996 
1721218648269.00, 148912, -570598, 1023 
1721218648296.00, 150860, -567341, 1039 
1721218648312.00, 152864, -564036, 1079 
1721218648334.00, 156312, -560692, 1115 
1721218648356.00, 160660, -557276, 1114 
1721218648378.00, 162889, -553764, 1141 
1721218648400.00, 165632, -550208, 1160 
1721218648422.00, 168252, -546586, 1172 
1721218648444.00, 170607, -542914, 1183 
1721218648465.00, 172528, -539185, 1194 
1721218648487.00, 174250, -535402, 1197 
1721218648508.00, 174991, -531596, 1207 
1721218648530.00, 174645, -527764, 1233 
1721218648552.00, 174724, -523960, 1232 
1721218648577.00, 174847, -520154, 1250 
1721218648596.00, 174879, -516327, 1270 
1721218648619.00, 174752, -512508, 1276 
1721218648639.00, 174797, -508687, 1310 
1721218648661.00, 174785, -504868, 1300 
1721218648683.00, 174559, -501049, 1318 
1721218648705.00, 174810, -497240, 1320 
1721218648727.00, 174986, -493425, 1317 
1721218648748.00, 174524, -489601, 1295 
1721218648770.00, 174662, -485781, 1261 
1721218648792.00, 174756, -481968, 1222 
1721218648814.00, 174655, -478147, 1197 
1721218648838.00, 174598, -474334, 1173 
1721218648858.00, 173738, -470524, 1147 
1721218648880.00, 171778, -466728, 1110 
1721218648902.00, 167963, -462975, 1082 
1721218648923.00, 164090, -459313, 1071 
1721218648945.00, 160955, -455745, 1041 
1721218648967.00, 157230, -452227, 1037 
1721218648988.00, 154668, -448793, 1025 
1721218649012.00, 152372, -445426, 979 
1721218649033.00, 148194, -442118, 932 
1721218649058.00, 142671, -438898, 872 
1721218649077.00, 135869, -435801, 830 
1721218649099.00, 129195, -432855, 773 
1721218649120.00, 121772, -430054, 705 
1721218649142.00, 70084, -427443, 610 
1721218649163.00, 39295, -425920, 565 
1721218649185.00, 21415, -425073, 385 
1721218649207.00, 11080, -424595, 297 
1721218649228.00, 4760, -424352, 150 
1721218649249.00, 1053, -424263, 5 
1721218649271.00, -588, -424251, -160 
1721218649292.00, -11021, -424269, -358 
1721218649315.00, -29502, -424506, -389 
1721218649336.00, -42249, -425142, -579 
1721218649358.00, -61229, -426044, -618 
1721218649379.00, -74957, -427374, -657 
1721218649401.00, -85239, -429008, -785 
1721218649423.00, -99158, -430863, -839 
1721218649444.00, -110577, -433007, -854 
1721218649466.00, -118157, -435444, -909 
1721218649487.00, -125738, -438019, -953 
1721218649513.00, -132869, -440754, -990 
1721218649530.00, -139242, -443664, -1041 
1721218649552.00, -146029, -446705, -1057 
1721218649574.00, -150913, -449900, -1097 
1721218649595.00, -156186, -453210, -1136 
1721218649620.00, -161639, -456613, -1178 
1721218649639.00, -167164, -460164, -1180 
1721218649660.00, -170226, -463814, -1203 
1721218649683.00, -173345, -467549, -1183 
1721218649705.00, -173947, -471336, -1123 
1721218649727.00, -170763, -475133, -1111 
1721218649748.00, -168144, -478852, -1117 
1721218649770.00, -166816, -482514, -1102 
1721218649791.00, -164904, -486166, -1092 
1721218649814.00, -163196, -489751, -1085 
1721218649836.00, -161302, -493339, -1111 
1721218649857.00, -162066, -496857, -1086 
1721218649878.00, -160733, -500403, -1111 
1721218649900.00, -161347, -503920, -1143 
1721218649922.00, -163619, -507439, -1139 
1721218649946.00, -164639, -511027, -1178 
1721218649967.00, -167899, -514613, -1184 
1721218649988.00, -169956, -518285, -1183 
1721218650010.00, -171031, -522001, -1221 
1721218650031.00, -173755, -525742, -1247 
1721218650058.00, -174650, -529544, -1257 
1721218650076.00, -174681, -533366, -1276 
1721218650097.00, -174758, -537177, -1246 
1721218650119.00, -174580, -540986, -1194 
1721218650141.00, -174022, -544803, -1119 
1721218650167.00, -169266, -548600, -1036 
1721218650185.00, -161271, -552301, -1013 
1721218650207.00, -155046, -555810, -992 
1721218650229.00, -150024, -559175, -980 
1721218650251.00, -146307, -562436, -999 
1721218650272.00, -145157, -565623, -979 
1721218650294.00, -143381, -568779, -993 
1721218650316.00, -143151, -571877, -990 
1721218650338.00, -142840, -574998, -924 
1721218650359.00, -138535, -578086, -899 
1721218650381.00, -134106, -581088, -850 
1721218650403.00, -128865, -584007, -782 
1721218650425.00, -121464, -586795, -734 
1721218650447.00, -114026, -589432, -666 
1721218650468.00, -105513, -591895, -579 
1721218650490.00, -95201, -594176, -488 
1721218650511.00, -53863, -596205, -402 
1721218650533.00, -29121, -597386, -302 
1721218650555.00, -15068, -598041, -216 
1721218650576.00, -6418, -598374, -132 
1721218650598.00, -1511, -598522, -75 
1721218650619.00, 651, -598558, -20 
1721218650641.00, 2185, -598553, 15 
1721218650662.00, 4200, -598505, 88 
1721218650683.00, 9773, -598405, 164 
1721218650705.00, 17648, -598194, 251 
1721218650727.00, 27349, -597806, 400 
1721218650748.00, 42204, -597211, 536 
1721218650770.00, 59025, -596305, 696 
1721218650791.00, 78834, -595029, 841 
1721218650816.00, 99048, -593314, 877 
1721218650835.00, 113302, -591151, 968 
1721218650855.00, 127081, -588679, 1057 
1721218650877.00, 140665, -585889, 1027 
1721218650899.00, 146679, -582798, 1068 
1721218650925.00, 152528, -579599, 1104 
1721218650942.00, 158098, -576254, 1095 
1721218650965.00, 160679, -572798, 1154 
1721218650987.00, 165594, -569280, 1169 
1721218651008.00, 169383, -565666, 1193 
1721218651033.00, 172949, -561962, 1192 
1721218651052.00, 174838, -558176, 1201 
1721218651074.00, 174709, -554357, 1189 
1721218651096.00, 174755, -550537, 1211 
1721218651117.00, 174582, -546734, 1218 
1721218651140.00, 174796, -542918, 1200 
1721218651161.00, 174704, -539108, 1214 
1721218651182.00, 174679, -535274, 1223 
1721218651204.00, 174851, -531459, 1235 
1721218651226.00, 174771, -527633, 1250 
1721218651251.00, 174619, -523814, 1253 
1721218651270.00, 174674, -520001, 1282 
1721218651292.00, 174785, -516193, 1272 
1721218651313.00, 174458, -512365, 1276 
1721218651336.00, 174690, -508546, 1280 
1721218651357.00, 174587, -504737, 1263 
1721218651379.00, 174670, -500912, 1267 
1721218651401.00, 174617, -497105, 1233 
1721218651423.00, 174618, -493288, 1241 
1721218651445.00, 174832, -489461, 1240 
1721218651466.00, 174578, -485662, 1188 
1721218651488.00, 174570, -481834, 1171 
1721218651510.00, 173777, -478021, 1162 
1721218651532.00, 172775, -474232, 1168 
1721218651554.00, 172470, -470449, 1143 
1721218651575.00, 170829, -466683, 1132 
1721218651597.00, 168813, -462952, 1107 
1721218651619.00, 166028, -459279, 1046 
1721218651642.00, 160465, -455651, 999 
1721218651664.00, 154345, -452171, 953 
1721218651685.00, 147618, -448821, 845 
1721218651708.00, 137378, -445610, 748 
1721218651729.00, 125173, -442641, 666 
1721218651750.00, 112845, -439943, 587 
1721218651772.00, 100912, -437497, 492 
1721218651794.00, 88258, -435318, 409 
1721218651816.00, 75632, -433412, 334 
1721218651837.00, 63497, -431791, 272 
1721218651859.00, 36387, -430415, 194 
1721218651880.00, 20021, -429620, 172 
1721218651907.00, 10265, -429178, 107 
1721218651924.00, 4578, -428956, 54 
1721218651945.00, 1214, -428855, -2 
1721218651966.00, -86, -428830, -61 
1721218651988.00, -4645, -428838, -154 
1721218652009.00, -13251, -428937, -209 
1721218652032.00, -21665, -429221, -329 
1721218652053.00, -34246, -429684, -421 
1721218652074.00, -46654, -430424, -610 
1721218652096.00, -65659, -431439, -691 
1721218652118.00, -81787, -432851, -718 
1721218652140.00, -92881, -434641, -743 
1721218652161.00, -100946, -436655, -800 
1721218652183.00, -109061, -438869, -854 
1721218652204.00, -117111, -441246, -864 
1721218652226.00, -122288, -443802, -915 
1721218652248.00, -128190, -446468, -964 
1721218652269.00, -134708, -449254, -986 
1721218652290.00, -139832, -452215, -1006 
1721218652312.00, -144096, -455266, -1010 
1721218652334.00, -146497, -458417, -1019 
1721218652356.00, -148657, -461632, -1017 
1721218652378.00, -149597, -464868, -1017 
1721218652399.00, -150175, -468148, -1047 
1721218652421.00, -152051, -471424, -1048 
1721218652443.00, -153039, -474747, -1036 
1721218652464.00, -152846, -478108, -1045 
1721218652486.00, -153266, -481429, -1052 
1721218652508.00, -154016, -484790, -1037 
1721218652530.00, -153348, -488149, -1064 
1721218652552.00, -154533, -491511, -1088 
1721218652574.00, -156659, -494887, -1109 
1721218652596.00, -159200, -498296, -1151 
1721218652617.00, -163285, -501788, -1160 
1721218652639.00, -165877, -505354, -1176 
1721218652660.00, -168406, -508981, -1187 
1721218652683.00, -170361, -512659, -1179 
1721218652704.00, -170993, -516397, -1152 
1721218652727.00, -169538, -520127, -1125 
1721218652748.00, -167081, -523834, -1107 
1721218652770.00, -164464, -527477, -1079 
1721218652792.00, -161189, -531057, -1063 
1721218652814.00, -158375, -534578, -1091 
1721218652835.00, -158289, -538037, -1070 
1721218652857.00, -156996, -541497, -1086 
1721218652879.00, -157035, -544918, -1069 
1721218652901.00, -155703, -548350, -1067 
1721218652922.00, -154594, -551757, -1043 
1721218652945.00, -152763, -555129, -1013 
1721218652968.00, -149997, -558470, -969 
1721218652989.00, -145422, -561722, -954 
1721218653011.00, -141533, -564876, -935 
1721218653033.00, -138393, -567968, -917 
1721218653054.00, -135329, -570960, -905 
1721218653076.00, -132856, -573907, -875 
1721218653098.00, -129636, -576794, -845 
1721218653120.00, -125631, -579594, -792 
1721218653142.00, -120095, -582336, -737 
1721218653164.00, -113594, -584933, -667 
1721218653185.00, -105305, -587385, -595 
1721218653207.00, -95842, -589658, -510 
1721218653228.00, -85161, -591736, -431 
1721218653250.00, -74132, -593568, -372 
1721218653272.00, -41509, -595164, -289 
1721218653292.00, -22253, -596067, -196 
1721218653315.00, -10495, -596557, -122 
1721218653336.00, -3685, -596798, -46 
1721218653358.00, 39, -596874, 32 
1721218653379.00, 3837, -596877, 142 
1721218653401.00, 12835, -596800, 265 
1721218653422.00, 25750, -596518, 439 
1721218653447.00, 43704, -595975, 564 
1721218653466.00, 61937, -595045, 731 
1721218653487.00, 82735, -593694, 846 
1721218653508.00, 101966, -591898, 916 
1721218653531.00, 117778, -589659, 988 
1721218653551.00, 131016, -587085, 1077 
1721218653573.00, 144080, -584205, 1115 
1721218653595.00, 154051, -581034, 1144 
1721218653617.00, 161579, -577665, 1158 
1721218653639.00, 166869, -574125, 1157 
1721218653661.00, 169819, -570480, 1166 
1721218653682.00, 171788, -566767, 1210 
1721218653704.00, 174845, -563019, 1172 
1721218653726.00, 174742, -559188, 1197 
1721218653747.00, 174660, -555380, 1246 
1721218653774.00, 174663, -551555, 1245 
1721218653791.00, 174951, -547729, 1256 
1721218653813.00, 174685, -543917, 1284 
1721218653835.00, 174590, -540101, 1303 
1721218653857.00, 174679, -536289, 1331 
1721218653878.00, 174828, -532456, 1352 
1721218653900.00, 174758, -528643, 1373 
1721218653922.00, 174819, -524827, 1358 
1721218653943.00, 174718, -521009, 1386 
1721218653965.00, 174532, -517191, 1375 
1721218653988.00, 174526, -513379, 1374 
1721218654009.00, 174488, -509569, 1332 
1721218654031.00, 174494, -505762, 1232 
1721218654053.00, 173569, -501947, 1171 
1721218654075.00, 169218, -498149, 1147 
1721218654097.00, 165145, -494466, 1127 
1721218654118.00, 161711, -490849, 1153 
1721218654141.00, 161251, -487322, 1167 
1721218654162.00, 161934, -483797, 1211 
1721218654183.00, 165233, -480262, 1229 
1721218654205.00, 168195, -476642, 1240 
1721218654227.00, 170554, -472970, 1238 
1721218654249.00, 171781, -469249, 1210 
1721218654271.00, 170635, -465489, 1180 
1721218654293.00, 168306, -461761, 1162 
1721218654320.00, 165561, -458098, 1149 
1721218654336.00, 163381, -454476, 1126 
1721218654358.00, 160737, -450912, 1107 
1721218654380.00, 158060, -447407, 1081 
1721218654402.00, 154901, -443954, 1037 
1721218654426.00, 150014, -440599, 974 
1721218654447.00, 143561, -437328, 887 
1721218654469.00, 134253, -434229, 752 
1721218654490.00, 120606, -431329, 577 
1721218654512.00, 66331, -428736, 402 
1721218654535.00, 34608, -427301, 278 
1721218654555.00, 16285, -426549, 52 
1721218654576.00, 5263, -426198, -93 
1721218654598.00, -5896, -426087, -251 
1721218654620.00, -22628, -426208, -369 
1721218654643.00, -39382, -426695, -642 
1721218654662.00, -65576, -427546, -729 
1721218654685.00, -86304, -428968, -799 
1721218654706.00, -102840, -430841, -893 
1721218654728.00, -118186, -433092, -961 
1721218654753.00, -131308, -435690, -981 
1721218654771.00, -139957, -438559, -1003 
1721218654792.00, -146159, -441631, -1023 
1721218654814.00, -151004, -444847, -1057 
1721218654836.00, -155955, -448135, -1063 
1721218654861.00, -159075, -451557, -1080 
1721218654879.00, -161643, -455035, -1108 
1721218654901.00, -164635, -458566, -1115 
1721218654922.00, -166959, -462160, -1109 
1721218654945.00, -167718, -465807, -1129 
1721218654967.00, -169262, -469478, -1124 
1721218654989.00, -169719, -473168, -1117 
1721218655010.00, -169119, -476887, -1115 
1721218655032.00, -168672, -480585, -1089 
1721218655054.00, -166685, -484279, -1106 
1721218655078.00, -166455, -487914, -1096 
1721218655098.00, -165681, -491548, -1105 
1721218655119.00, -165801, -495170, -1114 
1721218655141.00, -166241, -498782, -1103 
1721218655162.00, -165719, -502419, -1114 
1721218655185.00, -165781, -506024, -1104 
1721218655206.00, -165205, -509667, -1089 
1721218655229.00, -163931, -513266, -1091 
1721218655250.00, -163060, -516862, -1105 
1721218655272.00, -163263, -520407, -1083 
1721218655294.00, -162065, -523972, -1099 
1721218655316.00, -162210, -527523, -1113 
1721218655337.00, -162915, -531051, -1137 
1721218655359.00, -164833, -534622, -1131 
1721218655381.00, -165487, -538228, -1170 
1721218655406.00, -168094, -541853, -1143 
1721218655424.00, -168110, -545521, -1088 
1721218655446.00, -164457, -549204, -1092 
1721218655468.00, -162540, -552780, -1025 
1721218655490.00, -157350, -556328, -1001 
1721218655516.00, -152653, -559753, -977 
1721218655534.00, -148419, -563055, -925 
1721218655557.00, -142701, -566299, -917 
1721218655578.00, -138654, -569394, -915 
1721218655600.00, -136140, -572402, -867 
1721218655626.00, -131629, -575361, -876 
1721218655643.00, -129638, -578212, -843 
1721218655666.00, -126340, -581029, -825 
1721218655687.00, -123218, -583772, -801 
1721218655708.00, -119905, -586446, -776 
1721218655730.00, -116508, -589053, -714 
1721218655752.00, -110638, -591578, -654 
1721218655774.00, -103274, -593961, -578 
1721218655795.00, -59097, -596178, -481 
1721218655817.00, -32646, -597469, -400 
1721218655838.00, -17481, -598199, -324 
1721218655860.00, -8524, -598591, -249 
1721218655881.00, -3079, -598779, -192 
1721218655903.00, 66, -598845, -75 
1721218655924.00, 1397, -598837, 114 
1721218655946.00, 9615, -598802, 304 
1721218655968.00, 25804, -598594, 548 
1721218655989.00, 49999, -598045, 728 
1721218656011.00, 75143, -596973, 935 
1721218656032.00, 102371, -595343, 1012 
1721218656053.00, 123347, -593091, 1076 
1721218656076.00, 139384, -590370, 1135 
1721218656097.00, 152349, -587315, 1125 
1721218656119.00, 159216, -583975, 1153 
1721218656141.00, 164837, -580487, 1164 
1721218656163.00, 168812, -576881, 1166 
1721218656184.00, 170943, -573190, 1188 
1721218656207.00, 173476, -569464, 1209 
1721218656228.00, 174900, -565663, 1226 
1721218656249.00, 174611, -561845, 1235 
1721218656272.00, 174671, -558029, 1224 
1721218656293.00, 174975, -554211, 1218 
1721218656315.00, 174726, -550393, 1250 
1721218656337.00, 174525, -546572, 1276 
1721218656359.00, 174741, -542762, 1291 
1721218656380.00, 174875, -538952, 1325 
1721218656403.00, 174816, -535117, 1365 
1721218656424.00, 174782, -531302, 1372 
1721218656446.00, 174744, -527476, 1377 
1721218656468.00, 174708, -523675, 1373 
1721218656490.00, 174763, -519853, 1402 
1721218656522.00, 174790, -516026, 1375 
1721218656533.00, 174782, -512218, 1376 
1721218656555.00, 174560, -508391, 1377 
1721218656577.00, 174704, -504572, 1358 
1721218656599.00, 174696, -500766, 1345 
1721218656621.00, 174711, -496953, 1333 
1721218656642.00, 174759, -493135, 1321 
1721218656664.00, 174844, -489317, 1292 
1721218656686.00, 174753, -485499, 1257 
1721218656708.00, 174463, -481682, 1245 
1721218656729.00, 174614, -477861, 1240 
1721218656752.00, 174867, -474049, 1242 
1721218656774.00, 174772, -470234, 1228 
1721218656795.00, 174753, -466403, 1194 
1721218656817.00, 174692, -462597, 1139 
1721218656838.00, 172109, -458781, 1091 
1721218656860.00, 167655, -455031, 1040 
1721218656883.00, 161795, -451379, 973 
1721218656906.00, 154222, -447871, 884 
1721218656927.00, 144298, -444524, 794 
1721218656950.00, 132800, -441406, 706 
1721218656970.00, 120459, -438535, 594 
1721218656992.00, 106267, -435924, 458 
1721218657013.00, 89838, -433637, 272 
1721218657036.00, 68648, -431732, 93 
1721218657057.00, 39855, -430255, -69 
1721218657079.00, 18519, -429396, -200 
1721218657101.00, -1135, -428995, -350 
1721218657122.00, -22767, -429012, -407 
1721218657143.00, -39001, -429484, -614 
1721218657167.00, -60886, -430316, -681 
1721218657186.00, -77986, -431639, -719 
1721218657209.00, -90540, -433332, -797 
1721218657230.00, -102511, -435311, -866 
1721218657252.00, -113680, -437552, -884 
1721218657274.00, -121300, -440025, -930 
1721218657296.00, -128512, -442681, -970 
1721218657317.00, -135224, -445493, -972 
1721218657338.00, -139263, -448433, -1001 
1721218657360.00, -143118, -451493, -1022 
1721218657381.00, -146386, -454623, -1020 
1721218657404.00, -148242, -457830, -1022 
1721218657425.00, -149176, -461073, -1041 
1721218657448.00, -151049, -464342, -1036 
1721218657468.00, -151804, -467653, -1034 
1721218657490.00, -152130, -470969, -1034 
1721218657512.00, -152270, -474283, -1022 
1721218657534.00, -151672, -477613, -1030 
1721218657556.00, -151456, -480911, -1050 
1721218657577.00, -152431, -484240, -1052 
1721218657599.00, -153226, -487575, -1066 
1721218657622.00, -154376, -490912, -1092 
1721218657643.00, -156520, -494297, -1101 
1721218657665.00, -158238, -497710, -1120 
1721218657686.00, -160459, -501179, -1123 
1721218657712.00, -161888, -504686, -1109 
1721218657730.00, -161948, -508222, -1097 
1721218657752.00, -161268, -511752, -1081 
1721218657774.00, -159541, -515268, -1064 
1721218657796.00, -157472, -518754, -1065 
1721218657818.00, -156378, -522176, -1037 
1721218657840.00, -153926, -525603, -1048 
1721218657861.00, -152866, -528955, -1045 
1721218657883.00, -151888, -532301, -1002 
1721218657905.00, -148815, -535626, -1008 
1721218657926.00, -147100, -538861, -1012 
1721218657950.00, -146439, -542093, -975 
1721218657972.00, -143993, -545285, -995 
1721218657993.00, -143726, -548407, -984 
1721218658015.00, -142797, -551535, -930 
1721218658037.00, -138934, -554627, -929 
1721218658058.00, -136603, -557648, -923 
1721218658080.00, -134987, -560618, -896 
1721218658101.00, -132099, -563532, -898 
1721218658123.00, -130557, -566419, -857 
1721218658145.00, -126966, -569261, -856 
1721218658167.00, -124821, -572008, -847 
1721218658189.00, -123038, -574729, -792 
1721218658211.00, -118601, -577389, -770 
1721218658232.00, -114633, -579951, -775 
1721218658254.00, -112478, -582460, -714 
1721218658275.00, -107282, -584902, -680 
1721218658298.00, -102270, -587225, -645 
1721218658319.00, -97420, -589448, -603 
1721218658341.00, -91844, -591550, -546 
1721218658365.00, -85115, -593533, -499 
1721218658384.00, -47885, -595358, -428 
1721218658406.00, -25850, -596398, -333 
1721218658427.00, -12887, -596977, -249 
1721218658449.00, -5092, -597262, -176 
1721218658472.00, -611, -597379, -99 
1721218658492.00, 1476, -597390, 10 
1721218658513.00, 77, -597354, 170 
1721218658534.00, 12438, -597337, 358 
1721218658556.00, 31231, -597073, 520 
1721218658578.00, 52057, -596412, 669 
1721218658600.00, 73454, -595298, 853 
1721218658621.00, 97028, -593697, 941 
1721218658642.00, 116188, -591585, 1006 
1721218658664.00, 131508, -589035, 1071 
1721218658685.00, 144418, -586142, 1105 
1721218658707.00, 153957, -582976, 1126 
1721218658729.00, 160453, -579605, 1146 
1721218658750.00, 165596, -576093, 1178 
1721218658772.00, 170213, -572462, 1204 
1721218658798.00, 174463, -568742, 1203 
1721218658816.00, 174990, -564926, 1200 
1721218658838.00, 174818, -561095, 1246 
1721218658860.00, 174730, -557287, 1260 
1721218658882.00, 174805, -553465, 1257 
1721218658904.00, 174582, -549656, 1273 
1721218658925.00, 174703, -545841, 1272 
1721218658947.00, 174746, -542024, 1307 
1721218658969.00, 174621, -538202, 1283 
1721218658991.00, 174688, -534375, 1298 
1721218659012.00, 174673, -530564, 1307 
1721218659034.00, 174816, -526761, 1329 
1721218659056.00, 174684, -522939, 1327 
1721218659077.00, 174815, -519110, 1340 
1721218659100.00, 174995, -515298, 1343 
1721218659122.00, 174589, -511475, 1332 
1721218659143.00, 174519, -507657, 1339 
1721218659165.00, 174617, -503851, 1321 
1721218659187.00, 174762, -500035, 1318 
1721218659209.00, 174884, -496207, 1295 
1721218659230.00, 174726, -492391, 1291 
1721218659253.00, 174759, -488580, 1275 
1721218659274.00, 174582, -484755, 1268 
1721218659296.00, 174660, -480945, 1243 
1721218659318.00, 174720, -477133, 1216 
1721218659340.00, 174855, -473320, 1185 
1721218659362.00, 174562, -469493, 1153 
1721218659383.00, 173634, -465689, 1113 
1721218659405.00, 170335, -461889, 1084 
1721218659426.00, 166733, -458182, 1020 
1721218659457.00, 160535, -454545, 961 
1721218659471.00, 153199, -451075, 918 
1721218659493.00, 146151, -447744, 873 
1721218659515.00, 139097, -444587, 818 
1721218659537.00, 131544, -441566, 769 
1721218659561.00, 124040, -438709, 701 
1721218659580.00, 115284, -436023, 615 
1721218659602.00, 105067, -433526, 534 
1721218659624.00, 93866, -431264, 450 
1721218659645.00, 54788, -429245, 358 
1721218659667.00, 31395, -428072, 300 
1721218659688.00, 18092, -427373, 168 
1721218659710.00, 9705, -426983, 94 
1721218659732.00, 4841, -426770, 3 
1721218659752.00, 1956, -426670, -116 
1721218659774.00, -6102, -426633, -227 
1721218659796.00, -17887, -426758, -324 
1721218659818.00, -30833, -427135, -408 
1721218659840.00, -43478, -427802, -490 
1721218659861.00, -55836, -428740, -607 
1721218659882.00, -70279, -429942, -630 
1721218659904.00, -80199, -431471, -662 
1721218659925.00, -87868, -433208, -711 
1721218659948.00, -95455, -435134, -724 
1721218659970.00, -100611, -437200, -732 
1721218659991.00, -104046, -439387, -752 
1721218660013.00, -107272, -441667, -787 
1721218660035.00, -111260, -444011, -826 
1721218660056.00, -115908, -446430, -868 
1721218660078.00, -121149, -448943, -908 
1721218660099.00, -126445, -451612, -940 
1721218660122.00, -131462, -454368, -954 
1721218660143.00, -135318, -457216, -961 
1721218660165.00, -137928, -460176, -985 
1721218660186.00, -140957, -463168, -998 
1721218660207.00, -143432, -466241, -1002 
1721218660229.00, -144965, -469386, -1009 
1721218660250.00, -146258, -472550, -1016 
1721218660273.00, -147474, -475742, -1022 
1721218660294.00, -148439, -478972, -1038 
1721218660316.00, -149890, -482214, -1045 
1721218660338.00, -151254, -485496, -1045 
1721218660360.00, -151838, -488789, -1047 
1721218660382.00, -152484, -492114, -1044 
1721218660403.00, -152588, -495442, -1043 
1721218660427.00, -152302, -498759, -997 
1721218660448.00, -149408, -502070, -956 
1721218660470.00, -145122, -505306, -946 
1721218660491.00, -141915, -508464, -919 
1721218660513.00, -138229, -511547, -896 
1721218660535.00, -134569, -514549, -927 
1721218660557.00, -134301, -517487, -914 
1721218660579.00, -133229, -520410, -900 
1721218660601.00, -131743, -523297, -937 
1721218660621.00, -132648, -526179, -940 
1721218660644.00, -133842, -529060, -944 
1721218660665.00, -134710, -531973, -976 
1721218660686.00, -137159, -534907, -1007 
1721218660709.00, -140373, -537899, -991 
1721218660729.00, -141311, -540956, -1010 
1721218660751.00, -142924, -544052, -1008 
1721218660774.00, -143616, -547166, -979 
1721218660796.00, -142166, -550308, -987 
1721218660818.00, -141752, -553393, -967 
1721218660840.00, -140443, -556482, -944 
1721218660861.00, -138067, -559536, -987 
1721218660882.00, -139251, -562540, -972 
1721218660904.00, -139012, -565579, -936 
1721218660927.00, -136894, -568603, -933 
1721218660948.00, -135185, -571551, -887 
1721218660970.00, -131555, -574509, -863 
1721218660991.00, -127800, -577358, -827 
1721218661013.00, -123393, -580121, -759 
1721218661035.00, -116433, -582811, -722 
1721218661056.00, -109859, -585341, -648 
1721218661078.00, -102012, -587705, -522 
1721218661100.00, -89436, -589918, -480 
1721218661121.00, -79328, -591846, -403 
1721218661143.00, -68734, -593551, -293 
1721218661165.00, -38376, -595030, -189 
1721218661186.00, -19920, -595875, -118 
1721218661207.00, -9528, -596322, -55 
1721218661229.00, -3155, -596521, 38 
1721218661251.00, 2134, -596595, 94 
1721218661273.00, 9073, -596558, 169 
1721218661294.00, 17692, -596366, 254 
1721218661316.00, 27880, -595982, 433 
1721218661338.00, 44547, -595383, 574 
1721218661359.00, 63284, -594429, 603 
1721218661381.00, 75947, -593048, 790 
1721218661402.00, 94429, -591396, 940 
1721218661424.00, 114650, -589349, 904 
1721218661445.00, 124261, -586838, 997 
1721218661466.00, 135219, -584123, 1049 
1721218661488.00, 144857, -581154, 1019 
1721218661510.00, 148809, -577976, 1078 
1721218661534.00, 154355, -574726, 1116 
1721218661554.00, 159919, -571350, 1117 
1721218661575.00, 163131, -567848, 1142 
1721218661597.00, 166462, -564271, 1137 
1721218661619.00, 168106, -560632, 1157 
1721218661642.00, 170048, -556964, 1170 
1721218661662.00, 171910, -553253, 1196 
1721218661684.00, 174417, -549503, 1178 
1721218661706.00, 174822, -545684, 1171 
1721218661728.00, 174540, -541874, 1206 
1721218661759.00, 174982, -538061, 1181 
1721218661772.00, 174638, -534249, 1187 
1721218661794.00, 174753, -530429, 1186 
1721218661815.00, 174826, -526611, 1201 
1721218661837.00, 174832, -522806, 1203 
1721218661861.00, 174847, -518975, 1206 
1721218661880.00, 174860, -515149, 1217 
1721218661902.00, 174675, -511333, 1225 
1721218661924.00, 174580, -507514, 1229 
1721218661946.00, 174721, -503708, 1221 
1721218661972.00, 174936, -499882, 1201 
1721218661990.00, 174522, -496064, 1178 
1721218662011.00, 173738, -492241, 1157 
1721218662033.00, 172021, -488450, 1144 
1721218662055.00, 169958, -484690, 1133 
1721218662077.00, 168078, -480989, 1122 
1721218662099.00, 166238, -477317, 1125 
1721218662121.00, 165036, -473688, 1114 
1721218662142.00, 163983, -470067, 1101 
1721218662164.00, 162485, -466494, 1092 
1721218662186.00, 160863, -462946, 1039 
1721218662207.00, 156510, -459430, 1011 
1721218662231.00, 152148, -456030, 960 
1721218662253.00, 146433, -452723, 923 
1721218662275.00, 140816, -449545, 876 
1721218662296.00, 134749, -446482, 844 
1721218662317.00, 129189, -443564, 791 
1721218662340.00, 122596, -440776, 724 
1721218662361.00, 114415, -438120, 664 
1721218662383.00, 106052, -435632, 592 
1721218662405.00, 96814, -433334, 530 
1721218662426.00, 87371, -431256, 445 
1721218662448.00, 49648, -429375, 335 
1721218662469.00, 27343, -428311, 283 
1721218662490.00, 14187, -427704, 147 
1721218662520.00, 6186, -427395, 62 
1721218662534.00, 1576, -427261, -31 
1721218662556.00, -2314, -427231, -136 
1721218662577.00, -11265, -427280, -261 
1721218662599.00, -24212, -427525, -374 
1721218662621.00, -38573, -428056, -568 
1721218662654.00, -58643, -428883, -670 
1721218662663.00, -76897, -430141, -717 
1721218662685.00, -90406, -431821, -830 
1721218662707.00, -105148, -433780, -879 
1721218662729.00, -116726, -436089, -913 
1721218662751.00, -125410, -438653, -965 
1721218662772.00, -133722, -441389, -978 
1721218662794.00, -139306, -444321, -997 
1721218662814.00, -143763, -447349, -1043 
1721218662836.00, -149018, -450505, -1074 
1721218662858.00, -153926, -453764, -1099 
1721218662880.00, -158148, -457126, -1118 
1721218662902.00, -161709, -460607, -1127 
1721218662924.00, -164205, -464137, -1125 
1721218662946.00, -165562, -467738, -1145 
1721218662968.00, -167358, -471351, -1151 
1721218662990.00, -168863, -475003, -1152 
1721218663011.00, -169767, -478693, -1152 
1721218663033.00, -170246, -482393, -1137 
1721218663055.00, -169462, -486109, -1127 
1721218663077.00, -167973, -489808, -1158 
1721218663098.00, -169084, -493500, -1158 
1721218663120.00, -169610, -497190, -1167 
1721218663142.00, -170499, -500895, -1190 
1721218663164.00, -172446, -504622, -1211 
1721218663186.00, -174673, -508383, -1216 
1721218663207.00, -174730, -512197, -1236 
1721218663229.00, -174702, -516025, -1217 
1721218663251.00, -174546, -519846, -1183 
1721218663273.00, -173847, -523653, -1141 
1721218663294.00, -170915, -527440, -1079 
1721218663316.00, -165531, -531155, -1049 
1721218663338.00, -160194, -534778, -1025 
1721218663361.00, -155614, -538264, -963 
1721218663383.00, -149240, -541650, -949 
1721218663405.00, -144418, -544879, -953 
1721218663427.00, -141701, -548010, -904 
1721218663448.00, -137238, -551093, -925 
1721218663469.00, -135868, -554070, -918 
1721218663491.00, -134441, -557023, -909 
1721218663514.00, -132930, -559950, -940 
1721218663535.00, -134030, -562838, -922 
1721218663557.00, -133378, -565761, -947 
1721218663578.00, -134460, -568666, -956 
1721218663601.00, -135630, -571574, -892 
1721218663621.00, -132476, -574537, -873 
1721218663643.00, -129419, -577400, -852 
1721218663665.00, -126304, -580197, -771 
1721218663687.00, -119460, -582946, -696 
1721218663709.00, -110543, -585537, -613 
1721218663731.00, -100416, -587924, -513 
1721218663753.00, -88287, -590092, -410 
1721218663775.00, -74792, -592001, -350 
1721218663795.00, -62992, -593612, -267 
1721218663817.00, -35049, -594970, -203 
1721218663838.00, -18400, -595753, -151 
1721218663859.00, -8605, -596161, -89 
1721218663882.00, -2814, -596346, 7 
1721218663903.00, 67, -596405, 94 
1721218663924.00, 7312, -596405, 201 
1721218663945.00, 18181, -596257, 291 
1721218663968.00, 30221, -595874, 394 
1721218663989.00, 43255, -595229, 492 
1721218664011.00, 57176, -594293, 584 
1721218664032.00, 70700, -593045, 745 
1721218664054.00, 88431, -591503, 856 
1721218664076.00, 105702, -589579, 900 
1721218664098.00, 118502, -587274, 985 
1721218664118.00, 130984, -584673, 1020 
1721218664140.00, 140470, -581794, 1053 
1721218664162.00, 147924, -578711, 1106 
1721218664183.00, 155492, -575482, 1092 
1721218664206.00, 159005, -572071, 1109 
1721218664227.00, 161910, -568603, 1128 
1721218664249.00, 164636, -565059, 1084 
1721218664271.00, 163545, -561463, 1072 
1721218664293.00, 161930, -557892, 1078 
1721218664314.00, 161318, -554351, 1080 
1721218664336.00, 161110, -550828, 1102 
1721218664358.00, 162188, -547311, 1114 
1721218664379.00, 163318, -543763, 1110 
1721218664402.00, 163681, -540198, 1159 
1721218664424.00, 166734, -536619, 1141 
1721218664445.00, 167546, -532972, 1145 
1721218664467.00, 168081, -529317, 1144 
1721218664489.00, 168164, -525643, 1144 
1721218664511.00, 168245, -521967, 1134 
1721218664533.00, 167593, -518293, 1121 
1721218664554.00, 166268, -514626, 1129 
1721218664576.00, 165775, -510996, 1115 
1721218664598.00, 164671, -507375, 1101 
1721218664620.00, 163090, -503788, 1090 
1721218664642.00, 161392, -500219, 1103 
1721218664664.00, 161215, -496695, 1111 
1721218664685.00, 161725, -493166, 1117 
1721218664707.00, 162133, -489646, 1124 
1721218664729.00, 162714, -486096, 1133 
1721218664750.00, 163541, -482538, 1124 
1721218664773.00, 163368, -478972, 1105 
1721218664794.00, 162070, -475393, 1086 
1721218664819.00, 159995, -471872, 1051 
1721218664838.00, 156509, -468368, 1041 
1721218664860.00, 153840, -464946, 1030 
1721218664881.00, 151596, -461595, 1020 
1721218664903.00, 149725, -458280, 1022 
1721218664933.00, 148600, -455017, 997 
1721218664948.00, 146349, -451786, 969 
1721218664970.00, 143269, -448605, 924 
1721218664992.00, 138740, -445491, 850 
1721218665013.00, 131562, -442487, 772 
1721218665037.00, 122513, -439638, 707 
1721218665057.00, 113236, -436982, 655 
1721218665079.00, 104612, -434536, 596 
1721218665100.00, 95741, -432273, 523 
1721218665122.00, 54330, -430213, 449 
1721218665144.00, 29589, -429039, 434 
1721218665165.00, 15411, -428383, 322 
1721218665186.00, 6848, -428046, 267 
1721218665208.00, 1849, -427895, 163 
1721218665229.00, -608, -427865, 60 
1721218665251.00, -2451, -427881, -63 
1721218665272.00, -7240, -427941, -221 
1721218665294.00, -19908, -428107, -361 
1721218665316.00, -35551, -428519, -457 
1721218665337.00, -50527, -429275, -616 
1721218665363.00, -68876, -430357, -668 
1721218665381.00, -82917, -431861, -769 
1721218665402.00, -96996, -433662, -855 
1721218665423.00, -110354, -435785, -891 
1721218665446.00, -120611, -438211, -931 
1721218665468.00, -129010, -440837, -989 
1721218665488.00, -137379, -443658, -1015 
1721218665510.00, -143845, -446667, -1059 
1721218665531.00, -150101, -449816, -1086 
1721218665553.00, -155445, -453122, -1100 
1721218665575.00, -159454, -456502, -1130 
1721218665597.00, -163408, -459995, -1115 
1721218665619.00, -164770, -463568, -1134 
1721218665641.00, -166324, -467180, -1149 
1721218665662.00, -168300, -470833, -1150 
1721218665684.00, -169281, -474501, -1137 
1721218665706.00, -168985, -478214, -1157 
1721218665728.00, -169981, -481881, -1156 
1721218665749.00, -170505, -485604, -1169 
1721218665771.00, -171556, -489325, -1167 
1721218665795.00, -171494, -493092, -1138 
1721218665815.00, -169817, -496844, -1142 
1721218665836.00, -168991, -500557, -1108 
1721218665859.00, -166423, -504245, -1091 
1721218665880.00, -163735, -507879, -1088 
1721218665905.00, -162146, -511457, -1094 
1721218665923.00, -161585, -514981, -1094 
1721218665946.00, -161004, -518510, -1077 
1721218665968.00, -159646, -522023, -1069 
1721218665989.00, -158319, -525506, -1065 
1721218666013.00, -156823, -528961, -1064 
1721218666033.00, -156100, -532392, -1062 
1721218666055.00, -155384, -535801, -1042 
1721218666076.00, -153533, -539181, -1021 
1721218666099.00, -151195, -542560, -1004 
1721218666121.00, -149037, -545850, -1006 
1721218666143.00, -147649, -549103, -988 
1721218666164.00, -145511, -552316, -1006 
1721218666187.00, -145494, -555485, -991 
1721218666209.00, -144547, -558650, -969 
1721218666233.00, -142464, -561790, -989 
1721218666252.00, -142131, -564880, -951 
1721218666273.00, -139940, -567983, -886 
1721218666295.00, -134655, -571007, -899 
1721218666317.00, -132081, -573932, -818 
1721218666339.00, -125893, -576800, -710 
1721218666361.00, -115566, -579513, -715 
1721218666383.00, -109577, -582037, -674 
1721218666404.00, -103581, -584407, -575 
1721218666426.00, -93942, -586639, -540 
1721218666450.00, -86232, -588681, -495 
1721218666469.00, -78792, -590531, -407 
1721218666491.00, -69549, -592232, -339 
1721218666513.00, -59387, -593722, -242 
1721218666535.00, -33051, -595000, -179 
1721218666558.00, -17164, -595736, -94 
1721218666577.00, -7697, -596116, -9 
1721218666599.00, -2488, -596278, 105 
1721218666620.00, 6136, -596338, 105 
1721218666642.00, 11972, -596228, 110 
1721218666664.00, 15908, -595978, 197 
1721218666686.00, 23249, -595629, 412 
1721218666707.00, 40361, -595126, 528 
1721218666728.00, 57648, -594269, 580 
1721218666750.00, 71092, -593022, 652 
1721218666772.00, 83198, -591469, 905 
1721218666793.00, 105610, -589664, 902 
1721218666815.00, 118648, -587368, 950 
1721218666835.00, 129054, -584771, 1019 
1721218666857.00, 139120, -581941, 1056 
1721218666880.00, 147430, -578881, 1069 
1721218666901.00, 152692, -575673, 1102 
1721218666922.00, 157828, -572319, 1091 
1721218666944.00, 160086, -568863, 1127 
1721218666966.00, 163611, -565364, 1150 
1721218666987.00, 166826, -561781, 1128 
1721218667010.00, 167509, -558141, 1149 
1721218667032.00, 169039, -554484, 1153 
1721218667054.00, 170020, -550786, 1170 
1721218667075.00, 171448, -547074, 1185 
1721218667097.00, 173117, -543330, 1168 
1721218667123.00, 173116, -539550, 1178 
1721218667141.00, 173594, -535771, 1181 
1721218667162.00, 173953, -531974, 1190 
1721218667185.00, 174687, -528172, 1185 
1721218667206.00, 174613, -524360, 1190 
1721218667228.00, 174551, -520547, 1190 
1721218667250.00, 174568, -516729, 1194 
1721218667272.00, 174958, -512917, 1190 
1721218667293.00, 174684, -509094, 1194 
1721218667315.00, 174636, -505280, 1200 
1721218667337.00, 174749, -501460, 1183 
1721218667359.00, 173860, -497640, 1164 
1721218667381.00, 171936, -493859, 1146 
1721218667402.00, 169883, -490093, 1105 
1721218667424.00, 166166, -486384, 1087 
1721218667449.00, 162789, -482747, 1053 
1721218667468.00, 158590, -479210, 1044 
1721218667489.00, 155481, -475740, 1038 
1721218667511.00, 153199, -472354, 1030 
1721218667533.00, 151370, -469000, 1013 
1721218667558.00, 149090, -465706, 1013 
1721218667578.00, 147723, -462441, 978 
1721218667600.00, 144692, -459239, 952 
1721218667622.00, 141304, -456093, 925 
1721218667643.00, 137781, -453031, 901 
1721218667665.00, 134121, -450027, 871 
1721218667686.00, 129970, -447131, 842 
1721218667709.00, 125789, -444307, 812 
1721218667730.00, 121547, -441573, 758 
1721218667752.00, 115627, -438942, 699 
1721218667773.00, 108670, -436429, 651 
1721218667795.00, 101348, -434074, 564 
1721218667816.00, 91939, -431889, 448 
1721218667839.00, 52162, -429918, 315 
1721218667860.00, 28329, -428794, 224 
1721218667882.00, 14360, -428179, 26 
1721218667904.00, 5849, -427870, -137 
1721218667925.00, -6312, -427741, -292 
1721218667946.00, -23382, -427871, -397 
1721218667968.00, -39867, -428374, -606 
1721218667990.00, -62042, -429214, -650 
1721218668012.00, -77775, -430548, -665 
1721218668033.00, -88030, -432247, -771 
1721218668055.00, -100420, -434170, -864 
1721218668077.00, -113289, -436360, -878 
1721218668098.00, -121423, -438843, -915 
1721218668121.00, -128589, -441502, -969 
1721218668142.00, -136074, -444319, -988 
1721218668162.00, -141538, -447279, -1032 
1721218668184.00, -147370, -450370, -1073 
1721218668206.00, -153228, -453610, -1111 
1721218668228.00, -158728, -456949, -1152 
1721218668249.00, -164447, -460438, -1179 
1721218668271.00, -169246, -464029, -1194 
1721218668293.00, -172979, -467741, -1209 
1721218668316.00, -174821, -471525, -1210 
1721218668336.00, -174686, -475330, -1216 
1721218668359.00, -174749, -479144, -1207 
1721218668381.00, -174814, -482964, -1204 
1721218668402.00, -174665, -486789, -1187 
1721218668424.00, -174658, -490609, -1161 
1721218668446.00, -173585, -494425, -1176 
1721218668468.00, -173856, -498201, -1186 
1721218668490.00, -174442, -502001, -1192 
1721218668511.00, -174817, -505808, -1206 
1721218668533.00, -174712, -509646, -1202 
1721218668554.00, -174614, -513453, -1189 
1721218668577.00, -174726, -517279, -1187 
1721218668598.00, -174715, -521087, -1175 
1721218668621.00, -173870, -524896, -1178 
1721218668642.00, -173134, -528695, -1171 
1721218668664.00, -172490, -532492, -1130 
1721218668686.00, -169533, -536250, -1122 
1721218668708.00, -167125, -539948, -1109 
1721218668730.00, -164961, -543608, -1099 
1721218668751.00, -163088, -547180, -1102 
1721218668773.00, -161964, -550751, -1102 
1721218668795.00, -161346, -554284, -1105 
1721218668816.00, -160998, -557813, -1071 
1721218668839.00, -158489, -561313, -1032 
1721218668862.00, -154664, -564779, -1024 
1721218668883.00, -151878, -568158, -967 
1721218668905.00, -146910, -571432, -907 
1721218668927.00, -139965, -574639, -897 
1721218668949.00, -135228, -577665, -840 
1721218668970.00, -128944, -580599, -808 
1721218668992.00, -123340, -583406, -793 
1721218669014.00, -119076, -586081, -727 
1721218669035.00, -112493, -588652, -643 
1721218669057.00, -103497, -591093, -607 
1721218669078.00, -96049, -593336, -550 
1721218669100.00, -54667, -595393, -491 
1721218669122.00, -29967, -596581, -489 
1721218669143.00, -15212, -597255, -427 
1721218669165.00, -6833, -597603, -365 
1721218669190.00, -1884, -597758, -315 
1721218669208.00, 146, -597802, -259 
1721218669229.00, 1865, -597799, -163 
1721218669251.00, 3150, -597755, -26 
1721218669273.00, 3900, -597669, 153 
1721218669297.00, 13158, -597572, 369 
1721218669316.00, 31866, -597284, 506 
1721218669337.00, 51196, -596614, 573 
1721218669360.00, 66635, -595524, 702 
1721218669381.00, 83383, -594055, 939 
1721218669405.00, 107576, -592253, 903 
1721218669423.00, 119814, -589893, 1001 
1721218669445.00, 132772, -587265, 1049 
1721218669467.00, 143342, -584350, 1033 
1721218669489.00, 148417, -581207, 1070 
1721218669510.00, 153378, -577961, 1064 
1721218669533.00, 156088, -574604, 1032 
1721218669554.00, 155509, -571201, 1063 
1721218669576.00, 156957, -567810, 1078 
1721218669598.00, 158550, -564372, 1113 
1721218669620.00, 161495, -560904, 1151 
1721218669642.00, 165652, -557375, 1148 
1721218669663.00, 167622, -553760, 1208 
1721218669685.00, 172144, -550086, 1215 
1721218669706.00, 174838, -546328, 1209 
1721218669731.00, 174787, -542514, 1220 
1721218669750.00, 174626, -538701, 1239 
1721218669772.00, 174677, -534882, 1221 
1721218669794.00, 174681, -531058, 1233 
1721218669815.00, 174497, -527229, 1225 
1721218669837.00, 174691, -523437, 1212 
1721218669860.00, 174742, -519609, 1218 
1721218669881.00, 174638, -515788, 1219 
1721218669903.00, 174778, -511969, 1192 
1721218669925.00, 174812, -508159, 1170 
1721218669947.00, 173509, -504345, 1135 
1721218669968.00, 170798, -500560, 1081 
1721218669991.00, 165760, -496834, 1072 
1721218670012.00, 162326, -493216, 1058 
1721218670034.00, 159206, -489681, 1057 
1721218670055.00, 157112, -486197, 1060 
1721218670077.00, 156004, -482759, 1070 
1721218670099.00, 156183, -479357, 1089 
1721218670121.00, 157123, -475946, 1105 
1721218670143.00, 158652, -472519, 1098 
1721218670164.00, 159026, -469052, 1103 
1721218670186.00, 159325, -465570, 1087 
1721218670209.00, 158485, -462085, 1073 
1721218670230.00, 157082, -458629, 1037 
1721218670252.00, 154137, -455192, 1012 
1721218670276.00, 150745, -451832, 988 
1721218670297.00, 147268, -448556, 968 
1721218670319.00, 143783, -445364, 926 
1721218670340.00, 139110, -442230, 899 
1721218670362.00, 134692, -439206, 854 
1721218670385.00, 129286, -436281, 799 
1721218670406.00, 123097, -433471, 728 
1721218670427.00, 114865, -430810, 652 
1721218670449.00, 65472, -428341, 583 
1721218670471.00, 36470, -426912, 564 
1721218670492.00, 19197, -426114, 415 
1721218670514.00, 9055, -425693, 311 
1721218670535.00, 3210, -425497, 174 
1721218670557.00, -50, -425438, 4 
1721218670578.00, -1863, -425445, -170 
1721218670599.00, -13180, -425492, -332 
1721218670621.00, -29834, -425772, -420 
1721218670643.00, -44706, -426408, -650 
1721218670664.00, -67213, -427376, -729 
1721218670686.00, -85487, -428841, -814 
1721218670708.00, -101157, -430693, -891 
1721218670729.00, -115255, -432906, -924 
1721218670751.00, -125445, -435445, -972 
1721218670773.00, -134425, -438191, -982 
1721218670793.00, -140078, -441117, -1017 
1721218670815.00, -145336, -444184, -1047 
1721218670841.00, -150221, -447368, -1063 
1721218670859.00, -153892, -450658, -1086 
1721218670881.00, -157490, -454033, -1109 
1721218670903.00, -160856, -457477, -1123 
1721218670924.00, -163741, -461000, -1135 
1721218670951.00, -165837, -464571, -1149 
1721218670968.00, -167845, -468205, -1180 
1721218670990.00, -171049, -471868, -1179 
1721218671012.00, -172734, -475612, -1179 
1721218671033.00, -173542, -479372, -1188 
1721218671055.00, -174272, -483165, -1195 
1721218671077.00, -174600, -486987, -1171 
1721218671099.00, -173836, -490800, -1162 
1721218671121.00, -172801, -494597, -1167 
1721218671142.00, -172533, -498353, -1152 
1721218671164.00, -171170, -502133, -1146 
1721218671186.00, -169891, -505863, -1130 
1721218671208.00, -168081, -509587, -1063 
1721218671230.00, -162998, -513249, -1051 
1721218671252.00, -159065, -516813, -1063 
1721218671273.00, -157431, -520286, -1032 
1721218671295.00, -154487, -523719, -1056 
1721218671317.00, -154205, -527099, -1060 
1721218671339.00, -154199, -530445, -1072 
1721218671361.00, -154887, -533832, -1096 
1721218671385.00, -156712, -537213, -1105 
1721218671404.00, -158304, -540644, -1098 
1721218671426.00, -158651, -544094, -1128 
1721218671447.00, -160673, -547554, -1092 
1721218671469.00, -159757, -551070, -1085 
1721218671493.00, -158592, -554553, -1093 
1721218671513.00, -158318, -558013, -1053 
1721218671535.00, -155672, -561471, -1041 
1721218671557.00, -153387, -564865, -1020 
1721218671580.00, -150626, -568219, -970 
1721218671602.00, -145927, -571472, -940 
1721218671623.00, -141133, -574657, -897 
1721218671644.00, -135700, -577700, -821 
1721218671667.00, -127910, -580640, -763 
1721218671688.00, -119764, -583419, -683 
1721218671710.00, -110048, -586009, -587 
1721218671732.00, -98502, -588391, -497 
1721218671753.00, -86112, -590508, -422 
1721218671775.00, -74008, -592362, -343 
1721218671796.00, -62307, -593955, -235 
1721218671818.00, -34607, -595297, -182 
1721218671839.00, -17743, -596064, -144 
1721218671861.00, -8083, -596466, -79 
1721218671883.00, -2649, -596645, 15 
1721218671904.00, 921, -596698, 79 
1721218671929.00, 7462, -596683, 183 
1721218671947.00, 17631, -596523, 331 
1721218671969.00, 32451, -596150, 485 
1721218671991.00, 50433, -595467, 586 
1721218672012.00, 67194, -594371, 773 
1721218672037.00, 88375, -592905, 952 
1721218672056.00, 111569, -590982, 943 
1721218672076.00, 124770, -588551, 1059 
1721218672098.00, 139458, -585803, 1125 
1721218672120.00, 152012, -582730, 1125 
1721218672146.00, 159151, -579402, 1165 
1721218672163.00, 165646, -575922, 1157 
1721218672185.00, 168961, -572297, 1174 
1721218672207.00, 171926, -568605, 1184 
1721218672229.00, 174185, -564845, 1182 
1721218672253.00, 174837, -561032, 1216 
1721218672272.00, 174862, -557207, 1213 
1721218672294.00, 174770, -553395, 1244 
1721218672316.00, 174646, -549592, 1246 
1721218672338.00, 174799, -545768, 1275 
1721218672366.00, 174854, -541949, 1291 
1721218672381.00, 174658, -538136, 1288 
1721218672404.00, 174593, -534320, 1272 
1721218672425.00, 174655, -530508, 1274 
1721218672447.00, 174763, -526693, 1245 
1721218672469.00, 174805, -522882, 1198 
1721218672491.00, 174735, -519065, 1152 
1721218672513.00, 173529, -515238, 1130 
1721218672534.00, 171167, -511458, 1124 
1721218672555.00, 169203, -507714, 1129 
1721218672582.00, 168288, -504021, 1130 
1721218672600.00, 167803, -500343, 1144 
1721218672621.00, 168265, -496679, 1149 
1721218672643.00, 168805, -492998, 1109 
1721218672665.00, 166733, -489313, 1089 
1721218672690.00, 163989, -485675, 1071 
1721218672709.00, 161274, -482089, 1041 
1721218672731.00, 157553, -478574, 1016 
1721218672754.00, 153949, -475122, 973 
1721218672775.00, 149129, -471792, 933 
1721218672797.00, 143701, -468555, 898 
1721218672818.00, 138370, -465431, 865 
1721218672840.00, 133052, -462418, 823 
1721218672862.00, 127510, -459533, 809 
1721218672885.00, 123323, -456776, 793 
1721218672906.00, 119763, -454097, 771 
1721218672928.00, 116177, -451503, 730 
1721218672949.00, 111518, -448972, 700 
1721218672971.00, 107047, -446548, 669 
1721218672993.00, 102431, -444233, 626 
1721218673016.00, 97017, -442005, 587 
1721218673036.00, 91592, -439907, 530 
1721218673057.00, 84618, -437942, 470 
1721218673079.00, 76912, -436099, 397 
1721218673101.00, 67945, -434446, 327 
1721218673126.00, 58508, -432971, 263 
1721218673144.00, 48989, -431727, 187 
1721218673165.00, 27520, -430664, 113 
1721218673187.00, 14757, -430051, 18 
1721218673209.00, 7097, -429735, -88 
1721218673235.00, -2213, -429582, -183 
1721218673252.00, -13996, -429622, -294 
1721218673274.00, -27532, -429915, -391 
1721218673295.00, -41535, -430495, -414 
1721218673317.00, -50907, -431398, -572 
1721218673344.00, -65880, -432491, -605 
1721218673360.00, -76750, -433922, -596 
1721218673382.00, -82600, -435604, -653 
1721218673404.00, -89425, -437397, -702 
1721218673425.00, -96377, -439339, -744 
1721218673447.00, -102959, -441443, -787 
1721218673469.00, -109437, -443687, -843 
1721218673490.00, -116550, -446073, -885 
1721218673512.00, -123029, -448617, -941 
1721218673534.00, -130539, -451322, -981 
1721218673555.00, -137173, -454177, -1022 
1721218673576.00, -143406, -457157, -1046 
1721218673598.00, -148518, -460316, -1062 
1721218673620.00, -152297, -463556, -1076 
1721218673642.00, -155371, -466893, -1075 
1721218673663.00, -157120, -470302, -1074 
1721218673685.00, -157923, -473727, -1066 
1721218673707.00, -157775, -477185, -1069 
1721218673729.00, -157820, -480626, -1070 
1721218673751.00, -157827, -484089, -1052 
1721218673772.00, -156702, -487530, -1061 
1721218673794.00, -156411, -490950, -1058 
1721218673816.00, -155983, -494374, -1051 
1721218673837.00, -155280, -497765, -1076 
1721218673860.00, -156311, -501173, -1067 
1721218673881.00, -156412, -504583, -1068 
1721218673904.00, -156285, -507994, -1090 
1721218673925.00, -157676, -511408, -1067 
1721218673947.00, -157169, -514846, -1091 
1721218673969.00, -158116, -518283, -1108 
1721218673991.00, -159497, -521732, -1102 
1721218674013.00, -160017, -525218, -1109 
1721218674034.00, -160651, -528712, -1116 
1721218674056.00, -161029, -532227, -1103 
1721218674078.00, -160599, -535752, -1094 
1721218674100.00, -159899, -539257, -1113 
1721218674122.00, -160406, -542765, -1094 
1721218674143.00, -159472, -546254, -1067 
1721218674165.00, -157270, -549735, -1054 
1721218674187.00, -155112, -553170, -1028 
1721218674208.00, -152298, -556549, -1015 
1721218674231.00, -149639, -559873, -1010 
1721218674253.00, -147795, -563135, -993 
1721218674275.00, -145734, -566357, -999 
1721218674297.00, -144749, -569527, -986 
1721218674319.00, -143456, -572661, -938 
1721218674340.00, -139638, -575787, -930 
1721218674362.00, -136690, -578806, -895 
1721218674383.00, -132871, -581786, -821 
1721218674405.00, -125939, -584663, -785 
1721218674427.00, -119848, -587385, -690 
1721218674449.00, -110437, -589981, -568 
1721218674471.00, -97252, -592369, -490 
1721218674492.00, -84856, -594466, -379 
1721218674514.00, -47847, -596273, -290 
1721218674536.00, -25479, -597324, -240 
1721218674556.00, -12500, -597905, -173 
1721218674579.00, -5265, -598189, -113 
1721218674600.00, -986, -598309, -111 
1721218674624.00, 1056, -598331, -60 
1721218674643.00, 2767, -598314, 21 
1721218674664.00, 5153, -598247, 159 
1721218674686.00, 14732, -598123, 355 
1721218674708.00, 32050, -597799, 547 
1721218674730.00, 53955, -597120, 588 
1721218674751.00, 69378, -595964, 802 
1721218674773.00, 91457, -594445, 923 
1721218674795.00, 111735, -592458, 958 
1721218674815.00, 125704, -590004, 1061 
1721218674837.00, 140071, -587258, 1081 
1721218674859.00, 149558, -584181, 1092 
1721218674880.00, 155793, -580894, 1125 
1721218674903.00, 161512, -577476, 1133 
1721218674924.00, 165150, -573959, 1130 
1721218674946.00, 167091, -570348, 1143 
1721218674968.00, 168754, -566703, 1103 
1721218674990.00, 167153, -563023, 1128 
1721218675012.00, 167438, -559369, 1100 
1721218675034.00, 166119, -555711, 1125 
1721218675055.00, 166574, -552084, 1130 
1721218675077.00, 167056, -548444, 1150 
1721218675098.00, 168538, -544794, 1151 
1721218675120.00, 169485, -541103, 1150 
1721218675143.00, 169674, -537397, 1155 
1721218675164.00, 169951, -533697, 1159 
1721218675185.00, 170460, -529985, 1164 
1721218675208.00, 170918, -526265, 1178 
1721218675229.00, 171869, -522536, 1186 
1721218675251.00, 172555, -518776, 1170 
1721218675273.00, 172180, -514990, 1152 
1721218675295.00, 170671, -511233, 1150 
1721218675317.00, 169484, -507504, 1148 
1721218675339.00, 168666, -503802, 1115 
1721218675361.00, 166279, -500114, 1105 
1721218675383.00, 164137, -496475, 1110 
1721218675404.00, 163245, -492901, 1095 
1721218675425.00, 161472, -489333, 1074 
1721218675448.00, 159289, -485811, 1056 
1721218675469.00, 156853, -482321, 1036 
1721218675491.00, 153985, -478910, 1026 
1721218675514.00, 151640, -475540, 1010 
1721218675536.00, 149202, -472234, 999 
1721218675557.00, 147100, -468980, 1000 
1721218675579.00, 145876, -465776, 989 
1721218675601.00, 144354, -462596, 967 
1721218675624.00, 142144, -459459, 950 
1721218675645.00, 139992, -456371, 937 
1721218675666.00, 137618, -453327, 911 
1721218675688.00, 134692, -450325, 908 
1721218675710.00, 132782, -447415, 890 
1721218675731.00, 130480, -444524, 847 
1721218675754.00, 126466, -441699, 786 
1721218675775.00, 120283, -438946, 727 
1721218675797.00, 113180, -436332, 682 
1721218675819.00, 106266, -433877, 626 
1721218675841.00, 98457, -431592, 553 
1721218675862.00, 55954, -429468, 453 
1721218675884.00, 30414, -428262, 420 
1721218675905.00, 15756, -427583, 234 
1721218675927.00, 7103, -427233, 150 
1721218675948.00, 1933, -427084, 21 
1721218675971.00, -582, -427046, -97 
1721218675992.00, -7916, -427062, -233 
1721218676012.00, -20523, -427236, -337 
1721218676034.00, -34438, -427676, -416 
1721218676056.00, -47274, -428422, -586 
1721218676079.00, -65083, -429432, -669 
1721218676100.00, -80810, -430847, -684 
1721218676122.00, -90896, -432597, -803 
1721218676142.00, -103759, -434591, -839 
1721218676165.00, -113540, -436851, -861 
1721218676186.00, -120666, -439337, -920 
1721218676208.00, -128034, -441982, -937 
1721218676230.00, -133680, -444774, -940 
1721218676251.00, -137065, -447686, -993 
1721218676272.00, -142103, -450671, -1012 
1721218676295.00, -146173, -453791, -1021 
1721218676316.00, -148992, -456979, -1049 
1721218676338.00, -152114, -460244, -1076 
1721218676359.00, -155521, -463563, -1086 
1721218676381.00, -158162, -466981, -1086 
1721218676403.00, -159543, -470442, -1092 
1721218676425.00, -160517, -473930, -1099 
1721218676446.00, -161648, -477449, -1093 
1721218676468.00, -161656, -480968, -1095 
1721218676490.00, -161826, -484510, -1095 
1721218676512.00, -161873, -488044, -1082 
1721218676534.00, -161072, -491577, -1085 
1721218676555.00, -160617, -495087, -1057 
1721218676577.00, -158654, -498592, -1032 
1721218676599.00, -155916, -502056, -1016 
1721218676624.00, -153305, -505448, -996 
1721218676643.00, -150447, -508784, -977 
1721218676666.00, -147580, -512047, -960 
1721218676687.00, -144762, -515247, -956 
1721218676709.00, -142583, -518391, -955 
1721218676730.00, -141270, -521496, -959 
1721218676753.00, -140626, -524575, -975 
1721218676774.00, -141101, -527627, -955 
1721218676796.00, -140038, -530691, -939 
1721218676818.00, -138404, -533751, -951 
1721218676845.00, -138023, -536763, -938 
1721218676861.00, -137007, -539766, -915 
1721218676883.00, -135155, -542761, -930 
1721218676905.00, -134777, -545677, -918 
1721218676926.00, -134035, -548613, -883 
1721218676948.00, -131362, -551521, -901 
1721218676970.00, -130854, -554367, -900 
1721218676992.00, -130376, -557217, -855 
1721218677013.00, -127397, -560048, -857 
1721218677034.00, -125472, -562817, -850 
1721218677057.00, -123984, -565549, -835 
1721218677078.00, -122276, -568241, -861 
1721218677100.00, -122669, -570881, -887 
1721218677122.00, -124521, -573561, -846 
1721218677143.00, -122940, -576270, -857 
1721218677166.00, -122576, -578936, -820 
1721218677187.00, -120391, -581607, -760 
1721218677208.00, -115283, -584213, -748 
1721218677230.00, -111421, -586708, -691 
1721218677252.00, -105818, -589129, -608 
1721218677274.00, -97268, -591424, -560 
1721218677296.00, -89281, -593513, -474 
1721218677317.00, -50645, -595424, -371 
1721218677338.00, -27505, -596527, -334 
1721218677360.00, -14156, -597149, -287 
1721218677381.00, -6289, -597467, -250 
1721218677403.00, -1612, -597613, -259 
1721218677425.00, 212, -597652, -234 
1721218677446.00, 1795, -597650, -217 
1721218677468.00, 2965, -597616, -182 
1721218677490.00, 3511, -597554, -159 
1721218677511.00, 4027, -597474, -129 
1721218677533.00, 4017, -597388, -95 
1721218677554.00, 4128, -597299, -73 
1721218677576.00, 4040, -597210, -53 
1721218677598.00, 4055, -597118, -33 
1721218677619.00, 3948, -597031, -15 
1721218677641.00, 3726, -596947, -5 
1721218677664.00, 3575, -596865, 1 
1721218677684.00, 3425, -596788, 5 
1721218677705.00, 3445, -596713, 15 
1721218677726.00, 4190, -596638, 22 
1721218677776.00, 5050, -596547, 36 
1721218677776.00, 6560, -596440, 24 
1721218677791.00, 6527, -596300, 31 
1721218677812.00, 0, -596161, -12 
1721218677833.00, 0, -596135, -2 
1721218677854.00, 16, -596134, -7 
1721218677875.00, 0, -596134, 0 
1721218677896.00, 0, -596133, 8 
1721218677916.00, 0, -596133, 3 
1721218677938.00, 0, -596135, 4 
1721218677958.00, 0, -596135, 11 
1721218677979.00, 24, -596134, 6 
1721218678000.00, 0, -596133, 10 
1721218678021.00, 0, -596135, 15 
1721218678042.00, 0, -596134, 9 
1721218678063.00, 0, -596134, 1 
1721218678084.00, 0, -596133, 2 
1721218678104.00, 0, -596134, 2 
1721218678126.00, 0, -596134, 3 
1721218678146.00, 0, -596134, 9 
1721218678168.00, 0, -596134, 14 
1721218678188.00, 0, -596133, 15 
1721218678209.00, 0, -596133, 14 
1721218678230.00, 0, -596134, 15 
1721218678251.00, -3, -596133, 15 
1721218678273.00, 0, -596134, 14 
1721218678293.00, 0, -596134, 12 
1721218678315.00, 0, -596134, 13 
1721218678334.00, 0, -596133, 15 
1721218678356.00, 0, -596134, 15 
1721218678377.00, 0, -596134, 14 
1721218678398.00, 0, -596134, 15 
1721218678433.00, 0, -596133, 18 
1721218678440.00, 0, -596134, 19 
1721218678461.00, 0, -596134, 17 
1721218678482.00, 0, -596133, 16 
1721218678502.00, 0, -596133, 17 
1721218678524.00, 0, -596133, 18 
1721218678545.00, 0, -596132, 19 
1721218678565.00, 0, -596133, 17 
1721218678586.00, 0, -596134, 18 
1721218678607.00, 0, -596134, 18 
1721218678628.00, 0, -596133, 19 
1721218678648.00, 0, -596133, 20 
1721218678670.00, 0, -596133, 19 
1721218678691.00, 0, -596133, 19 
1721218678712.00, 0, -596134, 19 
1721218678733.00, 0, -596134, 20 
1721218678754.00, 0, -596133, 20 
1721218678775.00, 0, -596135, 18 
1721218678796.00, 0, -596133, 16 
1721218678817.00, -15, -596134, 15 
1721218678838.00, 0, -596133, 15 
1721218678859.00, 0, -596133, 14 
1721218678880.00, 0, -596134, 13 
1721218678900.00, 0, -596133, 13 
1721218678922.00, 0, -596134, 15 
1721218678942.00, 0, -596133, 17 
1721218678964.00, 0, -596133, 19 
1721218678984.00, 0, -596133, 20 
1721218679005.00, 0, -596134, 20 
1721218679026.00, 0, -596133, 22 
1721218679047.00, 0, -596133, 24 
1721218679068.00, 0, -596133, 26 
1721218679088.00, 0, -596132, 27 
1721218679110.00, 0, -596133, 27 
1721218679131.00, 0, -596134, 28 
1721218679151.00, 0, -596133, 30 
1721218679172.00, 0, -596132, 31 
1721218679193.00, 0, -596133, 32 
1721218679215.00, 0, -596133, 32 
1721218679236.00, 0, -596133, 33 
1721218679257.00, 0, -596133, 35 
1721218679277.00, 0, -596132, 37 
1721218679298.00, 0, -596132, 39 
1721218679319.00, 0, -596132, 41 
1721218679340.00, 0, -596133, 41 
1721218679361.00, 0, -596132, 39 
1721218679382.00, 0, -596132, 37 
1721218679402.00, 0, -596132, 36 
1721218679423.00, 0, -596131, 35 
1721218679445.00, 0, -596132, 35 
1721218679466.00, 0, -596132, 37 
1721218679488.00, 0, -596133, 38 
1721218679508.00, 0, -596131, 38 
1721218679528.00, -59, -596132, 38 
1721218679550.00, 0, -596133, 38 
1721218679570.00, 0, -596133, 38 
1721218679591.00, 0, -596133, 38 
1721218679612.00, 0, -596132, 39 
1721218679634.00, 0, -596132, 40 
1721218679654.00, 0, -596132, 40 
1721218679675.00, 0, -596132, 39 
1721218679696.00, 0, -596132, 38 
1721218679717.00, 0, -596133, 38 
1721218679738.00, 0, -596132, 37 
1721218679759.00, 0, -596132, 37 
1721218679780.00, 0, -596133, 39 
1721218679801.00, 0, -596131, 43 
1721218679821.00, 0, -596132, 46 
1721218679842.00, 0, -596132, 48 
1721218679863.00, 0, -596132, 53 
1721218679884.00, 0, -596132, 54 
1721218679906.00, 0, -596133, 53 
1721218679927.00, 0, -596131, 53 
1721218679947.00, 0, -596131, 53 
1721218679968.00, 0, -596131, 52 
1721218679990.00, 0, -596131, 53 
1721218680010.00, 0, -596131, 53 
1721218680031.00, 0, -596131, 54 
1721218680053.00, 0, -596131, 55 
1721218680073.00, 0, -596132, 55 
1721218680094.00, 0, -596131, 56 
1721218680115.00, 0, -596131, 56 
1721218680136.00, 0, -596131, 56 
1721218680156.00, 0, -596131, 56 
1721218680178.00, 17, -596130, 56 
1721218680199.00, 0, -596131, 55 
1721218680219.00, 0, -596131, 53 
1721218680241.00, 0, -596131, 51 
1721218680262.00, 0, -596131, 50 
1721218680283.00, 0, -596131, 49 
1721218680304.00, 0, -596131, 48 
1721218680324.00, 0, -596131, 48 
1721218680346.00, 0, -596131, 48 
1721218680366.00, 0, -596131, 48 
1721218680388.00, 0, -596132, 49 
1721218680409.00, 0, -596131, 49 
1721218680430.00, 0, -596132, 49 
1721218680450.00, 0, -596131, 50 
1721218680472.00, 0, -596132, 50 
1721218680492.00, 0, -596131, 50 
1721218680513.00, 0, -596133, 50 
1721218680533.00, 0, -596132, 49 
1721218680554.00, 0, -596132, 49 
1721218680576.00, 0, -596131, 49 
1721218680596.00, 0, -596132, 48 
1721218680617.00, 0, -596132, 48 
1721218680639.00, 0, -596132, 48 
1721218680660.00, 0, -596131, 49 
1721218680681.00, 0, -596131, 49 
1721218680701.00, 0, -596131, 49 
1721218680723.00, 0, -596131, 48 
