1720702318261.00, 481, -599518, -485 
1720702318283.00, 493, -599507, -483 
1720702318305.00, 493, -599497, -483 
1720702318326.00, 500, -599485, -481 
1720702318348.00, 494, -599475, -472 
1720702318372.00, 525, -599465, -468 
1720702318390.00, 493, -599454, -467 
1720702318413.00, 464, -599444, -465 
1720702318434.00, 414, -599432, -460 
1720702318456.00, 400, -599423, -456 
1720702318478.00, 383, -599414, -453 
1720702318499.00, 370, -599405, -447 
1720702318520.00, 364, -599399, -444 
1720702318542.00, 332, -599389, -437 
1720702318563.00, 336, -599382, -440 
1720702318587.00, 329, -599376, -438 
1720702318607.00, 284, -599367, -436 
1720702318628.00, 290, -599361, -442 
1720702318650.00, 302, -599355, -435 
1720702318671.00, 303, -599349, -430 
1720702318697.00, 291, -599342, -428 
1720702318714.00, 271, -599335, -428 
1720702318735.00, 264, -599329, -426 
1720702318756.00, 227, -599325, -428 
1720702318779.00, 226, -599320, -433 
1720702318800.00, 230, -599316, -435 
1720702318822.00, 225, -599310, -434 
1720702318843.00, 218, -599305, -430 
1720702318865.00, 248, -599299, -430 
1720702318887.00, 233, -599294, -429 
1720702318908.00, 218, -599289, -429 
1720702318930.00, 214, -599284, -429 
1720702318951.00, 209, -599280, -430 
1720702318972.00, 223, -599275, -431 
1720702318994.00, 226, -599271, -430 
1720702319015.00, 231, -599266, -428 
1720702319038.00, 260, -599262, -429 
1720702319059.00, 255, -599255, -430 
1720702319080.00, 226, -599251, -427 
1720702319101.00, 227, -599246, -427 
1720702319123.00, 214, -599241, -427 
1720702319145.00, 198, -599235, -426 
1720702319166.00, 180, -599231, -425 
1720702319188.00, 174, -599227, -426 
1720702319209.00, 174, -599224, -425 
1720702319231.00, 175, -599221, -422 
1720702319253.00, 175, -599216, -420 
1720702319275.00, 181, -599215, -418 
1720702319296.00, 185, -599210, -417 
1720702319317.00, 174, -599206, -413 
1720702319339.00, 155, -599203, -408 
1720702319361.00, 136, -599198, -404 
1720702319382.00, 113, -599195, -403 
1720702319403.00, 99, -599193, -407 
1720702319425.00, 91, -599191, -413 
1720702319446.00, 95, -599188, -414 
1720702319470.00, 76, -599187, -417 
1720702319489.00, 88, -599185, -421 
1720702319510.00, 86, -599184, -424 
1720702319532.00, 102, -599182, -427 
1720702319554.00, 106, -599180, -426 
1720702319583.00, 81, -599178, -426 
1720702319597.00, 97, -599176, -429 
1720702319618.00, 94, -599174, -431 
1720702319640.00, 96, -599173, -429 
1720702319661.00, 99, -599170, -425 
1720702319684.00, 102, -599169, -422 
1720702319704.00, 101, -599166, -418 
1720702319726.00, 109, -599162, -416 
1720702319747.00, 93, -599161, -416 
1720702319768.00, 80, -599159, -420 
1720702319791.00, 102, -599157, -417 
1720702319811.00, 107, -599154, -408 
1720702319834.00, 113, -599152, -395 
1720702319855.00, 107, -599150, -383 
1720702319877.00, 86, -599148, -381 
1720702319901.00, 85, -599145, -380 
1720702319920.00, 82, -599144, -378 
1720702319940.00, 82, -599141, -374 
1720702319962.00, 87, -599139, -366 
1720702319984.00, 99, -599137, -356 
1720702320005.00, 82, -599134, -348 
1720702320027.00, 82, -599132, -345 
1720702320048.00, 65, -599130, -348 
1720702320069.00, 55, -599130, -351 
1720702320091.00, 58, -599128, -355 
1720702320113.00, 61, -599128, -360 
1720702320134.00, 51, -599126, -359 
1720702320155.00, 61, -599126, -350 
1720702320177.00, 91, -599123, -337 
1720702320198.00, 109, -599121, -318 
1720702320220.00, 108, -599117, -305 
1720702320241.00, 74, -599115, -300 
1720702320263.00, 41, -599113, -307 
1720702320284.00, 12, -599112, -315 
1720702320305.00, -5, -599112, -323 
1720702320327.00, 0, -599111, -330 
1720702320348.00, 0, -599112, -335 
1720702320369.00, -1, -599112, -336 
1720702320391.00, 64, -599111, -336 
1720702320412.00, 1, -599111, -334 
1720702320433.00, 67, -599111, -330 
1720702320455.00, 33, -599110, -328 
1720702320477.00, 1, -599111, -327 
1720702320498.00, -5, -599110, -330 
1720702320519.00, 0, -599110, -333 
1720702320541.00, -1, -599109, -335 
1720702320562.00, 0, -599109, -335 
1720702320583.00, 36, -599109, -335 
1720702320605.00, 67, -599110, -330 
1720702320626.00, 0, -599108, -326 
1720702320648.00, 63, -599108, -325 
1720702320668.00, 1, -599108, -326 
1720702320690.00, 65, -599108, -327 
1720702320712.00, 7, -599108, -327 
1720702320733.00, 0, -599107, -329 
1720702320754.00, 51, -599106, -333 
1720702320776.00, 0, -599107, -335 
1720702320797.00, 0, -599107, -335 
1720702320818.00, 38, -599107, -334 
1720702320840.00, 0, -599106, -331 
1720702320861.00, 1, -599107, -328 
1720702320884.00, 0, -599105, -328 
1720702320904.00, 0, -599106, -328 
1720702320925.00, 0, -599106, -329 
1720702320946.00, 0, -599104, -331 
1720702320967.00, 0, -599105, -333 
1720702320989.00, 0, -599106, -335 
1720702321010.00, 0, -599105, -334 
1720702321031.00, 0, -599106, -333 
1720702321053.00, 4, -599105, -333 
1720702321074.00, 0, -599105, -332 
1720702321095.00, 0, -599105, -330 
1720702321116.00, 0, -599105, -330 
1720702321138.00, 47, -599105, -329 
1720702321159.00, 0, -599103, -328 
1720702321181.00, 0, -599104, -328 
1720702321201.00, 0, -599104, -331 
1720702321225.00, 0, -599104, -334 
1720702321245.00, 0, -599104, -336 
1720702321266.00, 0, -599104, -335 
1720702321287.00, 0, -599105, -334 
1720702321309.00, 0, -599104, -332 
1720702321330.00, 0, -599104, -332 
1720702321351.00, 0, -599104, -335 
1720702321372.00, 0, -599104, -337 
1720702321393.00, 0, -599104, -336 
1720702321414.00, 0, -599104, -332 
1720702321441.00, 34, -599103, -330 
1720702321457.00, 55, -599103, -330 
1720702321479.00, 0, -599103, -331 
1720702321500.00, 65, -599104, -331 
1720702321522.00, 0, -599104, -330 
1720702321547.00, 0, -599103, -329 
1720702321564.00, 10, -599104, -329 
1720702321586.00, 0, -599103, -333 
1720702321608.00, -3, -599104, -339 
1720702321628.00, 0, -599103, -339 
1720702321650.00, 0, -599103, -337 
1720702321671.00, 0, -599103, -335 
1720702321692.00, 0, -599103, -334 
1720702321713.00, 0, -599103, -338 
1720702321735.00, 0, -599103, -340 
1720702321757.00, 0, -599103, -343 
1720702321777.00, 0, -599103, -342 
1720702321799.00, 0, -599103, -339 
1720702321820.00, 0, -599103, -337 
1720702321841.00, 0, -599103, -337 
1720702321863.00, 0, -599103, -337 
1720702321884.00, 11, -599103, -337 
1720702321905.00, 0, -599103, -337 
1720702321926.00, 0, -599103, -337 
1720702321947.00, 0, -599103, -337 
1720702321969.00, 0, -599103, -337 
1720702321990.00, 0, -599103, -337 
1720702322012.00, 0, -599102, -340 
1720702322033.00, 0, -599102, -340 
1720702322055.00, 53, -599102, -339 
1720702322076.00, 0, -599102, -338 
1720702322097.00, -25, -599102, -337 
1720702322118.00, 0, -599102, -337 
1720702322139.00, 0, -599103, -337 
1720702322161.00, 46, -599102, -337 
1720702322183.00, 60, -599102, -337 
1720702322203.00, 0, -599102, -337 
1720702322225.00, 0, -599102, -338 
1720702322246.00, 67, -599102, -339 
1720702322268.00, 0, -599102, -338 
1720702322289.00, 0, -599102, -337 
1720702322311.00, 59, -599102, -337 
1720702322331.00, 0, -599102, -338 
1720702322353.00, 0, -599102, -338 
1720702322373.00, 0, -599101, -339 
1720702322397.00, 0, -599101, -338 
1720702322418.00, 0, -599102, -338 
1720702322439.00, 2, -599100, -339 
1720702322461.00, 62, -599101, -339 
1720702322482.00, 0, -599100, -339 
1720702322503.00, 0, -599103, -338 
1720702322525.00, 0, -599101, -337 
1720702322546.00, 0, -599101, -336 
1720702322567.00, 0, -599101, -336 
1720702322588.00, 0, -599100, -337 
1720702322609.00, 0, -599100, -337 
1720702322635.00, 0, -599101, -338 
1720702322652.00, 0, -599099, -338 
1720702322674.00, 68, -599099, -335 
1720702322695.00, 0, -599098, -331 
1720702322716.00, 0, -599100, -324 
1720702322737.00, 0, -599098, -319 
1720702322759.00, 0, -599097, -311 
1720702322781.00, 51, -599097, -303 
1720702322801.00, -1, -599097, -301 
1720702322822.00, -5, -599097, -304 
1720702322844.00, 1, -599096, -297 
1720702322866.00, 1, -599096, -282 
1720702322887.00, 23, -599093, -268 
1720702322909.00, 34, -599093, -254 
1720702322930.00, 51, -599092, -242 
1720702322951.00, 86, -599091, -231 
1720702322973.00, 152, -599088, -226 
1720702322994.00, 145, -599086, -221 
1720702323016.00, 100, -599081, -207 
1720702323038.00, 75, -599077, -190 
1720702323059.00, 61, -599075, -172 
1720702323081.00, 63, -599072, -151 
1720702323102.00, 63, -599069, -128 
1720702323123.00, 78, -599065, -100 
1720702323145.00, 103, -599061, -69 
1720702323166.00, 113, -599059, -38 
1720702323188.00, 68, -599055, -19 
1720702323209.00, 54, -599053, -23 
1720702323230.00, 68, -599052, -20 
1720702323251.00, 16, -599050, -21 
1720702323273.00, 1, -599049, -16 
1720702323294.00, 1, -599048, -10 
1720702323315.00, -3, -599046, 5 
1720702323337.00, 68, -599045, 26 
1720702323359.00, 1758, -599041, 56 
1720702323380.00, 4601, -599002, 89 
1720702323402.00, 8319, -598904, 135 
1720702323423.00, 13250, -598717, 195 
1720702323445.00, 19819, -598425, 284 
1720702323466.00, 28982, -597996, 355 
1720702323488.00, 38870, -597377, 363 
1720702323511.00, 45070, -596536, 558 
1720702323530.00, 60279, -595573, 541 
1720702323552.00, 68576, -594261, 586 
1720702323574.00, 76164, -592779, 639 
1720702323596.00, 83574, -591128, 658 
1720702323618.00, 88943, -589315, 684 
1720702323639.00, 93961, -587381, 706 
1720702323661.00, 98127, -585353, 739 
1720702323683.00, 102457, -583216, 754 
1720702323704.00, 105978, -580988, 769 
1720702323726.00, 108812, -578682, 799 
1720702323748.00, 112319, -576304, 824 
1720702323769.00, 115696, -573856, 835 
1720702323791.00, 118524, -571334, 860 
1720702323813.00, 121491, -568758, 896 
1720702323841.00, 125377, -566104, 927 
1720702323856.00, 129456, -563382, 942 
1720702323878.00, 132857, -560549, 960 
1720702323900.00, 135887, -557648, 987 
1720702323922.00, 139185, -554705, 993 
1720702323942.00, 141431, -551666, 1012 
1720702323964.00, 144086, -548569, 1019 
1720702323986.00, 145883, -545424, 1024 
1720702324007.00, 147116, -542240, 1046 
1720702324029.00, 149168, -539030, 1061 
1720702324051.00, 151372, -535758, 1075 
1720702324073.00, 153298, -532447, 1099 
1720702324095.00, 155906, -529095, 1129 
1720702324117.00, 159200, -525688, 1154 
1720702324138.00, 162490, -522206, 1152 
1720702324160.00, 164145, -518652, 1149 
1720702324182.00, 165180, -515048, 1176 
1720702324203.00, 167214, -511452, 1178 
1720702324226.00, 168479, -507789, 1171 
1720702324247.00, 168794, -504107, 1174 
1720702324269.00, 169173, -500428, 1185 
1720702324291.00, 169920, -496729, 1188 
1720702324313.00, 170613, -493015, 1169 
1720702324334.00, 169802, -489292, 1156 
1720702324357.00, 168417, -485583, 1150 
1720702324378.00, 167097, -481897, 1126 
1720702324401.00, 164866, -478258, 1110 
1720702324422.00, 162635, -474659, 1087 
1720702324448.00, 159847, -471125, 1050 
1720702324467.00, 155880, -467634, 991 
1720702324489.00, 149855, -464249, 962 
1720702324511.00, 144651, -461003, 922 
1720702324532.00, 138934, -457867, 916 
1720702324553.00, 135072, -454844, 895 
1720702324576.00, 131556, -451904, 798 
1720702324597.00, 123598, -449065, 709 
1720702324618.00, 113481, -446377, 664 
1720702324640.00, 104604, -443919, 624 
1720702324662.00, 97156, -441672, 505 
1720702324684.00, 85155, -439575, 444 
1720702324705.00, 74488, -437727, 367 
1720702324727.00, 63579, -436119, 262 
1720702324749.00, 50922, -434759, 159 
1720702324770.00, 36973, -433656, 80 
1720702324792.00, 23994, -432857, -35 
1720702324814.00, 9578, -432336, -154 
1720702324834.00, -5313, -432122, -255 
1720702324857.00, -21121, -432216, -245 
1720702324879.00, -29744, -432658, -457 
1720702324900.00, -47292, -433293, -479 
1720702324921.00, -59193, -434305, -517 
1720702324943.00, -68340, -435599, -592 
1720702324965.00, -78065, -437074, -615 
1720702324987.00, -85209, -438785, -648 
1720702325008.00, -91321, -440620, -643 
1720702325029.00, -94414, -442606, -661 
1720702325051.00, -97555, -444669, -687 
1720702325073.00, -100890, -446779, -707 
1720702325095.00, -103753, -448967, -670 
1720702325117.00, -103381, -451245, -677 
1720702325138.00, -103325, -453486, -713 
1720702325160.00, -105475, -455731, -746 
1720702325181.00, -108634, -458040, -777 
1720702325203.00, -112311, -460408, -807 
1720702325225.00, -116154, -462845, -837 
1720702325247.00, -119993, -465368, -858 
1720702325268.00, -123505, -468004, -853 
1720702325290.00, -125384, -470701, -871 
1720702325312.00, -127441, -473418, -899 
1720702325334.00, -130220, -476198, -895 
1720702325355.00, -131670, -479030, -892 
1720702325385.00, -132086, -481893, -902 
1720702325399.00, -132838, -484788, -906 
1720702325421.00, -133538, -487679, -893 
1720702325442.00, -133187, -490581, -937 
1720702325464.00, -135428, -493487, -961 
1720702325490.00, -138350, -496424, -979 
1720702325506.00, -140995, -499436, -1005 
1720702325528.00, -143958, -502521, -1044 
1720702325550.00, -148060, -505663, -1061 
1720702325571.00, -151520, -508906, -1043 
1720702325599.00, -152398, -512220, -1057 
1720702325616.00, -153628, -515544, -1044 
1720702325637.00, -153562, -518911, -1031 
1720702325659.00, -152745, -522252, -1054 
1720702325680.00, -153441, -525592, -1067 
1720702325704.00, -154352, -528936, -1040 
1720702325725.00, -153022, -532320, -1050 
1720702325746.00, -152949, -535675, -1069 
1720702325767.00, -154118, -539012, -1031 
1720702325789.00, -152590, -542390, -1030 
1720702325811.00, -151217, -545710, -1053 
1720702325834.00, -151860, -549021, -1037 
1720702325855.00, -151454, -552336, -1031 
1720702325877.00, -150571, -555631, -1039 
1720702325899.00, -150483, -558934, -1024 
1720702325921.00, -149568, -562219, -1005 
1720702325951.00, -147716, -565479, -991 
1720702325965.00, -145809, -568696, -990 
1720702325987.00, -144512, -571845, -949 
1720702326009.00, -141322, -574998, -901 
1720702326031.00, -136141, -578055, -899 
1720702326052.00, -133171, -581017, -840 
1720702326074.00, -127817, -583909, -800 
1720702326096.00, -122213, -586677, -743 
1720702326118.00, -115194, -589329, -699 
1720702326140.00, -108427, -591831, -615 
1720702326161.00, -99431, -594171, -567 
1720702326183.00, -56485, -596301, -534 
1720702326204.00, -30824, -597538, -475 
1720702326226.00, -15717, -598240, -459 
1720702326248.00, -7238, -598602, -420 
1720702326269.00, -2169, -598768, -428 
1720702326290.00, 96, -598815, -325 
1720702326312.00, 1751, -598811, -240 
1720702326333.00, 2902, -598772, -89 
1720702326357.00, 3564, -598699, 34 
1720702326376.00, 6142, -598601, 191 
1720702326398.00, 16762, -598454, 420 
1720702326420.00, 37008, -598092, 507 
1720702326442.00, 54243, -597298, 724 
1720702326463.00, 77291, -596125, 891 
1720702326485.00, 101202, -594437, 946 
1720702326505.00, 118742, -592228, 1027 
1720702326527.00, 133961, -589610, 1110 
1720702326549.00, 147872, -586676, 1105 
1720702326574.00, 155716, -583435, 1153 
1720702326592.00, 163002, -580035, 1156 
1720702326614.00, 167367, -576455, 1166 
1720702326636.00, 170496, -572805, 1191 
1720702326658.00, 173548, -569076, 1190 
1720702326686.00, 174743, -565283, 1185 
1720702326701.00, 174723, -561462, 1212 
1720702326725.00, 174737, -557635, 1229 
1720702326745.00, 174600, -553822, 1232 
1720702326767.00, 174860, -550006, 1248 
1720702326793.00, 174843, -546191, 1253 
1720702326811.00, 174734, -542377, 1299 
1720702326832.00, 174704, -538564, 1330 
1720702326855.00, 174886, -534739, 1344 
1720702326876.00, 174736, -530916, 1372 
1720702326903.00, 174663, -527099, 1430 
1720702326920.00, 174629, -523281, 1456 
1720702326941.00, 174887, -519471, 1478 
1720702326963.00, 174815, -515640, 1489 
1720702326985.00, 174726, -511823, 1513 
1720702327012.00, 174743, -507996, 1539 
1720702327029.00, 174706, -504188, 1560 
1720702327051.00, 174847, -500371, 1579 
1720702327073.00, 174919, -496547, 1589 
1720702327094.00, 174912, -492728, 1591 
1720702327123.00, 174571, -488915, 1597 
1720702327138.00, 174661, -485101, 1603 
1720702327159.00, 174778, -481288, 1600 
1720702327181.00, 174701, -477484, 1589 
1720702327203.00, 174842, -473659, 1553 
1720702327231.00, 174806, -469826, 1533 
1720702327247.00, 174764, -466024, 1531 
1720702327268.00, 174633, -462197, 1514 
1720702327291.00, 174817, -458389, 1472 
1720702327313.00, 174955, -454573, 1449 
1720702327335.00, 174539, -450767, 1427 
1720702327356.00, 174625, -446944, 1346 
1720702327378.00, 174654, -443137, 1257 
1720702327400.00, 174606, -439326, 1174 
1720702327422.00, 174261, -435521, 1025 
1720702327448.00, 164923, -431734, 851 
1720702327467.00, 95244, -428182, 687 
1720702327488.00, 54772, -426098, 606 
1720702327509.00, 31450, -424926, 417 
1720702327531.00, 18306, -424223, 331 
1720702327552.00, 10478, -423819, 261 
1720702327575.00, 5578, -423601, 122 
1720702327596.00, 2706, -423494, -49 
1720702327618.00, -805, -423445, -209 
1720702327639.00, -13133, -423464, -244 
1720702327660.00, -22727, -423752, -509 
1720702327681.00, -44512, -424241, -527 
1720702327704.00, -58587, -425186, -556 
1720702327726.00, -68634, -426449, -651 
1720702327747.00, -80041, -427947, -647 
1720702327770.00, -86722, -429681, -682 
1720702327791.00, -92517, -431563, -708 
1720702327812.00, -97611, -433569, -735 
1720702327834.00, -102227, -435701, -773 
1720702327856.00, -107108, -437933, -811 
1720702327879.00, -112256, -440251, -836 
1720702327899.00, -116728, -442709, -839 
1720702327921.00, -119632, -445260, -880 
1720702327942.00, -123739, -447860, -898 
1720702327964.00, -127177, -450563, -917 
1720702327986.00, -130150, -453330, -921 
1720702328008.00, -132417, -456156, -845 
1720702328030.00, -128918, -459039, -905 
1720702328051.00, -130211, -461851, -904 
1720702328073.00, -130998, -464686, -892 
1720702328095.00, -130784, -467546, -885 
1720702328116.00, -130099, -470387, -928 
1720702328138.00, -132179, -473209, -971 
1720702328160.00, -136028, -476091, -967 
1720702328181.00, -138149, -479060, -978 
1720702328202.00, -140011, -482056, -1032 
1720702328224.00, -144047, -485139, -1082 
1720702328246.00, -149568, -488287, -1078 
1720702328267.00, -152510, -491559, -1077 
1720702328289.00, -154130, -494900, -1080 
1720702328311.00, -155218, -498259, -1072 
1720702328336.00, -155349, -501668, -1087 
1720702328355.00, -156401, -505053, -1091 
1720702328376.00, -157323, -508470, -1064 
1720702328398.00, -156161, -511901, -1102 
1720702328420.00, -157404, -515309, -1101 
1720702328446.00, -158240, -518748, -1080 
1720702328464.00, -157447, -522202, -1141 
1720702328485.00, -160258, -525643, -1128 
1720702328507.00, -161352, -529150, -1043 
1720702328529.00, -156741, -532672, -1113 
1720702328551.00, -158221, -536108, -1118 
1720702328573.00, -159020, -539554, -1131 
1720702328595.00, -160595, -543034, -1148 
1720702328616.00, -162477, -546538, -1203 
1720702328638.00, -166796, -550108, -1219 
1720702328660.00, -170476, -553736, -1225 
1720702328682.00, -172990, -557459, -1226 
1720702328704.00, -174339, -561234, -1219 
1720702328725.00, -174667, -565046, -1190 
1720702328747.00, -172888, -568867, -1165 
1720702328769.00, -170199, -572635, -1092 
1720702328792.00, -164192, -576348, -985 
1720702328814.00, -154332, -579890, -908 
1720702328835.00, -143457, -583252, -838 
1720702328857.00, -132946, -586351, -735 
1720702328879.00, -120308, -589227, -630 
1720702328901.00, -106344, -591838, -544 
1720702328922.00, -92988, -594130, -456 
1720702328944.00, -51961, -596113, -347 
1720702328966.00, -27716, -597259, -315 
1720702328991.00, -13282, -597885, -252 
1720702329009.00, -4999, -598186, -155 
1720702329030.00, -263, -598306, -109 
1720702329052.00, 1816, -598317, -33 
1720702329073.00, 3228, -598285, 17 
1720702329099.00, 5424, -598211, 67 
1720702329116.00, 9554, -598077, 224 
1720702329137.00, 21414, -597854, 446 
1720702329159.00, 41641, -597384, 717 
1720702329181.00, 70163, -596497, 784 
1720702329203.00, 91369, -594977, 914 
1720702329223.00, 111453, -592975, 1113 
1720702329245.00, 135112, -590523, 1156 
1720702329267.00, 151939, -587557, 1178 
1720702329289.00, 162959, -584219, 1243 
1720702329312.00, 173237, -580641, 1247 
1720702329333.00, 175005, -576849, 1272 
1720702329355.00, 174778, -573030, 1281 
1720702329376.00, 174816, -569217, 1305 
1720702329398.00, 174646, -565391, 1348 
1720702329420.00, 174858, -561582, 1366 
1720702329442.00, 174558, -557753, 1397 
1720702329463.00, 174751, -553933, 1441 
1720702329485.00, 174591, -550122, 1471 
1720702329507.00, 174739, -546305, 1487 
1720702329531.00, 174782, -542488, 1524 
1720702329550.00, 174714, -538675, 1551 
1720702329572.00, 174860, -534854, 1568 
1720702329594.00, 174737, -531027, 1585 
1720702329616.00, 174659, -527208, 1617 
1720702329640.00, 174734, -523402, 1649 
1720702329660.00, 174716, -519575, 1690 
1720702329681.00, 174709, -515752, 1700 
1720702329703.00, 174840, -511935, 1727 
1720702329725.00, 174890, -508106, 1770 
1720702329748.00, 174557, -504304, 1786 
1720702329768.00, 174579, -500480, 1807 
1720702329791.00, 174791, -496661, 1836 
1720702329812.00, 174594, -492843, 1855 
1720702329834.00, 174485, -489029, 1853 
1720702329856.00, 174517, -485217, 1850 
1720702329878.00, 174542, -481408, 1825 
1720702329900.00, 174536, -477606, 1811 
1720702329921.00, 174577, -473792, 1806 
1720702329943.00, 174794, -469965, 1792 
1720702329965.00, 174553, -466161, 1772 
1720702329987.00, 174392, -462335, 1757 
1720702330009.00, 174285, -458529, 1703 
1720702330030.00, 174473, -454716, 1628 
1720702330051.00, 174576, -450920, 1606 
1720702330078.00, 174522, -447100, 1543 
1720702330096.00, 174497, -443292, 1447 
1720702330118.00, 174226, -439489, 1367 
1720702330140.00, 174195, -435683, 1281 
1720702330161.00, 174153, -431882, 1130 
1720702330185.00, 95805, -428103, 924 
1720702330206.00, 50481, -425998, 823 
1720702330227.00, 25003, -424911, 578 
1720702330249.00, 10279, -424348, 466 
1720702330270.00, 1731, -424116, 376 
1720702330293.00, -2705, -424083, 178 
1720702330314.00, -5122, -424152, -13 
1720702330335.00, -7440, -424272, -146 
1720702330357.00, -17218, -424440, -273 
1720702330378.00, -30192, -424814, -413 
1720702330402.00, -46321, -425457, -496 
1720702330422.00, -60611, -426440, -519 
1720702330444.00, -70475, -427755, -544 
1720702330465.00, -77599, -429290, -593 
1720702330486.00, -84688, -430972, -632 
1720702330510.00, -91115, -432806, -666 
1720702330530.00, -97021, -434799, -692 
1720702330551.00, -101830, -436901, -753 
1720702330573.00, -108152, -439125, -793 
1720702330595.00, -114297, -441494, -820 
1720702330627.00, -119561, -443984, -843 
1720702330639.00, -123796, -446580, -862 
1720702330660.00, -127266, -449275, -903 
1720702330682.00, -131900, -452071, -881 
1720702330704.00, -132761, -454937, -870 
1720702330727.00, -132805, -457829, -885 
1720702330747.00, -133633, -460725, -870 
1720702330769.00, -133340, -463618, -866 
1720702330791.00, -132659, -466517, -900 
1720702330812.00, -134082, -469411, -915 
1720702330834.00, -135683, -472320, -928 
1720702330856.00, -137388, -475288, -927 
1720702330877.00, -138158, -478289, -936 
1720702330899.00, -139331, -481284, -950 
1720702330921.00, -140684, -484332, -967 
1720702330942.00, -142287, -487391, -1016 
1720702330963.00, -145986, -490497, -1032 
1720702330985.00, -149329, -493704, -1028 
1720702331007.00, -150830, -496962, -1022 
1720702331028.00, -151154, -500266, -1091 
1720702331050.00, -155516, -503578, -1072 
1720702331072.00, -156928, -506970, -1048 
1720702331094.00, -156224, -510399, -1070 
1720702331116.00, -156850, -513812, -1052 
1720702331137.00, -156182, -517238, -1057 
1720702331160.00, -156151, -520653, -1075 
1720702331181.00, -157169, -524058, -1068 
1720702331203.00, -157104, -527495, -1106 
1720702331225.00, -159329, -530918, -1130 
1720702331247.00, -162214, -534407, -1090 
1720702331269.00, -161338, -537942, -1155 
1720702331292.00, -164594, -541467, -1177 
1720702331312.00, -167456, -545065, -1105 
1720702331334.00, -165049, -548736, -1156 
1720702331356.00, -166315, -552334, -1135 
1720702331383.00, -165833, -555961, -1094 
1720702331400.00, -163059, -559593, -1069 
1720702331421.00, -159987, -563134, -1075 
1720702331443.00, -158317, -566635, -1083 
1720702331465.00, -157649, -570079, -1027 
1720702331487.00, -154063, -573521, -1000 
1720702331509.00, -150166, -576885, -1004 
1720702331532.00, -147976, -580149, -970 
1720702331553.00, -144626, -583368, -878 
1720702331575.00, -137167, -586499, -809 
1720702331597.00, -128286, -589465, -735 
1720702331618.00, -118476, -592243, -635 
1720702331640.00, -106581, -594799, -505 
1720702331662.00, -60708, -597077, -387 
1720702331683.00, -33363, -598411, -362 
1720702331704.00, -17271, -599149, -206 
1720702331727.00, -8089, -599534, -159 
1720702331748.00, -2824, -599718, -108 
1720702331770.00, 46, -599777, -1 
1720702331791.00, 1796, -599770, 130 
1720702331812.00, 10789, -599720, 378 
1720702331833.00, 31018, -599485, 569 
1720702331856.00, 54453, -598834, 796 
1720702331878.00, 82161, -597660, 884 
1720702331898.00, 104194, -595877, 1009 
1720702331920.00, 124341, -593588, 1097 
1720702331942.00, 141533, -590850, 1160 
1720702331963.00, 155389, -587752, 1224 
1720702331985.00, 167195, -584339, 1247 
1720702332007.00, 175352, -580685, 1268 
1720702332029.00, 175001, -576842, 1289 
1720702332051.00, 174697, -573017, 1323 
1720702332072.00, 174763, -569196, 1316 
1720702332095.00, 174678, -565391, 1360 
1720702332116.00, 174781, -561564, 1365 
1720702332138.00, 174458, -557746, 1390 
1720702332159.00, 174746, -553932, 1447 
1720702332181.00, 174679, -550103, 1469 
1720702332203.00, 174736, -546302, 1517 
1720702332225.00, 174703, -542475, 1546 
1720702332247.00, 174676, -538664, 1570 
1720702332269.00, 174920, -534843, 1598 
1720702332290.00, 174640, -531025, 1624 
1720702332313.00, 174585, -527196, 1644 
1720702332333.00, 174709, -523393, 1652 
1720702332356.00, 174803, -519566, 1660 
1720702332382.00, 174842, -515744, 1683 
1720702332400.00, 174802, -511929, 1697 
1720702332421.00, 174758, -508115, 1704 
1720702332447.00, 174593, -504293, 1702 
1720702332465.00, 174648, -500482, 1707 
1720702332487.00, 174742, -496671, 1676 
1720702332508.00, 174543, -492844, 1663 
1720702332531.00, 174610, -489039, 1667 
1720702332552.00, 174766, -485216, 1665 
1720702332574.00, 174699, -481394, 1666 
1720702332596.00, 174592, -477598, 1673 
1720702332618.00, 174759, -473781, 1674 
1720702332640.00, 174982, -469951, 1655 
1720702332661.00, 174592, -466145, 1625 
1720702332683.00, 174461, -462330, 1607 
1720702332705.00, 174666, -458515, 1545 
1720702332727.00, 174651, -454704, 1513 
1720702332749.00, 174726, -450892, 1477 
1720702332770.00, 174679, -447076, 1424 
1720702332792.00, 174530, -443260, 1343 
1720702332814.00, 174431, -439454, 1236 
1720702332836.00, 174604, -435658, 1129 
1720702332858.00, 172216, -431850, 1008 
1720702332881.00, 100155, -428120, 830 
1720702332902.00, 58317, -425931, 720 
1720702332924.00, 34274, -424688, 458 
1720702332946.00, 20160, -423934, 268 
1720702332967.00, 11926, -423494, 119 
1720702332988.00, 7121, -423244, -35 
1720702333011.00, 2490, -423100, -213 
1720702333032.00, -10766, -423051, -285 
1720702333054.00, -23342, -423272, -467 
1720702333075.00, -41684, -423758, -488 
1720702333097.00, -53943, -424647, -516 
1720702333119.00, -62746, -425807, -541 
1720702333141.00, -69451, -427164, -530 
1720702333162.00, -72798, -428681, -542 
1720702333183.00, -75291, -430254, -627 
1720702333205.00, -82082, -431896, -629 
1720702333227.00, -86248, -433671, -667 
1720702333249.00, -90758, -435559, -772 
1720702333270.00, -99743, -437527, -814 
1720702333292.00, -107510, -439684, -778 
1720702333314.00, -110051, -442037, -792 
1720702333335.00, -112342, -444437, -813 
1720702333357.00, -114819, -446873, -781 
1720702333378.00, -114388, -449364, -737 
1720702333400.00, -111448, -451864, -761 
1720702333422.00, -111094, -454289, -776 
1720702333444.00, -111755, -456696, -781 
1720702333468.00, -112470, -459137, -804 
1720702333487.00, -114032, -461590, -864 
1720702333509.00, -118571, -464069, -791 
1720702333531.00, -117025, -466644, -762 
1720702333552.00, -114395, -469189, -772 
1720702333575.00, -113238, -471675, -765 
1720702333596.00, -112083, -474140, -753 
1720702333618.00, -110724, -476578, -807 
1720702333639.00, -113193, -478988, -867 
1720702333661.00, -118092, -481444, -916 
1720702333682.00, -123795, -484046, -1003 
1720702333705.00, -132588, -486752, -989 
1720702333726.00, -137006, -489627, -997 
1720702333747.00, -139938, -492628, -1056 
1720702333768.00, -145355, -495683, -1057 
1720702333791.00, -148369, -498856, -1049 
1720702333812.00, -149746, -502109, -1064 
1720702333834.00, -151351, -505378, -1040 
1720702333856.00, -151030, -508683, -1036 
1720702333878.00, -150386, -511981, -1028 
1720702333900.00, -149491, -515254, -986 
1720702333922.00, -146365, -518503, -986 
1720702333944.00, -144536, -521683, -983 
1720702333966.00, -143120, -524832, -971 
1720702333987.00, -141395, -527940, -980 
1720702334012.00, -141035, -531002, -968 
1720702334030.00, -139970, -534093, -1007 
1720702334053.00, -141500, -537142, -997 
1720702334075.00, -141912, -540222, -949 
1720702334097.00, -139280, -543322, -976 
1720702334117.00, -138944, -546347, -1018 
1720702334140.00, -141600, -549396, -958 
1720702334162.00, -139543, -552470, -972 
1720702334183.00, -139058, -555501, -997 
1720702334205.00, -139869, -558528, -960 
1720702334227.00, -138548, -561568, -937 
1720702334249.00, -136372, -564578, -955 
1720702334270.00, -135904, -567541, -944 
1720702334292.00, -135110, -570492, -895 
1720702334313.00, -131673, -573435, -874 
1720702334335.00, -128338, -576303, -857 
1720702334357.00, -125247, -579079, -783 
1720702334379.00, -119000, -581800, -712 
1720702334400.00, -110973, -584378, -655 
1720702334422.00, -102750, -586770, -584 
1720702334444.00, -93446, -589001, -513 
1720702334466.00, -83661, -591016, -457 
1720702334487.00, -74288, -592824, -400 
1720702334509.00, -41476, -594418, -269 
1720702334531.00, -21701, -595332, -253 
1720702334558.00, -10034, -595829, -253 
1720702334574.00, -3347, -596056, -214 
1720702334595.00, 33, -596135, -203 
1720702334616.00, 2034, -596139, -144 
1720702334639.00, 3439, -596099, -94 
1720702334660.00, 4478, -596020, -7 
1720702334682.00, 5125, -595915, 119 
1720702334703.00, 12425, -595789, 322 
1720702334725.00, 29018, -595519, 463 
1720702334746.00, 47402, -594892, 677 
1720702334768.00, 70900, -593873, 816 
1720702334790.00, 93586, -592332, 927 
1720702334810.00, 113492, -590300, 1028 
1720702334832.00, 131134, -587810, 1076 
1720702334854.00, 144207, -584915, 1111 
1720702334876.00, 153969, -581744, 1183 
1720702334897.00, 164291, -578369, 1198 
1720702334919.00, 170953, -574772, 1224 
1720702334941.00, 175054, -571027, 1234 
1720702334963.00, 175060, -567201, 1227 
1720702334984.00, 174636, -563392, 1237 
1720702335007.00, 174594, -559577, 1216 
1720702335028.00, 174720, -555766, 1221 
1720702335050.00, 174851, -551946, 1259 
1720702335072.00, 174834, -548128, 1289 
1720702335094.00, 174715, -544311, 1284 
1720702335116.00, 174866, -540492, 1284 
1720702335137.00, 174573, -536690, 1315 
1720702335159.00, 174717, -532870, 1341 
1720702335181.00, 174756, -529046, 1339 
1720702335203.00, 174635, -525230, 1339 
1720702335225.00, 174622, -521409, 1358 
1720702335246.00, 174697, -517600, 1372 
1720702335268.00, 174646, -513788, 1345 
1720702335290.00, 174669, -509969, 1317 
1720702335312.00, 174765, -506159, 1291 
1720702335334.00, 174809, -502337, 1277 
1720702335355.00, 174700, -498524, 1248 
1720702335377.00, 174516, -494702, 1229 
1720702335399.00, 173370, -490892, 1196 
1720702335421.00, 170837, -487123, 1171 
1720702335442.00, 167782, -483384, 1152 
1720702335465.00, 164731, -479725, 1127 
1720702335486.00, 161580, -476116, 1122 
1720702335508.00, 159302, -472602, 1109 
1720702335530.00, 157215, -469128, 1073 
1720702335552.00, 153801, -465695, 1104 
1720702335573.00, 153678, -462332, 1047 
1720702335595.00, 150001, -458981, 1038 
1720702335618.00, 147369, -455712, 994 
1720702335639.00, 143134, -452507, 933 
1720702335661.00, 136746, -449404, 864 
1720702335683.00, 129020, -446444, 739 
1720702335705.00, 116994, -443648, 596 
1720702335727.00, 101177, -441142, 495 
1720702335749.00, 85715, -438953, 394 
1720702335770.00, 70538, -437108, 281 
1720702335792.00, 54494, -435604, 154 
1720702335813.00, 37339, -434435, 46 
1720702335835.00, 20699, -433616, -80 
1720702335856.00, 3640, -433156, -214 
1720702335879.00, -14203, -433068, -269 
1720702335900.00, -28174, -433344, -289 
1720702335922.00, -37887, -433945, -313 
1720702335943.00, -44840, -434766, -348 
1720702335965.00, -50793, -435724, -342 
1720702335990.00, -54037, -436819, -355 
1720702336008.00, -56463, -438000, -391 
1720702336030.00, -60114, -439218, -400 
1720702336051.00, -62697, -440518, -395 
1720702336073.00, -63815, -441885, -422 
1720702336099.00, -66237, -443266, -447 
1720702336117.00, -68915, -444705, -456 
1720702336138.00, -70876, -446186, -483 
1720702336160.00, -73666, -447734, -540 
1720702336182.00, -78422, -449324, -579 
1720702336202.00, -83753, -451041, -606 
1720702336224.00, -88402, -452853, -613 
1720702336246.00, -91373, -454773, -638 
1720702336267.00, -94687, -456744, -654 
1720702336289.00, -97382, -458805, -651 
1720702336311.00, -98611, -460922, -658 
1720702336333.00, -99798, -463048, -675 
1720702336354.00, -101448, -465202, -652 
1720702336376.00, -100799, -467426, -641 
1720702336398.00, -99712, -469609, -654 
1720702336422.00, -99907, -471774, -637 
1720702336441.00, -98762, -473937, -634 
1720702336463.00, -97851, -476079, -691 
1720702336484.00, -100770, -478205, -675 
1720702336506.00, -101452, -480391, -672 
1720702336528.00, -101538, -482591, -722 
1720702336549.00, -104405, -484818, -731 
1720702336571.00, -106665, -487096, -737 
1720702336593.00, -108410, -489402, -787 
1720702336614.00, -112172, -491777, -834 
1720702336636.00, -117460, -494232, -801 
1720702336658.00, -118444, -496780, -844 
1720702336680.00, -121370, -499356, -901 
1720702336702.00, -126487, -501999, -886 
1720702336723.00, -128552, -504763, -908 
1720702336747.00, -130862, -507567, -945 
1720702336767.00, -134621, -510431, -928 
1720702336789.00, -135773, -513351, -940 
1720702336810.00, -136777, -516313, -949 
1720702336832.00, -138117, -519292, -931 
1720702336857.00, -137845, -522282, -970 
1720702336875.00, -139852, -525294, -1031 
1720702336896.00, -144731, -528345, -1017 
1720702336919.00, -146899, -531502, -999 
1720702336940.00, -146972, -534716, -1059 
1720702336964.00, -150579, -537910, -1047 
1720702336983.00, -151876, -541199, -1000 
1720702337004.00, -149597, -544520, -1072 
1720702337027.00, -152357, -547787, -1068 
1720702337049.00, -153947, -551112, -1030 
1720702337073.00, -152458, -554474, -1071 
1720702337092.00, -153896, -557802, -1095 
1720702337114.00, -156164, -561164, -1043 
1720702337136.00, -154368, -564570, -1065 
1720702337158.00, -154373, -567955, -1070 
1720702337179.00, -154826, -571302, -1022 
1720702337202.00, -151984, -574689, -984 
1720702337224.00, -147979, -577985, -931 
1720702337246.00, -142381, -581192, -856 
1720702337267.00, -134358, -584284, -782 
1720702337289.00, -125094, -587185, -707 
1720702337311.00, -115001, -589888, -609 
1720702337332.00, -102946, -592381, -504 
1720702337355.00, -89466, -594593, -373 
1720702337376.00, -50965, -596511, -285 
1720702337398.00, -27738, -597625, -243 
1720702337419.00, -14165, -598252, -156 
1720702337440.00, -6387, -598572, -68 
1720702337463.00, -1911, -598719, -73 
1720702337484.00, 99, -598762, -18 
1720702337505.00, 1708, -598760, 58 
1720702337527.00, 6429, -598713, 207 
1720702337548.00, 18129, -598564, 452 
1720702337570.00, 39928, -598170, 676 
1720702337591.00, 66179, -597327, 795 
1720702337613.00, 88945, -595900, 895 
1720702337634.00, 108346, -593959, 1025 
1720702337656.00, 127733, -591577, 1084 
1720702337678.00, 142528, -588772, 1133 
1720702337699.00, 154094, -585642, 1184 
1720702337721.00, 163900, -582265, 1190 
1720702337742.00, 169910, -578681, 1175 
1720702337764.00, 172479, -574950, 1192 
1720702337786.00, 174895, -571195, 1189 
1720702337808.00, 174704, -567368, 1175 
1720702337830.00, 174733, -563556, 1197 
1720702337852.00, 174687, -559742, 1207 
1720702337873.00, 174731, -555922, 1234 
1720702337895.00, 174669, -552103, 1230 
1720702337917.00, 174767, -548287, 1236 
1720702337939.00, 174872, -544459, 1250 
1720702337961.00, 174738, -540645, 1285 
1720702337982.00, 174751, -536846, 1294 
1720702338004.00, 174692, -533019, 1330 
1720702338026.00, 174755, -529202, 1332 
1720702338048.00, 174470, -525373, 1349 
1720702338070.00, 174696, -521562, 1332 
1720702338092.00, 174560, -517746, 1310 
1720702338114.00, 174653, -513931, 1295 
1720702338136.00, 174757, -510123, 1287 
1720702338157.00, 174780, -506310, 1285 
1720702338178.00, 174777, -502478, 1290 
1720702338201.00, 174722, -498668, 1313 
1720702338222.00, 174630, -494843, 1333 
1720702338244.00, 174509, -491031, 1334 
1720702338266.00, 174508, -487227, 1308 
1720702338288.00, 174639, -483402, 1284 
1720702338310.00, 174650, -479588, 1254 
1720702338332.00, 174703, -475776, 1204 
1720702338353.00, 171999, -471972, 1126 
1720702338375.00, 165721, -468221, 1098 
1720702338397.00, 160359, -464616, 1064 
1720702338419.00, 155104, -461131, 1026 
1720702338442.00, 149512, -457743, 986 
1720702338464.00, 143866, -454491, 929 
1720702338486.00, 137038, -451380, 859 
1720702338507.00, 128838, -448407, 761 
1720702338529.00, 118056, -445609, 641 
1720702338550.00, 104244, -443068, 546 
1720702338572.00, 90629, -440821, 444 
1720702338594.00, 76389, -438867, 365 
1720702338615.00, 63184, -437220, 295 
1720702338637.00, 51148, -435862, 214 
1720702338659.00, 39069, -434773, 120 
1720702338680.00, 26281, -433911, 41 
1720702338702.00, 14291, -433335, -56 
1720702338724.00, 1237, -433029, -185 
1720702338745.00, -13509, -432994, -256 
1720702338767.00, -27131, -433266, -289 
1720702338788.00, -36830, -433852, -464 
1720702338810.00, -53121, -434655, -449 
1720702338831.00, -62097, -435793, -489 
1720702338854.00, -69530, -437137, -525 
1720702338875.00, -75792, -438651, -556 
1720702338897.00, -81402, -440291, -579 
1720702338918.00, -85987, -442069, -612 
1720702338939.00, -90579, -443925, -622 
1720702338962.00, -93770, -445889, -641 
1720702338983.00, -96702, -447932, -678 
1720702339004.00, -100735, -450021, -722 
1720702339027.00, -105672, -452225, -715 
1720702339048.00, -107965, -454526, -726 
1720702339070.00, -109730, -456861, -775 
1720702339091.00, -113667, -459262, -774 
1720702339114.00, -115604, -461747, -770 
1720702339135.00, -116689, -464256, -769 
1720702339160.00, -117194, -466801, -782 
1720702339178.00, -118151, -469350, -792 
1720702339200.00, -119069, -471920, -809 
1720702339222.00, -120505, -474523, -812 
1720702339244.00, -121675, -477154, -837 
1720702339269.00, -123726, -479791, -887 
1720702339286.00, -127955, -482477, -913 
1720702339309.00, -131798, -485277, -905 
1720702339331.00, -133395, -488148, -942 
1720702339352.00, -136515, -491065, -964 
1720702339378.00, -139703, -494049, -941 
1720702339396.00, -139972, -497074, -951 
1720702339418.00, -140435, -500133, -974 
1720702339438.00, -142298, -503202, -1004 
1720702339460.00, -145248, -506312, -1034 
1720702339482.00, -148835, -509492, -1019 
1720702339503.00, -149964, -512738, -1068 
1720702339525.00, -153088, -516026, -1082 
1720702339547.00, -155665, -519372, -1053 
1720702339569.00, -155503, -522779, -1053 
1720702339591.00, -155320, -526191, -1051 
1720702339612.00, -155095, -529577, -1051 
1720702339634.00, -154896, -532974, -1021 
1720702339656.00, -153029, -536359, -1057 
1720702339678.00, -153784, -539699, -1053 
1720702339703.00, -154130, -543060, -1017 
1720702339721.00, -151923, -546413, -1020 
1720702339743.00, -150710, -549750, -1066 
1720702339765.00, -152806, -553041, -1061 
1720702339787.00, -153738, -556375, -1058 
1720702339813.00, -153917, -559744, -1132 
1720702339831.00, -158545, -563086, -1128 
1720702339852.00, -161078, -566568, -1124 
1720702339874.00, -162127, -570077, -1149 
1720702339896.00, -164200, -573624, -1113 
1720702339919.00, -163277, -577194, -1017 
1720702339940.00, -156561, -580756, -1002 
1720702339963.00, -151341, -584171, -916 
1720702339984.00, -143171, -587456, -790 
1720702340006.00, -130833, -590564, -676 
1720702340030.00, -116385, -593379, -570 
1720702340049.00, -66296, -595875, -399 
1720702340071.00, -36706, -597317, -347 
1720702340092.00, -19538, -598132, -226 
1720702340114.00, -9588, -598564, -65 
1720702340135.00, -3768, -598776, 24 
1720702340157.00, 373, -598850, 128 
1720702340179.00, 9744, -598843, 239 
1720702340200.00, 21693, -598639, 381 
1720702340221.00, 37503, -598174, 460 
1720702340252.00, 51680, -597356, 738 
1720702340265.00, 76882, -596240, 944 
1720702340287.00, 104241, -594571, 980 
1720702340307.00, 122573, -592294, 1097 
1720702340329.00, 140078, -589586, 1224 
1720702340351.00, 158152, -586508, 1229 
1720702340373.00, 169072, -583028, 1261 
1720702340395.00, 175259, -579340, 1278 
1720702340417.00, 174873, -575502, 1295 
1720702340438.00, 174687, -571686, 1312 
1720702340460.00, 174801, -567866, 1312 
1720702340481.00, 174828, -564052, 1311 
1720702340503.00, 174613, -560227, 1300 
1720702340526.00, 174710, -556427, 1311 
1720702340547.00, 174833, -552618, 1336 
1720702340569.00, 174716, -548788, 1332 
1720702340590.00, 174767, -544978, 1357 
1720702340613.00, 174819, -541161, 1369 
1720702340634.00, 174721, -537344, 1375 
1720702340657.00, 174620, -533529, 1374 
1720702340678.00, 174750, -529716, 1403 
1720702340700.00, 175105, -525891, 1432 
1720702340722.00, 174637, -522086, 1467 
1720702340744.00, 174693, -518257, 1484 
1720702340765.00, 174801, -514444, 1501 
1720702340787.00, 174686, -510621, 1505 
1720702340809.00, 174802, -506811, 1494 
1720702340831.00, 174893, -502997, 1470 
1720702340853.00, 174932, -499176, 1445 
1720702340874.00, 174574, -495356, 1439 
1720702340897.00, 174527, -491551, 1413 
1720702340918.00, 174671, -487735, 1388 
1720702340940.00, 174800, -483925, 1381 
1720702340961.00, 174885, -480111, 1361 
1720702340983.00, 174641, -476282, 1337 
1720702341007.00, 174562, -472475, 1289 
1720702341027.00, 174530, -468654, 1260 
1720702341049.00, 174683, -464848, 1223 
1720702341071.00, 173322, -461043, 1187 
1720702341093.00, 170246, -457267, 1150 
1720702341115.00, 166162, -453542, 1101 
1720702341138.00, 160585, -449934, 1023 
1720702341159.00, 152496, -446429, 918 
1720702341181.00, 141347, -443121, 823 
1720702341202.00, 129325, -440071, 720 
1720702341226.00, 115863, -437270, 624 
1720702341246.00, 101963, -434776, 540 
1720702341268.00, 88881, -432570, 443 
1720702341289.00, 75149, -430660, 346 
1720702341311.00, 40300, -429055, 239 
1720702341332.00, 19623, -428181, 170 
1720702341354.00, 7592, -427735, 76 
1720702341375.00, 241, -427573, -10 
1720702341397.00, -65, -427560, -101 
1720702341418.00, -9694, -427568, -207 
1720702341440.00, -22108, -427766, -283 
1720702341461.00, -33713, -428249, -491 
1720702341483.00, -53197, -428969, -546 
1720702341505.00, -67804, -430097, -565 
1720702341527.00, -77645, -431581, -604 
1720702341548.00, -85632, -433260, -663 
1720702341570.00, -93684, -435135, -672 
1720702341592.00, -99091, -437165, -679 
1720702341613.00, -102615, -439316, -706 
1720702341635.00, -106068, -441554, -715 
1720702341657.00, -108488, -443861, -741 
1720702341678.00, -111554, -446224, -775 
1720702341700.00, -115125, -448654, -795 
1720702341722.00, -118288, -451179, -832 
1720702341743.00, -122462, -453747, -862 
1720702341766.00, -126569, -456410, -855 
1720702341787.00, -128380, -459168, -869 
1720702341809.00, -130108, -461971, -871 
1720702341831.00, -131254, -464803, -815 
1720702341852.00, -128531, -467672, -884 
1720702341874.00, -130655, -470465, -923 
1720702341896.00, -134312, -473297, -884 
1720702341918.00, -134253, -476230, -872 
1720702341939.00, -133291, -479149, -899 
1720702341961.00, -134311, -482043, -864 
1720702341982.00, -132690, -484973, -835 
1720702342005.00, -130025, -487858, -920 
1720702342026.00, -133043, -490686, -991 
1720702342048.00, -139184, -493598, -946 
1720702342070.00, -140233, -496618, -996 
1720702342090.00, -143622, -499679, -1076 
1720702342112.00, -150482, -502824, -1055 
1720702342134.00, -153038, -506094, -1021 
1720702342156.00, -152492, -509456, -1029 
1720702342177.00, -152457, -512785, -1038 
1720702342200.00, -152724, -516116, -983 
1720702342222.00, -149363, -519441, -966 
1720702342242.00, -146404, -522692, -1017 
1720702342265.00, -147613, -525896, -1000 
1720702342286.00, -147280, -529124, -1011 
1720702342308.00, -147599, -532348, -1074 
1720702342329.00, -151560, -535585, -1064 
1720702342352.00, -153585, -538899, -1068 
1720702342373.00, -154913, -542270, -1195 
1720702342396.00, -163510, -545647, -1247 
1720702342417.00, -171352, -549237, -1303 
1720702342441.00, -174887, -552973, -1324 
1720702342460.00, -174598, -556800, -1331 
1720702342482.00, -174840, -560616, -1312 
1720702342504.00, -174445, -564418, -1302 
1720702342526.00, -174621, -568239, -1229 
1720702342553.00, -174636, -572049, -1166 
1720702342570.00, -172866, -575866, -1113 
1720702342591.00, -168555, -579620, -1045 
1720702342615.00, -161726, -583303, -949 
1720702342636.00, -151720, -586795, -827 
1720702342658.00, -138243, -590076, -682 
1720702342680.00, -121461, -593064, -525 
1720702342702.00, -69589, -595663, -359 
1720702342723.00, -38619, -597173, -273 
1720702342744.00, -20747, -598028, -145 
1720702342769.00, -10578, -598499, -90 
1720702342787.00, -4649, -598740, -96 
1720702342809.00, -1143, -598839, -3 
1720702342830.00, 168, -598855, 103 
1720702342852.00, 7730, -598843, 292 
1720702342874.00, 23876, -598680, 445 
1720702342896.00, 42527, -598169, 714 
1720702342917.00, 69604, -597255, 893 
1720702342938.00, 96878, -595751, 968 
1720702342958.00, 117285, -593639, 1058 
1720702342981.00, 134634, -591048, 1199 
1720702343002.00, 153237, -588109, 1211 
1720702343025.00, 165108, -584736, 1235 
1720702343046.00, 173389, -581115, 1265 
1720702343068.00, 175056, -577311, 1280 
1720702343099.00, 174844, -573492, 1298 
1720702343111.00, 174790, -569690, 1302 
1720702343133.00, 174688, -565866, 1328 
1720702343156.00, 174965, -562054, 1331 
1720702343177.00, 174854, -558234, 1341 
1720702343201.00, 174599, -554414, 1330 
1720702343220.00, 174725, -550601, 1335 
1720702343243.00, 174690, -546779, 1331 
1720702343265.00, 174734, -542983, 1317 
1720702343286.00, 174725, -539158, 1324 
1720702343308.00, 174670, -535337, 1320 
1720702343329.00, 174921, -531513, 1289 
1720702343352.00, 174739, -527704, 1291 
1720702343373.00, 174696, -523888, 1287 
1720702343396.00, 174723, -520078, 1293 
1720702343417.00, 174853, -516248, 1319 
1720702343439.00, 174662, -512431, 1327 
1720702343461.00, 174820, -508610, 1340 
1720702343482.00, 174556, -504793, 1347 
1720702343505.00, 174604, -500985, 1352 
1720702343526.00, 174611, -497172, 1348 
1720702343548.00, 174766, -493363, 1348 
1720702343570.00, 174745, -489544, 1337 
1720702343592.00, 174643, -485732, 1337 
1720702343614.00, 174523, -481903, 1315 
1720702343640.00, 174448, -478093, 1289 
1720702343657.00, 174471, -474289, 1258 
1720702343679.00, 174440, -470478, 1216 
1720702343701.00, 172669, -466653, 1184 
1720702343723.00, 169588, -462899, 1131 
1720702343745.00, 164495, -459193, 1104 
1720702343766.00, 159903, -455610, 1059 
1720702343788.00, 154387, -452128, 1000 
1720702343811.00, 147640, -448767, 966 
1720702343832.00, 141623, -445562, 947 
1720702343856.00, 136817, -442491, 894 
1720702343876.00, 130746, -439530, 804 
1720702343898.00, 121905, -436692, 692 
1720702343920.00, 109796, -434060, 580 
1720702343941.00, 95771, -431695, 455 
1720702343965.00, 52494, -429630, 348 
1720702343985.00, 26717, -428497, 361 
1720702344006.00, 11488, -427891, 313 
1720702344028.00, 2804, -427623, 286 
1720702344049.00, -1780, -427559, 257 
1720702344071.00, -4777, -427591, 163 
1720702344091.00, -6688, -427701, 51 
1720702344114.00, -7517, -427856, -74 
1720702344135.00, -12264, -428032, -212 
1720702344156.00, -23475, -428303, -272 
1720702344186.00, -33284, -428815, -506 
1720702344200.00, -53515, -429526, -512 
1720702344222.00, -65685, -430667, -553 
1720702344243.00, -75449, -432097, -597 
1720702344265.00, -83603, -433726, -593 
1720702344286.00, -88124, -435554, -587 
1720702344308.00, -90310, -437457, -574 
1720702344330.00, -90626, -439414, -612 
1720702344351.00, -93114, -441390, -643 
1720702344373.00, -96139, -443408, -679 
1720702344394.00, -100166, -445497, -694 
1720702344417.00, -103528, -447674, -715 
1720702344438.00, -106131, -449924, -806 
1720702344460.00, -113509, -452257, -771 
1720702344482.00, -115575, -454730, -834 
1720702344503.00, -120645, -457243, -865 
1720702344526.00, -125287, -459877, -860 
1720702344547.00, -127654, -462597, -873 
1720702344569.00, -129610, -465366, -868 
1720702344590.00, -130542, -468210, -840 
1720702344615.00, -129178, -471048, -835 
1720702344634.00, -128003, -473846, -877 
1720702344655.00, -129827, -476641, -911 
1720702344677.00, -132812, -479453, -912 
1720702344698.00, -134570, -482343, -937 
1720702344719.00, -136889, -485291, -1009 
1720702344744.00, -142457, -488275, -1019 
1720702344763.00, -146644, -491397, -1010 
1720702344785.00, -148193, -494618, -1073 
1720702344807.00, -152795, -497842, -1111 
1720702344829.00, -157915, -501204, -1089 
1720702344851.00, -159405, -504649, -1167 
1720702344872.00, -164880, -508148, -1192 
1720702344894.00, -169631, -511745, -1160 
1720702344915.00, -170525, -515458, -1157 
1720702344938.00, -170620, -519190, -1179 
1720702344959.00, -171808, -522922, -1147 
1720702344981.00, -170623, -526670, -1098 
1720702345003.00, -166789, -530392, -1165 
1720702345025.00, -168569, -534042, -1161 
1720702345047.00, -169393, -537712, -1147 
1720702345069.00, -169008, -541424, -1230 
1720702345090.00, -173580, -545100, -1219 
1720702345112.00, -174670, -548906, -1200 
1720702345134.00, -174710, -552740, -1274 
1720702345156.00, -174813, -556539, -1229 
1720702345178.00, -174669, -560360, -1258 
1720702345199.00, -174789, -564159, -1222 
1720702345221.00, -174820, -567982, -1146 
1720702345243.00, -171413, -571789, -1098 
1720702345265.00, -166369, -575539, -1036 
1720702345288.00, -159680, -579141, -905 
1720702345309.00, -147702, -582619, -832 
1720702345331.00, -136185, -585817, -801 
1720702345353.00, -127374, -588755, -688 
1720702345375.00, -115485, -591508, -575 
1720702345398.00, -101283, -593995, -497 
1720702345418.00, -57778, -596159, -371 
1720702345440.00, -32093, -597416, -301 
1720702345462.00, -16986, -598134, -233 
1720702345483.00, -8301, -598516, -160 
1720702345504.00, -3076, -598701, -146 
1720702345526.00, 2, -598765, -34 
1720702345547.00, 1293, -598770, 31 
1720702345568.00, 2801, -598742, 130 
1720702345590.00, 9601, -598671, 266 
1720702345612.00, 22049, -598459, 425 
1720702345633.00, 38830, -597990, 506 
1720702345655.00, 53696, -597153, 759 
1720702345676.00, 77626, -595994, 899 
1720702345697.00, 100678, -594292, 1018 
1720702345718.00, 121362, -592093, 1105 
1720702345740.00, 138785, -589418, 1199 
1720702345763.00, 154821, -586365, 1249 
1720702345784.00, 167031, -582961, 1294 
1720702345806.00, 174242, -579311, 1302 
1720702345829.00, 174791, -575506, 1342 
1720702345850.00, 174730, -571683, 1343 
1720702345872.00, 174851, -567862, 1372 
1720702345894.00, 174864, -564048, 1363 
1720702345915.00, 174539, -560233, 1365 
1720702345941.00, 174818, -556424, 1354 
1720702345959.00, 174802, -552616, 1360 
1720702345980.00, 174789, -548794, 1347 
1720702346003.00, 174723, -544976, 1353 
1720702346025.00, 174977, -541154, 1362 
1720702346051.00, 174724, -537349, 1402 
1720702346067.00, 174658, -533526, 1410 
1720702346090.00, 174673, -529714, 1436 
1720702346112.00, 174923, -525896, 1443 
1720702346133.00, 174721, -522077, 1446 
1720702346155.00, 174837, -518268, 1457 
1720702346177.00, 174779, -514444, 1483 
1720702346198.00, 174799, -510631, 1481 
1720702346221.00, 174814, -506811, 1483 
1720702346243.00, 174845, -502996, 1481 
1720702346264.00, 174919, -499176, 1447 
1720702346285.00, 174663, -495356, 1445 
1720702346308.00, 174547, -491540, 1426 
1720702346330.00, 174713, -487743, 1403 
1720702346352.00, 174859, -483919, 1396 
1720702346373.00, 174837, -480101, 1392 
1720702346395.00, 174825, -476287, 1404 
1720702346417.00, 174681, -472470, 1399 
1720702346438.00, 174679, -468642, 1401 
1720702346461.00, 174708, -464839, 1389 
1720702346483.00, 174826, -461032, 1363 
1720702346504.00, 174593, -457215, 1323 
1720702346526.00, 174563, -453392, 1281 
1720702346548.00, 174499, -449585, 1237 
1720702346570.00, 173664, -445763, 1192 
1720702346592.00, 170576, -441980, 1123 
1720702346613.00, 164546, -438267, 1025 
1720702346636.00, 154906, -434677, 893 
1720702346658.00, 141134, -431331, 751 
1720702346680.00, 77520, -428290, 594 
1720702346701.00, 40497, -426591, 524 
1720702346722.00, 19308, -425718, 307 
1720702346744.00, 7287, -425294, 182 
1720702346766.00, 18, -425147, 33 
1720702346787.00, -3653, -425142, -100 
1720702346809.00, -11737, -425221, -203 
1720702346830.00, -22932, -425469, -261 
1720702346852.00, -32935, -425962, -375 
1720702346873.00, -45758, -426663, -424 
1720702346896.00, -55932, -427649, -470 
1720702346917.00, -64789, -428866, -516 
1720702346939.00, -72742, -430260, -527 
1720702346960.00, -78198, -431848, -577 
1720702346981.00, -84017, -433538, -642 
1720702347003.00, -91330, -435378, -655 
1720702347026.00, -96415, -437349, -642 
1720702347047.00, -98438, -439442, -702 
1720702347069.00, -103180, -441584, -694 
1720702347090.00, -105476, -443824, -694 
1720702347112.00, -106597, -446119, -721 
1720702347134.00, -108800, -448443, -711 
1720702347156.00, -109393, -450815, -718 
1720702347177.00, -110073, -453192, -757 
1720702347199.00, -112710, -455586, -776 
1720702347221.00, -115372, -458046, -765 
1720702347244.00, -116085, -460553, -779 
1720702347264.00, -117262, -463080, -798 
1720702347285.00, -118984, -465619, -802 
1720702347308.00, -120223, -468232, -799 
1720702347330.00, -120598, -470852, -814 
1720702347350.00, -121539, -473457, -836 
1720702347372.00, -123526, -476117, -814 
1720702347394.00, -123340, -478797, -850 
1720702347416.00, -125292, -481474, -871 
1720702347438.00, -127474, -484213, -855 
1720702347463.00, -127797, -486990, -865 
1720702347481.00, -128406, -489752, -886 
1720702347503.00, -130199, -492562, -876 
1720702347525.00, -130319, -495391, -885 
1720702347546.00, -130934, -498217, -853 
1720702347573.00, -129293, -501082, -820 
1720702347590.00, -126180, -503892, -884 
1720702347611.00, -128099, -506635, -902 
1720702347633.00, -130285, -509420, -895 
1720702347655.00, -131047, -512258, -957 
1720702347677.00, -135290, -515106, -980 
1720702347698.00, -139104, -518057, -963 
1720702347719.00, -140184, -521086, -1009 
1720702347740.00, -143364, -524158, -1014 
1720702347764.00, -145680, -527291, -970 
1720702347786.00, -144130, -530453, -947 
1720702347807.00, -141819, -533613, -979 
1720702347829.00, -142355, -536695, -953 
1720702347851.00, -141043, -539793, -961 
1720702347871.00, -140699, -542864, -1008 
1720702347894.00, -143247, -545936, -968 
1720702347916.00, -142532, -549058, -976 
1720702347936.00, -142389, -552153, -1014 
1720702347960.00, -144506, -555250, -970 
1720702347981.00, -142867, -558404, -951 
1720702348002.00, -140894, -561518, -1054 
1720702348023.00, -145785, -564576, -1005 
1720702348047.00, -145957, -567766, -919 
1720702348067.00, -140605, -570933, -1022 
1720702348090.00, -143364, -574016, -974 
1720702348111.00, -142304, -577120, -824 
1720702348134.00, -132564, -580198, -750 
1720702348156.00, -122122, -583085, -737 
1720702348177.00, -115176, -585728, -611 
1720702348199.00, -103195, -588220, -544 
1720702348220.00, -92037, -590454, -511 
1720702348242.00, -83374, -592442, -394 
1720702348264.00, -71166, -594230, -279 
1720702348285.00, -40209, -595763, -235 
1720702348306.00, -21527, -596645, -154 
1720702348329.00, -10918, -597133, -81 
1720702348350.00, -4545, -597377, -55 
1720702348371.00, -864, -597486, -39 
1720702348393.00, 724, -597503, 38 
1720702348414.00, 4515, -597485, 136 
1720702348435.00, 12519, -597386, 260 
1720702348458.00, 24328, -597113, 391 
1720702348479.00, 39559, -596583, 484 
1720702348501.00, 54163, -595735, 738 
1720702348523.00, 78211, -594558, 877 
1720702348544.00, 100788, -592853, 958 
1720702348565.00, 119039, -590644, 1067 
1720702348587.00, 136375, -588034, 1171 
1720702348609.00, 152715, -585031, 1203 
1720702348630.00, 164382, -581681, 1193 
1720702348652.00, 170418, -578084, 1213 
1720702348674.00, 175158, -574357, 1212 
1720702348695.00, 174954, -570526, 1210 
1720702348718.00, 174639, -566709, 1223 
1720702348739.00, 174672, -562901, 1250 
1720702348760.00, 174828, -559084, 1252 
1720702348783.00, 174731, -555267, 1279 
1720702348805.00, 174749, -551443, 1290 
1720702348826.00, 174926, -547627, 1304 
1720702348849.00, 174710, -543805, 1307 
1720702348870.00, 174597, -539993, 1325 
1720702348892.00, 174811, -536182, 1336 
1720702348914.00, 174989, -532353, 1322 
1720702348936.00, 174596, -528537, 1301 
1720702348957.00, 174675, -524714, 1312 
1720702348979.00, 174825, -520910, 1333 
1720702349001.00, 174620, -517097, 1354 
1720702349023.00, 174771, -513275, 1385 
1720702349045.00, 174840, -509458, 1395 
1720702349067.00, 174918, -505635, 1386 
1720702349088.00, 174564, -501829, 1397 
1720702349115.00, 174600, -498006, 1382 
1720702349131.00, 174676, -494189, 1369 
1720702349154.00, 174844, -490385, 1341 
1720702349175.00, 174761, -486562, 1317 
1720702349197.00, 174782, -482740, 1293 
1720702349219.00, 174602, -478930, 1267 
1720702349241.00, 174625, -475105, 1237 
1720702349262.00, 174757, -471310, 1189 
1720702349285.00, 174769, -467489, 1147 
1720702349306.00, 173038, -463671, 1117 
1720702349332.00, 170163, -459894, 1105 
1720702349350.00, 167764, -456190, 1101 
1720702349372.00, 165752, -452527, 1085 
1720702349394.00, 163463, -448905, 1051 
1720702349417.00, 159909, -445344, 982 
1720702349442.00, 153717, -441863, 921 
1720702349460.00, 146087, -438542, 862 
1720702349482.00, 138080, -435359, 777 
1720702349503.00, 128037, -432375, 716 
1720702349525.00, 74173, -429607, 649 
1720702349547.00, 42475, -428007, 609 
1720702349569.00, 24082, -427080, 457 
1720702349590.00, 13188, -426546, 351 
1720702349611.00, 6728, -426258, 228 
1720702349633.00, 2888, -426120, 85 
1720702349656.00, 708, -426069, -115 
1720702349676.00, -7087, -426061, -243 
1720702349698.00, -19390, -426199, -347 
1720702349719.00, -33152, -426612, -506 
1720702349741.00, -50906, -427319, -519 
1720702349767.00, -62142, -428406, -551 
1720702349785.00, -70589, -429753, -585 
1720702349806.00, -77671, -431291, -631 
1720702349828.00, -84483, -432971, -665 
1720702349849.00, -90514, -434822, -678 
1720702349873.00, -94862, -436775, -701 
1720702349893.00, -98783, -438844, -736 
1720702349914.00, -103284, -440986, -732 
1720702349936.00, -105450, -443236, -784 
1720702349957.00, -109660, -445547, -885 
1720702349979.00, -118461, -447934, -835 
1720702350001.00, -120642, -450513, -890 
1720702350023.00, -125159, -453150, -893 
1720702350044.00, -127846, -455871, -881 
1720702350066.00, -128694, -458656, -900 
1720702350090.00, -130021, -461467, -900 
1720702350109.00, -131114, -464298, -900 
1720702350132.00, -131646, -467157, -896 
1720702350153.00, -131770, -470012, -916 
1720702350175.00, -132888, -472875, -947 
1720702350207.00, -135323, -475763, -917 
1720702350219.00, -134885, -478713, -907 
1720702350240.00, -133708, -481640, -952 
1720702350262.00, -135738, -484572, -938 
1720702350284.00, -136266, -487527, -898 
1720702350308.00, -133895, -490492, -997 
1720702350326.00, -138489, -493427, -1052 
1720702350347.00, -144669, -496438, -1006 
1720702350370.00, -145652, -499608, -1033 
1720702350392.00, -147618, -502800, -1109 
1720702350415.00, -153279, -506008, -1122 
1720702350435.00, -157426, -509378, -1136 
1720702350457.00, -160335, -512824, -1175 
1720702350478.00, -164604, -516342, -1139 
1720702350501.00, -164834, -519936, -1116 
1720702350527.00, -163612, -523538, -1179 
1720702350544.00, -166562, -527115, -1160 
1720702350565.00, -167328, -530737, -1166 
1720702350588.00, -168030, -534411, -1244 
1720702350609.00, -173158, -538066, -1212 
1720702350634.00, -174045, -541863, -1217 
1720702350654.00, -174597, -545664, -1254 
1720702350674.00, -174727, -549488, -1212 
1720702350697.00, -174698, -553300, -1268 
1720702350718.00, -174680, -557110, -1281 
1720702350743.00, -174761, -560919, -1243 
1720702350763.00, -174455, -564731, -1198 
1720702350784.00, -173522, -568563, -1137 
1720702350806.00, -169419, -572334, -1104 
1720702350828.00, -164929, -576038, -1050 
1720702350855.00, -159140, -579607, -965 
1720702350872.00, -150210, -583075, -889 
1720702350894.00, -140379, -586311, -759 
1720702350916.00, -126693, -589349, -635 
1720702350937.00, -110757, -592088, -571 
1720702350961.00, -97502, -594468, -432 
1720702350981.00, -55007, -596547, -287 
1720702351002.00, -29660, -597752, -244 
1720702351024.00, -14627, -598423, -186 
1720702351046.00, -6242, -598753, -101 
1720702351067.00, -1230, -598893, -72 
1720702351089.00, 995, -598916, 14 
1720702351110.00, 3847, -598900, 112 
1720702351132.00, 11183, -598811, 259 
1720702351152.00, 24872, -598563, 423 
1720702351174.00, 42473, -598030, 646 
1720702351196.00, 66185, -597120, 767 
1720702351218.00, 87640, -595689, 887 
1720702351238.00, 107391, -593767, 1033 
1720702351260.00, 127951, -591411, 1103 
1720702351282.00, 144335, -588603, 1192 
1720702351304.00, 159404, -585433, 1246 
1720702351326.00, 171223, -581935, 1249 
1720702351348.00, 175086, -578187, 1280 
1720702351369.00, 174781, -574364, 1259 
1720702351391.00, 174872, -570542, 1235 
1720702351413.00, 174609, -566725, 1240 
1720702351435.00, 174757, -562917, 1266 
1720702351457.00, 174867, -559111, 1263 
1720702351478.00, 174693, -555302, 1284 
1720702351500.00, 174734, -551468, 1297 
1720702351523.00, 174893, -547654, 1311 
1720702351544.00, 174818, -543839, 1324 
1720702351566.00, 174647, -540017, 1340 
1720702351588.00, 174736, -536216, 1331 
1720702351609.00, 174954, -532388, 1318 
1720702351631.00, 174617, -528571, 1320 
1720702351653.00, 174774, -524756, 1298 
1720702351675.00, 174782, -520944, 1296 
1720702351696.00, 174716, -517122, 1327 
1720702351718.00, 174836, -513310, 1352 
1720702351740.00, 174825, -509492, 1343 
1720702351762.00, 174866, -505668, 1347 
1720702351783.00, 174679, -501864, 1343 
1720702351806.00, 174679, -498039, 1346 
1720702351828.00, 174776, -494222, 1341 
1720702351849.00, 174772, -490417, 1348 
1720702351871.00, 174939, -486594, 1333 
1720702351893.00, 174882, -482774, 1322 
1720702351915.00, 174680, -478952, 1304 
1720702351937.00, 174630, -475144, 1294 
1720702351958.00, 174744, -471337, 1276 
1720702351980.00, 174892, -467515, 1254 
1720702352002.00, 174539, -463700, 1240 
1720702352024.00, 174035, -459879, 1204 
1720702352046.00, 171612, -456087, 1164 
1720702352067.00, 167600, -452340, 1128 
1720702352088.00, 163253, -448677, 1097 
1720702352111.00, 158882, -445124, 1064 
1720702352132.00, 154143, -441678, 1023 
1720702352156.00, 148886, -438311, 960 
1720702352178.00, 141939, -435080, 909 
1720702352199.00, 134698, -432009, 863 
1720702352221.00, 74255, -429097, 798 
1720702352243.00, 38809, -427473, 806 
1720702352264.00, 18156, -426620, 676 
1720702352285.00, 6513, -426210, 561 
1720702352307.00, -21, -426067, 416 
1720702352329.00, -3953, -426068, 216 
1720702352349.00, -6364, -426163, 40 
1720702352372.00, -7670, -426306, -123 
1720702352393.00, -15737, -426479, -271 
1720702352415.00, -28946, -426819, -392 
1720702352436.00, -44244, -427442, -462 
1720702352458.00, -57314, -428390, -516 
1720702352479.00, -68114, -429631, -603 
1720702352505.00, -79924, -431116, -608 
1720702352523.00, -87118, -432842, -631 
1720702352544.00, -92668, -434749, -692 
1720702352566.00, -99305, -436752, -714 
1720702352588.00, -104526, -438910, -712 
1720702352612.00, -107442, -441192, -738 
1720702352631.00, -110456, -443529, -770 
1720702352653.00, -114177, -445935, -799 
1720702352675.00, -118001, -448427, -839 
1720702352696.00, -122493, -451013, -890 
1720702352721.00, -128284, -453678, -921 
1720702352740.00, -133420, -456465, -904 
1720702352762.00, -135194, -459378, -931 
1720702352783.00, -137820, -462321, -965 
1720702352805.00, -141189, -465324, -940 
1720702352826.00, -141681, -468407, -935 
1720702352848.00, -141449, -471492, -931 
1720702352870.00, -141100, -474576, -906 
1720702352892.00, -139317, -477648, -925 
1720702352914.00, -139015, -480674, -959 
1720702352937.00, -141189, -483705, -941 
1720702352957.00, -141254, -486770, -926 
1720702352979.00, -140313, -489842, -994 
1720702352999.00, -143493, -492902, -1043 
1720702353022.00, -148326, -496032, -990 
1720702353047.00, -148050, -499267, -1046 
1720702353064.00, -150884, -502506, -1061 
1720702353087.00, -153642, -505795, -984 
1720702353110.00, -150565, -509147, -949 
1720702353130.00, -146556, -512415, -1033 
1720702353153.00, -149147, -515618, -1029 
1720702353174.00, -150370, -518875, -1081 
1720702353196.00, -154170, -522159, -1145 
1720702353217.00, -160204, -525537, -1137 
1720702353239.00, -163168, -529044, -1154 
1720702353260.00, -165783, -532607, -1202 
1720702353283.00, -170030, -536254, -1158 
1720702353304.00, -169810, -539957, -1165 
1720702353326.00, -170164, -543668, -1173 
1720702353348.00, -170856, -547374, -1143 
1720702353370.00, -169262, -551107, -1150 
1720702353391.00, -168640, -554806, -1127 
1720702353414.00, -166816, -558493, -1067 
1720702353435.00, -162015, -562128, -1031 
1720702353457.00, -156795, -565662, -1035 
1720702353481.00, -154134, -569089, -947 
1720702353501.00, -147051, -572423, -960 
1720702353524.00, -143527, -575619, -974 
1720702353545.00, -142019, -578732, -891 
1720702353567.00, -136387, -581828, -834 
1720702353591.00, -129605, -584782, -813 
1720702353611.00, -124058, -587577, -751 
1720702353632.00, -116930, -590271, -644 
1720702353654.00, -106291, -592806, -562 
1720702353676.00, -60571, -595093, -460 
1720702353699.00, -33415, -596400, -377 
1720702353719.00, -17461, -597144, -303 
1720702353740.00, -8241, -597539, -224 
1720702353762.00, -2822, -597727, -198 
1720702353783.00, 46, -597788, -93 
1720702353804.00, 1545, -597789, 9 
1720702353826.00, 2739, -597747, 166 
1720702353848.00, 13140, -597674, 375 
1720702353870.00, 32046, -597388, 484 
1720702353891.00, 49833, -596706, 659 
1720702353913.00, 70927, -595649, 716 
1720702353934.00, 86979, -594099, 798 
1720702353956.00, 101087, -592216, 896 
1720702353977.00, 115362, -589997, 926 
1720702354000.00, 125478, -587486, 947 
1720702354022.00, 132525, -584743, 989 
1720702354042.00, 139155, -581850, 1010 
1720702354064.00, 144303, -578797, 1021 
1720702354085.00, 147929, -575639, 1065 
1720702354107.00, 152624, -572396, 1141 
1720702354129.00, 159977, -569059, 1173 
1720702354151.00, 166095, -565557, 1210 
1720702354174.00, 171840, -561911, 1252 
1720702354195.00, 174738, -558152, 1238 
1720702354217.00, 174837, -554334, 1263 
1720702354239.00, 174709, -550506, 1274 
1720702354260.00, 174580, -546696, 1279 
1720702354282.00, 174647, -542887, 1283 
1720702354303.00, 174806, -539066, 1282 
1720702354325.00, 174719, -535243, 1272 
1720702354347.00, 174829, -531437, 1249 
1720702354368.00, 174787, -527613, 1235 
1720702354391.00, 173960, -523797, 1232 
1720702354413.00, 173317, -520004, 1233 
1720702354435.00, 173090, -516218, 1244 
1720702354456.00, 173433, -512439, 1248 
1720702354478.00, 174003, -508648, 1251 
1720702354500.00, 174136, -504855, 1233 
1720702354522.00, 173445, -501039, 1224 
1720702354544.00, 172603, -497250, 1215 
1720702354565.00, 171570, -493489, 1203 
1720702354587.00, 170232, -489755, 1195 
1720702354609.00, 168862, -486028, 1185 
1720702354630.00, 167418, -482343, 1170 
1720702354653.00, 165533, -478686, 1154 
1720702354675.00, 163249, -475072, 1145 
1720702354696.00, 161709, -471509, 1125 
1720702354717.00, 159491, -467971, 1103 
1720702354740.00, 156941, -464497, 1079 
1720702354762.00, 153958, -461080, 1025 
1720702354785.00, 148908, -457716, 973 
1720702354806.00, 142825, -454484, 918 
1720702354828.00, 135779, -451380, 877 
1720702354850.00, 129215, -448437, 823 
1720702354872.00, 122025, -445633, 760 
1720702354895.00, 114184, -442976, 723 
1720702354915.00, 107204, -440522, 689 
1720702354937.00, 100857, -438188, 652 
1720702354959.00, 95095, -436001, 561 
1720702354980.00, 86232, -433944, 467 
1720702355001.00, 75153, -432098, 355 
1720702355023.00, 40341, -430478, 229 
1720702355045.00, 19703, -429596, 142 
1720702355066.00, 7827, -429158, 48 
1720702355088.00, 651, -428993, -39 
1720702355110.00, -5271, -428977, -149 
1720702355130.00, -15301, -429089, -283 
1720702355153.00, -30008, -429411, -295 
1720702355174.00, -39057, -430051, -557 
1720702355196.00, -59994, -430895, -581 
1720702355218.00, -73781, -432186, -626 
1720702355239.00, -84601, -433791, -698 
1720702355260.00, -95189, -435643, -755 
1720702355283.00, -104706, -437710, -764 
1720702355304.00, -110797, -439988, -761 
1720702355326.00, -114442, -442412, -714 
1720702355348.00, -113312, -444901, -708 
1720702355369.00, -112344, -447360, -714 
1720702355392.00, -111887, -449788, -764 
1720702355413.00, -114458, -452241, -791 
1720702355434.00, -117529, -454741, -826 
1720702355456.00, -121413, -457289, -839 
1720702355478.00, -124332, -459944, -847 
1720702355500.00, -126341, -462648, -864 
1720702355522.00, -128537, -465393, -884 
1720702355543.00, -131022, -468214, -891 
1720702355565.00, -132521, -471068, -904 
1720702355586.00, -134318, -473951, -944 
1720702355609.00, -137500, -476877, -949 
1720702355630.00, -139828, -479864, -934 
1720702355652.00, -140278, -482907, -965 
1720702355674.00, -142271, -485967, -966 
1720702355695.00, -143362, -489050, -955 
1720702355717.00, -143339, -492185, -991 
1720702355737.00, -145276, -495296, -1015 
1720702355759.00, -147723, -498468, -1011 
1720702355781.00, -148791, -501709, -1041 
1720702355803.00, -151279, -504959, -1060 
1720702355825.00, -153661, -508265, -1058 
1720702355847.00, -155026, -511632, -1075 
1720702355869.00, -156820, -515005, -1048 
1720702355890.00, -156081, -518435, -1048 
1720702355912.00, -155434, -521843, -1099 
1720702355934.00, -158078, -525249, -1098 
1720702355956.00, -159634, -528705, -1057 
1720702355978.00, -157720, -532181, -1073 
1720702356000.00, -157464, -535644, -1071 
1720702356022.00, -157266, -539070, -992 
1720702356044.00, -152432, -542497, -981 
1720702356065.00, -148517, -545805, -1003 
1720702356087.00, -147753, -549054, -970 
1720702356109.00, -145205, -552261, -992 
1720702356130.00, -144848, -555418, -1054 
1720702356151.00, -148378, -558586, -1042 
1720702356174.00, -149664, -561830, -1064 
1720702356195.00, -151644, -565093, -1098 
1720702356217.00, -154766, -568418, -1042 
1720702356239.00, -153449, -571786, -1000 
1720702356262.00, -149774, -575139, -980 
1720702356284.00, -146403, -578382, -884 
1720702356305.00, -138627, -581565, -824 
1720702356329.00, -129892, -584563, -767 
1720702356349.00, -121582, -587377, -656 
1720702356371.00, -109914, -590007, -546 
1720702356392.00, -96160, -592381, -455 
1720702356413.00, -82720, -594444, -327 
1720702356437.00, -46857, -596207, -231 
1720702356457.00, -25738, -597238, -174 
1720702356479.00, -12946, -597815, -105 
1720702356500.00, -5876, -598106, -26 
1720702356521.00, -1495, -598238, 10 
1720702356544.00, 102, -598267, 109 
1720702356565.00, 8030, -598262, 234 
1720702356586.00, 20198, -598091, 382 
1720702356608.00, 36522, -597656, 440 
1720702356629.00, 49761, -596863, 697 
1720702356651.00, 72941, -595799, 769 
1720702356673.00, 91252, -594204, 813 
1720702356695.00, 104697, -592230, 921 
1720702356716.00, 118922, -589933, 978 
1720702356737.00, 130761, -587338, 1010 
1720702356762.00, 139605, -584457, 1050 
1720702356780.00, 147161, -581400, 1076 
1720702356802.00, 153127, -578181, 1104 
1720702356823.00, 158139, -574828, 1149 
1720702356846.00, 163651, -571373, 1169 
1720702356870.00, 168191, -567784, 1172 
1720702356889.00, 170763, -564116, 1188 
1720702356911.00, 173140, -560373, 1205 
1720702356932.00, 174792, -556596, 1179 
1720702356954.00, 174761, -552781, 1201 
1720702356976.00, 174632, -548963, 1212 
1720702356998.00, 174597, -545146, 1201 
1720702357021.00, 174858, -541331, 1204 
1720702357042.00, 174660, -537522, 1204 
1720702357063.00, 174590, -533697, 1221 
1720702357085.00, 174702, -529889, 1230 
1720702357107.00, 174866, -526069, 1250 
1720702357129.00, 174778, -522247, 1264 
1720702357151.00, 174692, -518431, 1296 
1720702357173.00, 174661, -514613, 1314 
1720702357194.00, 174445, -510799, 1309 
1720702357216.00, 174693, -506978, 1323 
1720702357239.00, 174722, -503163, 1323 
1720702357260.00, 174669, -499334, 1303 
1720702357282.00, 174544, -495530, 1305 
1720702357307.00, 174457, -491708, 1276 
1720702357326.00, 174447, -487900, 1236 
1720702357347.00, 173718, -484087, 1198 
1720702357369.00, 170999, -480298, 1188 
1720702357391.00, 168707, -476558, 1175 
1720702357413.00, 166698, -472870, 1169 
1720702357435.00, 165128, -469233, 1157 
1720702357456.00, 163470, -465624, 1146 
1720702357478.00, 161662, -462053, 1114 
1720702357500.00, 158941, -458519, 1075 
1720702357522.00, 154967, -455064, 1020 
1720702357545.00, 149086, -451680, 969 
1720702357567.00, 142669, -448450, 923 
1720702357588.00, 135979, -445350, 884 
1720702357610.00, 129719, -442398, 840 
1720702357632.00, 123436, -439585, 777 
1720702357654.00, 115895, -436908, 687 
1720702357675.00, 106073, -434400, 602 
1720702357697.00, 95054, -432119, 523 
1720702357717.00, 51878, -430069, 431 
1720702357742.00, 26091, -428946, 381 
1720702357762.00, 11330, -428372, 203 
1720702357783.00, 2629, -428126, 88 
1720702357805.00, -1835, -428071, -36 
1720702357826.00, -6836, -428108, -139 
1720702357848.00, -15840, -428258, -240 
1720702357869.00, -27741, -428589, -261 
1720702357891.00, -35620, -429187, -475 
1720702357913.00, -52933, -429946, -485 
1720702357934.00, -63883, -431085, -520 
1720702357956.00, -72319, -432467, -557 
1720702357978.00, -79568, -434046, -597 
1720702358000.00, -85991, -435781, -662 
1720702358020.00, -93805, -437645, -676 
1720702358043.00, -99228, -439672, -695 
1720702358064.00, -103339, -441838, -753 
1720702358086.00, -109046, -444097, -847 
1720702358108.00, -118060, -446466, -840 
1720702358129.00, -122741, -449037, -856 
1720702358151.00, -126374, -451735, -895 
1720702358173.00, -130659, -454486, -931 
1720702358194.00, -135330, -457325, -852 
1720702358216.00, -133272, -460283, -880 
1720702358238.00, -133557, -463174, -909 
1720702358260.00, -135588, -466075, -893 
1720702358282.00, -135584, -469033, -866 
1720702358303.00, -133781, -471986, -921 
1720702358325.00, -135931, -474901, -926 
1720702358347.00, -137619, -477863, -888 
1720702358369.00, -135806, -480847, -965 
1720702358389.00, -139329, -483821, -1010 
1720702358412.00, -144259, -486871, -995 
1720702358433.00, -146348, -490009, -1043 
1720702358455.00, -150123, -493225, -1105 
1720702358475.00, -155887, -496498, -1125 
1720702358497.00, -160636, -499915, -1116 
1720702358519.00, -162780, -503443, -1136 
1720702358542.00, -164912, -506996, -1146 
1720702358564.00, -166729, -510609, -1149 
1720702358585.00, -168086, -514245, -1140 
1720702358607.00, -168196, -517930, -1147 
1720702358629.00, -168654, -521594, -1122 
1720702358651.00, -167441, -525290, -1084 
1720702358673.00, -164154, -528938, -1107 
1720702358694.00, -163411, -532533, -1088 
1720702358716.00, -162056, -536108, -1027 
1720702358738.00, -157335, -539645, -1098 
1720702358759.00, -158722, -543085, -1110 
1720702358781.00, -160364, -546537, -1045 
1720702358803.00, -157113, -550055, -1099 
1720702358825.00, -158248, -553483, -1128 
1720702358847.00, -160900, -556931, -1075 
1720702358869.00, -159255, -560453, -1130 
1720702358891.00, -161389, -563918, -1170 
1720702358912.00, -165125, -567455, -1090 
1720702358934.00, -161968, -571049, -1020 
1720702358957.00, -156139, -574593, -924 
1720702358979.00, -146951, -577971, -762 
1720702359001.00, -131341, -581150, -672 
1720702359022.00, -116443, -583986, -645 
1720702359044.00, -106047, -586503, -506 
1720702359065.00, -91699, -588800, -426 
1720702359087.00, -78123, -590777, -402 
1720702359109.00, -68547, -592464, -340 
1720702359130.00, -59409, -593941, -232 
1720702359152.00, -33700, -595218, -239 
1720702359173.00, -17886, -595966, -199 
1720702359195.00, -8733, -596362, -123 
1720702359217.00, -3325, -596555, -58 
1720702359238.00, -38, -596627, 17 
1720702359260.00, 2319, -596623, 154 
1720702359281.00, 12098, -596573, 303 
1720702359303.00, 27115, -596313, 440 
1720702359325.00, 44196, -595728, 725 
1720702359346.00, 71373, -594785, 789 
1720702359367.00, 91626, -593234, 820 
1720702359390.00, 105336, -591243, 978 
1720702359409.00, 122972, -588937, 1019 
1720702359432.00, 135750, -586233, 1041 
1720702359454.00, 144598, -583253, 1093 
1720702359476.00, 152796, -580094, 1130 
1720702359498.00, 159879, -576745, 1127 
1720702359519.00, 163555, -573256, 1143 
1720702359540.00, 166483, -569677, 1175 
1720702359562.00, 170029, -566029, 1170 
1720702359584.00, 171822, -562319, 1191 
1720702359606.00, 173884, -558559, 1210 
1720702359628.00, 174696, -554765, 1237 
1720702359650.00, 174857, -550936, 1244 
1720702359672.00, 174828, -547125, 1256 
1720702359693.00, 174726, -543316, 1291 
1720702359715.00, 174797, -539495, 1310 
1720702359737.00, 174801, -535677, 1319 
1720702359759.00, 174528, -531855, 1328 
1720702359781.00, 174748, -528039, 1330 
1720702359802.00, 174550, -524220, 1327 
1720702359825.00, 174740, -520410, 1301 
1720702359846.00, 174659, -516598, 1295 
1720702359868.00, 174674, -512775, 1249 
1720702359890.00, 174864, -508960, 1244 
1720702359912.00, 174704, -505139, 1229 
1720702359938.00, 174546, -501323, 1232 
1720702359956.00, 174553, -497514, 1238 
1720702359977.00, 174786, -493703, 1250 
1720702359999.00, 174752, -489880, 1246 
1720702360020.00, 174694, -486066, 1245 
1720702360046.00, 174793, -482234, 1224 
1720702360065.00, 174632, -478422, 1200 
1720702360086.00, 174657, -474617, 1192 
1720702360108.00, 174670, -470804, 1172 
1720702360130.00, 173822, -466972, 1146 
1720702360154.00, 171752, -463176, 1122 
1720702360174.00, 169005, -459435, 1086 
1720702360196.00, 164984, -455744, 1027 
1720702360218.00, 158869, -452146, 941 
1720702360240.00, 150095, -448696, 858 
1720702360262.00, 139846, -445438, 803 
1720702360284.00, 130383, -442408, 746 
1720702360305.00, 121201, -439586, 658 
1720702360327.00, 110397, -436962, 544 
1720702360349.00, 97100, -434582, 426 
1720702360370.00, 82094, -432498, 280 
1720702360393.00, 47124, -430740, 133 
1720702360413.00, 26172, -429724, 19 
1720702360435.00, 14197, -429144, -103 
1720702360456.00, 1003, -428835, -186 
1720702360478.00, -11088, -428804, -240 
1720702360500.00, -22117, -429031, -245 
1720702360521.00, -28777, -429509, -459 
1720702360544.00, -45839, -430125, -412 
1720702360565.00, -53011, -431104, -462 
1720702360590.00, -60251, -432259, -519 
1720702360608.00, -67878, -433564, -583 
1720702360630.00, -76281, -435057, -626 
1720702360652.00, -83746, -436701, -651 
1720702360673.00, -89755, -438536, -683 
1720702360694.00, -95134, -440472, -742 
1720702360717.00, -101657, -442543, -754 
1720702360738.00, -106329, -444771, -776 
1720702360760.00, -110462, -447075, -860 
1720702360782.00, -117602, -449485, -854 
1720702360804.00, -121616, -452067, -864 
1720702360825.00, -124382, -454717, -915 
1720702360847.00, -129015, -457419, -876 
1720702360869.00, -129565, -460229, -850 
1720702360890.00, -128121, -463044, -869 
1720702360912.00, -128340, -465822, -884 
1720702360934.00, -129205, -468631, -845 
1720702360955.00, -127375, -471439, -838 
1720702360977.00, -125794, -474208, -834 
1720702360999.00, -124468, -476952, -843 
1720702361020.00, -124338, -479646, -847 
1720702361042.00, -124488, -482350, -894 
1720702361064.00, -127163, -485070, -957 
1720702361086.00, -132702, -487849, -978 
1720702361106.00, -137009, -490734, -1003 
1720702361131.00, -140774, -493743, -1035 
1720702361152.00, -144929, -496823, -1020 
1720702361173.00, -146387, -499994, -981 
1720702361194.00, -144872, -503183, -995 
1720702361217.00, -145008, -506338, -996 
1720702361238.00, -145173, -509486, -935 
1720702361260.00, -141543, -512646, -955 
1720702361282.00, -140343, -515715, -989 
1720702361303.00, -141738, -518772, -961 
1720702361325.00, -140930, -521850, -972 
1720702361346.00, -140960, -524924, -1006 
1720702361367.00, -143047, -527992, -1032 
1720702361390.00, -145849, -531115, -1034 
1720702361411.00, -147406, -534322, -1052 
1720702361433.00, -149359, -537540, -1079 
1720702361454.00, -152114, -540795, -1059 
1720702361477.00, -152550, -544119, -1048 
1720702361498.00, -152029, -547448, -1104 
1720702361520.00, -155192, -550775, -1074 
1720702361542.00, -155162, -554163, -1040 
1720702361563.00, -152991, -557553, -1105 
1720702361585.00, -155539, -560885, -1109 
1720702361607.00, -157375, -564273, -1039 
1720702361629.00, -154201, -567715, -1034 
1720702361651.00, -151762, -571053, -1015 
1720702361674.00, -149032, -574382, -916 
1720702361696.00, -141483, -577608, -892 
1720702361717.00, -135433, -580677, -872 
1720702361739.00, -130729, -583618, -765 
1720702361760.00, -121461, -586451, -724 
1720702361783.00, -113299, -589086, -695 
1720702361804.00, -106727, -591535, -549 
1720702361826.00, -93915, -593834, -462 
1720702361847.00, -52877, -595854, -389 
1720702361869.00, -28471, -597006, -353 
1720702361891.00, -13951, -597651, -306 
1720702361913.00, -5698, -597969, -229 
1720702361934.00, -1030, -598104, -215 
1720702361955.00, 936, -598126, -144 
1720702361977.00, 2571, -598113, -92 
1720702361999.00, 3850, -598056, -15 
1720702362020.00, 4498, -597968, 89 
1720702362042.00, 9956, -597852, 245 
1720702362063.00, 22720, -597630, 412 
1720702362085.00, 40313, -597142, 557 
1720702362107.00, 59306, -596280, 698 
1720702362128.00, 79035, -595004, 807 
1720702362150.00, 97278, -593265, 947 
1720702362170.00, 116575, -591148, 1038 
1720702362193.00, 133386, -588591, 1091 
1720702362214.00, 146408, -585653, 1133 
1720702362235.00, 156524, -582436, 1203 
1720702362257.00, 166621, -579015, 1185 
1720702362279.00, 171466, -575365, 1179 
1720702362301.00, 173745, -571614, 1225 
1720702362323.00, 174862, -567808, 1204 
1720702362345.00, 174859, -563998, 1216 
1720702362367.00, 174572, -560181, 1218 
1720702362388.00, 174688, -556359, 1251 
1720702362410.00, 174749, -552542, 1260 
1720702362432.00, 174782, -548727, 1212 
1720702362455.00, 174720, -544922, 1185 
1720702362476.00, 174754, -541097, 1171 
1720702362498.00, 174541, -537281, 1167 
1720702362519.00, 174148, -533467, 1170 
1720702362541.00, 174150, -529668, 1187 
1720702362564.00, 174972, -525863, 1209 
1720702362584.00, 174564, -522041, 1205 
1720702362607.00, 174685, -518223, 1209 
1720702362628.00, 174561, -514411, 1204 
1720702362650.00, 174752, -510589, 1211 
1720702362671.00, 174785, -506786, 1208 
1720702362694.00, 174699, -502962, 1206 
1720702362716.00, 174849, -499138, 1197 
1720702362738.00, 174617, -495317, 1204 
1720702362759.00, 174624, -491500, 1205 
1720702362781.00, 174793, -487692, 1214 
1720702362803.00, 174795, -483878, 1217 
1720702362824.00, 174667, -480053, 1212 
1720702362847.00, 174657, -476239, 1205 
1720702362868.00, 174525, -472435, 1175 
1720702362892.00, 173520, -468610, 1149 
1720702362912.00, 171263, -464820, 1106 
1720702362933.00, 167131, -461094, 1065 
1720702362956.00, 162261, -457459, 1001 
1720702362979.00, 155457, -453910, 964 
1720702363005.00, 149027, -450541, 918 
1720702363022.00, 142442, -447307, 851 
1720702363044.00, 134328, -444229, 776 
1720702363066.00, 124926, -441318, 733 
1720702363088.00, 116647, -438614, 683 
1720702363112.00, 108576, -436076, 607 
1720702363131.00, 99245, -433731, 513 
1720702363152.00, 88019, -431600, 417 
1720702363174.00, 50233, -429700, 328 
1720702363196.00, 27609, -428613, 331 
1720702363220.00, 14464, -427991, 278 
1720702363239.00, 6938, -427659, 251 
1720702363260.00, 2332, -427510, 186 
1720702363281.00, -75, -427465, 97 
1720702363303.00, -1432, -427475, -67 
1720702363326.00, -6569, -427511, -229 
1720702363346.00, -19010, -427657, -367 
1720702363368.00, -34659, -428074, -528 
1720702363389.00, -53848, -428813, -563 
1720702363411.00, -67279, -429961, -686 
1720702363435.00, -82477, -431431, -718 
1720702363454.00, -93448, -433217, -710 
1720702363475.00, -99400, -435256, -717 
1720702363498.00, -103344, -437404, -697 
1720702363520.00, -104295, -439653, -743 
1720702363541.00, -107486, -441931, -736 
1720702363563.00, -108916, -444272, -744 
1720702363585.00, -110309, -446638, -795 
1720702363606.00, -113990, -449028, -838 
1720702363628.00, -118864, -451540, -868 
1720702363649.00, -123402, -454125, -967 
1720702363670.00, -131937, -456804, -1023 
1720702363693.00, -140166, -459694, -996 
1720702363714.00, -143462, -462753, -1000 
1720702363737.00, -145703, -465881, -984 
1720702363760.00, -145787, -469055, -966 
1720702363780.00, -144521, -472224, -959 
1720702363801.00, -143383, -475371, -939 
1720702363824.00, -141479, -478495, -946 
1720702363845.00, -140482, -481555, -950 
1720702363867.00, -140213, -484629, -957 
1720702363889.00, -140461, -487684, -958 
1720702363911.00, -140649, -490734, -988 
1720702363931.00, -142460, -493803, -1013 
1720702363953.00, -144893, -496908, -1006 
1720702363978.00, -145530, -500086, -1040 
1720702363996.00, -148196, -503272, -1094 
1720702364018.00, -152924, -506511, -1083 
1720702364041.00, -155063, -509872, -1103 
1720702364062.00, -157421, -513255, -1089 
1720702364087.00, -157981, -516706, -1085 
1720702364105.00, -157810, -520155, -1091 
1720702364127.00, -158425, -523608, -1075 
1720702364149.00, -157715, -527071, -1079 
1720702364171.00, -157320, -530496, -1147 
1720702364193.00, -161107, -533949, -1110 
1720702364215.00, -161267, -537463, -1111 
1720702364236.00, -161298, -540985, -1160 
1720702364258.00, -164129, -544510, -1131 
1720702364280.00, -164216, -548081, -1125 
1720702364302.00, -163392, -551676, -1170 
1720702364323.00, -165536, -555245, -1123 
1720702364346.00, -164025, -558864, -1058 
1720702364367.00, -159284, -562449, -1088 
1720702364389.00, -158221, -565927, -1039 
1720702364410.00, -154648, -569380, -1006 
1720702364433.00, -150316, -572741, -991 
1720702364456.00, -146808, -576018, -943 
1720702364477.00, -141823, -579183, -894 
1720702364499.00, -135993, -582272, -835 
1720702364520.00, -128705, -585219, -795 
1720702364543.00, -121992, -588002, -731 
1720702364564.00, -114219, -590642, -665 
1720702364586.00, -105491, -593125, -636 
1720702364608.00, -59450, -595387, -570 
1720702364631.00, -32479, -596676, -477 
1720702364651.00, -16528, -597400, -373 
1720702364672.00, -7336, -597771, -302 
1720702364694.00, -2028, -597940, -286 
1720702364716.00, 361, -597981, -183 
1720702364739.00, 2279, -597978, -127 
1720702364759.00, 3560, -597927, -24 
1720702364780.00, 4280, -597837, 128 
1720702364802.00, 12310, -597725, 317 
1720702364823.00, 28454, -597457, 464 
1720702364844.00, 46752, -596847, 695 
1720702364867.00, 71555, -595849, 782 
1720702364889.00, 91626, -594289, 922 
1720702364909.00, 112027, -592293, 1030 
1720702364930.00, 130453, -589832, 1105 
1720702364953.00, 145682, -586964, 1142 
1720702364979.00, 156725, -583768, 1181 
1720702364996.00, 165489, -580342, 1195 
1720702365018.00, 171432, -576709, 1205 
1720702365040.00, 175101, -572958, 1201 
1720702365062.00, 174774, -569142, 1206 
1720702365083.00, 174734, -565324, 1215 
1720702365105.00, 174601, -561508, 1196 
1720702365127.00, 174499, -557690, 1193 
1720702365148.00, 174712, -553883, 1232 
1720702365170.00, 174651, -550066, 1216 
1720702365192.00, 174769, -546250, 1236 
1720702365215.00, 174804, -542431, 1254 
1720702365236.00, 174764, -538618, 1309 
1720702365258.00, 175079, -534802, 1293 
1720702365280.00, 174661, -530983, 1335 
1720702365301.00, 174403, -527165, 1347 
1720702365323.00, 174598, -523350, 1347 
1720702365345.00, 174916, -519536, 1346 
1720702365367.00, 174784, -515712, 1342 
1720702365389.00, 174718, -511891, 1332 
1720702365411.00, 174626, -508078, 1296 
1720702365433.00, 174490, -504267, 1301 
1720702365454.00, 174516, -500449, 1295 
1720702365476.00, 174702, -496640, 1275 
1720702365498.00, 174778, -492822, 1249 
1720702365520.00, 174588, -489005, 1228 
1720702365541.00, 173372, -485189, 1201 
1720702365563.00, 170993, -481408, 1177 
1720702365585.00, 168326, -477680, 1157 
1720702365607.00, 165452, -474011, 1151 
1720702365628.00, 163361, -470392, 1136 
1720702365650.00, 160941, -466827, 1094 
1720702365672.00, 157380, -463300, 1061 
1720702365694.00, 153218, -459871, 1062 
1720702365716.00, 150892, -456538, 1049 
1720702365738.00, 148655, -453248, 1023 
1720702365759.00, 145895, -449996, 1018 
1720702365781.00, 143998, -446821, 1004 
1720702365804.00, 141729, -443683, 952 
1720702365826.00, 137365, -440614, 889 
1720702365848.00, 130932, -437630, 824 
1720702365869.00, 123160, -434791, 746 
1720702365891.00, 113863, -432129, 671 
1720702365913.00, 62660, -429674, 590 
1720702365934.00, 32590, -428319, 581 
1720702365957.00, 14903, -427596, 433 
1720702365978.00, 4829, -427258, 343 
1720702365999.00, -635, -427154, 235 
1720702366021.00, -4309, -427167, 126 
1720702366042.00, -6274, -427265, 14 
1720702366064.00, -7124, -427409, -102 
1720702366085.00, -13744, -427576, -218 
1720702366107.00, -24692, -427878, -313 
1720702366128.00, -37038, -428406, -341 
1720702366149.00, -45818, -429198, -499 
1720702366172.00, -60387, -430176, -482 
1720702366193.00, -67916, -431488, -517 
1720702366215.00, -74219, -432955, -554 
1720702366237.00, -80136, -434582, -531 
1720702366258.00, -82060, -436311, -526 
1720702366280.00, -82901, -438106, -551 
1720702366302.00, -84775, -439895, -611 
1720702366323.00, -89437, -441750, -628 
1720702366345.00, -93158, -443682, -634 
1720702366366.00, -95550, -445707, -675 
1720702366388.00, -99442, -447780, -716 
1720702366410.00, -104115, -449933, -735 
1720702366432.00, -107935, -452209, -771 
1720702366453.00, -112125, -454573, -830 
1720702366474.00, -118202, -457000, -832 
1720702366497.00, -121730, -459588, -860 
1720702366518.00, -125444, -462241, -905 
1720702366540.00, -130237, -464973, -909 
1720702366562.00, -133037, -467820, -880 
1720702366584.00, -133162, -470727, -886 
1720702366606.00, -133412, -473606, -885 
1720702366627.00, -133394, -476518, -878 
1720702366649.00, -132980, -479411, -876 
1720702366670.00, -132367, -482300, -905 
1720702366692.00, -133722, -485188, -906 
1720702366714.00, -134337, -488101, -920 
1720702366735.00, -135480, -491036, -978 
1720702366756.00, -139675, -493993, -1001 
1720702366778.00, -143348, -497041, -1008 
1720702366800.00, -146068, -500193, -1043 
1720702366826.00, -149466, -503383, -1059 
1720702366844.00, -152398, -506643, -1031 
1720702366865.00, -152493, -509982, -1018 
1720702366887.00, -151526, -513311, -1012 
1720702366909.00, -150738, -516637, -1014 
1720702366932.00, -150282, -519923, -1079 
1720702366952.00, -153804, -523203, -1062 
1720702366974.00, -154783, -526571, -1064 
1720702366996.00, -155354, -529940, -1100 
1720702367018.00, -157637, -533353, -1118 
1720702367040.00, -160212, -536800, -1096 
1720702367062.00, -160331, -540303, -1155 
1720702367083.00, -163886, -543810, -1181 
1720702367105.00, -167548, -547369, -1076 
1720702367126.00, -163263, -551032, -1072 
1720702367149.00, -160367, -554582, -1043 
1720702367172.00, -156852, -558091, -958 
1720702367193.00, -149252, -561481, -929 
1720702367215.00, -143235, -564729, -891 
1720702367237.00, -137346, -567838, -837 
1720702367259.00, -130494, -570801, -822 
1720702367281.00, -125455, -573646, -833 
1720702367302.00, -123085, -576377, -811 
1720702367324.00, -120150, -579044, -810 
1720702367346.00, -118434, -581657, -787 
1720702367376.00, -116035, -584233, -757 
1720702367389.00, -112868, -586745, -728 
1720702367410.00, -109179, -589196, -654 
1720702367432.00, -102261, -591566, -575 
1720702367454.00, -93431, -593776, -527 
1720702367476.00, -53339, -595781, -426 
1720702367497.00, -29446, -596939, -409 
1720702367519.00, -15025, -597607, -391 
1720702367540.00, -7013, -597949, -326 
1720702367562.00, -2344, -598110, -343 
1720702367583.00, 60, -598160, -286 
1720702367605.00, 1317, -598165, -273 
1720702367627.00, 2431, -598145, -240 
1720702367649.00, 2926, -598093, -196 
1720702367670.00, 3298, -598027, -180 
1720702367692.00, 3408, -597953, -159 
1720702367713.00, 3500, -597877, -137 
1720702367735.00, 3508, -597801, -113 
1720702367757.00, 3429, -597726, -98 
1720702367778.00, 3448, -597651, -84 
1720702367800.00, 3336, -597577, -64 
1720702367821.00, 3229, -597504, -53 
1720702367843.00, 3150, -597434, -50 
1720702367864.00, 3091, -597364, -45 
1720702367886.00, 3046, -597299, -36 
1720702367907.00, 2968, -597234, -31 
1720702367928.00, 2768, -597169, -32 
1720702367950.00, 2650, -597108, -33 
1720702367972.00, 2649, -597050, -29 
1720702367994.00, 2498, -596993, -25 
1720702368015.00, 2460, -596939, -24 
1720702368036.00, 2435, -596885, -22 
1720702368058.00, 2351, -596833, -17 
1720702368080.00, 2248, -596783, -15 
1720702368101.00, 2240, -596732, -16 
1720702368123.00, 2193, -596685, -16 
1720702368145.00, 2107, -596638, -14 
1720702368166.00, 2075, -596592, -11 
1720702368188.00, 2038, -596548, -9 
1720702368209.00, 2029, -596505, -6 
1720702368231.00, 1924, -596461, -2 
1720702368252.00, 1882, -596419, -2 
1720702368273.00, 1871, -596378, -2 
1720702368294.00, 1797, -596337, -3 
1720702368316.00, 1727, -596297, -2 
1720702368338.00, 1615, -596263, -1 
1720702368359.00, 1572, -596228, -1 
1720702368381.00, 1627, -596198, 0 
1720702368402.00, 1561, -596164, 1 
1720702368424.00, 1469, -596132, 2 
1720702368445.00, 1408, -596099, 0 
1720702368466.00, 1431, -596069, 0 
1720702368487.00, 1360, -596041, 0 
1720702368509.00, 1336, -596010, 1 
1720702368530.00, 1307, -595982, 1 
1720702368552.00, 1262, -595954, 2 
1720702368573.00, 1212, -595925, 3 
1720702368594.00, 1168, -595901, 5 
1720702368616.00, 1188, -595876, 5 
1720702368664.00, 1208, -595852, 6 
1720702368664.00, 1172, -595827, 9 
1720702368680.00, 1136, -595801, 14 
1720702368701.00, 0, -595776, -84 
1720702368723.00, 0, -595767, -82 
1720702368743.00, 0, -595767, -78 
1720702368764.00, 0, -595768, -79 
1720702368785.00, 0, -595767, -74 
1720702368807.00, 0, -595767, -62 
1720702368828.00, 0, -595767, -58 
1720702368849.00, 0, -595767, -51 
1720702368869.00, 0, -595766, -48 
1720702368891.00, 0, -595765, -56 
1720702368912.00, 0, -595766, -49 
1720702368933.00, 0, -595765, -51 
1720702368954.00, 0, -595767, -54 
1720702368975.00, 0, -595765, -35 
1720702368996.00, 0, -595764, -37 
1720702369017.00, 0, -595766, -46 
1720702369038.00, 0, -595765, -40 
1720702369059.00, 0, -595764, -46 
1720702369080.00, 0, -595766, -48 
1720702369100.00, 0, -595765, -46 
1720702369121.00, 0, -595767, -49 
1720702369143.00, 0, -595766, -38 
1720702369164.00, 0, -595764, -37 
1720702369185.00, 0, -595766, -41 
1720702369206.00, 0, -595766, -37 
1720702369227.00, 0, -595765, -38 
1720702369248.00, 0, -595766, -42 
1720702369269.00, 0, -595765, -45 
1720702369290.00, 0, -595765, -48 
1720702369311.00, 0, -595765, -49 
1720702369332.00, 0, -595764, -48 
1720702369353.00, 0, -595765, -48 
1720702369374.00, 0, -595766, -49 
1720702369395.00, 0, -595765, -46 
1720702369416.00, 0, -595765, -41 
1720702369437.00, 0, -595765, -39 
1720702369460.00, 0, -595765, -39 
1720702369479.00, 0, -595766, -38 
1720702369500.00, 0, -595765, -37 
1720702369521.00, 0, -595765, -37 
1720702369542.00, 0, -595764, -37 
1720702369564.00, 0, -595766, -37 
1720702369584.00, 0, -595765, -36 
1720702369605.00, 0, -595765, -37 
1720702369627.00, 0, -595766, -37 
1720702369648.00, 0, -595766, -37 
1720702369668.00, 0, -595765, -37 
1720702369690.00, 0, -595765, -36 
1720702369711.00, 0, -595766, -35 
1720702369732.00, 0, -595764, -36 
1720702369758.00, 0, -595764, -37 
1720702369774.00, 0, -595765, -37 
1720702369795.00, 0, -595765, -37 
1720702369816.00, 0, -595765, -37 
1720702369837.00, 0, -595766, -38 
1720702369857.00, 0, -595764, -38 
1720702369879.00, 0, -595766, -38 
1720702369899.00, 0, -595765, -39 
1720702369920.00, 0, -595765, -40 
1720702369942.00, 0, -595765, -40 
1720702369962.00, 0, -595765, -41 
1720702369984.00, 0, -595766, -41 
1720702370004.00, 0, -595765, -42 
1720702370026.00, 0, -595765, -43 
1720702370047.00, 0, -595766, -44 
1720702370068.00, 0, -595765, -45 
1720702370089.00, 0, -595765, -46 
1720702370111.00, 0, -595765, -47 
1720702370131.00, 0, -595765, -47 
1720702370152.00, 0, -595765, -48 
1720702370173.00, 0, -595765, -48 
1720702370194.00, 0, -595766, -49 
1720702370215.00, 0, -595765, -50 
1720702370236.00, 0, -595765, -51 
1720702370257.00, 0, -595765, -52 
1720702370278.00, 0, -595765, -54 
1720702370299.00, 0, -595765, -55 
1720702370320.00, 0, -595766, -56 
1720702370341.00, 39, -595765, -56 
1720702370362.00, 0, -595765, -55 
1720702370384.00, 0, -595766, -54 
1720702370405.00, 0, -595766, -54 
1720702370425.00, 0, -595766, -55 
1720702370447.00, 0, -595765, -56 
1720702370468.00, 0, -595765, -57 
1720702370489.00, 0, -595765, -58 
1720702370510.00, 0, -595766, -59 
1720702370531.00, 0, -595766, -57 
1720702370552.00, 0, -595766, -56 
1720702370573.00, -24, -595766, -55 
1720702370594.00, 0, -595766, -53 
1720702370615.00, 0, -595766, -49 
1720702370636.00, 0, -595766, -48 
1720702370657.00, 0, -595766, -48 
1720702370679.00, 0, -595766, -48 
1720702370699.00, 0, -595765, -47 
1720702370720.00, 0, -595766, -48 
1720702370741.00, 0, -595765, -51 
1720702370762.00, 0, -595764, -51 
1720702370784.00, 0, -595765, -50 
1720702370804.00, 0, -595765, -49 
1720702370825.00, 0, -595765, -47 
1720702370847.00, 0, -595766, -46 
1720702370868.00, 0, -595765, -45 
1720702370889.00, 0, -595765, -46 
1720702370910.00, 0, -595765, -48 
1720702370930.00, 0, -595765, -49 
1720702370951.00, 0, -595765, -49 
1720702370973.00, 0, -595767, -53 
1720702370994.00, 0, -595766, -63 
1720702371014.00, 0, -595766, -67 
1720702371035.00, 0, -595767, -71 
1720702371057.00, 0, -595766, -73 
1720702371077.00, 0, -595766, -74 
1720702371099.00, 0, -595767, -71 
1720702371120.00, 0, -595765, -69 
1720702371140.00, 0, -595766, -66 
1720702371162.00, 0, -595766, -65 
1720702371182.00, 0, -595767, -64 
1720702371203.00, 0, -595766, -60 
1720702371224.00, 0, -595766, -53 
1720702371245.00, 0, -595767, -49 
1720702371267.00, 0, -595766, -57 
1720702371288.00, 0, -595767, -66 
1720702371309.00, 0, -595767, -67 
1720702371330.00, 0, -595766, -66 
1720702371351.00, 0, -595766, -65 
1720702371372.00, 0, -595766, -63 
1720702371393.00, 0, -595767, -63 
1720702371414.00, 0, -595766, -64 
1720702371435.00, 0, -595767, -65 
1720702371456.00, 0, -595767, -63 
1720702371477.00, 0, -595766, -62 
1720702371498.00, 0, -595765, -62 
1720702371519.00, 0, -595766, -62 
1720702371540.00, 0, -595767, -63 
1720702371561.00, 0, -595766, -59 
1720702371582.00, 0, -595766, -53 
1720702371603.00, 0, -595766, -47 
