1721978572134.00, 0, -596184, -436 
1721978572155.00, 0, -596183, -436 
1721978572177.00, 0, -596184, -430 
1721978572198.00, 0, -596186, -425 
1721978572219.00, 0, -596184, -427 
1721978572241.00, 0, -596185, -431 
1721978572261.00, 0, -596184, -432 
1721978572283.00, 0, -596185, -435 
1721978572305.00, 0, -596184, -438 
1721978572326.00, 0, -596185, -440 
1721978572347.00, 0, -596185, -435 
1721978572369.00, 0, -596184, -434 
1721978572389.00, 0, -596185, -434 
1721978572411.00, 0, -596184, -431 
1721978572432.00, 0, -596185, -429 
1721978572453.00, 0, -596184, -429 
1721978572484.00, 0, -596185, -434 
1721978572496.00, 0, -596185, -441 
1721978572517.00, 0, -596185, -444 
1721978572539.00, 0, -596185, -444 
1721978572562.00, 0, -596185, -445 
1721978572581.00, 0, -596185, -446 
1721978572602.00, 0, -596186, -447 
1721978572624.00, 0, -596185, -446 
1721978572645.00, 0, -596185, -445 
1721978572666.00, 0, -596186, -447 
1721978572687.00, 21, -596186, -451 
1721978572708.00, 0, -596186, -452 
1721978572730.00, 0, -596186, -448 
1721978572752.00, 0, -596186, -448 
1721978572778.00, 0, -596185, -448 
1721978572794.00, 0, -596187, -448 
1721978572815.00, 0, -596185, -447 
1721978572837.00, 0, -596186, -448 
1721978572858.00, 0, -596185, -448 
1721978572879.00, 0, -596186, -446 
1721978572901.00, 0, -596186, -444 
1721978572922.00, 0, -596187, -443 
1721978572944.00, 31, -596185, -442 
1721978572965.00, 0, -596186, -441 
1721978572986.00, 0, -596185, -443 
1721978573007.00, 0, -596185, -443 
1721978573029.00, 0, -596187, -444 
1721978573050.00, 0, -596186, -449 
1721978573071.00, 0, -596186, -450 
1721978573093.00, 0, -596186, -450 
1721978573114.00, 0, -596186, -449 
1721978573134.00, 67, -596186, -451 
1721978573157.00, 17, -596186, -452 
1721978573179.00, -12, -596187, -452 
1721978573200.00, 0, -596186, -452 
1721978573222.00, 0, -596186, -450 
1721978573243.00, 0, -596185, -450 
1721978573264.00, 6, -596186, -445 
1721978573286.00, 0, -596186, -441 
1721978573307.00, 0, -596186, -439 
1721978573331.00, 0, -596186, -437 
1721978573349.00, 0, -596186, -434 
1721978573371.00, 0, -596186, -419 
1721978573391.00, 0, -596185, -406 
1721978573414.00, 47, -596186, -398 
1721978573435.00, 0, -596184, -385 
1721978573456.00, 0, -596183, -367 
1721978573477.00, 0, -596180, -348 
1721978573499.00, 62, -596180, -334 
1721978573519.00, -1, -596180, -323 
1721978573547.00, 0, -596178, -301 
1721978573562.00, 0, -596177, -278 
1721978573584.00, 4, -596177, -271 
1721978573605.00, -1, -596176, -262 
1721978573627.00, 0, -596175, -242 
1721978573653.00, 11, -596174, -221 
1721978573669.00, 0, -596172, -199 
1721978573690.00, 0, -596172, -183 
1721978573711.00, 0, -596171, -170 
1721978573733.00, 0, -596170, -156 
1721978573754.00, 0, -596170, -155 
1721978573776.00, 0, -596170, -145 
1721978573796.00, 8, -596169, -128 
1721978573818.00, -38, -596167, -115 
1721978573840.00, 0, -596167, -104 
1721978573861.00, 0, -596166, -93 
1721978573882.00, 11, -596166, -85 
1721978573904.00, 42, -596166, -77 
1721978573925.00, 52, -596165, -76 
1721978573947.00, 0, -596164, -71 
1721978573967.00, -59, -596164, -76 
1721978573991.00, 0, -596164, -73 
1721978574010.00, 0, -596165, -72 
1721978574030.00, 0, -596164, -82 
1721978574052.00, 0, -596165, -92 
1721978574073.00, 0, -596165, -93 
1721978574102.00, 0, -596164, -86 
1721978574117.00, 0, -596165, -89 
1721978574137.00, 0, -596165, -96 
1721978574158.00, 0, -596166, -103 
1721978574179.00, 0, -596166, -107 
1721978574201.00, 0, -596165, -104 
1721978574222.00, 0, -596165, -107 
1721978574243.00, 4, -596165, -97 
1721978574265.00, 0, -596166, -89 
1721978574286.00, 68, -596165, -80 
1721978574308.00, 0, -596164, -66 
1721978574329.00, 0, -596164, -66 
1721978574350.00, 0, -596164, -75 
1721978574371.00, 0, -596165, -99 
1721978574392.00, 0, -596166, -117 
1721978574413.00, 0, -596166, -107 
1721978574435.00, 0, -596164, -81 
1721978574456.00, 0, -596164, -80 
1721978574477.00, 0, -596164, -70 
1721978574498.00, 0, -596164, -72 
1721978574519.00, 0, -596165, -99 
1721978574540.00, 0, -596165, -128 
1721978574562.00, 0, -596167, -145 
1721978574583.00, -41, -596167, -149 
1721978574605.00, 0, -596168, -158 
1721978574625.00, 60, -596168, -150 
1721978574647.00, 0, -596159, -44 
1721978574668.00, 53, -596160, -47 
1721978574689.00, 0, -596160, -51 
1721978574711.00, 0, -596160, -40 
1721978574732.00, 0, -596156, -4 
1721978574754.00, 1, -596152, 53 
1721978574774.00, 3222, -596142, 110 
1721978574797.00, 8733, -596074, 163 
1721978574818.00, 15200, -595889, 230 
1721978574840.00, 22954, -595566, 294 
1721978574862.00, 31574, -595075, 303 
1721978574883.00, 37147, -594399, 355 
1721978574904.00, 43505, -593600, 366 
1721978574926.00, 47878, -592668, 381 
1721978574948.00, 51410, -591636, 410 
1721978574974.00, 55053, -590516, 427 
1721978574991.00, 58407, -589328, 440 
1721978575013.00, 60972, -588069, 464 
1721978575034.00, 63965, -586727, 501 
1721978575056.00, 68114, -585340, 651 
1721978575083.00, 79460, -583868, 617 
1721978575100.00, 84339, -582152, 610 
1721978575121.00, 86438, -580316, 661 
1721978575142.00, 90881, -578443, 644 
1721978575169.00, 92257, -576477, 633 
1721978575186.00, 92505, -574479, 640 
1721978575207.00, 92872, -572471, 652 
1721978575229.00, 93881, -570458, 664 
1721978575251.00, 95132, -568432, 667 
1721978575273.00, 96146, -566364, 682 
1721978575300.00, 97467, -564282, 697 
1721978575315.00, 99135, -562176, 707 
1721978575337.00, 100892, -560018, 722 
1721978575358.00, 102690, -557825, 724 
1721978575381.00, 103742, -555603, 736 
1721978575410.00, 105015, -553335, 749 
1721978575424.00, 106563, -551051, 731 
1721978575446.00, 106542, -548740, 750 
1721978575467.00, 107573, -546422, 758 
1721978575489.00, 108577, -544085, 763 
1721978575517.00, 109397, -541717, 768 
1721978575533.00, 110183, -539341, 793 
1721978575555.00, 112241, -536947, 799 
1721978575576.00, 113524, -534503, 805 
1721978575598.00, 114759, -532020, 810 
1721978575625.00, 115653, -529532, 824 
1721978575641.00, 116921, -527013, 849 
1721978575663.00, 119428, -524459, 842 
1721978575685.00, 120288, -521867, 866 
1721978575707.00, 122252, -519246, 884 
1721978575735.00, 124423, -516580, 893 
1721978575750.00, 126189, -513868, 919 
1721978575772.00, 128756, -511119, 943 
1721978575793.00, 131605, -508310, 949 
1721978575815.00, 133691, -505442, 969 
1721978575837.00, 136152, -502529, 1004 
1721978575859.00, 139689, -499543, 1024 
1721978575879.00, 142910, -496486, 1038 
1721978575901.00, 145582, -493362, 1076 
1721978575923.00, 149419, -490178, 1089 
1721978575945.00, 152477, -486907, 1080 
1721978575967.00, 153726, -483564, 1073 
1721978575989.00, 154034, -480208, 1075 
1721978576010.00, 154249, -476836, 1053 
1721978576032.00, 152965, -473478, 1066 
1721978576055.00, 153072, -470125, 1061 
1721978576076.00, 152858, -466781, 1055 
1721978576097.00, 152206, -463439, 1037 
1721978576120.00, 150617, -460129, 1002 
1721978576142.00, 147686, -456839, 992 
1721978576168.00, 145330, -453635, 949 
1721978576186.00, 141286, -450476, 903 
1721978576208.00, 136032, -447421, 858 
1721978576229.00, 129871, -444471, 817 
1721978576251.00, 123851, -441648, 763 
1721978576273.00, 116783, -438965, 698 
1721978576294.00, 109104, -436434, 604 
1721978576316.00, 98543, -434068, 585 
1721978576338.00, 91097, -431950, 520 
1721978576359.00, 51309, -429984, 396 
1721978576381.00, 27960, -428879, 378 
1721978576402.00, 14283, -428251, 425 
1721978576424.00, 6029, -427942, 319 
1721978576446.00, 1256, -427806, 291 
1721978576467.00, -1250, -427783, 185 
1721978576489.00, -3169, -427813, 79 
1721978576509.00, -4358, -427889, -45 
1721978576532.00, -7547, -427994, -204 
1721978576553.00, -18924, -428164, -343 
1721978576575.00, -33821, -428565, -442 
1721978576596.00, -48619, -429284, -569 
1721978576618.00, -65277, -430325, -628 
1721978576639.00, -78416, -431745, -659 
1721978576661.00, -88160, -433446, -710 
1721978576683.00, -96774, -435379, -811 
1721978576704.00, -107996, -437477, -813 
1721978576726.00, -114654, -439830, -848 
1721978576748.00, -120672, -442334, -897 
1721978576770.00, -127068, -444976, -924 
1721978576792.00, -132348, -447735, -951 
1721978576813.00, -137086, -450621, -974 
1721978576834.00, -140978, -453608, -1000 
1721978576856.00, -145014, -456688, -1024 
1721978576877.00, -148704, -459866, -1041 
1721978576899.00, -151831, -463112, -1061 
1721978576921.00, -154588, -466430, -1070 
1721978576950.00, -156702, -469810, -1044 
1721978576965.00, -156297, -473225, -1039 
1721978576987.00, -155659, -476650, -1035 
1721978577009.00, -154822, -480049, -1034 
1721978577031.00, -154202, -483430, -1028 
1721978577056.00, -153354, -486804, -1027 
1721978577073.00, -152507, -490144, -1022 
1721978577095.00, -151558, -493490, -1032 
1721978577118.00, -151644, -496804, -1021 
1721978577140.00, -151202, -500123, -991 
1721978577161.00, -148911, -503415, -1017 
1721978577183.00, -149100, -506659, -1009 
1721978577206.00, -148706, -509920, -985 
1721978577226.00, -147013, -513154, -1017 
1721978577248.00, -147656, -516365, -1027 
1721978577271.00, -148713, -519594, -989 
1721978577292.00, -146808, -522817, -1026 
1721978577313.00, -147898, -526041, -1031 
1721978577337.00, -148837, -529267, -964 
1721978577358.00, -145118, -532500, -956 
1721978577380.00, -142268, -535663, -935 
1721978577402.00, -139532, -538748, -868 
1721978577423.00, -133900, -541788, -850 
1721978577446.00, -129381, -544695, -893 
1721978577467.00, -129244, -547492, -858 
1721978577489.00, -126947, -550319, -877 
1721978577510.00, -126602, -553083, -899 
1721978577531.00, -127915, -555841, -889 
1721978577554.00, -127752, -558627, -903 
1721978577576.00, -128797, -561403, -910 
1721978577601.00, -129822, -564200, -893 
1721978577619.00, -129271, -567029, -935 
1721978577641.00, -131422, -569844, -939 
1721978577662.00, -132851, -572696, -875 
1721978577684.00, -129776, -575600, -919 
1721978577710.00, -130478, -578411, -911 
1721978577727.00, -130258, -581244, -807 
1721978577749.00, -124218, -584084, -770 
1721978577771.00, -118174, -586768, -780 
1721978577793.00, -114967, -589329, -638 
1721978577816.00, -104457, -591828, -520 
1721978577836.00, -91224, -594083, -419 
1721978577858.00, -51552, -596026, -332 
1721978577880.00, -28340, -597150, -211 
1721978577901.00, -14388, -597780, -112 
1721978577923.00, -6387, -598091, 47 
1721978577944.00, 631, -598226, 200 
1721978577965.00, 14279, -598215, 376 
1721978577987.00, 33228, -597916, 485 
1721978578009.00, 50848, -597211, 589 
1721978578033.00, 67463, -596123, 707 
1721978578052.00, 84389, -594659, 725 
1721978578074.00, 95497, -592821, 754 
1721978578095.00, 103582, -590747, 782 
1721978578117.00, 110192, -588498, 802 
1721978578145.00, 115150, -586087, 822 
1721978578161.00, 119058, -583581, 830 
1721978578182.00, 121846, -580984, 835 
1721978578204.00, 123667, -578336, 853 
1721978578226.00, 125727, -575648, 858 
1721978578247.00, 126953, -572901, 869 
1721978578269.00, 128427, -570136, 872 
1721978578291.00, 129267, -567347, 856 
1721978578312.00, 128847, -564528, 866 
1721978578335.00, 129005, -561727, 853 
1721978578356.00, 128333, -558927, 848 
1721978578378.00, 127501, -556137, 848 
1721978578400.00, 127090, -553354, 858 
1721978578421.00, 127263, -550595, 850 
1721978578443.00, 126743, -547828, 847 
1721978578464.00, 126312, -545068, 887 
1721978578487.00, 128216, -542322, 886 
1721978578508.00, 129417, -539538, 898 
1721978578529.00, 130613, -536724, 913 
1721978578552.00, 132283, -533869, 911 
1721978578578.00, 132892, -530996, 926 
1721978578595.00, 134148, -528093, 953 
1721978578617.00, 136629, -525167, 971 
1721978578639.00, 138998, -522196, 977 
1721978578660.00, 140842, -519173, 984 
1721978578680.00, 142436, -516099, 1011 
1721978578703.00, 144603, -513002, 1039 
1721978578725.00, 147507, -509834, 1070 
1721978578746.00, 151078, -506607, 1078 
1721978578768.00, 153777, -503292, 1103 
1721978578789.00, 156799, -499931, 1114 
1721978578812.00, 159103, -496502, 1143 
1721978578834.00, 162125, -493017, 1168 
1721978578855.00, 165320, -489471, 1184 
1721978578877.00, 168219, -485858, 1168 
1721978578900.00, 168924, -482177, 1168 
1721978578921.00, 169104, -478481, 1160 
1721978578943.00, 168705, -474789, 1141 
1721978578964.00, 167450, -471113, 1119 
1721978578986.00, 165261, -467458, 1118 
1721978579007.00, 163841, -463843, 1103 
1721978579030.00, 161738, -460276, 1086 
1721978579052.00, 159803, -456746, 1061 
1721978579074.00, 156904, -453256, 1033 
1721978579097.00, 153402, -449834, 997 
1721978579118.00, 149082, -446508, 946 
1721978579140.00, 143586, -443274, 892 
1721978579162.00, 137078, -440158, 840 
1721978579183.00, 129775, -437190, 768 
1721978579205.00, 121042, -434389, 660 
1721978579227.00, 109121, -431774, 533 
1721978579249.00, 62146, -429418, 436 
1721978579270.00, 34294, -428084, 477 
1721978579292.00, 17855, -427317, 444 
1721978579313.00, 8124, -426927, 260 
1721978579334.00, 2510, -426755, 137 
1721978579356.00, -293, -426705, 27 
1721978579377.00, -2265, -426721, -136 
1721978579399.00, -11668, -426781, -326 
1721978579421.00, -28315, -427042, -590 
1721978579443.00, -54217, -427655, -718 
1721978579464.00, -77410, -428818, -801 
1721978579486.00, -96176, -430489, -871 
1721978579508.00, -111435, -432575, -926 
1721978579529.00, -123645, -435031, -942 
1721978579551.00, -131792, -437732, -955 
1721978579573.00, -137341, -440588, -961 
1721978579594.00, -140583, -443592, -989 
1721978579615.00, -144239, -446654, -1013 
1721978579636.00, -147690, -449804, -1025 
1721978579658.00, -150432, -453045, -1052 
1721978579681.00, -153549, -456322, -1073 
1721978579702.00, -156588, -459688, -1091 
1721978579724.00, -159439, -463100, -1111 
1721978579746.00, -162120, -466585, -1115 
1721978579768.00, -163902, -470136, -1129 
1721978579792.00, -165259, -473709, -1123 
1721978579811.00, -165939, -477331, -1102 
1721978579833.00, -164845, -480947, -1096 
1721978579855.00, -163908, -484563, -1085 
1721978579877.00, -162560, -488139, -1062 
1721978579899.00, -160188, -491688, -1094 
1721978579921.00, -160762, -495181, -1055 
1721978579942.00, -158616, -498691, -1065 
1721978579964.00, -157891, -502159, -1089 
1721978579985.00, -158865, -505597, -1065 
1721978580008.00, -158106, -509080, -1049 
1721978580030.00, -156343, -512522, -1078 
1721978580052.00, -156705, -515937, -1032 
1721978580073.00, -153972, -519370, -1027 
1721978580095.00, -152243, -522725, -1024 
1721978580118.00, -151125, -526065, -966 
1721978580138.00, -146693, -529338, -1010 
1721978580160.00, -146759, -532551, -1004 
1721978580183.00, -146399, -535748, -927 
1721978580205.00, -141297, -538924, -987 
1721978580230.00, -142099, -542010, -987 
1721978580247.00, -142427, -545096, -1000 
1721978580269.00, -143501, -548212, -1021 
1721978580291.00, -145249, -551347, -997 
1721978580312.00, -144721, -554506, -1024 
1721978580335.00, -146146, -557673, -976 
1721978580358.00, -144031, -560845, -981 
1721978580378.00, -143057, -563967, -1010 
1721978580401.00, -144184, -567099, -973 
1721978580423.00, -142494, -570223, -933 
1721978580444.00, -138966, -573321, -982 
1721978580466.00, -139827, -576343, -928 
1721978580487.00, -136971, -579377, -910 
1721978580509.00, -134163, -582369, -885 
1721978580531.00, -130640, -585273, -821 
1721978580553.00, -124889, -588094, -687 
1721978580575.00, -113346, -590797, -531 
1721978580597.00, -97230, -593236, -377 
1721978580617.00, -55081, -595318, -295 
1721978580639.00, -30100, -596513, -269 
1721978580660.00, -15284, -597186, -191 
1721978580682.00, -6616, -597529, -61 
1721978580704.00, -1647, -597672, 29 
1721978580725.00, 2671, -597706, 111 
1721978580747.00, 10357, -597651, 317 
1721978580768.00, 27112, -597431, 464 
1721978580791.00, 46092, -596853, 576 
1721978580812.00, 64013, -595879, 652 
1721978580833.00, 79095, -594498, 671 
1721978580855.00, 88965, -592772, 720 
1721978580877.00, 97711, -590841, 740 
1721978580899.00, 104186, -588734, 740 
1721978580920.00, 107789, -586455, 761 
1721978580942.00, 111082, -584110, 770 
1721978580964.00, 113300, -581693, 761 
1721978580985.00, 113996, -579220, 769 
1721978581007.00, 114944, -576729, 792 
1721978581029.00, 116772, -574231, 800 
1721978581050.00, 118261, -571692, 818 
1721978581072.00, 120250, -569118, 853 
1721978581096.00, 123242, -566492, 874 
1721978581116.00, 126385, -563803, 869 
1721978581137.00, 127659, -561054, 873 
1721978581159.00, 128598, -558279, 872 
1721978581181.00, 129136, -555485, 824 
1721978581203.00, 126688, -552673, 835 
1721978581224.00, 125628, -549919, 859 
1721978581246.00, 126513, -547190, 839 
1721978581268.00, 125838, -544432, 860 
1721978581289.00, 126618, -541707, 900 
1721978581312.00, 129204, -538964, 908 
1721978581333.00, 131132, -536144, 942 
1721978581354.00, 134299, -533281, 978 
1721978581376.00, 138140, -530360, 991 
1721978581398.00, 141173, -527339, 997 
1721978581420.00, 143390, -524261, 1008 
1721978581440.00, 145391, -521125, 1055 
1721978581463.00, 149255, -517951, 1092 
1721978581484.00, 153728, -514683, 1095 
1721978581506.00, 156480, -511316, 1129 
1721978581529.00, 160066, -507890, 1172 
1721978581549.00, 164685, -504395, 1160 
1721978581572.00, 166677, -500787, 1163 
1721978581593.00, 168022, -497160, 1154 
1721978581615.00, 168203, -493487, 1142 
1721978581637.00, 167300, -489805, 1158 
1721978581659.00, 167924, -486147, 1154 
1721978581681.00, 167788, -482477, 1169 
1721978581702.00, 168543, -478814, 1179 
1721978581724.00, 169324, -475116, 1224 
1721978581746.00, 172566, -471418, 1232 
1721978581768.00, 174850, -467642, 1235 
1721978581789.00, 174858, -463812, 1233 
1721978581812.00, 174839, -459996, 1235 
1721978581833.00, 174743, -456183, 1229 
1721978581855.00, 174512, -452359, 1224 
1721978581877.00, 174622, -448547, 1197 
1721978581899.00, 173943, -444740, 1150 
1721978581921.00, 170362, -440941, 1108 
1721978581942.00, 165901, -437216, 1014 
1721978581969.00, 157428, -433611, 848 
1721978581987.00, 142334, -430209, 688 
1721978582009.00, 80766, -427148, 545 
1721978582031.00, 45174, -425408, 512 
1721978582052.00, 23938, -424432, 271 
1721978582075.00, 11795, -423920, 26 
1721978582095.00, 4883, -423669, -187 
1721978582117.00, -10179, -423584, -385 
1721978582138.00, -31227, -423798, -652 
1721978582160.00, -59679, -424456, -795 
1721978582181.00, -85397, -425743, -806 
1721978582203.00, -101313, -427604, -920 
1721978582224.00, -117599, -429822, -1017 
1721978582246.00, -132710, -432398, -1010 
1721978582268.00, -141003, -435331, -1048 
1721978582289.00, -148198, -438421, -1062 
1721978582311.00, -153235, -441666, -1078 
1721978582333.00, -157169, -445032, -1104 
1721978582354.00, -160921, -448454, -1138 
1721978582377.00, -164951, -451980, -1158 
1721978582402.00, -168561, -455587, -1156 
1721978582421.00, -170591, -459275, -1178 
1721978582442.00, -172925, -462990, -1193 
1721978582482.00, -174788, -466773, -1192 
1721978582486.00, -174659, -470607, -1208 
1721978582508.00, -174523, -474410, -1236 
1721978582530.00, -174689, -478229, -1229 
1721978582551.00, -174833, -482038, -1225 
1721978582573.00, -174716, -485854, -1267 
1721978582595.00, -174568, -489669, -1239 
1721978582617.00, -174141, -493515, -1243 
1721978582638.00, -174089, -497297, -1281 
1721978582660.00, -174341, -501113, -1260 
1721978582682.00, -174471, -504915, -1298 
1721978582704.00, -174682, -508733, -1305 
1721978582726.00, -174489, -512544, -1295 
1721978582747.00, -174443, -516371, -1309 
1721978582769.00, -174560, -520189, -1284 
1721978582791.00, -174685, -523986, -1285 
1721978582813.00, -174724, -527806, -1307 
1721978582834.00, -174697, -531611, -1275 
1721978582856.00, -174776, -535446, -1226 
1721978582878.00, -173182, -539255, -1244 
1721978582900.00, -173408, -543049, -1247 
1721978582922.00, -174054, -546818, -1156 
1721978582943.00, -168786, -550630, -1291 
1721978582966.00, -171449, -554310, -1228 
1721978582987.00, -171758, -558053, -1181 
1721978583009.00, -168936, -561801, -1290 
1721978583030.00, -171071, -565502, -1236 
1721978583053.00, -171773, -569237, -1149 
1721978583075.00, -167166, -572976, -1149 
1721978583097.00, -163948, -576614, -1090 
1721978583119.00, -158792, -580172, -879 
1721978583141.00, -142965, -583624, -808 
1721978583163.00, -128935, -586707, -749 
1721978583184.00, -117144, -589494, -557 
1721978583206.00, -98584, -592021, -393 
1721978583228.00, -77658, -594133, -277 
1721978583249.00, -41786, -595798, -174 
1721978583271.00, -20205, -596698, -36 
1721978583292.00, -7627, -597140, 157 
1721978583314.00, 8498, -597300, 408 
1721978583335.00, 33101, -597131, 556 
1721978583357.00, 56783, -596437, 624 
1721978583379.00, 75021, -595222, 667 
1721978583401.00, 88334, -593579, 792 
1721978583422.00, 103620, -591653, 880 
1721978583444.00, 118040, -589399, 860 
1721978583466.00, 125146, -586818, 914 
1721978583487.00, 132373, -584083, 946 
1721978583508.00, 138430, -581197, 970 
1721978583531.00, 143342, -578176, 980 
1721978583553.00, 146538, -575058, 981 
1721978583573.00, 148504, -571871, 1019 
1721978583596.00, 151688, -568629, 991 
1721978583616.00, 151826, -565319, 1032 
1721978583638.00, 154147, -561997, 1035 
1721978583660.00, 155698, -558634, 1007 
1721978583683.00, 154906, -555234, 1035 
1721978583704.00, 155798, -551849, 1045 
1721978583726.00, 156957, -548448, 1015 
1721978583747.00, 155638, -545012, 1037 
1721978583769.00, 156048, -541614, 1074 
1721978583791.00, 158274, -538214, 1071 
1721978583813.00, 159366, -534752, 1094 
1721978583835.00, 161481, -531266, 1088 
1721978583856.00, 162136, -527740, 1079 
1721978583879.00, 161874, -524194, 1109 
1721978583900.00, 163447, -520652, 1117 
1721978583922.00, 164569, -517088, 1130 
1721978583944.00, 166146, -513491, 1130 
1721978583966.00, 166852, -509865, 1171 
1721978583987.00, 169593, -506219, 1186 
1721978584009.00, 172042, -502494, 1215 
1721978584031.00, 174905, -498721, 1255 
1721978584053.00, 174738, -494897, 1275 
1721978584075.00, 174697, -491084, 1280 
1721978584096.00, 174641, -487272, 1308 
1721978584118.00, 174703, -483449, 1322 
1721978584140.00, 174839, -479624, 1322 
1721978584162.00, 174747, -475804, 1330 
1721978584184.00, 174515, -471991, 1343 
1721978584206.00, 174657, -468166, 1342 
1721978584227.00, 174733, -464358, 1338 
1721978584249.00, 174627, -460530, 1344 
1721978584271.00, 174698, -456714, 1349 
1721978584293.00, 174582, -452915, 1314 
1721978584315.00, 174583, -449087, 1292 
1721978584336.00, 174490, -445264, 1257 
1721978584358.00, 174319, -441470, 1159 
1721978584381.00, 172595, -437667, 1012 
1721978584403.00, 162923, -433897, 759 
1721978584425.00, 142015, -430374, 549 
1721978584446.00, 82385, -427339, 417 
1721978584468.00, 47484, -425552, 479 
1721978584490.00, 26973, -424524, 357 
1721978584512.00, 15139, -423932, 184 
1721978584533.00, 8001, -423602, 81 
1721978584553.00, 3824, -423436, -53 
1721978584576.00, -1067, -423363, -209 
1721978584597.00, -14003, -423396, -421 
1721978584619.00, -34153, -423695, -638 
1721978584640.00, -59250, -424423, -786 
1721978584662.00, -83226, -425707, -829 
1721978584684.00, -99996, -427518, -910 
1721978584706.00, -114677, -429694, -980 
1721978584728.00, -127401, -432201, -988 
1721978584748.00, -135627, -435008, -1026 
1721978584769.00, -142589, -437976, -1046 
1721978584791.00, -147913, -441096, -1041 
1721978584813.00, -150651, -444339, -1064 
1721978584835.00, -153583, -447624, -1094 
1721978584857.00, -156976, -450992, -1107 
1721978584879.00, -159298, -454422, -1149 
1721978584901.00, -163446, -457913, -1163 
1721978584922.00, -166665, -461492, -1148 
1721978584944.00, -167650, -465116, -1185 
1721978584966.00, -170368, -468802, -1186 
1721978584988.00, -171961, -472505, -1170 
1721978585009.00, -171861, -476277, -1168 
1721978585032.00, -171478, -480022, -1182 
1721978585053.00, -172230, -483781, -1140 
1721978585075.00, -169917, -487539, -1164 
1721978585097.00, -169885, -491252, -1143 
1721978585119.00, -168576, -494960, -1153 
1721978585144.00, -168404, -498632, -1157 
1721978585163.00, -168515, -502314, -1104 
1721978585184.00, -165368, -505992, -1152 
1721978585206.00, -166074, -509618, -1182 
1721978585228.00, -168294, -513239, -1131 
1721978585250.00, -166581, -516934, -1168 
1721978585272.00, -167563, -520551, -1161 
1721978585293.00, -167849, -524219, -1133 
1721978585316.00, -166404, -527884, -1124 
1721978585337.00, -164711, -531495, -1075 
1721978585360.00, -160777, -535102, -970 
1721978585382.00, -152119, -538576, -886 
1721978585404.00, -141747, -541883, -821 
1721978585425.00, -131731, -544947, -836 
1721978585446.00, -126638, -547797, -807 
1721978585471.00, -121859, -550555, -807 
1721978585491.00, -118703, -553202, -849 
1721978585512.00, -119426, -555787, -860 
1721978585534.00, -120686, -558387, -863 
1721978585555.00, -121674, -561004, -903 
1721978585579.00, -124467, -563647, -962 
1721978585599.00, -129727, -566377, -946 
1721978585621.00, -132005, -569209, -929 
1721978585641.00, -132251, -572067, -1078 
1721978585663.00, -141271, -574973, -1065 
1721978585686.00, -145845, -578049, -990 
1721978585707.00, -143942, -581229, -1027 
1721978585729.00, -144875, -584374, -991 
1721978585751.00, -143126, -587512, -898 
1721978585773.00, -136585, -590631, -863 
1721978585798.00, -130401, -593591, -774 
1721978585817.00, -73709, -596383, -607 
1721978585838.00, -40233, -597999, -570 
1721978585859.00, -20738, -598880, -383 
1721978585882.00, -9181, -599334, -202 
1721978585908.00, -2776, -599539, -69 
1721978585924.00, 294, -599592, 66 
1721978585945.00, 6498, -599580, 261 
1721978585966.00, 21750, -599436, 433 
1721978585989.00, 41143, -598974, 607 
1721978586015.00, 63188, -598093, 734 
1721978586032.00, 83873, -596725, 818 
1721978586053.00, 101333, -594902, 858 
1721978586076.00, 113938, -592687, 910 
1721978586097.00, 124204, -590194, 924 
1721978586123.00, 130981, -587493, 942 
1721978586141.00, 136044, -584624, 962 
1721978586161.00, 140124, -581661, 1003 
1721978586183.00, 144849, -578596, 1034 
1721978586205.00, 149504, -575423, 1012 
1721978586227.00, 150641, -572157, 1075 
1721978586248.00, 155287, -568862, 1057 
1721978586270.00, 156741, -565464, 1095 
1721978586292.00, 159696, -562038, 1127 
1721978586314.00, 163153, -558547, 1121 
1721978586336.00, 164925, -554975, 1118 
1721978586358.00, 165578, -551380, 1136 
1721978586380.00, 166898, -547759, 1142 
1721978586401.00, 168017, -544104, 1130 
1721978586423.00, 167982, -540433, 1176 
1721978586446.00, 170446, -536763, 1178 
1721978586467.00, 172058, -533040, 1204 
1721978586489.00, 174490, -529272, 1242 
1721978586510.00, 174855, -525452, 1235 
1721978586532.00, 174818, -521647, 1240 
1721978586555.00, 174836, -517827, 1257 
1721978586575.00, 174657, -514003, 1283 
1721978586598.00, 174847, -510197, 1286 
1721978586620.00, 174993, -506377, 1300 
1721978586641.00, 174641, -502546, 1318 
1721978586664.00, 174725, -498726, 1328 
1721978586684.00, 174783, -494908, 1347 
1721978586707.00, 174648, -491088, 1357 
1721978586728.00, 174742, -487276, 1374 
1721978586750.00, 174758, -483453, 1405 
1721978586774.00, 174907, -479630, 1404 
1721978586794.00, 174767, -475811, 1448 
1721978586816.00, 174637, -471997, 1481 
1721978586837.00, 174782, -468175, 1492 
1721978586859.00, 174781, -464356, 1518 
1721978586881.00, 174540, -460540, 1511 
1721978586903.00, 174719, -456725, 1488 
1721978586925.00, 174519, -452913, 1439 
1721978586947.00, 174457, -449094, 1361 
1721978586969.00, 174460, -445284, 1283 
1721978586992.00, 174386, -441478, 1188 
1721978587012.00, 170666, -437684, 1068 
1721978587035.00, 161316, -433953, 929 
1721978587057.00, 147420, -430460, 759 
1721978587078.00, 81349, -427296, 613 
1721978587100.00, 43120, -425529, 609 
1721978587122.00, 20986, -424594, 427 
1721978587143.00, 8270, -424138, 221 
1721978587165.00, 233, -423968, 75 
1721978587187.00, -3486, -423965, -169 
1721978587208.00, -16078, -424051, -404 
1721978587230.00, -37537, -424402, -659 
1721978587250.00, -65611, -425208, -813 
1721978587273.00, -91552, -426623, -866 
1721978587294.00, -110089, -428626, -966 
1721978587315.00, -127036, -431032, -1022 
1721978587339.00, -140286, -433823, -1039 
1721978587358.00, -148935, -436903, -1093 
1721978587380.00, -157301, -440165, -1096 
1721978587402.00, -162252, -443608, -1092 
1721978587424.00, -164698, -447149, -1090 
1721978587445.00, -165807, -450750, -1100 
1721978587468.00, -166807, -454376, -1119 
1721978587489.00, -168314, -458023, -1143 
1721978587511.00, -170549, -461707, -1160 
1721978587532.00, -172863, -465420, -1173 
1721978587555.00, -174964, -469213, -1180 
1721978587577.00, -174731, -473016, -1183 
1721978587599.00, -174533, -476855, -1195 
1721978587620.00, -174824, -480667, -1181 
1721978587642.00, -174708, -484486, -1163 
1721978587664.00, -174645, -488290, -1190 
1721978587686.00, -174936, -492110, -1173 
1721978587707.00, -174795, -495927, -1163 
1721978587729.00, -174555, -499751, -1178 
1721978587751.00, -174628, -503574, -1139 
1721978587773.00, -172787, -507374, -1153 
1721978587795.00, -172574, -511155, -1168 
1721978587817.00, -173238, -514905, -1148 
1721978587838.00, -172051, -518709, -1202 
1721978587860.00, -174576, -522455, -1135 
1721978587882.00, -171843, -526281, -1108 
1721978587904.00, -168455, -530029, -1090 
1721978587926.00, -165375, -533713, -1066 
1721978587947.00, -162082, -537312, -1039 
1721978587969.00, -158464, -540850, -1063 
1721978587991.00, -157571, -544309, -1040 
1721978588014.00, -155614, -547738, -997 
1721978588034.00, -151847, -551131, -1059 
1721978588056.00, -153200, -554437, -1045 
1721978588080.00, -153126, -557786, -995 
1721978588100.00, -150064, -561109, -1043 
1721978588122.00, -150684, -564382, -1015 
1721978588145.00, -149681, -567673, -871 
1721978588166.00, -140220, -570915, -866 
1721978588188.00, -133915, -573961, -808 
1721978588210.00, -127014, -576866, -658 
1721978588231.00, -113728, -579608, -643 
1721978588254.00, -104738, -582079, -627 
1721978588275.00, -98531, -584345, -557 
1721978588297.00, -90550, -586468, -566 
1721978588319.00, -86202, -588435, -602 
1721978588340.00, -86026, -590295, -558 
1721978588362.00, -83164, -592156, -496 
1721978588383.00, -77571, -593950, -420 
1721978588405.00, -44008, -595614, -309 
1721978588426.00, -24181, -596569, -179 
1721978588448.00, -12230, -597102, -35 
1721978588470.00, -5274, -597359, 225 
1721978588491.00, 11170, -597469, 416 
1721978588513.00, 33058, -597254, 430 
1721978588534.00, 47090, -596554, 566 
1721978588556.00, 63452, -595550, 692 
1721978588578.00, 80759, -594165, 720 
1721978588599.00, 92570, -592413, 750 
1721978588621.00, 101415, -590391, 828 
1721978588643.00, 111202, -588187, 854 
1721978588665.00, 118426, -585762, 864 
1721978588686.00, 123110, -583165, 884 
1721978588708.00, 126990, -580481, 910 
1721978588730.00, 131024, -577704, 908 
1721978588752.00, 133030, -574856, 934 
1721978588773.00, 135721, -571967, 973 
1721978588795.00, 139573, -569008, 956 
1721978588817.00, 140781, -565959, 980 
1721978588837.00, 142866, -562901, 1008 
1721978588864.00, 145683, -559767, 1021 
1721978588881.00, 148146, -556585, 1025 
1721978588903.00, 149605, -553356, 1029 
1721978588924.00, 150683, -550078, 1030 
1721978588946.00, 151314, -546789, 1038 
1721978588967.00, 151949, -543487, 1024 
1721978588991.00, 151625, -540158, 990 
1721978589012.00, 149346, -536865, 960 
1721978589034.00, 146004, -533625, 983 
1721978589054.00, 145229, -530451, 1010 
1721978589079.00, 146326, -527268, 1018 
1721978589098.00, 147391, -524069, 1052 
1721978589121.00, 150072, -520843, 1093 
1721978589142.00, 154115, -517554, 1114 
1721978589164.00, 157665, -514195, 1126 
1721978589191.00, 160453, -510743, 1115 
1721978589208.00, 161275, -507234, 1130 
1721978589230.00, 162663, -503700, 1146 
1721978589251.00, 164471, -500144, 1150 
1721978589273.00, 165725, -496542, 1160 
1721978589298.00, 167196, -492920, 1196 
1721978589317.00, 170068, -489268, 1249 
1721978589339.00, 174803, -485546, 1269 
1721978589361.00, 174599, -481722, 1302 
1721978589382.00, 174574, -477903, 1333 
1721978589408.00, 174805, -474092, 1328 
1721978589425.00, 174950, -470272, 1315 
1721978589447.00, 174658, -466446, 1294 
1721978589470.00, 174667, -462630, 1270 
1721978589491.00, 174477, -458821, 1232 
1721978589514.00, 174548, -454999, 1189 
1721978589535.00, 173727, -451198, 1140 
1721978589557.00, 170033, -447407, 1065 
1721978589579.00, 163415, -443695, 1002 
1721978589602.00, 155597, -440139, 916 
1721978589623.00, 145666, -436771, 827 
1721978589644.00, 134450, -433622, 717 
1721978589667.00, 121036, -430715, 571 
1721978589688.00, 68925, -428124, 467 
1721978589709.00, 38077, -426627, 409 
1721978589732.00, 20255, -425794, 275 
1721978589753.00, 9410, -425369, 49 
1721978589775.00, 3027, -425167, -125 
1721978589796.00, -7628, -425108, -357 
1721978589817.00, -27652, -425267, -588 
1721978589840.00, -53725, -425842, -665 
1721978589861.00, -73798, -426985, -721 
1721978589883.00, -88989, -428599, -814 
1721978589905.00, -103517, -430534, -923 
1721978589926.00, -118811, -432794, -944 
1721978589950.00, -128849, -435412, -991 
1721978589969.00, -137601, -438224, -1055 
1721978589990.00, -146480, -441240, -1063 
1721978590012.00, -152130, -444447, -1104 
1721978590034.00, -157807, -447776, -1136 
1721978590056.00, -162935, -451236, -1148 
1721978590077.00, -166762, -454801, -1167 
1721978590099.00, -169812, -458435, -1168 
1721978590121.00, -171631, -462154, -1170 
1721978590143.00, -172843, -465893, -1174 
1721978590165.00, -173466, -469682, -1150 
1721978590187.00, -172463, -473455, -1136 
1721978590209.00, -170956, -477241, -1133 
1721978590230.00, -169396, -480962, -1131 
1721978590252.00, -168241, -484673, -1102 
1721978590274.00, -166062, -488338, -1089 
1721978590295.00, -163985, -491977, -1109 
1721978590317.00, -163923, -495546, -1098 
1721978590339.00, -163022, -499122, -1097 
1721978590361.00, -162359, -502697, -1178 
1721978590383.00, -166717, -506235, -1148 
1721978590404.00, -167298, -509901, -1183 
1721978590427.00, -169561, -513536, -1167 
1721978590448.00, -170076, -517262, -1154 
1721978590470.00, -169418, -520963, -1148 
1721978590492.00, -168680, -524678, -1156 
1721978590514.00, -168723, -528354, -1105 
1721978590535.00, -165177, -532042, -1108 
1721978590558.00, -163388, -535652, -1084 
1721978590581.00, -160990, -539216, -997 
1721978590602.00, -154194, -542722, -1012 
1721978590624.00, -150800, -546081, -970 
1721978590646.00, -146216, -549371, -937 
1721978590667.00, -141720, -552541, -884 
1721978590689.00, -135708, -555612, -885 
1721978590710.00, -131931, -558561, -850 
1721978590732.00, -127982, -561427, -836 
1721978590754.00, -124627, -564197, -895 
1721978590776.00, -126077, -566911, -927 
1721978590798.00, -128927, -569666, -917 
1721978590820.00, -129937, -572460, -937 
1721978590841.00, -131549, -575310, -949 
1721978590863.00, -133402, -578161, -895 
1721978590885.00, -131135, -581059, -808 
1721978590907.00, -124640, -583901, -723 
1721978590928.00, -115399, -586595, -671 
1721978590950.00, -106809, -589098, -606 
1721978590972.00, -97672, -591412, -521 
1721978590993.00, -87171, -593512, -445 
1721978591015.00, -48980, -595378, -329 
1721978591037.00, -26559, -596443, -233 
1721978591058.00, -13223, -597035, -118 
1721978591079.00, -5311, -597313, 89 
1721978591101.00, 3848, -597425, 257 
1721978591123.00, 19681, -597355, 372 
1721978591144.00, 36291, -596946, 406 
1721978591166.00, 48047, -596172, 668 
1721978591188.00, 70617, -595139, 767 
1721978591209.00, 90107, -593606, 727 
1721978591231.00, 99216, -591648, 805 
1721978591253.00, 109208, -589498, 857 
1721978591274.00, 117924, -587120, 849 
1721978591296.00, 122417, -584543, 865 
1721978591317.00, 126085, -581877, 887 
1721978591340.00, 129374, -579118, 923 
1721978591361.00, 133511, -576305, 933 
1721978591383.00, 136402, -573393, 957 
1721978591405.00, 139371, -570421, 960 
1721978591426.00, 141278, -567390, 981 
1721978591446.00, 143619, -564305, 1036 
1721978591468.00, 148285, -561164, 1038 
1721978591491.00, 151005, -557927, 1036 
1721978591513.00, 152438, -554630, 1076 
1721978591534.00, 155439, -551292, 1098 
1721978591556.00, 158616, -547889, 1109 
1721978591578.00, 160864, -544419, 1076 
1721978591599.00, 160377, -540900, 1049 
1721978591621.00, 158272, -537407, 1032 
1721978591644.00, 155824, -533952, 1015 
1721978591664.00, 153302, -530548, 1033 
1721978591687.00, 153004, -527196, 1059 
1721978591711.00, 154062, -523856, 1136 
1721978591730.00, 159198, -520484, 1189 
1721978591752.00, 165370, -516992, 1205 
1721978591774.00, 170096, -513372, 1213 
1721978591796.00, 173347, -509641, 1252 
1721978591818.00, 174568, -505853, 1268 
1721978591840.00, 174672, -502033, 1278 
1721978591862.00, 174662, -498214, 1284 
1721978591887.00, 174684, -494398, 1292 
1721978591905.00, 174655, -490577, 1291 
1721978591926.00, 174727, -486765, 1289 
1721978591949.00, 174891, -482937, 1298 
1721978591970.00, 174748, -479119, 1292 
1721978591992.00, 174520, -475299, 1282 
1721978592014.00, 174514, -471494, 1224 
1721978592036.00, 174753, -467680, 1204 
1721978592058.00, 174796, -463865, 1195 
1721978592080.00, 174620, -460041, 1129 
1721978592101.00, 170579, -456246, 1060 
1721978592124.00, 163829, -452526, 949 
1721978592146.00, 152920, -448981, 822 
1721978592168.00, 138718, -445665, 680 
1721978592190.00, 121612, -442674, 489 
1721978592211.00, 100028, -440058, 354 
1721978592233.00, 78914, -437923, 206 
1721978592257.00, 57645, -436227, 40 
1721978592276.00, 34894, -435012, -135 
1721978592297.00, 10315, -434246, -336 
1721978592319.00, -14941, -434000, -502 
1721978592341.00, -40579, -434311, -594 
1721978592367.00, -61550, -435165, -629 
1721978592385.00, -75790, -436490, -738 
1721978592406.00, -90883, -438155, -809 
1721978592428.00, -104027, -440122, -846 
1721978592450.00, -114156, -442399, -892 
1721978592474.00, -122705, -444895, -931 
1721978592493.00, -129967, -447573, -961 
1721978592515.00, -136120, -450409, -997 
1721978592535.00, -141701, -453377, -1021 
1721978592557.00, -146398, -456467, -1041 
1721978592578.00, -150348, -459687, -1061 
1721978592601.00, -153825, -462965, -1066 
1721978592623.00, -155826, -466328, -1074 
1721978592645.00, -157537, -469741, -1047 
1721978592666.00, -156862, -473167, -1051 
1721978592690.00, -156506, -476607, -1057 
1721978592710.00, -156515, -480031, -1022 
1721978592731.00, -154440, -483443, -1047 
1721978592754.00, -154348, -486818, -1046 
1721978592775.00, -154324, -490193, -1037 
1721978592799.00, -153801, -493582, -1064 
1721978592819.00, -154958, -496923, -1078 
1721978592840.00, -156477, -500321, -1066 
1721978592863.00, -156526, -503736, -1076 
1721978592884.00, -156932, -507158, -1083 
1721978592906.00, -157621, -510584, -1109 
1721978592928.00, -159460, -514022, -1093 
1721978592950.00, -159633, -517518, -1073 
1721978592972.00, -158322, -520998, -1098 
1721978592993.00, -159101, -524466, -1121 
1721978593015.00, -161221, -527936, -1039 
1721978593037.00, -157236, -531448, -1117 
1721978593059.00, -159408, -534886, -1122 
1721978593080.00, -160899, -538366, -1085 
1721978593103.00, -159334, -541890, -1113 
1721978593125.00, -160060, -545368, -1088 
1721978593146.00, -159111, -548877, -1024 
1721978593168.00, -154557, -552348, -1045 
1721978593189.00, -153081, -555713, -1037 
1721978593212.00, -151504, -559058, -997 
1721978593233.00, -148206, -562346, -1013 
1721978593254.00, -146934, -565590, -1008 
1721978593278.00, -145972, -568803, -911 
1721978593300.00, -139746, -571954, -865 
1721978593321.00, -133097, -574999, -859 
1721978593343.00, -128889, -577873, -793 
1721978593365.00, -122172, -580674, -778 
1721978593386.00, -117429, -583335, -756 
1721978593408.00, -113056, -585877, -671 
1721978593430.00, -105388, -588315, -538 
1721978593453.00, -92648, -590597, -423 
1721978593473.00, -78138, -592592, -309 
1721978593495.00, -62701, -594267, -187 
1721978593517.00, -34800, -595612, -72 
1721978593538.00, -18125, -596368, 30 
1721978593564.00, -6374, -596768, 168 
1721978593581.00, 7749, -596907, 371 
1721978593603.00, 28752, -596753, 442 
1721978593625.00, 45963, -596153, 578 
1721978593646.00, 64162, -595173, 717 
1721978593669.00, 83106, -593771, 788 
1721978593689.00, 98582, -591972, 823 
1721978593710.00, 109789, -589823, 863 
1721978593733.00, 118804, -587429, 884 
1721978593754.00, 125314, -584832, 900 
1721978593778.00, 130004, -582097, 932 
1721978593798.00, 134694, -579262, 948 
1721978593820.00, 138366, -576326, 974 
1721978593841.00, 141708, -573320, 958 
1721978593871.00, 142877, -570236, 916 
1721978593886.00, 140784, -567117, 950 
1721978593907.00, 141376, -564069, 931 
1721978593928.00, 140502, -560994, 933 
1721978593950.00, 140062, -557932, 929 
1721978593971.00, 139560, -554886, 992 
1721978593999.00, 142877, -551844, 987 
1721978594015.00, 144382, -548744, 998 
1721978594037.00, 146010, -545598, 976 
1721978594059.00, 145482, -542419, 972 
1721978594080.00, 144907, -539253, 984 
1721978594105.00, 145046, -536112, 977 
1721978594123.00, 144778, -532944, 1011 
1721978594144.00, 146506, -529776, 1028 
1721978594166.00, 148388, -526580, 1032 
1721978594188.00, 149734, -523332, 1044 
1721978594209.00, 151246, -520046, 1088 
1721978594232.00, 154821, -516748, 1088 
1721978594253.00, 156859, -513357, 1108 
1721978594275.00, 159171, -509923, 1136 
1721978594297.00, 162140, -506444, 1127 
1721978594319.00, 163223, -502901, 1129 
1721978594341.00, 164053, -499326, 1119 
1721978594363.00, 163959, -495740, 1122 
1721978594384.00, 163768, -492172, 1131 
1721978594406.00, 164142, -488588, 1120 
1721978594428.00, 163580, -485003, 1119 
1721978594449.00, 163045, -481429, 1125 
1721978594472.00, 163038, -477860, 1125 
1721978594494.00, 163042, -474300, 1097 
1721978594515.00, 161395, -470735, 1093 
1721978594540.00, 160380, -467215, 1106 
1721978594558.00, 160076, -463715, 1110 
1721978594581.00, 159931, -460210, 1060 
1721978594603.00, 157119, -456731, 1021 
1721978594625.00, 152960, -453304, 998 
1721978594648.00, 149131, -449972, 960 
1721978594668.00, 144565, -446735, 927 
1721978594691.00, 139544, -443600, 872 
1721978594712.00, 133283, -440591, 821 
1721978594734.00, 126461, -437692, 711 
1721978594757.00, 115526, -434954, 622 
1721978594777.00, 103686, -432456, 517 
1721978594799.00, 58750, -430216, 431 
1721978594820.00, 32286, -428947, 409 
1721978594843.00, 16613, -428239, 314 
1721978594864.00, 7281, -427867, 220 
1721978594885.00, 1978, -427706, 95 
1721978594907.00, -712, -427669, -43 
1721978594928.00, -5097, -427692, -244 
1721978594950.00, -19680, -427810, -452 
1721978594972.00, -40672, -428234, -634 
1721978594993.00, -64234, -429093, -698 
1721978595015.00, -81927, -430480, -860 
1721978595037.00, -102392, -432273, -982 
1721978595058.00, -121627, -434514, -944 
1721978595079.00, -130629, -437169, -1001 
1721978595103.00, -139452, -440034, -1050 
1721978595122.00, -147377, -443094, -1043 
1721978595144.00, -151677, -446314, -1064 
1721978595166.00, -155214, -449623, -1091 
1721978595187.00, -158803, -453031, -1105 
1721978595210.00, -161661, -456486, -1125 
1721978595232.00, -164397, -460029, -1123 
1721978595253.00, -166022, -463622, -1138 
1721978595275.00, -167242, -467257, -1156 
1721978595297.00, -169199, -470928, -1133 
1721978595318.00, -168855, -474609, -1155 
1721978595341.00, -169958, -478308, -1145 
1721978595362.00, -169891, -482005, -1156 
1721978595384.00, -170463, -485723, -1173 
1721978595405.00, -171706, -489440, -1188 
1721978595428.00, -173296, -493213, -1155 
1721978595450.00, -172076, -496989, -1154 
1721978595471.00, -171110, -500758, -1125 
1721978595493.00, -168676, -504479, -1121 
1721978595515.00, -167294, -508167, -1110 
1721978595537.00, -165437, -511815, -1113 
1721978595559.00, -164595, -515430, -1105 
1721978595581.00, -163298, -519030, -1116 
1721978595602.00, -163145, -522586, -1143 
1721978595624.00, -164818, -526164, -1127 
1721978595648.00, -164505, -529758, -1111 
1721978595668.00, -163384, -533358, -1117 
1721978595690.00, -162915, -536925, -1094 
1721978595711.00, -161158, -540485, -1080 
1721978595733.00, -159368, -544008, -1078 
1721978595760.00, -158202, -547469, -1056 
1721978595777.00, -156105, -550934, -1035 
1721978595798.00, -153397, -554327, -1061 
1721978595820.00, -153452, -557688, -1017 
1721978595842.00, -150810, -561036, -1005 
1721978595867.00, -148392, -564308, -1005 
1721978595887.00, -146921, -567546, -966 
1721978595908.00, -143709, -570732, -896 
1721978595931.00, -137287, -573862, -896 
1721978595952.00, -133338, -576836, -799 
1721978595974.00, -125230, -579711, -713 
1721978595995.00, -115163, -582441, -656 
1721978596017.00, -105432, -584932, -538 
1721978596039.00, -92722, -587205, -417 
1721978596061.00, -77724, -589199, -316 
1721978596082.00, -62824, -590879, -209 
1721978596104.00, -47689, -592228, -114 
1721978596125.00, -32916, -593253, -27 
1721978596147.00, -17603, -593968, 65 
1721978596168.00, -4366, -594351, 170 
1721978596191.00, 9316, -594457, 223 
1721978596212.00, 21108, -594276, 312 
1721978596233.00, 33243, -593826, 450 
1721978596255.00, 48668, -593113, 522 
1721978596277.00, 62148, -592066, 712 
1721978596301.00, 81604, -590704, 781 
1721978596320.00, 97221, -588943, 816 
1721978596341.00, 108564, -586819, 878 
1721978596363.00, 118750, -584444, 938 
1721978596385.00, 128634, -581855, 927 
1721978596410.00, 133477, -579057, 946 
1721978596428.00, 137304, -576141, 956 
1721978596449.00, 139998, -573152, 905 
1721978596471.00, 138503, -570103, 865 
1721978596493.00, 135143, -567095, 824 
1721978596516.00, 130574, -564167, 789 
1721978596536.00, 125539, -561328, 804 
1721978596558.00, 123333, -558607, 808 
1721978596580.00, 122237, -555925, 847 
1721978596602.00, 124042, -553261, 881 
1721978596624.00, 127041, -550566, 903 
1721978596645.00, 130152, -547799, 921 
1721978596667.00, 132934, -544967, 959 
1721978596688.00, 136741, -542072, 968 
1721978596711.00, 139484, -539096, 988 
1721978596736.00, 142202, -536059, 1024 
1721978596753.00, 145818, -532943, 1049 
1721978596775.00, 149299, -529749, 1063 
1721978596796.00, 152358, -526485, 1062 
1721978596818.00, 154054, -523152, 1090 
1721978596843.00, 156624, -519775, 1124 
1721978596862.00, 160150, -516358, 1118 
1721978596883.00, 161908, -512850, 1135 
1721978596906.00, 163909, -509310, 1157 
1721978596928.00, 165936, -505725, 1160 
1721978596951.00, 167589, -502096, 1163 
1721978596971.00, 168589, -498422, 1152 
1721978596993.00, 168311, -494742, 1150 
1721978597014.00, 168079, -491066, 1142 
1721978597036.00, 167284, -487393, 1126 
1721978597058.00, 166065, -483739, 1109 
1721978597080.00, 163980, -480110, 1131 
1721978597102.00, 164106, -476525, 1129 
1721978597123.00, 164100, -472943, 1136 
1721978597145.00, 164370, -469365, 1151 
1721978597170.00, 165299, -465761, 1166 
1721978597189.00, 166551, -462155, 1161 
1721978597211.00, 167038, -458505, 1147 
1721978597233.00, 166379, -454854, 1140 
1721978597255.00, 165554, -451230, 1087 
1721978597281.00, 161869, -447623, 1034 
1721978597299.00, 156391, -444082, 992 
1721978597321.00, 150497, -440698, 915 
1721978597343.00, 142391, -437430, 807 
1721978597365.00, 131001, -434350, 680 
1721978597386.00, 116376, -431531, 532 
1721978597408.00, 66167, -429031, 381 
1721978597429.00, 36455, -427601, 327 
1721978597451.00, 18957, -426803, 139 
1721978597473.00, 8895, -426388, 12 
1721978597498.00, 2706, -426208, -212 
1721978597516.00, -12876, -426151, -346 
1721978597538.00, -30609, -426419, -543 
1721978597559.00, -52650, -427069, -631 
1721978597581.00, -71226, -428215, -775 
1721978597603.00, -90680, -429759, -855 
1721978597624.00, -107031, -431739, -895 
1721978597646.00, -119188, -434079, -932 
1721978597668.00, -128501, -436685, -965 
1721978597689.00, -135879, -439491, -968 
1721978597711.00, -140357, -442465, -968 
1721978597733.00, -142792, -445521, -996 
1721978597754.00, -145843, -448620, -1011 
1721978597775.00, -148385, -451830, -1014 
1721978597797.00, -150158, -455072, -1036 
1721978597819.00, -152190, -458352, -1066 
1721978597841.00, -155191, -461683, -1074 
1721978597863.00, -157349, -465067, -1086 
1721978597884.00, -159194, -468513, -1088 
1721978597906.00, -160438, -471996, -1112 
1721978597928.00, -162471, -475496, -1116 
1721978597949.00, -163858, -479053, -1107 
1721978597971.00, -164095, -482619, -1099 
1721978597993.00, -163564, -486223, -1090 
1721978598015.00, -162645, -489776, -1077 
1721978598037.00, -161026, -493349, -1064 
1721978598059.00, -159342, -496856, -1038 
1721978598080.00, -156876, -500343, -1027 
1721978598102.00, -154417, -503755, -1008 
1721978598124.00, -151766, -507140, -1004 
1721978598146.00, -149731, -510446, -1012 
1721978598169.00, -148985, -513716, -993 
1721978598190.00, -147409, -516976, -1020 
1721978598211.00, -147970, -520187, -1028 
1721978598233.00, -148742, -523424, -1050 
1721978598255.00, -150322, -526678, -1036 
1721978598277.00, -150581, -529959, -1012 
1721978598298.00, -149233, -533262, -1030 
1721978598320.00, -149365, -536522, -1033 
1721978598342.00, -149556, -539784, -1021 
1721978598363.00, -148959, -543057, -1006 
1721978598386.00, -147611, -546307, -1013 
1721978598409.00, -147142, -549540, -990 
1721978598430.00, -145513, -552734, -934 
1721978598452.00, -141070, -555894, -937 
1721978598473.00, -138606, -558960, -922 
1721978598495.00, -136130, -561969, -880 
1721978598517.00, -132263, -564920, -872 
1721978598539.00, -129312, -567805, -880 
1721978598561.00, -128090, -570601, -861 
1721978598583.00, -126089, -573392, -871 
1721978598604.00, -125439, -576140, -875 
1721978598626.00, -125305, -578855, -846 
1721978598648.00, -123631, -581594, -822 
1721978598669.00, -121137, -584268, -802 
1721978598691.00, -118112, -586898, -762 
1721978598713.00, -114008, -589463, -697 
1721978598734.00, -107607, -591936, -652 
1721978598757.00, -100949, -594259, -513 
1721978598778.00, -57426, -596415, -350 
1721978598799.00, -31432, -597665, -262 
1721978598821.00, -16453, -598365, -142 
1721978598843.00, -7367, -598726, -5 
1721978598865.00, -2075, -598879, 148 
1721978598886.00, 9175, -598918, 291 
1721978598908.00, 24649, -598733, 430 
1721978598928.00, 42733, -598208, 466 
1721978598950.00, 55368, -597294, 663 
1721978598972.00, 74550, -596099, 774 
1721978598994.00, 92570, -594479, 761 
1721978599015.00, 102615, -592460, 802 
1721978599038.00, 110721, -590228, 863 
1721978599060.00, 119286, -587821, 830 
1721978599081.00, 122081, -585213, 855 
1721978599103.00, 125333, -582553, 861 
1721978599124.00, 127326, -579838, 861 
1721978599146.00, 128354, -577045, 891 
1721978599168.00, 130854, -574254, 904 
1721978599189.00, 132945, -571415, 929 
1721978599211.00, 135577, -568516, 980 
1721978599233.00, 140057, -565562, 974 
1721978599253.00, 142296, -562518, 1001 
1721978599275.00, 145216, -559407, 1023 
1721978599297.00, 148077, -556228, 1016 
1721978599319.00, 149377, -552996, 1027 
1721978599341.00, 150529, -549723, 1059 
1721978599362.00, 153229, -546429, 1073 
1721978599385.00, 155465, -543093, 1080 
1721978599406.00, 157124, -539686, 1083 
1721978599427.00, 158386, -536256, 1082 
1721978599449.00, 159007, -532789, 1105 
1721978599472.00, 160543, -529315, 1110 
1721978599493.00, 161756, -525816, 1133 
1721978599515.00, 163853, -522278, 1134 
1721978599537.00, 164695, -518700, 1143 
1721978599559.00, 166009, -515083, 1153 
1721978599581.00, 167083, -511461, 1164 
1721978599602.00, 168326, -507805, 1177 
1721978599624.00, 169730, -504127, 1179 
1721978599646.00, 170677, -500416, 1175 
1721978599667.00, 170981, -496685, 1202 
1721978599689.00, 172723, -492948, 1208 
1721978599711.00, 174150, -489165, 1205 
1721978599734.00, 174523, -485364, 1202 
1721978599755.00, 174436, -481540, 1207 
1721978599777.00, 174764, -477741, 1198 
1721978599799.00, 174459, -473918, 1187 
1721978599821.00, 173296, -470106, 1199 
1721978599842.00, 173417, -466313, 1186 
1721978599870.00, 172706, -462526, 1161 
1721978599886.00, 170480, -458756, 1115 
1721978599908.00, 166207, -455036, 1076 
1721978599929.00, 161447, -451404, 1003 
1721978599953.00, 154293, -447895, 893 
1721978599975.00, 143242, -444558, 798 
1721978599996.00, 130814, -441463, 667 
1721978600018.00, 115481, -438631, 509 
1721978600039.00, 96844, -436144, 354 
1721978600061.00, 76627, -434067, 244 
1721978600083.00, 57758, -432426, 170 
1721978600104.00, 31704, -431190, 87 
1721978600127.00, 16294, -430479, 0 
1721978600147.00, 7588, -430123, -177 
1721978600169.00, -8097, -429968, -280 
1721978600191.00, -23729, -430138, -543 
1721978600212.00, -49033, -430640, -594 
1721978600234.00, -66944, -431682, -648 
1721978600256.00, -80700, -433132, -761 
1721978600277.00, -95577, -434912, -860 
1721978600299.00, -110380, -436981, -879 
1721978600320.00, -120134, -439394, -908 
1721978600343.00, -127339, -442031, -953 
1721978600364.00, -134424, -444810, -969 
1721978600386.00, -139555, -447741, -980 
1721978600407.00, -142953, -450786, -993 
1721978600428.00, -145741, -453904, -1002 
1721978600454.00, -147725, -457076, -1021 
1721978600472.00, -150039, -460329, -1035 
1721978600493.00, -152009, -463597, -1048 
1721978600515.00, -153910, -466929, -1054 
1721978600536.00, -155513, -470307, -1062 
1721978600559.00, -156805, -473693, -1063 
1721978600581.00, -157298, -477127, -1066 
1721978600602.00, -157745, -480559, -1076 
1721978600624.00, -158532, -484019, -1043 
1721978600646.00, -157001, -487476, -1009 
1721978600672.00, -153728, -490895, -993 
1721978600691.00, -150754, -494244, -972 
1721978600712.00, -147715, -497516, -958 
1721978600734.00, -145066, -500743, -957 
1721978600756.00, -143295, -503901, -970 
1721978600781.00, -143039, -507009, -1018 
1721978600799.00, -145778, -510142, -1029 
1721978600820.00, -147763, -513331, -1053 
1721978600842.00, -150462, -516565, -1087 
1721978600864.00, -154199, -519863, -1097 
1721978600887.00, -156776, -523223, -1094 
1721978600907.00, -158006, -526651, -1067 
1721978600929.00, -157101, -530101, -1013 
1721978600952.00, -153186, -533544, -991 
1721978600974.00, -149358, -536868, -932 
1721978600996.00, -143529, -540105, -925 
1721978601017.00, -139550, -543235, -914 
1721978601038.00, -136557, -546267, -927 
1721978601061.00, -135642, -549242, -925 
1721978601082.00, -135010, -552187, -937 
1721978601104.00, -135145, -555109, -942 
1721978601126.00, -135535, -558058, -956 
1721978601148.00, -136518, -561006, -940 
1721978601169.00, -136118, -563967, -976 
1721978601191.00, -138082, -566942, -983 
1721978601213.00, -139680, -569944, -968 
1721978601235.00, -139583, -572990, -989 
1721978601256.00, -140769, -576031, -979 
1721978601278.00, -140812, -579074, -916 
1721978601299.00, -136940, -582151, -882 
1721978601324.00, -132412, -585119, -835 
1721978601343.00, -126930, -587978, -734 
1721978601365.00, -117483, -590739, -654 
1721978601387.00, -106976, -593277, -579 
1721978601408.00, -60853, -595579, -498 
1721978601431.00, -33291, -596888, -404 
1721978601452.00, -17263, -597632, -306 
1721978601474.00, -8002, -598018, -187 
1721978601495.00, -2557, -598197, -107 
1721978601516.00, 91, -598251, 4 
1721978601537.00, 1929, -598232, 251 
1721978601559.00, 17952, -598175, 478 
1721978601581.00, 41180, -597787, 699 
1721978601602.00, 68761, -596916, 717 
1721978601624.00, 85816, -595437, 895 
1721978601645.00, 106665, -593558, 958 
1721978601668.00, 122711, -591231, 944 
1721978601688.00, 131227, -588556, 1004 
1721978601711.00, 139725, -585674, 998 
1721978601733.00, 144332, -582628, 987 
1721978601754.00, 146348, -579491, 1014 
1721978601775.00, 148960, -576284, 1006 
1721978601797.00, 149910, -573029, 1013 
1721978601819.00, 150661, -569754, 1026 
1721978601841.00, 151783, -566459, 1033 
1721978601863.00, 152844, -563147, 1047 
1721978601884.00, 154165, -559797, 1049 
1721978601906.00, 155105, -556441, 1062 
1721978601927.00, 156202, -553054, 1076 
1721978601950.00, 157788, -549635, 1095 
1721978601972.00, 159609, -546186, 1078 
1721978601994.00, 159683, -542706, 1105 
1721978602015.00, 161183, -539211, 1152 
1721978602036.00, 164827, -535687, 1164 
1721978602059.00, 167551, -532068, 1177 
1721978602080.00, 169852, -528403, 1209 
1721978602106.00, 173214, -524688, 1237 
1721978602124.00, 174751, -520901, 1275 
1721978602146.00, 174773, -517081, 1274 
1721978602168.00, 174776, -513275, 1293 
1721978602190.00, 174866, -509446, 1299 
1721978602211.00, 174957, -505620, 1322 
1721978602233.00, 174717, -501815, 1315 
1721978602255.00, 174713, -497992, 1322 
1721978602277.00, 174729, -494178, 1326 
1721978602299.00, 174780, -490364, 1334 
1721978602321.00, 174902, -486538, 1340 
1721978602343.00, 174792, -482715, 1312 
1721978602365.00, 174637, -478903, 1332 
1721978602386.00, 174538, -475084, 1319 
1721978602407.00, 174650, -471277, 1307 
1721978602430.00, 174840, -467457, 1288 
1721978602451.00, 174616, -463647, 1279 
1721978602473.00, 174646, -459826, 1248 
1721978602495.00, 174562, -456018, 1207 
1721978602516.00, 172026, -452198, 1136 
1721978602538.00, 166216, -448463, 1055 
1721978602561.00, 157729, -444840, 932 
1721978602584.00, 145340, -441429, 781 
1721978602605.00, 128888, -438294, 636 
1721978602626.00, 110559, -435506, 481 
1721978602649.00, 89908, -433125, 336 
1721978602670.00, 69069, -431200, 219 
1721978602692.00, 36450, -429715, 91 
1721978602713.00, 17066, -428924, -40 
1721978602735.00, 3215, -428551, -281 
1721978602757.00, -18530, -428475, -421 
1721978602778.00, -39956, -428860, -591 
1721978602799.00, -63132, -429700, -642 
1721978602822.00, -80016, -431067, -742 
1721978602844.00, -95493, -432810, -837 
1721978602865.00, -110637, -434908, -904 
1721978602887.00, -123348, -437321, -906 
1721978602908.00, -130905, -440012, -969 
1721978602929.00, -138994, -442881, -1006 
1721978602951.00, -145971, -445924, -1000 
1721978602973.00, -149463, -449117, -1053 
1721978602994.00, -154564, -452398, -1073 
1721978603016.00, -158840, -455780, -1092 
1721978603038.00, -162255, -459257, -1101 
1721978603060.00, -164764, -462799, -1109 
1721978603082.00, -166419, -466392, -1112 
1721978603104.00, -167595, -470050, -1101 
1721978603125.00, -167020, -473700, -1105 
1721978603147.00, -167105, -477371, -1065 
1721978603169.00, -164570, -481008, -1052 
1721978603194.00, -162300, -484611, -1037 
1721978603212.00, -159910, -488139, -1007 
1721978603234.00, -156676, -491631, -1021 
1721978603256.00, -155328, -495044, -1032 
1721978603277.00, -155301, -498433, -1033 
1721978603301.00, -155164, -501830, -1080 
1721978603321.00, -157622, -505218, -1085 
1721978603343.00, -159373, -508669, -1102 
1721978603365.00, -161473, -512152, -1132 
1721978603387.00, -164407, -515681, -1124 
1721978603409.00, -165442, -519276, -1155 
1721978603431.00, -167596, -522890, -1178 
1721978603453.00, -170166, -526562, -1146 
1721978603474.00, -169942, -530282, -1155 
1721978603496.00, -170168, -534000, -1180 
1721978603518.00, -171723, -537710, -1181 
1721978603539.00, -172830, -541463, -1203 
1721978603562.00, -174356, -545231, -1173 
1721978603583.00, -173349, -549053, -1109 
1721978603605.00, -168925, -552835, -1068 
1721978603627.00, -163755, -556510, -1030 
1721978603650.00, -158371, -560073, -926 
1721978603671.00, -148838, -563487, -877 
1721978603694.00, -139838, -566728, -863 
1721978603715.00, -133758, -569764, -755 
1721978603738.00, -123585, -572658, -712 
1721978603758.00, -114969, -575343, -711 
1721978603780.00, -109780, -577829, -684 
1721978603802.00, -105070, -580211, -711 
1721978603823.00, -103742, -582511, -750 
1721978603845.00, -105430, -584757, -731 
1721978603867.00, -105401, -587040, -718 
1721978603888.00, -104390, -589332, -718 
1721978603911.00, -103908, -591603, -658 
1721978603932.00, -99624, -593845, -545 
1721978603954.00, -56977, -595973, -438 
1721978603975.00, -31336, -597220, -351 
1721978603997.00, -16380, -597923, -262 
1721978604019.00, -7527, -598295, -143 
1721978604040.00, -2593, -598458, 9 
1721978604061.00, 33, -598504, 212 
1721978604083.00, 14124, -598497, 471 
1721978604105.00, 38226, -598195, 727 
1721978604126.00, 68128, -597389, 807 
1721978604148.00, 90679, -595917, 933 
1721978604169.00, 111660, -593942, 1016 
1721978604190.00, 129041, -591486, 1029 
1721978604212.00, 139822, -588666, 1046 
1721978604233.00, 146979, -585605, 1052 
1721978604256.00, 151605, -582381, 1039 
1721978604278.00, 153431, -579073, 1039 
1721978604300.00, 154232, -575717, 1045 
1721978604321.00, 155090, -572355, 1027 
1721978604343.00, 154390, -568961, 1037 
1721978604365.00, 154355, -565582, 1055 
1721978604387.00, 155299, -562220, 1062 
1721978604409.00, 156366, -558818, 1075 
1721978604430.00, 157403, -555408, 1110 
1721978604452.00, 160232, -551955, 1102 
1721978604474.00, 161359, -548452, 1110 
1721978604500.00, 162220, -544928, 1128 
1721978604518.00, 163961, -541377, 1112 
1721978604539.00, 164033, -537795, 1122 
1721978604561.00, 164328, -534211, 1141 
1721978604582.00, 165676, -530624, 1140 
1721978604606.00, 166208, -527003, 1165 
1721978604627.00, 168007, -523369, 1207 
1721978604648.00, 171759, -519685, 1234 
1721978604670.00, 174994, -515917, 1250 
1721978604691.00, 174969, -512108, 1290 
1721978604714.00, 174658, -508275, 1295 
1721978604735.00, 174707, -504463, 1308 
1721978604758.00, 174738, -500647, 1327 
1721978604779.00, 174785, -496826, 1340 
1721978604801.00, 174865, -493017, 1364 
1721978604823.00, 174860, -489187, 1394 
1721978604845.00, 174690, -485371, 1415 
1721978604866.00, 174617, -481545, 1417 
1721978604889.00, 174750, -477747, 1417 
1721978604910.00, 174893, -473934, 1398 
1721978604932.00, 174630, -470105, 1378 
1721978604953.00, 174715, -466288, 1358 
1721978604976.00, 174655, -462469, 1324 
1721978604997.00, 174518, -458649, 1280 
1721978605019.00, 174586, -454853, 1241 
1721978605040.00, 174602, -451039, 1175 
1721978605063.00, 173477, -447227, 1098 
1721978605086.00, 167785, -443444, 962 
1721978605108.00, 156216, -439808, 802 
1721978605129.00, 139413, -436434, 660 
1721978605156.00, 120972, -433420, 483 
1721978605173.00, 99108, -430823, 327 
1721978605194.00, 56842, -428708, 197 
1721978605216.00, 31779, -427477, 143 
1721978605238.00, 16747, -426779, -39 
1721978605259.00, 6421, -426413, -236 
1721978605281.00, -11804, -426279, -252 
1721978605302.00, -23492, -426524, -537 
1721978605324.00, -47577, -427032, -598 
1721978605346.00, -65737, -428051, -657 
1721978605367.00, -79962, -429479, -821 
1721978605389.00, -98218, -431220, -899 
1721978605411.00, -113599, -433348, -900 
1721978605432.00, -122844, -435852, -978 
1721978605453.00, -132785, -438535, -1005 
1721978605474.00, -140248, -441452, -1016 
1721978605496.00, -145289, -444522, -1070 
1721978605518.00, -151388, -447695, -1057 
1721978605540.00, -154194, -451016, -1073 
1721978605562.00, -156355, -454396, -1128 
1721978605584.00, -161070, -457805, -1115 
1721978605606.00, -163127, -461341, -1123 
1721978605628.00, -164460, -464901, -1175 
1721978605649.00, -168506, -468508, -1180 
1721978605671.00, -171205, -472173, -1180 
1721978605693.00, -172737, -475925, -1200 
1721978605715.00, -174535, -479696, -1208 
1721978605736.00, -174696, -483513, -1192 
1721978605758.00, -174590, -487332, -1182 
1721978605780.00, -174267, -491150, -1186 
1721978605806.00, -174270, -494960, -1180 
1721978605824.00, -173823, -498758, -1173 
1721978605845.00, -173150, -502553, -1159 
1721978605868.00, -171756, -506337, -1149 
1721978605890.00, -170107, -510105, -1148 
1721978605911.00, -169117, -513811, -1147 
1721978605933.00, -168340, -517500, -1133 
1721978605955.00, -167163, -521174, -1137 
1721978605977.00, -166479, -524820, -1085 
1721978605998.00, -163075, -528454, -1038 
1721978606020.00, -158063, -532002, -1015 
1721978606043.00, -153331, -535453, -986 
1721978606065.00, -148738, -538773, -943 
1721978606087.00, -143480, -542023, -957 
1721978606108.00, -141245, -545130, -940 
1721978606130.00, -138903, -548191, -920 
1721978606152.00, -136130, -551219, -975 
1721978606173.00, -137953, -554172, -972 
1721978606195.00, -138887, -557172, -909 
1721978606217.00, -135441, -560193, -953 
1721978606239.00, -135940, -563124, -972 
1721978606260.00, -137286, -566098, -908 
1721978606282.00, -134321, -569094, -952 
1721978606303.00, -135174, -571997, -936 
1721978606326.00, -134560, -574937, -877 
1721978606347.00, -130759, -577861, -869 
1721978606369.00, -127801, -580694, -838 
1721978606391.00, -124075, -583474, -760 
1721978606412.00, -117185, -586167, -670 
1721978606434.00, -107479, -588704, -606 
1721978606456.00, -97905, -591026, -501 
1721978606477.00, -85907, -593134, -394 
1721978606499.00, -48347, -594980, -285 
1721978606520.00, -26199, -596031, -208 
1721978606542.00, -13036, -596610, -121 
1721978606564.00, -4914, -596884, 67 
1721978606585.00, 2970, -596993, 225 
1721978606607.00, 17672, -596934, 431 
1721978606628.00, 38487, -596562, 638 
1721978606650.00, 63383, -595753, 755 
1721978606671.00, 85317, -594380, 824 
1721978606693.00, 102348, -592522, 949 
1721978606715.00, 119791, -590280, 963 
1721978606737.00, 130861, -587680, 972 
1721978606758.00, 137659, -584816, 1001 
1721978606780.00, 143555, -581802, 977 
1721978606801.00, 145401, -578667, 1034 
1721978606823.00, 149701, -575495, 1027 
1721978606846.00, 151661, -572223, 998 
1721978606867.00, 151130, -568925, 1049 
1721978606887.00, 153516, -565619, 1001 
1721978606909.00, 152017, -562268, 1015 
1721978606931.00, 151991, -558945, 1026 
1721978606955.00, 152576, -555636, 966 
1721978606975.00, 149186, -552310, 1067 
1721978606997.00, 153059, -549045, 1035 
1721978607019.00, 153582, -545703, 1012 
1721978607041.00, 152056, -542354, 1062 
1721978607064.00, 154247, -539044, 913 
1721978607086.00, 146529, -535686, 888 
1721978607107.00, 140527, -532495, 898 
1721978607129.00, 137155, -529458, 936 
1721978607151.00, 137409, -526475, 969 
1721978607171.00, 139578, -523476, 1089 
1721978607193.00, 148015, -520410, 1146 
1721978607215.00, 156350, -517159, 1187 
1721978607236.00, 163686, -513735, 1207 
1721978607258.00, 169265, -510155, 1220 
1721978607280.00, 173451, -506448, 1279 
1721978607302.00, 174964, -502653, 1292 
1721978607324.00, 174674, -498823, 1282 
1721978607345.00, 174806, -495006, 1286 
1721978607367.00, 174645, -491192, 1301 
1721978607389.00, 174699, -487372, 1310 
1721978607411.00, 174860, -483564, 1312 
1721978607433.00, 174923, -479737, 1323 
1721978607456.00, 174655, -475917, 1298 
1721978607477.00, 174630, -472107, 1263 
1721978607498.00, 174771, -468293, 1236 
1721978607520.00, 174667, -464486, 1189 
1721978607542.00, 174420, -460674, 1135 
1721978607566.00, 171052, -456863, 1067 
1721978607587.00, 164698, -453152, 995 
1721978607608.00, 156378, -449580, 896 
1721978607630.00, 145387, -446184, 818 
1721978607652.00, 134193, -443037, 761 
1721978607676.00, 123814, -440138, 681 
1721978607695.00, 113132, -437453, 608 
1721978607717.00, 102235, -435014, 544 
1721978607738.00, 91830, -432795, 487 
1721978607760.00, 82380, -430823, 421 
1721978607782.00, 47027, -429064, 321 
1721978607803.00, 26033, -428045, 271 
1721978607825.00, 13348, -427461, 143 
1721978607847.00, 6260, -427167, 37 
1721978607868.00, 1926, -427034, -68 
1721978607891.00, -4478, -426997, -179 
1721978607912.00, -14736, -427090, -378 
1721978607933.00, -32699, -427405, -406 
1721978607955.00, -45374, -428113, -524 
1721978607976.00, -59910, -429092, -690 
1721978608003.00, -78458, -430387, -754 
1721978608019.00, -93189, -432099, -824 
1721978608041.00, -106241, -434129, -897 
1721978608063.00, -118095, -436448, -902 
1721978608085.00, -125455, -439037, -968 
1721978608110.00, -133731, -441785, -994 
1721978608130.00, -140251, -444702, -1001 
1721978608149.00, -144352, -447762, -1036 
1721978608171.00, -148772, -450925, -1050 
1721978608192.00, -152006, -454179, -1079 
1721978608214.00, -155724, -457497, -1104 
1721978608236.00, -158977, -460910, -1118 
1721978608258.00, -161806, -464392, -1149 
1721978608279.00, -165314, -467933, -1128 
1721978608301.00, -166101, -471539, -1117 
1721978608323.00, -165760, -475169, -1114 
1721978608345.00, -165425, -478798, -1079 
1721978608367.00, -163094, -482386, -1058 
1721978608389.00, -160164, -485957, -1029 
1721978608411.00, -156472, -489438, -999 
1721978608435.00, -152503, -492856, -979 
1721978608455.00, -148821, -496168, -967 
1721978608477.00, -145934, -499399, -971 
1721978608498.00, -144335, -502568, -974 
1721978608520.00, -143530, -505704, -973 
1721978608542.00, -143045, -508838, -980 
1721978608564.00, -142946, -511941, -953 
1721978608585.00, -141474, -515044, -937 
1721978608607.00, -139481, -518127, -937 
1721978608628.00, -137996, -521151, -923 
1721978608650.00, -136214, -524162, -894 
1721978608673.00, -133372, -527125, -906 
1721978608694.00, -132317, -530015, -887 
1721978608715.00, -130655, -532905, -850 
1721978608738.00, -127425, -535744, -889 
1721978608759.00, -127765, -538499, -846 
1721978608781.00, -125547, -541280, -860 
1721978608803.00, -124839, -544016, -895 
1721978608825.00, -126436, -546713, -840 
1721978608846.00, -123989, -549483, -828 
1721978608868.00, -121816, -552176, -854 
1721978608891.00, -122085, -554815, -839 
1721978608912.00, -121331, -557485, -877 
1721978608932.00, -123158, -560122, -898 
1721978608954.00, -125419, -562794, -889 
1721978608977.00, -126067, -565539, -906 
1721978608998.00, -127451, -568284, -899 
1721978609020.00, -128039, -571045, -902 
1721978609042.00, -128573, -573837, -929 
1721978609063.00, -130373, -576642, -906 
1721978609086.00, -130050, -579466, -866 
1721978609107.00, -127263, -582303, -841 
1721978609129.00, -123941, -585061, -791 
1721978609151.00, -119089, -587741, -672 
1721978609172.00, -108673, -590326, -571 
1721978609194.00, -96582, -592683, -456 
1721978609216.00, -82373, -594755, -323 
1721978609237.00, -46609, -596511, -190 
1721978609259.00, -25179, -597528, -107 
1721978609280.00, -12507, -598090, -25 
1721978609302.00, -4816, -598356, 165 
1721978609323.00, 8657, -598454, 371 
1721978609345.00, 29192, -598280, 498 
1721978609366.00, 49359, -597664, 545 
1721978609388.00, 64164, -596598, 754 
1721978609410.00, 85372, -595206, 894 
1721978609431.00, 106467, -593342, 879 
1721978609453.00, 118061, -591010, 945 
1721978609475.00, 128703, -588441, 972 
1721978609497.00, 136486, -585630, 963 
1721978609517.00, 140590, -582650, 1011 
1721978609539.00, 145755, -579588, 1018 
1721978609561.00, 149080, -576392, 1016 
1721978609582.00, 150722, -573136, 1056 
1721978609604.00, 154033, -569847, 1062 
1721978609626.00, 156104, -566481, 1073 
1721978609648.00, 157763, -563063, 1125 
1721978609669.00, 161971, -559608, 1150 
1721978609691.00, 165857, -556075, 1151 
1721978609714.00, 168368, -552437, 1158 
1721978609735.00, 169965, -548760, 1164 
1721978609757.00, 171098, -545044, 1176 
1721978609779.00, 172445, -541300, 1171 
1721978609801.00, 172703, -537545, 1192 
1721978609822.00, 173911, -533759, 1193 
1721978609844.00, 174729, -529961, 1206 
1721978609866.00, 174740, -526146, 1201 
1721978609888.00, 174729, -522332, 1186 
1721978609910.00, 174733, -518508, 1196 
1721978609932.00, 174728, -514676, 1211 
1721978609954.00, 174628, -510866, 1206 
1721978609975.00, 174746, -507053, 1203 
1721978609997.00, 174771, -503229, 1197 
1721978610019.00, 174527, -499410, 1177 
1721978610040.00, 173558, -495593, 1167 
1721978610063.00, 172144, -491803, 1158 
1721978610085.00, 170760, -488035, 1150 
1721978610106.00, 169337, -484312, 1137 
1721978610127.00, 167696, -480610, 1105 
1721978610150.00, 164835, -476955, 1081 
1721978610171.00, 161647, -473359, 1033 
1721978610194.00, 156699, -469827, 989 
1721978610217.00, 151127, -466419, 954 
1721978610238.00, 145455, -463141, 926 
1721978610260.00, 140608, -459978, 913 
1721978610281.00, 136843, -456931, 893 
1721978610303.00, 133400, -453963, 870 
1721978610325.00, 129938, -451063, 848 
1721978610346.00, 126371, -448248, 817 
1721978610369.00, 122251, -445494, 786 
1721978610390.00, 118056, -442848, 755 
1721978610412.00, 113648, -440285, 707 
1721978610434.00, 108090, -437826, 644 
1721978610455.00, 100984, -435482, 552 
1721978610477.00, 91231, -433298, 493 
1721978610499.00, 81561, -431336, 443 
1721978610520.00, 46259, -429573, 351 
1721978610541.00, 25288, -428579, 318 
1721978610563.00, 12662, -428024, 204 
1721978610585.00, 5468, -427743, 94 
1721978610606.00, 1068, -427630, 6 
1721978610627.00, -874, -427609, -89 
1721978610649.00, -7931, -427628, -202 
1721978610670.00, -18662, -427806, -410 
1721978610692.00, -37652, -428209, -468 
1721978610714.00, -52255, -429004, -568 
1721978610738.00, -66729, -430130, -685 
1721978610758.00, -82410, -431593, -759 
1721978610779.00, -96112, -433382, -798 
1721978610800.00, -106721, -435489, -829 
1721978610823.00, -114920, -437819, -908 
1721978610845.00, -124328, -440314, -902 
1721978610866.00, -129194, -443034, -922 
1721978610888.00, -133316, -445852, -957 
1721978610910.00, -137677, -448749, -953 
1721978610931.00, -139951, -451767, -960 
1721978610956.00, -141499, -454812, -975 
1721978610975.00, -143220, -457901, -983 
1721978610997.00, -144786, -461022, -989 
1721978611018.00, -145976, -464164, -996 
1721978611039.00, -147056, -467355, -1011 
1721978611060.00, -148451, -470565, -1023 
1721978611082.00, -149989, -473800, -1024 
1721978611105.00, -150768, -477082, -996 
1721978611127.00, -149508, -480358, -965 
1721978611149.00, -146780, -483621, -959 
1721978611172.00, -144675, -486803, -935 
1721978611192.00, -142037, -489943, -938 
1721978611214.00, -140476, -493035, -940 
1721978611236.00, -139490, -496083, -947 
1721978611257.00, -139388, -499113, -937 
1721978611282.00, -138717, -502144, -950 
1721978611301.00, -139033, -505159, -940 
1721978611323.00, -138480, -508190, -908 
1721978611343.00, -136001, -511201, -921 
1721978611366.00, -135344, -514151, -876 
1721978611388.00, -132223, -517103, -809 
1721978611409.00, -126387, -519971, -808 
1721978611431.00, -122619, -522705, -788 
1721978611452.00, -119232, -525371, -771 
1721978611474.00, -116056, -527961, -800 
1721978611497.00, -115830, -530478, -776 
1721978611518.00, -114040, -533016, -755 
1721978611540.00, -111954, -535497, -784 
1721978611561.00, -112399, -537926, -780 
1721978611583.00, -112320, -540367, -762 
1721978611604.00, -111304, -542824, -776 
1721978611626.00, -111564, -545233, -771 
1721978611648.00, -111398, -547648, -790 
1721978611670.00, -112218, -550096, -843 
1721978611692.00, -115982, -552536, -848 
1721978611714.00, -118649, -555049, -869 
1721978611735.00, -121269, -557644, -941 
1721978611756.00, -127047, -560282, -950 
1721978611779.00, -130970, -563044, -946 
1721978611800.00, -132988, -565911, -976 
1721978611829.00, -135971, -568812, -998 
1721978611844.00, -139049, -571756, -964 
1721978611865.00, -138838, -574801, -976 
1721978611887.00, -139323, -577812, -969 
1721978611909.00, -139393, -580837, -913 
1721978611931.00, -135823, -583865, -936 
1721978611952.00, -134938, -586814, -863 
1721978611974.00, -130123, -589742, -771 
1721978611996.00, -121553, -592560, -707 
1721978612018.00, -112491, -595190, -589 
1721978612039.00, -63633, -597606, -447 
1721978612060.00, -34704, -598994, -374 
1721978612082.00, -18078, -599761, -269 
1721978612104.00, -8204, -600165, -147 
1721978612126.00, -2409, -600344, -44 
1721978612147.00, 138, -600387, 117 
1721978612168.00, 9030, -600375, 331 
1721978612190.00, 27088, -600184, 527 
1721978612212.00, 49937, -599614, 571 
1721978612233.00, 66084, -598553, 712 
1721978612255.00, 83775, -597103, 902 
1721978612277.00, 105883, -595289, 873 
1721978612299.00, 117246, -592967, 956 
1721978612320.00, 128740, -590408, 998 
1721978612340.00, 138033, -587613, 1006 
1721978612363.00, 143728, -584579, 1059 
1721978612385.00, 150316, -581432, 1054 
1721978612406.00, 153868, -578142, 1088 
1721978612429.00, 157698, -574783, 1112 
1721978612449.00, 161379, -571336, 1157 
1721978612472.00, 166134, -567799, 1154 
1721978612493.00, 168721, -564173, 1191 
1721978612515.00, 172312, -560472, 1219 
1721978612537.00, 174957, -556707, 1205 
1721978612559.00, 174648, -552896, 1228 
1721978612580.00, 174823, -549083, 1211 
1721978612602.00, 174929, -545257, 1231 
1721978612624.00, 174628, -541439, 1214 
1721978612646.00, 174721, -537619, 1236 
1721978612667.00, 174611, -533800, 1236 
1721978612690.00, 174705, -529992, 1261 
1721978612712.00, 174721, -526179, 1260 
1721978612734.00, 174775, -522364, 1251 
1721978612755.00, 174869, -518539, 1274 
1721978612777.00, 174673, -514707, 1275 
1721978612799.00, 174588, -510904, 1262 
1721978612821.00, 174622, -507093, 1266 
1721978612842.00, 174743, -503272, 1263 
1721978612864.00, 174688, -499450, 1277 
1721978612886.00, 174690, -495635, 1258 
1721978612908.00, 174517, -491812, 1241 
1721978612930.00, 174078, -488001, 1229 
1721978612951.00, 173244, -484201, 1216 
1721978612973.00, 172208, -480424, 1216 
1721978612995.00, 171363, -476656, 1192 
1721978613017.00, 169354, -472925, 1158 
1721978613039.00, 166104, -469230, 1147 
1721978613060.00, 163377, -465593, 1127 
1721978613083.00, 160473, -462029, 1072 
1721978613103.00, 155418, -458529, 1025 
1721978613127.00, 149613, -455134, 955 
1721978613149.00, 141904, -451890, 873 
1721978613171.00, 132625, -448812, 771 
1721978613192.00, 120989, -445947, 695 
1721978613214.00, 109425, -443327, 633 
1721978613236.00, 98873, -440975, 563 
1721978613257.00, 88291, -438843, 452 
1721978613279.00, 75432, -436944, 321 
1721978613300.00, 60130, -435328, 211 
1721978613322.00, 44121, -434036, 97 
1721978613343.00, 27805, -433089, -68 
1721978613365.00, 8577, -432479, -215 
1721978613387.00, -11421, -432289, -252 
1721978613409.00, -25641, -432521, -528 
1721978613430.00, -50695, -433066, -574 
1721978613452.00, -68204, -434146, -639 
1721978613476.00, -82360, -435638, -725 
1721978613495.00, -95822, -437430, -745 
1721978613517.00, -105035, -439508, -775 
1721978613538.00, -111953, -441808, -815 
1721978613560.00, -118585, -444256, -809 
1721978613586.00, -122060, -446829, -805 
1721978613604.00, -123500, -449474, -822 
1721978613625.00, -125338, -452182, -817 
1721978613647.00, -125862, -454908, -839 
1721978613668.00, -127444, -457647, -852 
1721978613695.00, -128984, -460426, -870 
1721978613713.00, -130879, -463220, -875 
1721978613734.00, -132296, -466071, -896 
1721978613756.00, -134182, -468958, -900 
1721978613778.00, -135262, -471882, -913 
1721978613799.00, -136723, -474836, -898 
1721978613820.00, -136606, -477815, -871 
1721978613843.00, -134482, -480776, -873 
1721978613864.00, -133403, -483709, -870 
1721978613886.00, -132585, -486611, -834 
1721978613908.00, -129852, -489477, -829 
1721978613930.00, -127855, -492313, -846 
1721978613951.00, -127635, -495095, -844 
1721978613973.00, -127273, -497858, -854 
1721978613994.00, -127583, -500649, -877 
1721978614020.00, -128879, -503424, -883 
1721978614038.00, -130051, -506219, -916 
1721978614060.00, -132692, -509061, -920 
1721978614082.00, -134586, -511942, -924 
1721978614103.00, -135684, -514864, -944 
1721978614127.00, -137477, -517833, -914 
1721978614147.00, -136581, -520817, -892 
1721978614168.00, -134554, -523789, -906 
1721978614190.00, -134292, -526723, -874 
1721978614212.00, -132093, -529631, -862 
1721978614234.00, -130024, -532519, -899 
1721978614255.00, -130888, -535349, -910 
1721978614277.00, -132164, -538186, -918 
1721978614299.00, -133199, -541064, -943 
1721978614321.00, -135179, -543969, -912 
1721978614343.00, -134699, -546896, -890 
1721978614364.00, -132704, -549842, -917 
1721978614386.00, -133076, -552728, -897 
1721978614407.00, -132206, -555619, -858 
1721978614429.00, -129221, -558504, -897 
1721978614451.00, -129835, -561307, -890 
1721978614473.00, -129779, -564110, -867 
1721978614494.00, -128182, -566948, -933 
1721978614516.00, -131165, -569746, -961 
1721978614538.00, -134482, -572593, -955 
1721978614562.00, -136010, -575535, -960 
1721978614581.00, -137351, -578486, -954 
1721978614602.00, -137747, -581473, -890 
1721978614625.00, -133634, -584461, -799 
1721978614646.00, -126014, -587357, -729 
1721978614669.00, -116937, -590084, -611 
1721978614689.00, -104644, -592615, -499 
1721978614712.00, -90171, -594876, -421 
1721978614733.00, -51303, -596805, -332 
1721978614754.00, -28377, -597926, -261 
1721978614775.00, -14846, -598563, -160 
1721978614798.00, -6876, -598890, -36 
1721978614819.00, -2176, -599027, 148 
1721978614841.00, 8825, -599068, 327 
1721978614863.00, 26141, -598887, 510 
1721978614885.00, 47988, -598328, 588 
1721978614905.00, 65400, -597296, 823 
1721978614927.00, 89951, -595878, 914 
1721978614949.00, 110005, -593911, 949 
1721978614970.00, 124006, -591503, 1078 
1721978614991.00, 139888, -588796, 1032 
1721978615013.00, 146346, -585724, 1072 
1721978615036.00, 152388, -582515, 1080 
1721978615057.00, 156396, -579185, 1057 
1721978615079.00, 157102, -575770, 1082 
1721978615101.00, 158927, -572338, 1067 
1721978615122.00, 159096, -568864, 1049 
1721978615144.00, 157952, -565384, 1064 
1721978615166.00, 158005, -561938, 1062 
1721978615188.00, 157850, -558476, 1057 
1721978615209.00, 157421, -555040, 1058 
1721978615231.00, 157199, -551596, 1060 
1721978615253.00, 156944, -548157, 1087 
1721978615275.00, 158368, -544735, 1101 
1721978615297.00, 160136, -541263, 1101 
1721978615319.00, 161161, -537771, 1130 
1721978615341.00, 163143, -534252, 1133 
1721978615363.00, 164538, -530688, 1137 
1721978615384.00, 165510, -527082, 1153 
1721978615405.00, 166935, -523464, 1143 
1721978615428.00, 167037, -519818, 1150 
1721978615450.00, 167617, -516171, 1152 
1721978615472.00, 167915, -512503, 1173 
1721978615493.00, 169376, -508830, 1182 
1721978615515.00, 170660, -505136, 1174 
1721978615537.00, 170852, -501405, 1186 
1721978615559.00, 171586, -497664, 1193 
1721978615580.00, 172225, -493926, 1199 
1721978615602.00, 173115, -490158, 1171 
1721978615624.00, 171484, -486365, 1175 
1721978615646.00, 171123, -482605, 1169 
1721978615668.00, 170418, -478866, 1146 
1721978615690.00, 168260, -475144, 1126 
1721978615712.00, 165874, -471474, 1091 
1721978615733.00, 162355, -467858, 1044 
1721978615757.00, 157337, -464318, 1006 
1721978615778.00, 151979, -460881, 970 
1721978615800.00, 146750, -457577, 934 
1721978615822.00, 141344, -454395, 897 
1721978615843.00, 135773, -451320, 843 
1721978615867.00, 129256, -448380, 774 
1721978615887.00, 121077, -445571, 713 
1721978615908.00, 112794, -442946, 644 
1721978615930.00, 103589, -440514, 584 
1721978615951.00, 94488, -438271, 522 
1721978615974.00, 85114, -436231, 442 
1721978615995.00, 74855, -434401, 351 
1721978616017.00, 63390, -432788, 245 
1721978616038.00, 50233, -431434, 163 
1721978616059.00, 27386, -430352, 23 
1721978616081.00, 14217, -429744, -66 
1721978616103.00, 1799, -429440, -205 
1721978616125.00, -13145, -429399, -371 
1721978616147.00, -32199, -429664, -432 
1721978616168.00, -47199, -430342, -515 
1721978616190.00, -61016, -431362, -577 
1721978616211.00, -72935, -432677, -624 
1721978616233.00, -82586, -434273, -667 
1721978616255.00, -90969, -436066, -707 
1721978616276.00, -98154, -438053, -766 
1721978616298.00, -105946, -440174, -790 
1721978616319.00, -111829, -442495, -794 
1721978616342.00, -115501, -444943, -830 
1721978616363.00, -119758, -447454, -825 
1721978616385.00, -121912, -450061, -845 
1721978616406.00, -124220, -452722, -866 
1721978616428.00, -126813, -455428, -845 
1721978616451.00, -126866, -458191, -845 
1721978616472.00, -126867, -460962, -854 
1721978616493.00, -127604, -463707, -862 
1721978616516.00, -128289, -466486, -878 
1721978616537.00, -129647, -469279, -888 
1721978616559.00, -130745, -472099, -910 
1721978616580.00, -132719, -474950, -915 
1721978616602.00, -134188, -477851, -923 
1721978616624.00, -135060, -480762, -929 
1721978616646.00, -136269, -483709, -907 
1721978616668.00, -135433, -486678, -903 
1721978616689.00, -134601, -489610, -878 
1721978616711.00, -132780, -492548, -863 
1721978616732.00, -130583, -495424, -869 
1721978616754.00, -129469, -498255, -871 
1721978616776.00, -128655, -501091, -879 
1721978616798.00, -128887, -503890, -870 
1721978616819.00, -128405, -506696, -875 
1721978616841.00, -128335, -509489, -912 
1721978616863.00, -130541, -512282, -938 
1721978616885.00, -133347, -515113, -969 
1721978616906.00, -136729, -518029, -987 
1721978616927.00, -139832, -521003, -1003 
1721978616949.00, -142394, -524072, -1020 
1721978616970.00, -144973, -527188, -1015 
1721978616992.00, -145975, -530349, -1021 
1721978617015.00, -146928, -533557, -961 
1721978617037.00, -144063, -536752, -945 
1721978617059.00, -141117, -539881, -924 
1721978617081.00, -138231, -542947, -888 
1721978617102.00, -134094, -545941, -890 
1721978617124.00, -131654, -548865, -866 
1721978617145.00, -128963, -551730, -860 
1721978617168.00, -126948, -554519, -892 
1721978617189.00, -127659, -557283, -867 
1721978617211.00, -126548, -560066, -894 
1721978617233.00, -127322, -562813, -933 
1721978617254.00, -130290, -565592, -921 
1721978617276.00, -131226, -568429, -947 
1721978617303.00, -133300, -571268, -975 
1721978617319.00, -136284, -574179, -928 
1721978617341.00, -135090, -577146, -952 
1721978617362.00, -135712, -580071, -930 
1721978617385.00, -134869, -583026, -808 
1721978617413.00, -126843, -585952, -773 
1721978617428.00, -119637, -588694, -701 
1721978617450.00, -110980, -591282, -552 
1721978617472.00, -96944, -593684, -470 
1721978617493.00, -54893, -595757, -400 
1721978617514.00, -29855, -596949, -319 
1721978617537.00, -15539, -597626, -287 
1721978617558.00, -7003, -597976, -255 
1721978617579.00, -2107, -598138, -235 
1721978617601.00, 81, -598188, -223 
1721978617622.00, 1644, -598190, -197 
1721978617644.00, 2800, -598160, -177 
1721978617665.00, 3436, -598104, -172 
1721978617687.00, 3872, -598028, -155 
1721978617709.00, 3900, -597945, -131 
1721978617731.00, 3832, -597857, -110 
1721978617752.00, 3858, -597774, -114 
1721978617773.00, 3764, -597691, -108 
1721978617795.00, 3698, -597608, -83 
1721978617817.00, 3506, -597527, -59 
1721978617839.00, 3381, -597446, -57 
1721978617860.00, 3303, -597371, -54 
1721978617882.00, 3340, -597298, -41 
1721978617903.00, 3405, -597228, -28 
1721978617925.00, 3381, -597151, -20 
1721978617946.00, 3157, -597082, -19 
1721978617968.00, 2992, -597013, -21 
1721978617989.00, 2912, -596947, -15 
1721978618011.00, 2896, -596884, -8 
1721978618032.00, 2745, -596822, -5 
1721978618054.00, 2697, -596763, -5 
1721978618075.00, 2703, -596705, -4 
1721978618096.00, 2558, -596648, -2 
1721978618117.00, 2419, -596591, 3 
1721978618139.00, 2353, -596538, 4 
1721978618161.00, 2303, -596488, 2 
1721978618181.00, 2241, -596437, 4 
1721978618203.00, 2289, -596389, 9 
1721978618225.00, 2249, -596338, 15 
1721978618246.00, 3046, -596289, 22 
1721978618268.00, 3974, -596225, 26 
1721978618289.00, 4665, -596144, 25 
1721978618311.00, 5118, -596045, 29 
1721978618332.00, 5487, -595938, 31 
1721978618353.00, 5692, -595822, 36 
1721978618375.00, 6535, -595697, 38 
1721978618396.00, 6988, -595562, 41 
1721978618418.00, 7361, -595414, 47 
1721978618440.00, 7811, -595258, 49 
1721978618461.00, 8144, -595091, 52 
1721978618483.00, 8483, -594912, 52 
1721978618504.00, 8853, -594729, 52 
1721978618526.00, 8733, -594540, 51 
1721978618547.00, 8749, -594349, 47 
1721978618568.00, 8725, -594162, 40 
1721978618590.00, 8174, -593977, 33 
1721978618611.00, 7136, -593802, 29 
1721978618633.00, 6415, -593642, 27 
1721978618654.00, 5899, -593503, 29 
1721978618675.00, 5732, -593375, 28 
1721978618697.00, 5599, -593253, 30 
1721978618718.00, 5428, -593135, 33 
1721978618740.00, 5605, -593013, 38 
1721978618761.00, 5963, -592893, 39 
1721978618783.00, 6210, -592766, 39 
1721978618805.00, 6493, -592634, 34 
1721978618825.00, 6298, -592497, 34 
1721978618847.00, 6101, -592364, 31 
1721978618869.00, 5573, -592230, 29 
1721978618890.00, 5363, -592106, 26 
1721978618911.00, 4894, -591996, 23 
1721978618933.00, 4599, -591886, 20 
1721978618954.00, 4262, -591786, 15 
1721978618975.00, 3715, -591694, 13 
1721978618998.00, 3200, -591613, 9 
1721978619018.00, 2206, -591542, 6 
1721978619040.00, 1575, -591496, 0 
1721978619061.00, 1167, -591461, -3 
1721978619083.00, 890, -591436, -6 
1721978619104.00, 740, -591416, -7 
1721978619126.00, 631, -591399, -5 
1721978619147.00, 586, -591386, -3 
1721978619169.00, 547, -591373, -2 
1721978619190.00, 523, -591363, -3 
1721978619211.00, 494, -591350, -1 
1721978619233.00, 493, -591339, 1 
1721978619253.00, 486, -591330, 3 
1721978619275.00, 493, -591320, 5 
1721978619297.00, 547, -591310, 6 
1721978619317.00, 542, -591298, 7 
1721978619340.00, 490, -591286, 10 
1721978619360.00, 1, -591276, 12 
1721978619382.00, 829, -591273, 13 
1721978619403.00, 1507, -591257, 14 
1721978619425.00, 1856, -591224, 15 
1721978619446.00, 2174, -591186, 18 
1721978619467.00, 2558, -591139, 17 
1721978619489.00, 2651, -591083, 17 
1721978619510.00, 2805, -591026, 17 
1721978619532.00, 2878, -590967, 16 
1721978619553.00, 2796, -590905, 17 
1721978619575.00, 2821, -590843, 17 
1721978619596.00, 2822, -590782, 17 
1721978619618.00, 2934, -590721, 17 
1721978619664.00, 2860, -590658, 17 
1721978619664.00, 2853, -590595, 17 
1721978619682.00, 0, -590532, -31 
1721978619703.00, 0, -590523, -27 
1721978619724.00, 16, -590524, -29 
1721978619745.00, -21, -590524, -32 
1721978619766.00, 0, -590524, -34 
1721978619787.00, 1, -590523, -33 
1721978619809.00, 15, -590524, -32 
1721978619830.00, 0, -590522, -32 
1721978619851.00, -46, -590524, -33 
1721978619872.00, -17, -590523, -33 
1721978619893.00, 11, -590524, -33 
1721978619914.00, 2, -590523, -33 
1721978619935.00, 10, -590523, -33 
1721978619957.00, -7, -590523, -34 
1721978619978.00, -3, -590523, -34 
1721978619999.00, 0, -590524, -33 
1721978620019.00, 0, -590523, -33 
1721978620041.00, 41, -590523, -33 
1721978620062.00, -6, -590524, -33 
1721978620083.00, -7, -590524, -32 
1721978620104.00, 0, -590524, -31 
1721978620125.00, -42, -590523, -30 
1721978620146.00, 0, -590523, -30 
1721978620167.00, -29, -590524, -30 
1721978620188.00, 0, -590523, -29 
1721978620209.00, 0, -590523, -28 
1721978620230.00, 0, -590523, -28 
1721978620251.00, 0, -590523, -28 
1721978620272.00, 0, -590523, -28 
1721978620293.00, 0, -590523, -28 
1721978620314.00, 0, -590523, -28 
1721978620335.00, -33, -590523, -29 
1721978620357.00, 0, -590524, -29 
1721978620377.00, 0, -590524, -30 
1721978620399.00, 0, -590524, -30 
1721978620420.00, 0, -590523, -29 
1721978620441.00, 7, -590524, -28 
1721978620462.00, 45, -590524, -29 
1721978620483.00, -3, -590524, -29 
1721978620504.00, 2, -590524, -30 
1721978620524.00, 0, -590523, -30 
1721978620545.00, 0, -590523, -29 
1721978620567.00, 0, -590524, -30 
1721978620588.00, 0, -590525, -30 
1721978620609.00, 0, -590523, -30 
1721978620630.00, 0, -590523, -30 
1721978620651.00, 0, -590523, -29 
1721978620672.00, 0, -590523, -30 
1721978620693.00, 63, -590523, -30 
1721978620714.00, 0, -590524, -30 
1721978620735.00, -48, -590523, -30 
1721978620757.00, 0, -590524, -31 
1721978620778.00, 0, -590523, -31 
1721978620798.00, 0, -590523, -31 
1721978620820.00, 5, -590524, -30 
1721978620841.00, 0, -590523, -30 
1721978620861.00, 0, -590524, -30 
1721978620902.00, 5, -590524, -31 
1721978620904.00, -64, -590523, -31 
1721978620925.00, 45, -590523, -31 
1721978620946.00, 1, -590524, -32 
1721978620967.00, 0, -590523, -32 
1721978620988.00, -25, -590523, -32 
1721978621009.00, 1, -590524, -32 
1721978621030.00, 0, -590524, -32 
1721978621052.00, 1, -590523, -32 
1721978621073.00, 0, -590523, -32 
1721978621094.00, -32, -590524, -33 
1721978621115.00, 51, -590523, -33 
1721978621137.00, 0, -590524, -33 
1721978621157.00, 1, -590523, -33 
1721978621178.00, 1, -590523, -33 
1721978621200.00, 3, -590524, -33 
1721978621221.00, 24, -590524, -33 
1721978621242.00, -1, -590524, -32 
1721978621263.00, -63, -590524, -31 
1721978621284.00, -33, -590523, -31 
1721978621305.00, 0, -590523, -32 
1721978621326.00, 0, -590523, -31 
1721978621347.00, -38, -590524, -31 
1721978621368.00, 0, -590523, -31 
1721978621389.00, 0, -590523, -31 
1721978621411.00, 45, -590523, -30 
1721978621431.00, 0, -590523, -29 
1721978621452.00, 7, -590524, -28 
1721978621474.00, 0, -590522, -28 
1721978621494.00, 1, -590524, -27 
1721978621516.00, 0, -590523, -26 
1721978621537.00, -4, -590524, -26 
1721978621557.00, 1, -590523, -26 
1721978621578.00, 0, -590524, -25 
1721978621600.00, 4, -590523, -25 
1721978621621.00, 67, -590524, -24 
1721978621644.00, -66, -590524, -24 
1721978621664.00, 14, -590524, -23 
1721978621684.00, 0, -590524, -23 
1721978621706.00, -45, -590524, -23 
1721978621726.00, -52, -590523, -24 
1721978621747.00, -3, -590523, -24 
1721978621769.00, -47, -590523, -24 
1721978621790.00, 2, -590523, -24 
1721978621811.00, -61, -590522, -24 
1721978621832.00, 38, -590523, -24 
1721978621853.00, 0, -590522, -24 
1721978621875.00, 18, -590524, -23 
1721978621895.00, 0, -590523, -23 
1721978621916.00, 6, -590524, -23 
1721978621938.00, -67, -590523, -24 
1721978621959.00, 1, -590523, -23 
1721978621980.00, 0, -590523, -23 
1721978622000.00, 37, -590524, -24 
1721978622023.00, 0, -590522, -24 
1721978622043.00, 0, -590523, -24 
1721978622064.00, 0, -590524, -24 
1721978622085.00, -49, -590523, -24 
1721978622107.00, 6, -590524, -24 
1721978622128.00, -5, -590524, -25 
1721978622149.00, 2, -590523, -25 
1721978622170.00, 1, -590523, -25 
1721978622191.00, 0, -590523, -27 
1721978622212.00, 0, -590523, -28 
1721978622233.00, 1, -590524, -29 
1721978622253.00, 0, -590524, -30 
1721978622275.00, -15, -590524, -31 
1721978622296.00, 0, -590523, -31 
1721978622317.00, 0, -590524, -32 
1721978622338.00, 0, -590524, -32 
1721978622359.00, -7, -590523, -31 
1721978622380.00, 0, -590524, -31 
1721978622401.00, 0, -590523, -31 
1721978622422.00, 0, -590524, -32 
1721978622443.00, 4, -590523, -31 
1721978622472.00, 0, -590523, -31 
1721978622485.00, 0, -590523, -30 
1721978622506.00, 0, -590524, -29 
1721978622528.00, -56, -590524, -30 
1721978622549.00, 0, -590523, -29 
1721978622569.00, 0, -590525, -27 
1721978622590.00, -18, -590524, -27 
1721978622611.00, 0, -590524, -28 
