1721218370511.00, 0, -595688, -345 
1721218370532.00, 0, -595687, -341 
1721218370554.00, 0, -595688, -342 
1721218370575.00, 0, -595687, -334 
1721218370596.00, 0, -595688, -333 
1721218370617.00, 0, -595688, -329 
1721218370639.00, 0, -595689, -330 
1721218370660.00, 0, -595687, -335 
1721218370681.00, 0, -595688, -340 
1721218370703.00, 0, -595689, -343 
1721218370725.00, 0, -595688, -340 
1721218370745.00, 0, -595688, -337 
1721218370767.00, 0, -595688, -338 
1721218370788.00, 0, -595689, -339 
1721218370809.00, 0, -595688, -339 
1721218370836.00, 0, -595688, -338 
1721218370852.00, -33, -595688, -338 
1721218370873.00, 0, -595688, -337 
1721218370894.00, 0, -595688, -339 
1721218370916.00, 7, -595688, -338 
1721218370940.00, -3, -595688, -340 
1721218370959.00, -62, -595689, -343 
1721218370980.00, 2, -595689, -346 
1721218371001.00, 0, -595688, -347 
1721218371022.00, 0, -595689, -348 
1721218371044.00, 0, -595690, -350 
1721218371065.00, 0, -595689, -351 
1721218371086.00, 0, -595688, -350 
1721218371108.00, 0, -595689, -349 
1721218371129.00, 0, -595690, -349 
1721218371150.00, 0, -595688, -349 
1721218371171.00, 0, -595689, -348 
1721218371193.00, 0, -595689, -346 
1721218371214.00, 0, -595689, -345 
1721218371236.00, 0, -595690, -346 
1721218371257.00, 0, -595690, -347 
1721218371277.00, 0, -595689, -348 
1721218371299.00, 0, -595689, -348 
1721218371321.00, 0, -595689, -349 
1721218371342.00, 0, -595689, -349 
1721218371363.00, 0, -595690, -348 
1721218371384.00, 0, -595689, -347 
1721218371405.00, 0, -595690, -346 
1721218371427.00, 0, -595689, -345 
1721218371448.00, 0, -595689, -345 
1721218371470.00, 0, -595689, -345 
1721218371491.00, 0, -595690, -345 
1721218371512.00, 2, -595690, -345 
1721218371533.00, 0, -595689, -347 
1721218371554.00, 0, -595689, -349 
1721218371576.00, 0, -595690, -350 
1721218371597.00, 0, -595689, -349 
1721218371618.00, 23, -595689, -347 
1721218371640.00, 33, -595690, -346 
1721218371662.00, 0, -595689, -347 
1721218371683.00, 0, -595689, -347 
1721218371704.00, 0, -595689, -349 
1721218371725.00, 0, -595690, -352 
1721218371747.00, -20, -595690, -360 
1721218371767.00, 0, -595690, -368 
1721218371788.00, 0, -595690, -377 
1721218371811.00, 0, -595692, -382 
1721218371832.00, 0, -595692, -379 
1721218371853.00, -3, -595690, -366 
1721218371874.00, -3, -595690, -354 
1721218371895.00, 0, -595690, -345 
1721218371922.00, 10, -595691, -344 
1721218371939.00, 0, -595691, -350 
1721218371960.00, 0, -595691, -351 
1721218371981.00, 0, -595690, -347 
1721218372002.00, 0, -595690, -337 
1721218372023.00, 0, -595690, -324 
1721218372045.00, 0, -595690, -313 
1721218372066.00, 0, -595689, -311 
1721218372087.00, 0, -595689, -312 
1721218372109.00, 0, -595690, -313 
1721218372129.00, 0, -595690, -319 
1721218372151.00, 0, -595689, -320 
1721218372173.00, 0, -595691, -320 
1721218372194.00, 0, -595691, -324 
1721218372216.00, 8, -595691, -331 
1721218372236.00, 2, -595690, -336 
1721218372262.00, 68, -595691, -340 
1721218372279.00, 30, -595690, -341 
1721218372300.00, 0, -595690, -340 
1721218372322.00, 0, -595690, -339 
1721218372344.00, 0, -595691, -337 
1721218372370.00, 0, -595690, -336 
1721218372385.00, 0, -595690, -333 
1721218372407.00, 0, -595690, -327 
1721218372428.00, 0, -595690, -323 
1721218372450.00, 0, -595689, -324 
1721218372472.00, 0, -595690, -326 
1721218372492.00, -5, -595690, -324 
1721218372513.00, -59, -595689, -320 
1721218372535.00, 0, -595690, -319 
1721218372556.00, 0, -595690, -320 
1721218372578.00, 0, -595690, -321 
1721218372598.00, 0, -595690, -322 
1721218372620.00, 0, -595690, -323 
1721218372641.00, 20, -595689, -326 
1721218372663.00, 0, -595690, -329 
1721218372684.00, 0, -595690, -328 
1721218372705.00, 0, -595691, -327 
1721218372727.00, 0, -595690, -325 
1721218372747.00, 0, -595691, -325 
1721218372770.00, 0, -595690, -326 
1721218372791.00, 0, -595690, -328 
1721218372812.00, 0, -595689, -329 
1721218372834.00, 0, -595690, -330 
1721218372854.00, 0, -595690, -331 
1721218372876.00, 0, -595690, -331 
1721218372897.00, 0, -595690, -329 
1721218372919.00, 0, -595690, -326 
1721218372939.00, 0, -595690, -327 
1721218372961.00, 0, -595689, -328 
1721218372982.00, 0, -595690, -330 
1721218373003.00, 0, -595690, -331 
1721218373025.00, 0, -595690, -329 
1721218373046.00, 0, -595690, -327 
1721218373067.00, 0, -595690, -327 
1721218373088.00, 0, -595689, -329 
1721218373110.00, 0, -595689, -332 
1721218373135.00, 0, -595690, -333 
1721218373152.00, 0, -595690, -333 
1721218373174.00, 0, -595689, -330 
1721218373195.00, 0, -595691, -329 
1721218373216.00, 0, -595690, -329 
1721218373242.00, 0, -595691, -330 
1721218373259.00, 0, -595690, -331 
1721218373280.00, 0, -595689, -331 
1721218373301.00, 0, -595690, -330 
1721218373322.00, 0, -595691, -328 
1721218373344.00, 0, -595690, -327 
1721218373366.00, 0, -595689, -327 
1721218373386.00, 0, -595689, -328 
1721218373408.00, 0, -595689, -328 
1721218373429.00, 0, -595690, -326 
1721218373450.00, 0, -595690, -325 
1721218373471.00, 0, -595690, -325 
1721218373493.00, 0, -595689, -324 
1721218373514.00, 0, -595690, -318 
1721218373535.00, 0, -595690, -309 
1721218373557.00, 0, -595690, -307 
1721218373578.00, 0, -595689, -308 
1721218373599.00, 0, -595690, -311 
1721218373620.00, 0, -595689, -312 
1721218373642.00, 0, -595690, -312 
1721218373663.00, 0, -595690, -308 
1721218373685.00, 0, -595689, -308 
1721218373706.00, 0, -595690, -308 
1721218373727.00, 0, -595690, -312 
1721218373749.00, 0, -595690, -315 
1721218373770.00, 0, -595690, -315 
1721218373792.00, 0, -595689, -312 
1721218373812.00, 0, -595690, -308 
1721218373833.00, 0, -595689, -305 
1721218373854.00, -38, -595689, -302 
1721218373876.00, 0, -595689, -300 
1721218373898.00, 0, -595689, -301 
1721218373918.00, 0, -595689, -305 
1721218373940.00, 0, -595689, -309 
1721218373962.00, 0, -595690, -312 
1721218373983.00, 0, -595689, -315 
1721218374004.00, 0, -595689, -313 
1721218374025.00, 0, -595689, -308 
1721218374046.00, 0, -595689, -306 
1721218374067.00, 0, -595689, -305 
1721218374088.00, 0, -595689, -303 
1721218374113.00, 0, -595689, -301 
1721218374131.00, 0, -595689, -302 
1721218374153.00, 0, -595689, -304 
1721218374174.00, 0, -595689, -305 
1721218374196.00, 0, -595689, -306 
1721218374223.00, 0, -595689, -306 
1721218374237.00, 0, -595690, -306 
1721218374260.00, 0, -595689, -305 
1721218374281.00, 0, -595689, -304 
1721218374302.00, 0, -595689, -302 
1721218374324.00, 0, -595690, -302 
1721218374345.00, 0, -595689, -303 
1721218374365.00, 0, -595689, -304 
1721218374387.00, 0, -595690, -305 
1721218374408.00, 0, -595690, -304 
1721218374429.00, 0, -595689, -303 
1721218374451.00, 0, -595689, -303 
1721218374473.00, 0, -595689, -302 
1721218374494.00, 0, -595689, -302 
1721218374515.00, 0, -595690, -303 
1721218374535.00, 0, -595690, -304 
1721218374558.00, 0, -595689, -304 
1721218374579.00, 0, -595689, -302 
1721218374600.00, 0, -595688, -300 
1721218374621.00, 0, -595689, -301 
1721218374643.00, 0, -595689, -303 
1721218374663.00, 0, -595689, -305 
1721218374685.00, 0, -595690, -305 
1721218374706.00, 0, -595689, -303 
1721218374727.00, 0, -595689, -301 
1721218374749.00, 0, -595690, -301 
1721218374769.00, 0, -595689, -303 
1721218374792.00, 0, -595689, -306 
1721218374813.00, 0, -595690, -307 
1721218374835.00, 0, -595689, -306 
1721218374856.00, 0, -595689, -306 
1721218374878.00, 0, -595689, -307 
1721218374899.00, 0, -595690, -306 
1721218374920.00, 0, -595688, -304 
1721218374941.00, 0, -595690, -300 
1721218374962.00, 0, -595689, -294 
1721218374984.00, 0, -595690, -292 
1721218375005.00, 0, -595689, -291 
1721218375026.00, 37, -595689, -286 
1721218375048.00, 0, -595688, -290 
1721218375069.00, 0, -595689, -288 
1721218375095.00, 42, -595688, -285 
1721218375112.00, 7, -595688, -281 
1721218375133.00, 0, -595689, -271 
1721218375155.00, 0, -595688, -279 
1721218375176.00, 0, -595688, -282 
1721218375197.00, 18, -595688, -282 
1721218375218.00, 0, -595688, -285 
1721218375240.00, 0, -595689, -289 
1721218375261.00, 0, -595688, -285 
1721218375283.00, 0, -595688, -283 
1721218375304.00, 0, -595690, -276 
1721218375325.00, 66, -595688, -266 
1721218375347.00, 0, -595688, -263 
1721218375368.00, 0, -595688, -258 
1721218375389.00, 0, -595687, -256 
1721218375411.00, 14, -595687, -255 
1721218375432.00, -5, -595687, -247 
1721218375453.00, 0, -595685, -231 
1721218375475.00, 0, -595685, -207 
1721218375496.00, 0, -595683, -182 
1721218375517.00, 42, -595683, -172 
1721218375544.00, 0, -595682, -148 
1721218375560.00, 0, -595681, -125 
1721218375581.00, -1, -595679, -96 
1721218375602.00, 0, -595678, -88 
1721218375624.00, 0, -595678, -84 
1721218375645.00, 0, -595678, -73 
1721218375666.00, 0, -595676, -61 
1721218375687.00, 0, -595676, -47 
1721218375708.00, -4, -595675, -33 
1721218375729.00, -7, -595673, -17 
1721218375751.00, 0, -595673, -9 
1721218375771.00, 0, -595671, 6 
1721218375793.00, -36, -595670, 17 
1721218375814.00, 1030, -595669, 22 
1721218375836.00, 1940, -595658, 18 
1721218375857.00, 2356, -595618, 20 
1721218375879.00, 2598, -595569, 18 
1721218375900.00, 2545, -595512, 19 
1721218375922.00, 2701, -595455, 15 
1721218375942.00, 2523, -595400, 16 
1721218375964.00, 2424, -595346, 14 
1721218375985.00, 2354, -595294, 13 
1721218376007.00, 2140, -595247, 11 
1721218376029.00, 1839, -595199, 11 
1721218376050.00, 1766, -595157, 10 
1721218376071.00, 15, -595120, 11 
1721218376092.00, 612, -595118, 18 
1721218376114.00, 1500, -595106, 26 
1721218376136.00, 2564, -595073, 41 
1721218376158.00, 4088, -595015, 66 
1721218376179.00, 6665, -594926, 86 
1721218376200.00, 9341, -594784, 116 
1721218376222.00, 12742, -594579, 153 
1721218376244.00, 16987, -594307, 185 
1721218376265.00, 21235, -593945, 204 
1721218376287.00, 25132, -593483, 234 
1721218376309.00, 28860, -592947, 260 
1721218376331.00, 32808, -592325, 279 
1721218376352.00, 36186, -591620, 293 
1721218376374.00, 39179, -590833, 309 
1721218376395.00, 41857, -589987, 337 
1721218376416.00, 45161, -589088, 353 
1721218376438.00, 47970, -588110, 354 
1721218376460.00, 49585, -587069, 358 
1721218376482.00, 50810, -585995, 383 
1721218376503.00, 52932, -584894, 388 
1721218376524.00, 54591, -583742, 384 
1721218376547.00, 55294, -582566, 395 
1721218376568.00, 56481, -581361, 402 
1721218376590.00, 57226, -580133, 422 
1721218376611.00, 59062, -578892, 435 
1721218376633.00, 60893, -577604, 436 
1721218376654.00, 62059, -576293, 457 
1721218376676.00, 64126, -574944, 483 
1721218376698.00, 66743, -573551, 497 
1721218376719.00, 69162, -572108, 496 
1721218376741.00, 70451, -570609, 494 
1721218376763.00, 71162, -569086, 521 
1721218376785.00, 73347, -567540, 539 
1721218376806.00, 75492, -565956, 555 
1721218376827.00, 77568, -564317, 557 
1721218376849.00, 78892, -562637, 581 
1721218376871.00, 81180, -560923, 516 
1721218376893.00, 78403, -559164, 676 
1721218376914.00, 86478, -557454, 599 
1721218376935.00, 86894, -555594, 610 
1721218376957.00, 87663, -553695, 673 
1721218376979.00, 91846, -551796, 682 
1721218377001.00, 94563, -549814, 683 
1721218377023.00, 96510, -547749, 698 
1721218377044.00, 98520, -545666, 727 
1721218377066.00, 101329, -543528, 746 
1721218377088.00, 104236, -541313, 749 
1721218377110.00, 105998, -539050, 762 
1721218377131.00, 107871, -536741, 782 
1721218377152.00, 110000, -534389, 771 
1721218377174.00, 110742, -531987, 797 
1721218377196.00, 112492, -529581, 823 
1721218377218.00, 115343, -527120, 831 
1721218377240.00, 117357, -524620, 816 
1721218377262.00, 117527, -522062, 817 
1721218377287.00, 117553, -519512, 827 
1721218377305.00, 118061, -516954, 762 
1721218377327.00, 114528, -514376, 714 
1721218377348.00, 109735, -511886, 679 
1721218377370.00, 104404, -509513, 714 
1721218377393.00, 103498, -507237, 696 
1721218377413.00, 101794, -504985, 696 
1721218377436.00, 100810, -502779, 706 
1721218377457.00, 100877, -500577, 710 
1721218377478.00, 101174, -498378, 726 
1721218377507.00, 102291, -496180, 704 
1721218377522.00, 101585, -493966, 738 
1721218377544.00, 103220, -491738, 723 
1721218377566.00, 103382, -489507, 689 
1721218377587.00, 101198, -487255, 734 
1721218377609.00, 102664, -485048, 721 
1721218377631.00, 102690, -482808, 748 
1721218377653.00, 104336, -480586, 745 
1721218377674.00, 105081, -478308, 702 
1721218377695.00, 102914, -476023, 718 
1721218377717.00, 102547, -473791, 711 
1721218377739.00, 101945, -471554, 748 
1721218377761.00, 103998, -469343, 721 
1721218377782.00, 103436, -467081, 744 
1721218377805.00, 104363, -464827, 803 
1721218377826.00, 108339, -462548, 790 
1721218377848.00, 109946, -460191, 755 
1721218377869.00, 108716, -457811, 744 
1721218377892.00, 107272, -455437, 701 
1721218377913.00, 103946, -453107, 647 
1721218377935.00, 98562, -450851, 621 
1721218377957.00, 93823, -448713, 608 
1721218377978.00, 90129, -446680, 564 
1721218378000.00, 85608, -444742, 538 
1721218378022.00, 81293, -442878, 531 
1721218378043.00, 78257, -441121, 569 
1721218378064.00, 78634, -439420, 565 
1721218378086.00, 78544, -437726, 572 
1721218378108.00, 78929, -436013, 553 
1721218378129.00, 78062, -434304, 526 
1721218378151.00, 76066, -432606, 496 
1721218378172.00, 72969, -430964, 467 
1721218378194.00, 41536, -429390, 452 
1721218378216.00, 22343, -428487, 455 
1721218378238.00, 11128, -427983, 443 
1721218378259.00, 4594, -427731, 393 
1721218378280.00, 652, -427627, 368 
1721218378302.00, -1075, -427610, 320 
1721218378324.00, -2411, -427627, 256 
1721218378345.00, -3209, -427680, 186 
1721218378367.00, -3655, -427754, 125 
1721218378388.00, -3865, -427836, 82 
1721218378409.00, -4081, -427926, 49 
1721218378430.00, -4012, -428018, 6 
1721218378452.00, -4072, -428113, -39 
1721218378473.00, -6163, -428202, -73 
1721218378495.00, -9274, -428337, -114 
1721218378517.00, -13948, -428534, -142 
1721218378538.00, -18286, -428830, -166 
1721218378560.00, -22203, -429220, -195 
1721218378581.00, -26158, -429692, -205 
1721218378603.00, -29236, -430257, -229 
1721218378625.00, -32539, -430892, -260 
1721218378647.00, -36418, -431601, -285 
1721218378668.00, -40134, -432376, -305 
1721218378689.00, -43377, -433235, -323 
1721218378712.00, -46218, -434174, -346 
1721218378733.00, -49320, -435183, -365 
1721218378755.00, -52233, -436241, -385 
1721218378777.00, -55180, -437374, -377 
1721218378798.00, -56337, -438584, -479 
1721218378819.00, -63009, -439792, -459 
1721218378841.00, -65691, -441166, -501 
1721218378863.00, -69914, -442592, -540 
1721218378885.00, -74626, -444116, -566 
1721218378906.00, -78968, -445733, -583 
1721218378928.00, -82445, -447447, -591 
1721218378949.00, -84826, -449225, -651 
1721218378971.00, -89914, -451085, -644 
1721218378993.00, -92514, -453029, -649 
1721218379014.00, -94318, -455039, -665 
1721218379036.00, -96308, -457074, -693 
1721218379058.00, -99005, -459174, -720 
1721218379079.00, -102311, -461329, -745 
1721218379101.00, -105671, -463545, -769 
1721218379123.00, -108960, -465843, -793 
1721218379144.00, -112211, -468232, -784 
1721218379166.00, -113718, -470682, -798 
1721218379187.00, -115580, -473150, -845 
1721218379209.00, -119311, -475664, -863 
1721218379232.00, -122383, -478268, -871 
1721218379253.00, -124465, -480936, -895 
1721218379274.00, -127395, -483659, -908 
1721218379297.00, -129857, -486435, -925 
1721218379318.00, -132345, -489251, -939 
1721218379340.00, -134504, -492142, -966 
1721218379365.00, -137471, -495066, -1003 
1721218379382.00, -141256, -498072, -1040 
1721218379403.00, -145794, -501174, -1037 
1721218379426.00, -148124, -504361, -1039 
1721218379470.00, -149538, -507601, -1040 
1721218379470.00, -150227, -510872, -1003 
1721218379493.00, -148570, -514148, -994 
1721218379513.00, -146841, -517398, -1004 
1721218379535.00, -146416, -520595, -1005 
1721218379557.00, -146329, -523801, -1020 
1721218379579.00, -146952, -527006, -1028 
1721218379600.00, -148048, -530208, -1034 
1721218379622.00, -148796, -533448, -1025 
1721218379643.00, -148749, -536694, -1023 
1721218379666.00, -148328, -539937, -1014 
1721218379689.00, -147698, -543196, -1011 
1721218379710.00, -146843, -546394, -1013 
1721218379732.00, -146512, -549616, -986 
1721218379753.00, -144584, -552803, -994 
1721218379776.00, -143792, -555947, -979 
1721218379800.00, -142342, -559077, -975 
1721218379819.00, -141198, -562174, -968 
1721218379841.00, -140264, -565252, -963 
1721218379863.00, -139344, -568298, -947 
1721218379885.00, -137723, -571317, -933 
1721218379907.00, -135962, -574315, -916 
1721218379928.00, -133807, -577265, -895 
1721218379949.00, -131252, -580159, -861 
1721218379971.00, -127663, -583032, -809 
1721218379993.00, -122301, -585798, -760 
1721218380017.00, -116136, -588452, -695 
1721218380037.00, -108551, -590960, -603 
1721218380058.00, -98374, -593309, -550 
1721218380079.00, -55490, -595418, -487 
1721218380102.00, -30141, -596626, -419 
1721218380123.00, -15226, -597309, -386 
1721218380145.00, -6664, -597657, -351 
1721218380166.00, -1564, -597811, -321 
1721218380188.00, 704, -597849, -286 
1721218380209.00, 2289, -597842, -202 
1721218380235.00, 3425, -597791, -124 
1721218380253.00, 3955, -597714, -60 
1721218380274.00, 4488, -597625, 15 
1721218380295.00, 5402, -597522, 104 
1721218380317.00, 11215, -597384, 237 
1721218380341.00, 22685, -597134, 374 
1721218380360.00, 37739, -596648, 477 
1721218380382.00, 52676, -595851, 538 
1721218380404.00, 65351, -594714, 561 
1721218380426.00, 74038, -593284, 716 
1721218380447.00, 88485, -591677, 739 
1721218380469.00, 98437, -589752, 783 
1721218380490.00, 107104, -587608, 839 
1721218380512.00, 115300, -585278, 903 
1721218380534.00, 123752, -582752, 933 
1721218380555.00, 130730, -580043, 937 
1721218380577.00, 134987, -577190, 976 
1721218380599.00, 139683, -574246, 985 
1721218380620.00, 142969, -571211, 993 
1721218380641.00, 145232, -568092, 1016 
1721218380663.00, 147906, -564913, 1043 
1721218380685.00, 151053, -561675, 1038 
1721218380707.00, 152501, -558375, 1015 
1721218380729.00, 151918, -555049, 1019 
1721218380751.00, 151747, -551717, 1071 
1721218380772.00, 154633, -548405, 1058 
1721218380794.00, 155522, -545028, 1054 
1721218380816.00, 155617, -541634, 1058 
1721218380838.00, 155762, -538233, 1070 
1721218380860.00, 156634, -534831, 1104 
1721218380881.00, 159103, -531396, 1067 
1721218380903.00, 158480, -527913, 1096 
1721218380924.00, 159598, -524457, 1102 
1721218380947.00, 160439, -520968, 1127 
1721218380968.00, 162260, -517465, 1160 
1721218380990.00, 165186, -513918, 1185 
1721218381011.00, 168460, -510311, 1188 
1721218381034.00, 170679, -506612, 1190 
1721218381056.00, 172041, -502882, 1191 
1721218381078.00, 172909, -499111, 1150 
1721218381099.00, 170693, -495351, 1142 
1721218381121.00, 168738, -491614, 1139 
1721218381143.00, 167422, -487925, 1123 
1721218381165.00, 165454, -484272, 1124 
1721218381186.00, 164518, -480659, 1126 
1721218381208.00, 164022, -477067, 1122 
1721218381230.00, 163442, -473491, 1132 
1721218381252.00, 163529, -469903, 1144 
1721218381273.00, 164275, -466324, 1111 
1721218381296.00, 162652, -462736, 1079 
1721218381318.00, 159707, -459196, 1071 
1721218381339.00, 157467, -455705, 1032 
1721218381363.00, 153730, -452273, 995 
1721218381384.00, 149067, -448930, 971 
1721218381406.00, 145001, -445683, 956 
1721218381428.00, 141642, -442537, 940 
1721218381449.00, 138643, -439463, 896 
1721218381471.00, 134197, -436457, 862 
1721218381493.00, 129651, -433538, 810 
1721218381515.00, 123646, -430735, 783 
1721218381536.00, 70361, -428080, 690 
1721218381557.00, 39065, -426539, 733 
1721218381579.00, 20546, -425694, 607 
1721218381601.00, 9787, -425244, 442 
1721218381623.00, 3261, -425036, 283 
1721218381644.00, -17, -424969, 148 
1721218381665.00, -1974, -424977, 29 
1721218381686.00, -3352, -425029, -137 
1721218381708.00, -12377, -425116, -326 
1721218381730.00, -28984, -425385, -491 
1721218381751.00, -48690, -426000, -645 
1721218381777.00, -69669, -427041, -716 
1721218381795.00, -86355, -428563, -861 
1721218381816.00, -104876, -430437, -917 
1721218381837.00, -119176, -432724, -926 
1721218381860.00, -128087, -435355, -968 
1721218381886.00, -135878, -438157, -1012 
1721218381902.00, -142918, -441124, -1016 
1721218381923.00, -147046, -444252, -1048 
1721218381946.00, -151577, -447473, -1075 
1721218381967.00, -155815, -450792, -1099 
1721218381990.00, -159627, -454211, -1112 
1721218382011.00, -162407, -457689, -1119 
1721218382033.00, -164270, -461243, -1117 
1721218382055.00, -165152, -464825, -1113 
1721218382077.00, -165326, -468443, -1107 
1721218382107.00, -165118, -472055, -1103 
1721218382121.00, -164665, -475669, -1113 
1721218382142.00, -164902, -479255, -1089 
1721218382164.00, -163339, -482845, -1062 
1721218382186.00, -160811, -486432, -1067 
1721218382209.00, -159273, -489939, -1058 
1721218382230.00, -157817, -493428, -1048 
1721218382251.00, -156387, -496867, -1062 
1721218382273.00, -156159, -500298, -1084 
1721218382295.00, -157342, -503713, -1087 
1721218382321.00, -158030, -507144, -1076 
1721218382339.00, -158002, -510614, -1103 
1721218382360.00, -159443, -514046, -1084 
1721218382382.00, -159095, -517541, -1067 
1721218382404.00, -157723, -521010, -1054 
1721218382425.00, -156287, -524461, -1057 
1721218382448.00, -155596, -527860, -1024 
1721218382470.00, -152860, -531243, -1046 
1721218382491.00, -152657, -534596, -1024 
1721218382513.00, -151162, -537921, -1019 
1721218382535.00, -149905, -541226, -1036 
1721218382556.00, -150080, -544492, -1034 
1721218382578.00, -149936, -547766, -1007 
1721218382600.00, -148186, -551046, -1025 
1721218382622.00, -148280, -554273, -1032 
1721218382644.00, -148667, -557513, -1017 
1721218382665.00, -147885, -560765, -1033 
1721218382688.00, -148406, -563977, -1032 
1721218382710.00, -148467, -567231, -1016 
1721218382733.00, -147638, -570472, -990 
1721218382755.00, -145366, -573669, -963 
1721218382775.00, -142339, -576830, -925 
1721218382798.00, -138342, -579910, -864 
1721218382819.00, -132112, -582924, -799 
1721218382840.00, -124495, -585791, -708 
1721218382864.00, -114353, -588484, -638 
1721218382885.00, -104040, -590956, -551 
1721218382905.00, -92386, -593202, -441 
1721218382928.00, -52260, -595179, -305 
1721218382949.00, -28210, -596311, -225 
1721218382973.00, -14045, -596951, -169 
1721218382993.00, -5880, -597267, -67 
1721218383014.00, -1183, -597392, 35 
1721218383035.00, 3297, -597412, 172 
1721218383057.00, 14285, -597348, 355 
1721218383080.00, 31621, -597042, 539 
1721218383101.00, 53235, -596370, 589 
1721218383122.00, 69136, -595231, 822 
1721218383144.00, 92336, -593719, 940 
1721218383165.00, 113207, -591715, 940 
1721218383186.00, 125350, -589235, 1022 
1721218383207.00, 137453, -586474, 1086 
1721218383229.00, 148414, -583453, 1080 
1721218383252.00, 154324, -580200, 1129 
1721218383273.00, 160681, -576812, 1101 
1721218383297.00, 162842, -573305, 1159 
1721218383317.00, 167346, -569744, 1192 
1721218383338.00, 171892, -566077, 1192 
1721218383361.00, 174497, -562333, 1227 
1721218383382.00, 174724, -558505, 1242 
1721218383404.00, 174826, -554681, 1283 
1721218383426.00, 174780, -550872, 1293 
1721218383448.00, 174738, -547051, 1303 
1721218383469.00, 174765, -543238, 1311 
1721218383491.00, 174676, -539419, 1349 
1721218383512.00, 174744, -535601, 1366 
1721218383535.00, 174487, -531784, 1360 
1721218383557.00, 174724, -527959, 1327 
1721218383579.00, 174553, -524137, 1361 
1721218383600.00, 174380, -520328, 1326 
1721218383622.00, 174447, -516531, 1269 
1721218383644.00, 174344, -512706, 1274 
1721218383665.00, 174696, -508888, 1249 
1721218383687.00, 174839, -505086, 1252 
1721218383710.00, 174646, -501256, 1309 
1721218383731.00, 174549, -497443, 1375 
1721218383753.00, 174772, -493629, 1404 
1721218383775.00, 174772, -489816, 1436 
1721218383796.00, 174768, -485984, 1451 
1721218383818.00, 174877, -482165, 1428 
1721218383840.00, 174460, -478352, 1410 
1721218383862.00, 174551, -474541, 1400 
1721218383884.00, 174650, -470725, 1403 
1721218383906.00, 174561, -466904, 1436 
1721218383928.00, 174529, -463084, 1409 
1721218383953.00, 174538, -459266, 1384 
1721218383971.00, 174535, -455458, 1354 
1721218383993.00, 174385, -451648, 1326 
1721218384015.00, 174413, -447837, 1237 
1721218384037.00, 173945, -444027, 1154 
1721218384058.00, 168438, -440246, 1029 
1721218384081.00, 157697, -436583, 917 
1721218384103.00, 144348, -433164, 768 
1721218384125.00, 127791, -430039, 591 
1721218384146.00, 70464, -427305, 450 
1721218384168.00, 36992, -425780, 399 
1721218384190.00, 17381, -424983, 212 
1721218384211.00, 5866, -424605, 58 
1721218384233.00, -268, -424474, -92 
1721218384253.00, -9534, -424485, -281 
1721218384278.00, -26479, -424691, -379 
1721218384297.00, -42084, -425267, -692 
1721218384319.00, -70212, -426169, -746 
1721218384340.00, -90104, -427698, -815 
1721218384363.00, -105957, -429650, -915 
1721218384384.00, -121386, -431978, -978 
1721218384404.00, -134160, -434641, -1004 
1721218384426.00, -143165, -437585, -1011 
1721218384448.00, -148797, -440709, -1022 
1721218384470.00, -152485, -443979, -1035 
1721218384491.00, -155370, -447301, -1027 
1721218384514.00, -156447, -450711, -1065 
1721218384536.00, -159181, -454143, -1095 
1721218384557.00, -162504, -457606, -1095 
1721218384579.00, -164345, -461164, -1113 
1721218384601.00, -166403, -464753, -1137 
1721218384622.00, -168827, -468403, -1127 
1721218384645.00, -169471, -472084, -1148 
1721218384667.00, -171191, -475790, -1132 
1721218384688.00, -170899, -479526, -1150 
1721218384710.00, -171469, -483258, -1066 
1721218384732.00, -166925, -487021, -1023 
1721218384754.00, -161474, -490656, -1039 
1721218384775.00, -158922, -494182, -1007 
1721218384798.00, -155672, -497650, -970 
1721218384819.00, -151305, -501037, -1008 
1721218384841.00, -150775, -504337, -1030 
1721218384862.00, -151807, -507628, -1054 
1721218384885.00, -153579, -510952, -1098 
1721218384907.00, -157476, -514296, -1063 
1721218384928.00, -157661, -517765, -1056 
1721218384950.00, -157241, -521199, -1133 
1721218384972.00, -161435, -524632, -1095 
1721218384993.00, -161507, -528151, -1121 
1721218385015.00, -163075, -531682, -1178 
1721218385037.00, -167288, -535250, -1113 
1721218385059.00, -165691, -538907, -1216 
1721218385080.00, -170803, -542548, -1214 
1721218385102.00, -173918, -546279, -1169 
1721218385125.00, -173001, -550091, -1235 
1721218385146.00, -174747, -553854, -1238 
1721218385168.00, -174933, -557671, -1184 
1721218385190.00, -174295, -561495, -1203 
1721218385212.00, -174583, -565298, -1182 
1721218385233.00, -173764, -569115, -1122 
1721218385255.00, -169634, -572900, -1107 
1721218385277.00, -166092, -576597, -1055 
1721218385300.00, -160848, -580199, -958 
1721218385321.00, -151772, -583699, -909 
1721218385344.00, -143166, -586983, -766 
1721218385365.00, -129319, -590079, -616 
1721218385388.00, -111857, -592859, -471 
1721218385409.00, -63744, -595264, -313 
1721218385430.00, -35380, -596639, -198 
1721218385452.00, -18730, -597426, -91 
1721218385473.00, -9171, -597838, 33 
1721218385494.00, -1371, -598035, 139 
1721218385516.00, 8963, -598064, 354 
1721218385538.00, 27970, -597881, 589 
1721218385559.00, 53778, -597283, 724 
1721218385581.00, 77259, -596136, 949 
1721218385602.00, 104734, -594455, 1009 
1721218385623.00, 124708, -592160, 1099 
1721218385646.00, 141748, -589410, 1160 
1721218385667.00, 155409, -586298, 1169 
1721218385689.00, 163737, -582891, 1212 
1721218385714.00, 171160, -579312, 1213 
1721218385732.00, 174949, -575563, 1244 
1721218385754.00, 174794, -571740, 1262 
1721218385776.00, 174785, -567910, 1309 
1721218385798.00, 174721, -564091, 1316 
1721218385821.00, 174623, -560270, 1355 
1721218385841.00, 174692, -556463, 1370 
1721218385864.00, 174715, -552642, 1397 
1721218385885.00, 174725, -548824, 1432 
1721218385907.00, 174793, -545008, 1419 
1721218385929.00, 174959, -541190, 1405 
1721218385951.00, 174729, -537370, 1431 
1721218385972.00, 174517, -533552, 1436 
1721218385995.00, 174474, -529744, 1465 
1721218386016.00, 174593, -525921, 1464 
1721218386038.00, 174834, -522115, 1495 
1721218386060.00, 174768, -518288, 1545 
1721218386082.00, 174726, -514468, 1566 
1721218386104.00, 174601, -510647, 1583 
1721218386125.00, 174587, -506833, 1593 
1721218386147.00, 174776, -503022, 1588 
1721218386169.00, 174826, -499191, 1588 
1721218386190.00, 174665, -495381, 1559 
1721218386212.00, 174707, -491564, 1558 
1721218386235.00, 174790, -487742, 1554 
1721218386256.00, 174674, -483931, 1545 
1721218386278.00, 174773, -480116, 1530 
1721218386300.00, 174946, -476295, 1545 
1721218386321.00, 174810, -472475, 1553 
1721218386343.00, 174627, -468663, 1564 
1721218386365.00, 174712, -464844, 1553 
1721218386387.00, 174989, -461037, 1543 
1721218386409.00, 174632, -457224, 1542 
1721218386431.00, 174668, -453393, 1517 
1721218386452.00, 174637, -449584, 1464 
1721218386476.00, 174371, -445762, 1414 
1721218386496.00, 174318, -441961, 1294 
1721218386518.00, 174444, -438169, 1155 
1721218386540.00, 168832, -434359, 1030 
1721218386562.00, 158025, -430687, 890 
1721218386588.00, 87316, -427295, 688 
1721218386606.00, 46369, -425390, 584 
1721218386627.00, 22509, -424397, 264 
1721218386648.00, 9041, -423909, 74 
1721218386670.00, 992, -423723, -137 
1721218386692.00, -11621, -423707, -337 
1721218386714.00, -30893, -423960, -652 
1721218386736.00, -61275, -424617, -708 
1721218386757.00, -82609, -425937, -834 
1721218386778.00, -103010, -427744, -920 
1721218386801.00, -119814, -429988, -1004 
1721218386821.00, -134848, -432628, -1058 
1721218386843.00, -146849, -435608, -1058 
1721218386865.00, -153833, -438828, -1112 
1721218386887.00, -160969, -442205, -1122 
1721218386913.00, -165721, -445730, -1131 
1721218386930.00, -168936, -449340, -1157 
1721218386952.00, -172223, -453057, -1165 
1721218386973.00, -174517, -456811, -1190 
1721218386996.00, -174440, -460645, -1197 
1721218387022.00, -174552, -464457, -1220 
1721218387039.00, -174644, -468286, -1216 
1721218387061.00, -174774, -472084, -1233 
1721218387082.00, -174904, -475909, -1217 
1721218387104.00, -174637, -479722, -1224 
1721218387130.00, -174604, -483541, -1189 
1721218387148.00, -174576, -487355, -1164 
1721218387170.00, -174684, -491166, -1154 
1721218387192.00, -174592, -494980, -1163 
1721218387214.00, -174872, -498791, -1149 
1721218387235.00, -174119, -502619, -1200 
1721218387257.00, -174665, -506419, -1203 
1721218387279.00, -174714, -510248, -1202 
1721218387301.00, -174688, -514056, -1256 
1721218387322.00, -174765, -517886, -1280 
1721218387347.00, -174809, -521690, -1298 
1721218387367.00, -174542, -525511, -1263 
1721218387388.00, -174657, -529325, -1251 
1721218387410.00, -174770, -533150, -1225 
1721218387432.00, -174712, -536969, -1265 
1721218387456.00, -174709, -540788, -1281 
1721218387476.00, -174801, -544587, -1212 
1721218387497.00, -174666, -548412, -1242 
1721218387519.00, -174579, -552232, -1203 
1721218387541.00, -174705, -556042, -1165 
1721218387567.00, -174660, -559863, -1192 
1721218387584.00, -174835, -563656, -1173 
1721218387606.00, -174610, -567478, -1149 
1721218387628.00, -173103, -571282, -1185 
1721218387650.00, -174309, -575079, -1156 
1721218387674.00, -173180, -578879, -1115 
1721218387694.00, -169888, -582674, -1096 
1721218387715.00, -166509, -586357, -1029 
1721218387739.00, -160512, -589985, -911 
1721218387760.00, -149794, -593462, -805 
1721218387784.00, -86931, -596675, -632 
1721218387804.00, -49511, -598574, -539 
1721218387825.00, -28016, -599643, -456 
1721218387846.00, -15662, -600269, -332 
1721218387868.00, -8580, -600615, -211 
1721218387891.00, -4081, -600800, -120 
1721218387911.00, -1453, -600875, 78 
1721218387933.00, 4075, -600894, 316 
1721218387954.00, 21896, -600808, 569 
1721218387976.00, 47838, -600340, 771 
1721218387998.00, 75558, -599321, 949 
1721218388020.00, 102927, -597679, 995 
1721218388040.00, 122012, -595437, 1112 
1721218388062.00, 140045, -592748, 1165 
1721218388083.00, 153673, -589666, 1163 
1721218388105.00, 161678, -586298, 1218 
1721218388127.00, 169475, -582771, 1199 
1721218388149.00, 172743, -579058, 1234 
1721218388171.00, 174869, -575287, 1241 
1721218388193.00, 174562, -571453, 1290 
1721218388218.00, 174793, -567641, 1276 
1721218388236.00, 174809, -563819, 1326 
1721218388257.00, 174788, -560002, 1325 
1721218388280.00, 174595, -556186, 1344 
1721218388302.00, 174747, -552374, 1326 
1721218388323.00, 174764, -548556, 1376 
1721218388345.00, 174477, -544735, 1384 
1721218388367.00, 174830, -540917, 1403 
1721218388389.00, 174699, -537105, 1418 
1721218388411.00, 174640, -533285, 1455 
1721218388433.00, 174640, -529468, 1454 
1721218388454.00, 174659, -525657, 1488 
1721218388475.00, 174968, -521831, 1503 
1721218388498.00, 174684, -518014, 1540 
1721218388520.00, 174576, -514195, 1576 
1721218388541.00, 174701, -510375, 1616 
1721218388563.00, 174818, -506558, 1645 
1721218388585.00, 174839, -502728, 1664 
1721218388607.00, 174824, -498915, 1671 
1721218388629.00, 174801, -495101, 1664 
1721218388651.00, 174508, -491280, 1638 
1721218388672.00, 174657, -487468, 1634 
1721218388694.00, 174735, -483656, 1629 
1721218388716.00, 174573, -479840, 1597 
1721218388737.00, 174659, -476016, 1535 
1721218388760.00, 174686, -472204, 1531 
1721218388782.00, 174741, -468377, 1520 
1721218388803.00, 174617, -464570, 1513 
1721218388826.00, 174745, -460756, 1497 
1721218388847.00, 174914, -456935, 1484 
1721218388869.00, 174602, -453130, 1451 
1721218388891.00, 174354, -449304, 1398 
1721218388912.00, 174398, -445496, 1284 
1721218388934.00, 174537, -441686, 1142 
1721218388957.00, 172041, -437893, 991 
1721218388980.00, 161430, -434156, 847 
1721218389001.00, 146085, -430666, 658 
1721218389022.00, 84533, -427531, 451 
1721218389044.00, 48546, -425706, 366 
1721218389065.00, 27242, -424679, 81 
1721218389087.00, 15099, -424085, -132 
1721218389109.00, 10, -423758, -341 
1721218389130.00, -20896, -423753, -574 
1721218389151.00, -47768, -424189, -662 
1721218389173.00, -68980, -425209, -761 
1721218389195.00, -87417, -426703, -879 
1721218389217.00, -105490, -428615, -895 
1721218389239.00, -117060, -430912, -952 
1721218389259.00, -127257, -433477, -1052 
1721218389281.00, -139253, -436277, -1037 
1721218389303.00, -145376, -439326, -1065 
1721218389325.00, -150610, -442517, -1084 
1721218389346.00, -154810, -445813, -1091 
1721218389369.00, -157614, -449191, -1095 
1721218389390.00, -159471, -452650, -1117 
1721218389412.00, -161752, -456124, -1141 
1721218389434.00, -164462, -459678, -1147 
1721218389455.00, -166181, -463255, -1162 
1721218389477.00, -168110, -466899, -1181 
1721218389499.00, -170259, -470588, -1173 
1721218389521.00, -171136, -474305, -1149 
1721218389542.00, -170072, -478045, -1154 
1721218389564.00, -169622, -481737, -1127 
1721218389586.00, -167863, -485453, -1089 
1721218389608.00, -164406, -489110, -1122 
1721218389630.00, -164171, -492709, -1142 
1721218389651.00, -165157, -496298, -1125 
1721218389674.00, -164648, -499907, -1161 
1721218389695.00, -166489, -503514, -1147 
1721218389716.00, -166541, -507148, -1164 
1721218389739.00, -167576, -510785, -1179 
1721218389760.00, -169002, -514432, -1170 
1721218389783.00, -169429, -518148, -1183 
1721218389805.00, -170379, -521835, -1166 
1721218389827.00, -169379, -525560, -1136 
1721218389848.00, -167112, -529265, -1117 
1721218389870.00, -164580, -532919, -1118 
1721218389892.00, -163191, -536534, -1095 
1721218389914.00, -160935, -540086, -1099 
1721218389935.00, -159801, -543605, -1108 
1721218389957.00, -159752, -547077, -1106 
1721218389979.00, -159279, -550587, -1146 
1721218390001.00, -161571, -554057, -1104 
1721218390023.00, -160553, -557590, -1100 
1721218390044.00, -159623, -561085, -1110 
1721218390067.00, -159086, -564566, -1076 
1721218390087.00, -156983, -568048, -1056 
1721218390110.00, -154587, -571461, -1019 
1721218390132.00, -150918, -574849, -981 
1721218390155.00, -146183, -578115, -951 
1721218390176.00, -141715, -581289, -915 
1721218390198.00, -136547, -584369, -852 
1721218390220.00, -129866, -587325, -804 
1721218390242.00, -122805, -590139, -719 
1721218390263.00, -113521, -592800, -598 
1721218390285.00, -63879, -595243, -498 
1721218390306.00, -34558, -596619, -378 
1721218390328.00, -17254, -597384, -222 
1721218390349.00, -7332, -597765, -48 
1721218390371.00, -1547, -597924, 77 
1721218390392.00, 5859, -597951, 280 
1721218390414.00, 22161, -597831, 480 
1721218390436.00, 44244, -597361, 552 
1721218390458.00, 61867, -596411, 737 
1721218390479.00, 83438, -595066, 990 
1721218390501.00, 111585, -593248, 947 
1721218390521.00, 125469, -590804, 1051 
1721218390543.00, 139785, -588064, 1150 
1721218390565.00, 153997, -584984, 1130 
1721218390586.00, 161230, -581605, 1173 
1721218390609.00, 167760, -578063, 1188 
1721218390630.00, 172407, -574406, 1211 
1721218390652.00, 174692, -570628, 1219 
1721218390674.00, 174753, -566806, 1258 
1721218390696.00, 174779, -562987, 1287 
1721218390718.00, 174778, -559179, 1302 
1721218390739.00, 174692, -555360, 1334 
1721218390761.00, 174727, -551536, 1323 
1721218390782.00, 175010, -547720, 1353 
1721218390804.00, 174660, -543904, 1363 
1721218390826.00, 174574, -540088, 1386 
1721218390849.00, 174680, -536278, 1419 
1721218390870.00, 174860, -532446, 1447 
1721218390892.00, 174811, -528635, 1463 
1721218390913.00, 174777, -524819, 1471 
1721218390936.00, 174798, -520993, 1492 
1721218390958.00, 174481, -517186, 1483 
1721218390980.00, 174685, -513371, 1503 
1721218391001.00, 174776, -509548, 1505 
1721218391022.00, 174707, -505730, 1492 
1721218391044.00, 174629, -501916, 1493 
1721218391067.00, 174754, -498088, 1499 
1721218391088.00, 174760, -494267, 1508 
1721218391110.00, 174754, -490465, 1506 
1721218391132.00, 174763, -486646, 1530 
1721218391154.00, 174939, -482817, 1508 
1721218391176.00, 174690, -478995, 1491 
1721218391197.00, 174491, -475182, 1448 
1721218391219.00, 174544, -471383, 1381 
1721218391241.00, 174793, -467559, 1367 
1721218391263.00, 174854, -463747, 1319 
1721218391286.00, 174734, -459929, 1292 
1721218391306.00, 174766, -456112, 1261 
1721218391329.00, 174626, -452298, 1216 
1721218391350.00, 174634, -448488, 1187 
1721218391372.00, 174659, -444682, 1122 
1721218391396.00, 172195, -440865, 1060 
1721218391417.00, 166650, -437112, 943 
1721218391439.00, 156012, -433499, 775 
1721218391460.00, 139453, -430128, 579 
1721218391482.00, 81931, -427132, 373 
1721218391504.00, 48034, -425386, 253 
1721218391525.00, 28207, -424366, -72 
1721218391547.00, 12004, -423759, -297 
1721218391568.00, -9921, -423503, -535 
1721218391590.00, -37919, -423705, -677 
1721218391612.00, -63304, -424504, -756 
1721218391633.00, -83038, -425873, -891 
1721218391655.00, -102821, -427695, -991 
1721218391676.00, -120520, -429935, -1047 
1721218391697.00, -134448, -432587, -1055 
1721218391722.00, -143122, -435559, -1107 
1721218391741.00, -151264, -438688, -1103 
1721218391763.00, -155853, -442001, -1114 
1721218391785.00, -159067, -445413, -1116 
1721218391807.00, -161028, -448869, -1112 
1721218391829.00, -161769, -452406, -1107 
1721218391850.00, -161951, -455929, -1116 
1721218391871.00, -162552, -459482, -1118 
1721218391894.00, -162972, -463014, -1115 
1721218391915.00, -162871, -466585, -1141 
1721218391938.00, -164459, -470143, -1139 
1721218391959.00, -164720, -473735, -1154 
1721218391981.00, -166078, -477352, -1143 
1721218392003.00, -166030, -480965, -1122 
1721218392025.00, -164815, -484604, -1119 
1721218392046.00, -163822, -488190, -1125 
1721218392068.00, -163579, -491778, -1108 
1721218392089.00, -162561, -495352, -1089 
1721218392112.00, -160589, -498888, -1069 
1721218392133.00, -158071, -502399, -1065 
1721218392157.00, -156329, -505840, -1062 
1721218392177.00, -155091, -509268, -1058 
1721218392199.00, -154022, -512649, -1067 
1721218392220.00, -153639, -516021, -1065 
1721218392243.00, -153073, -519385, -1053 
1721218392265.00, -152212, -522718, -1054 
1721218392286.00, -151892, -526060, -1046 
1721218392308.00, -151168, -529366, -1014 
1721218392330.00, -148625, -532667, -1013 
1721218392353.00, -147074, -535922, -974 
1721218392381.00, -143982, -539106, -890 
1721218392396.00, -136763, -542232, -865 
1721218392418.00, -131100, -545196, -855 
1721218392439.00, -126983, -548037, -819 
1721218392462.00, -122594, -550809, -808 
1721218392485.00, -119213, -553460, -791 
1721218392505.00, -116143, -556047, -751 
1721218392527.00, -111895, -558577, -764 
1721218392548.00, -110267, -561000, -783 
1721218392570.00, -110237, -563388, -780 
1721218392595.00, -110078, -565802, -781 
1721218392614.00, -110253, -568198, -803 
1721218392635.00, -111605, -570589, -870 
1721218392656.00, -116290, -573018, -875 
1721218392678.00, -119261, -575555, -866 
1721218392703.00, -120369, -578141, -875 
1721218392722.00, -121849, -580760, -802 
1721218392743.00, -118301, -583416, -730 
1721218392766.00, -111477, -585973, -649 
1721218392788.00, -102887, -588384, -556 
1721218392812.00, -91826, -590603, -464 
1721218392831.00, -79638, -592586, -393 
1721218392852.00, -68105, -594304, -266 
1721218392874.00, -37687, -595759, -153 
1721218392895.00, -19284, -596585, -33 
1721218392921.00, -8406, -597009, 140 
1721218392938.00, 5400, -597189, 363 
1721218392960.00, 27263, -597086, 522 
1721218392982.00, 50058, -596521, 564 
1721218393003.00, 66145, -595462, 727 
1721218393024.00, 85394, -594003, 960 
1721218393046.00, 110631, -592159, 960 
1721218393067.00, 125830, -589727, 1025 
1721218393089.00, 138484, -586968, 1132 
1721218393110.00, 152150, -583921, 1143 
1721218393133.00, 160968, -580582, 1189 
1721218393154.00, 168494, -577056, 1205 
1721218393176.00, 173896, -573356, 1234 
1721218393198.00, 174798, -569561, 1259 
1721218393220.00, 174737, -565740, 1283 
1721218393242.00, 174740, -561925, 1308 
1721218393263.00, 174646, -558107, 1324 
1721218393285.00, 174845, -554297, 1349 
1721218393307.00, 174709, -550480, 1348 
1721218393329.00, 174587, -546660, 1388 
1721218393351.00, 174731, -542846, 1402 
1721218393372.00, 174697, -539037, 1419 
1721218393394.00, 174778, -535213, 1456 
1721218393416.00, 174804, -531393, 1478 
1721218393438.00, 174735, -527569, 1475 
1721218393460.00, 174593, -523747, 1481 
1721218393482.00, 174778, -519944, 1495 
1721218393504.00, 174706, -516116, 1506 
1721218393525.00, 174441, -512300, 1503 
1721218393547.00, 174623, -508479, 1525 
1721218393568.00, 174596, -504657, 1508 
1721218393591.00, 174697, -500844, 1485 
1721218393612.00, 174647, -497026, 1483 
1721218393634.00, 174723, -493219, 1453 
1721218393656.00, 174936, -489393, 1472 
1721218393678.00, 174585, -485581, 1465 
1721218393699.00, 174455, -481751, 1472 
1721218393721.00, 174446, -477941, 1464 
1721218393743.00, 174708, -474135, 1455 
1721218393765.00, 174809, -470311, 1452 
1721218393787.00, 174754, -466499, 1418 
1721218393808.00, 174702, -462676, 1378 
1721218393830.00, 174556, -458869, 1327 
1721218393852.00, 174416, -455049, 1274 
1721218393874.00, 174477, -451244, 1222 
1721218393896.00, 172810, -447440, 1156 
1721218393918.00, 167907, -443664, 1067 
1721218393941.00, 159539, -440019, 948 
1721218393963.00, 147274, -436570, 785 
1721218393984.00, 130336, -433377, 601 
1721218394006.00, 109239, -430576, 438 
1721218394027.00, 59839, -428254, 254 
1721218394049.00, 30491, -426960, 98 
1721218394071.00, 13502, -426296, -182 
1721218394093.00, -6812, -426001, -348 
1721218394114.00, -28734, -426134, -510 
1721218394135.00, -51822, -426743, -674 
1721218394157.00, -75249, -427863, -778 
1721218394179.00, -95163, -429491, -910 
1721218394200.00, -114795, -431566, -963 
1721218394221.00, -129633, -434086, -1031 
1721218394243.00, -142288, -436938, -1039 
1721218394264.00, -150085, -440056, -1072 
1721218394287.00, -156513, -443353, -1074 
1721218394309.00, -160211, -446777, -1088 
1721218394330.00, -163171, -450286, -1094 
1721218394352.00, -165223, -453854, -1101 
1721218394373.00, -166459, -457466, -1107 
1721218394396.00, -167623, -461114, -1129 
1721218394418.00, -169458, -464766, -1139 
1721218394439.00, -171120, -468478, -1151 
1721218394461.00, -172672, -472203, -1149 
1721218394482.00, -173282, -475978, -1152 
1721218394505.00, -173564, -479767, -1145 
1721218394527.00, -173113, -483566, -1140 
1721218394548.00, -172340, -487349, -1132 
1721218394573.00, -171303, -491110, -1104 
1721218394591.00, -169015, -494848, -1097 
1721218394613.00, -167151, -498536, -1094 
1721218394635.00, -165675, -502191, -1079 
1721218394658.00, -163877, -505801, -1096 
1721218394683.00, -163449, -509397, -1092 
1721218394701.00, -163120, -512974, -1069 
1721218394723.00, -161368, -516541, -1066 
1721218394745.00, -159930, -520070, -1040 
1721218394766.00, -157651, -523560, -1036 
1721218394788.00, -155920, -526996, -1035 
1721218394810.00, -154594, -530389, -1037 
1721218394832.00, -153921, -533773, -1015 
1721218394855.00, -152067, -537130, -978 
1721218394877.00, -148652, -540440, -991 
1721218394899.00, -147415, -543672, -969 
1721218394921.00, -145218, -546867, -957 
1721218394942.00, -143212, -550044, -955 
1721218394964.00, -141741, -553155, -939 
1721218394985.00, -139929, -556234, -922 
1721218395007.00, -137609, -559274, -906 
1721218395029.00, -135152, -562266, -902 
1721218395050.00, -133616, -565203, -911 
1721218395072.00, -133168, -568114, -887 
1721218395093.00, -131411, -570990, -884 
1721218395118.00, -130135, -573861, -910 
1721218395138.00, -130914, -576691, -906 
1721218395159.00, -130985, -579525, -879 
1721218395180.00, -129537, -582392, -846 
1721218395203.00, -126242, -585194, -765 
1721218395224.00, -119310, -587919, -654 
1721218395246.00, -108505, -590513, -552 
1721218395267.00, -95947, -592860, -483 
1721218395289.00, -54908, -594915, -367 
1721218395311.00, -30678, -596100, -304 
1721218395333.00, -16105, -596786, -235 
1721218395354.00, -7770, -597149, -161 
1721218395376.00, -2841, -597322, -96 
1721218395397.00, 5, -597386, -41 
1721218395418.00, 1233, -597384, 63 
1721218395440.00, 5856, -597353, 244 
1721218395461.00, 19453, -597218, 406 
1721218395483.00, 37471, -596803, 520 
1721218395505.00, 55076, -596005, 685 
1721218395526.00, 75236, -594811, 923 
1721218395550.00, 101730, -593172, 943 
1721218395569.00, 118539, -590950, 1019 
1721218395591.00, 132858, -588349, 1131 
1721218395612.00, 148297, -585424, 1096 
1721218395634.00, 154943, -582164, 1178 
1721218395656.00, 163556, -578774, 1171 
1721218395678.00, 168249, -575194, 1177 
1721218395700.00, 171314, -571508, 1222 
1721218395721.00, 174929, -567763, 1217 
1721218395743.00, 174915, -563941, 1216 
1721218395767.00, 174591, -560121, 1223 
1721218395787.00, 174745, -556305, 1216 
1721218395809.00, 174726, -552491, 1229 
1721218395831.00, 174768, -548677, 1230 
1721218395852.00, 174737, -544849, 1258 
1721218395878.00, 174886, -541039, 1276 
1721218395896.00, 174660, -537226, 1292 
1721218395917.00, 174749, -533407, 1288 
1721218395940.00, 174860, -529600, 1307 
1721218395961.00, 174849, -525773, 1305 
1721218395985.00, 174648, -521959, 1310 
1721218396005.00, 174703, -518133, 1317 
1721218396027.00, 174589, -514316, 1313 
1721218396048.00, 174625, -510506, 1311 
1721218396070.00, 174745, -506683, 1330 
1721218396094.00, 174817, -502865, 1312 
1721218396114.00, 174818, -499051, 1309 
1721218396136.00, 174797, -495229, 1313 
1721218396158.00, 174572, -491405, 1315 
1721218396179.00, 174609, -487603, 1291 
1721218396202.00, 174830, -483781, 1281 
1721218396223.00, 174501, -479965, 1265 
1721218396245.00, 174672, -476146, 1217 
1721218396267.00, 174428, -472342, 1145 
1721218396288.00, 172498, -468523, 1040 
1721218396313.00, 164741, -464768, 1001 
1721218396333.00, 157775, -461174, 997 
1721218396355.00, 153457, -457749, 990 
1721218396377.00, 150294, -454410, 994 
1721218396398.00, 148514, -451145, 988 
1721218396421.00, 147094, -447922, 972 
1721218396442.00, 145097, -444726, 929 
1721218396464.00, 141423, -441570, 896 
1721218396485.00, 137028, -438495, 831 
1721218396507.00, 130384, -435523, 768 
1721218396534.00, 122622, -432691, 667 
1721218396551.00, 111818, -430044, 542 
1721218396571.00, 64703, -427640, 395 
1721218396593.00, 36504, -426241, 310 
1721218396616.00, 20024, -425451, 112 
1721218396641.00, 10640, -425015, -28 
1721218396659.00, 3356, -424797, -218 
1721218396681.00, -11815, -424733, -383 
1721218396702.00, -30729, -424981, -556 
1721218396724.00, -52735, -425637, -676 
1721218396750.00, -72871, -426759, -718 
1721218396766.00, -87451, -428358, -817 
1721218396789.00, -101944, -430260, -922 
1721218396811.00, -116941, -432482, -955 
1721218396832.00, -127723, -435069, -985 
1721218396854.00, -135788, -437854, -1014 
1721218396875.00, -142327, -440819, -1028 
1721218396896.00, -147057, -443949, -1036 
1721218396918.00, -150181, -447152, -1080 
1721218396940.00, -154478, -450443, -1117 
1721218396962.00, -159171, -453829, -1127 
1721218396983.00, -162533, -457309, -1146 
1721218397004.00, -165299, -460863, -1153 
1721218397027.00, -167341, -464483, -1141 
1721218397049.00, -167719, -468148, -1135 
1721218397071.00, -167558, -471804, -1131 
1721218397092.00, -167087, -475464, -1129 
1721218397114.00, -166741, -479121, -1111 
1721218397137.00, -165235, -482749, -1092 
1721218397158.00, -163232, -486369, -1094 
1721218397180.00, -161850, -489924, -1098 
1721218397201.00, -161470, -493483, -1094 
1721218397223.00, -160801, -496999, -1085 
1721218397245.00, -159761, -500518, -1097 
1721218397267.00, -159813, -504009, -1117 
1721218397288.00, -161063, -507491, -1094 
1721218397310.00, -160464, -511019, -1093 
1721218397331.00, -159753, -514514, -1102 
1721218397354.00, -160148, -518017, -1081 
1721218397375.00, -159076, -521491, -1092 
1721218397398.00, -158833, -524978, -1105 
1721218397420.00, -159535, -528448, -1086 
1721218397442.00, -158549, -531923, -1081 
1721218397463.00, -157442, -535393, -1089 
1721218397485.00, -157503, -538822, -1075 
1721218397507.00, -156587, -542274, -1053 
1721218397529.00, -154593, -545690, -1043 
1721218397551.00, -152745, -549066, -1009 
1721218397574.00, -149714, -552400, -987 
1721218397595.00, -146332, -555648, -984 
1721218397617.00, -144168, -558828, -940 
1721218397638.00, -140182, -561960, -927 
1721218397660.00, -136728, -565006, -935 
1721218397682.00, -135467, -567985, -920 
1721218397703.00, -133774, -570910, -895 
1721218397726.00, -131319, -573831, -890 
1721218397747.00, -129448, -576676, -859 
1721218397770.00, -126399, -579479, -819 
1721218397790.00, -121994, -582239, -761 
1721218397813.00, -116085, -584891, -714 
1721218397834.00, -109528, -587391, -654 
1721218397855.00, -102098, -589763, -589 
1721218397878.00, -93606, -591973, -515 
1721218397899.00, -84049, -593989, -427 
1721218397921.00, -47412, -595793, -352 
1721218397942.00, -25260, -596823, -272 
1721218397964.00, -12152, -597396, -204 
1721218397986.00, -4622, -597674, -119 
1721218398007.00, -187, -597780, -55 
1721218398029.00, 1775, -597786, 50 
1721218398050.00, 6120, -597746, 196 
1721218398072.00, 17539, -597607, 336 
1721218398093.00, 32636, -597232, 471 
1721218398115.00, 49950, -596536, 547 
1721218398137.00, 64655, -595465, 765 
1721218398158.00, 86540, -594044, 960 
1721218398181.00, 111120, -592172, 939 
1721218398201.00, 124530, -589732, 1055 
1721218398222.00, 139136, -587000, 1120 
1721218398244.00, 151626, -583946, 1132 
1721218398266.00, 159535, -580620, 1182 
1721218398288.00, 167162, -577115, 1192 
1721218398310.00, 172323, -573469, 1190 
1721218398332.00, 175048, -569704, 1209 
1721218398353.00, 174660, -565883, 1198 
1721218398375.00, 174865, -562067, 1177 
1721218398397.00, 174883, -558249, 1150 
1721218398419.00, 173547, -554439, 1162 
1721218398440.00, 173400, -550650, 1146 
1721218398462.00, 172298, -546868, 1156 
1721218398484.00, 172025, -543105, 1191 
1721218398509.00, 173881, -539337, 1212 
1721218398528.00, 174700, -535537, 1222 
1721218398550.00, 174575, -531716, 1228 
1721218398572.00, 174612, -527898, 1230 
1721218398594.00, 174576, -524076, 1247 
1721218398621.00, 174712, -520258, 1247 
1721218398637.00, 174723, -516439, 1265 
1721218398659.00, 174656, -512625, 1287 
1721218398680.00, 174892, -508806, 1301 
1721218398703.00, 174670, -504985, 1311 
1721218398731.00, 174437, -501166, 1305 
1721218398746.00, 174374, -497356, 1328 
1721218398768.00, 174602, -493547, 1326 
1721218398790.00, 174742, -489736, 1328 
1721218398811.00, 174779, -485919, 1320 
1721218398833.00, 174792, -482092, 1286 
1721218398854.00, 174627, -478269, 1252 
1721218398877.00, 174608, -474467, 1225 
1721218398899.00, 173261, -470660, 1214 
1721218398920.00, 171639, -466865, 1195 
1721218398942.00, 169745, -463111, 1176 
1721218398964.00, 167502, -459402, 1180 
1721218398986.00, 166297, -455751, 1168 
1721218399008.00, 164854, -452119, 1166 
1721218399030.00, 163860, -448516, 1140 
1721218399053.00, 161596, -444952, 1104 
1721218399073.00, 158297, -441421, 1060 
1721218399096.00, 153523, -437964, 997 
1721218399117.00, 147229, -434643, 939 
1721218399140.00, 139760, -431446, 874 
1721218399162.00, 77251, -428440, 758 
1721218399183.00, 40699, -426750, 723 
1721218399205.00, 19590, -425866, 529 
1721218399226.00, 7569, -425432, 431 
1721218399247.00, 148, -425273, 290 
1721218399268.00, -3697, -425271, 107 
1721218399290.00, -6006, -425357, -75 
1721218399312.00, -11958, -425503, -281 
1721218399334.00, -27946, -425761, -393 
1721218399355.00, -43800, -426360, -648 
1721218399377.00, -68411, -427299, -711 
1721218399399.00, -86730, -428789, -788 
1721218399420.00, -102091, -430671, -898 
1721218399442.00, -117827, -432910, -998 
1721218399463.00, -132747, -435504, -1002 
1721218399486.00, -141730, -438421, -1022 
1721218399506.00, -148321, -441525, -1024 
1721218399528.00, -151998, -444782, -1001 
1721218399551.00, -152611, -448097, -966 
1721218399573.00, -150909, -451440, -958 
1721218399602.00, -149360, -454717, -967 
1721218399616.00, -148762, -457954, -961 
1721218399638.00, -147931, -461207, -993 
1721218399658.00, -149284, -464414, -1006 
1721218399681.00, -150851, -467686, -1007 
1721218399702.00, -151610, -470980, -1013 
1721218399724.00, -152398, -474288, -1006 
1721218399746.00, -152256, -477614, -1003 
1721218399767.00, -151801, -480935, -1038 
1721218399790.00, -153452, -484261, -1019 
1721218399811.00, -153248, -487609, -1033 
1721218399833.00, -153760, -490965, -1078 
1721218399855.00, -156727, -494338, -1072 
1721218399876.00, -158029, -497747, -1095 
1721218399899.00, -160136, -501213, -1126 
1721218399920.00, -163208, -504714, -1140 
1721218399942.00, -165933, -508281, -1139 
1721218399963.00, -167288, -511904, -1160 
1721218399986.00, -169301, -515560, -1153 
1721218400008.00, -169882, -519267, -1136 
1721218400029.00, -168983, -522971, -1128 
1721218400051.00, -167843, -526671, -1119 
1721218400073.00, -166632, -530323, -1111 
1721218400095.00, -165190, -533968, -1108 
1721218400117.00, -164296, -537575, -1090 
1721218400140.00, -162543, -541165, -1075 
1721218400160.00, -160545, -544708, -1062 
1721218400182.00, -158484, -548203, -1056 
1721218400204.00, -156420, -551673, -1033 
1721218400225.00, -154011, -555085, -1029 
1721218400252.00, -152421, -558465, -1053 
1721218400269.00, -152726, -561778, -1067 
1721218400291.00, -153626, -565116, -1073 
1721218400313.00, -154468, -568487, -1071 
1721218400335.00, -154785, -571853, -1045 
1721218400362.00, -153366, -575247, -994 
1721218400379.00, -149262, -578565, -928 
1721218400400.00, -142932, -581814, -914 
1721218400423.00, -138372, -584918, -859 
1721218400445.00, -132224, -587907, -776 
1721218400468.00, -123384, -590782, -695 
1721218400488.00, -113008, -593446, -597 
1721218400510.00, -64305, -595868, -459 
1721218400531.00, -35678, -597271, -369 
1721218400553.00, -19169, -598060, -274 
1721218400575.00, -9229, -598490, -191 
1721218400596.00, -3414, -598695, -108 
1721218400617.00, 5, -598768, 14 
1721218400639.00, 2316, -598766, 188 
1721218400661.00, 13870, -598707, 437 
1721218400682.00, 35864, -598398, 600 
1721218400704.00, 59014, -597631, 767 
1721218400725.00, 82830, -596352, 873 
1721218400746.00, 103403, -594545, 1007 
1721218400768.00, 123593, -592275, 1049 
1721218400790.00, 137989, -589558, 1096 
1721218400811.00, 149180, -586531, 1121 
1721218400833.00, 157042, -583261, 1129 
1721218400855.00, 162282, -579816, 1144 
1721218400877.00, 166051, -576271, 1177 
1721218400898.00, 170163, -572643, 1190 
1721218400920.00, 173326, -568919, 1221 
1721218400942.00, 174890, -565135, 1239 
1721218400964.00, 174873, -561304, 1262 
1721218400986.00, 174978, -557479, 1275 
1721218401008.00, 174656, -553668, 1299 
1721218401029.00, 174633, -549854, 1301 
1721218401051.00, 174859, -546046, 1287 
1721218401073.00, 174781, -542227, 1327 
1721218401095.00, 174859, -538411, 1336 
1721218401117.00, 174923, -534585, 1348 
1721218401138.00, 174696, -530768, 1370 
1721218401160.00, 174625, -526952, 1385 
1721218401182.00, 174840, -523134, 1408 
1721218401203.00, 174984, -519318, 1405 
1721218401228.00, 174576, -515487, 1415 
1721218401247.00, 174758, -511679, 1424 
1721218401269.00, 174568, -507859, 1435 
1721218401291.00, 174796, -504043, 1439 
1721218401313.00, 174697, -500227, 1450 
1721218401335.00, 174727, -496403, 1433 
1721218401357.00, 174883, -492587, 1408 
1721218401379.00, 174714, -488773, 1410 
1721218401400.00, 174624, -484957, 1377 
1721218401422.00, 174605, -481149, 1332 
1721218401443.00, 174768, -477332, 1279 
1721218401466.00, 174589, -473520, 1258 
1721218401488.00, 174657, -469695, 1246 
1721218401509.00, 174507, -465874, 1209 
1721218401531.00, 174669, -462053, 1192 
1721218401553.00, 174570, -458246, 1167 
1721218401574.00, 173983, -454430, 1143 
1721218401597.00, 172109, -450626, 1094 
1721218401618.00, 167962, -446874, 1043 
1721218401642.00, 162251, -443215, 949 
1721218401663.00, 153147, -439700, 848 
1721218401685.00, 141460, -436387, 733 
1721218401707.00, 127550, -433322, 620 
1721218401728.00, 112514, -430573, 488 
1721218401750.00, 65639, -428177, 351 
1721218401771.00, 37862, -426747, 252 
1721218401793.00, 21590, -425937, 58 
1721218401815.00, 11748, -425475, -73 
1721218401837.00, 1539, -425222, -194 
1721218401858.00, -11397, -425194, -352 
1721218401879.00, -28510, -425425, -496 
1721218401902.00, -47508, -426035, -684 
1721218401923.00, -70019, -427048, -731 
1721218401945.00, -86348, -428580, -816 
1721218401966.00, -101064, -430444, -899 
1721218401988.00, -114738, -432657, -980 
1721218402013.00, -127584, -435189, -988 
1721218402030.00, -135624, -437973, -1021 
1721218402053.00, -142250, -440935, -1037 
1721218402074.00, -147111, -444064, -1053 
1721218402096.00, -150871, -447272, -1061 
1721218402117.00, -153373, -450578, -1108 
1721218402140.00, -157707, -453942, -1124 
1721218402161.00, -161303, -457387, -1145 
1721218402183.00, -164413, -460921, -1159 
1721218402204.00, -166930, -464517, -1161 
1721218402226.00, -168515, -468174, -1157 
1721218402248.00, -169235, -471851, -1148 
1721218402270.00, -169011, -475544, -1137 
1721218402292.00, -168256, -479233, -1140 
1721218402313.00, -167725, -482900, -1144 
1721218402336.00, -167510, -486570, -1129 
1721218402358.00, -166464, -490234, -1130 
1721218402380.00, -165777, -493881, -1136 
1721218402400.00, -165756, -497489, -1133 
1721218402422.00, -165376, -501111, -1122 
1721218402445.00, -164632, -504726, -1117 
1721218402467.00, -163891, -508318, -1135 
1721218402488.00, -164381, -511892, -1128 
1721218402510.00, -164232, -515482, -1118 
1721218402532.00, -163218, -519074, -1114 
1721218402554.00, -162273, -522641, -1109 
1721218402575.00, -161651, -526198, -1102 
1721218402599.00, -160674, -529717, -1116 
1721218402619.00, -160715, -533231, -1140 
1721218402641.00, -162269, -536751, -1127 
1721218402662.00, -162351, -540299, -1149 
1721218402685.00, -163847, -543849, -1167 
1721218402707.00, -165725, -547409, -1122 
1721218402728.00, -164106, -551031, -1101 
1721218402750.00, -161778, -554611, -1102 
1721218402772.00, -160114, -558138, -1063 
1721218402794.00, -156842, -561639, -1048 
1721218402816.00, -153784, -565069, -1046 
1721218402838.00, -151943, -568432, -1001 
1721218402860.00, -148130, -571729, -939 
1721218402882.00, -142297, -574968, -933 
1721218402904.00, -138391, -578028, -870 
1721218402925.00, -132192, -581032, -804 
1721218402947.00, -124452, -583900, -754 
1721218402969.00, -116741, -586596, -669 
1721218402991.00, -107047, -589124, -571 
1721218403013.00, -95158, -591438, -483 
1721218403034.00, -82967, -593482, -376 
1721218403056.00, -46499, -595260, -297 
1721218403077.00, -24824, -596274, -229 
1721218403101.00, -12012, -596828, -145 
1721218403120.00, -4320, -597088, -28 
1721218403142.00, 0, -597184, 49 
1721218403162.00, 5164, -597184, 195 
1721218403185.00, 16764, -597072, 415 
1721218403207.00, 36661, -596712, 550 
1721218403228.00, 57503, -595928, 614 
1721218403250.00, 73224, -594685, 905 
1721218403271.00, 100375, -593084, 966 
1721218403293.00, 119994, -590899, 997 
1721218403314.00, 133161, -588279, 1118 
1721218403336.00, 148173, -585350, 1101 
1721218403357.00, 155931, -582090, 1147 
1721218403378.00, 163035, -578677, 1164 
1721218403400.00, 168217, -575113, 1150 
1721218403422.00, 170296, -571425, 1188 
1721218403445.00, 173705, -567714, 1167 
1721218403466.00, 174457, -563907, 1197 
1721218403488.00, 174840, -560097, 1216 
1721218403510.00, 174720, -556282, 1225 
1721218403532.00, 174802, -552463, 1260 
1721218403553.00, 174753, -548647, 1275 
1721218403575.00, 174700, -544822, 1299 
1721218403597.00, 174892, -541002, 1327 
1721218403618.00, 174539, -537196, 1339 
1721218403645.00, 174723, -533367, 1374 
1721218403663.00, 174792, -529562, 1367 
1721218403685.00, 174737, -525734, 1370 
1721218403706.00, 174637, -521920, 1371 
1721218403728.00, 174540, -518103, 1376 
1721218403753.00, 174483, -514280, 1374 
1721218403772.00, 174424, -510474, 1355 
1721218403794.00, 174602, -506665, 1347 
1721218403815.00, 174667, -502852, 1346 
1721218403837.00, 174769, -499024, 1334 
1721218403864.00, 174780, -495208, 1343 
1721218403880.00, 174576, -491394, 1330 
1721218403903.00, 174513, -487575, 1330 
1721218403925.00, 174670, -483762, 1331 
1721218403946.00, 174520, -479946, 1329 
1721218403974.00, 174614, -476117, 1313 
1721218403990.00, 174605, -472312, 1301 
1721218404011.00, 174574, -468495, 1296 
1721218404033.00, 174513, -464685, 1276 
1721218404055.00, 174412, -460876, 1235 
1721218404081.00, 173883, -457060, 1213 
1721218404099.00, 172159, -453263, 1179 
1721218404121.00, 169059, -449497, 1160 
1721218404143.00, 165848, -445821, 1109 
1721218404164.00, 160996, -442197, 1051 
1721218404188.00, 154424, -438694, 961 
1721218404209.00, 145242, -435346, 847 
1721218404233.00, 132729, -432204, 716 
1721218404252.00, 73297, -429339, 564 
1721218404274.00, 38729, -427754, 483 
1721218404299.00, 18348, -426913, 289 
1721218404316.00, 6559, -426507, 188 
1721218404338.00, 1, -426374, 31 
1721218404360.00, -3925, -426376, -140 
1721218404381.00, -11017, -426465, -324 
1721218404406.00, -26136, -426706, -491 
1721218404425.00, -45129, -427272, -723 
1721218404447.00, -70170, -428241, -779 
1721218404468.00, -88365, -429759, -876 
1721218404490.00, -105252, -431697, -975 
1721218404511.00, -121110, -433994, -1006 
1721218404533.00, -132403, -436661, -1005 
1721218404553.00, -138917, -439562, -1020 
1721218404576.00, -143537, -442605, -1006 
1721218404599.00, -145384, -445754, -991 
1721218404625.00, -145454, -448899, -999 
1721218404641.00, -145958, -452094, -1018 
1721218404663.00, -147294, -455266, -1025 
1721218404685.00, -148415, -458494, -1039 
1721218404707.00, -149832, -461749, -1050 
1721218404735.00, -151387, -465005, -1059 
1721218404749.00, -152532, -468332, -1061 
1721218404772.00, -153387, -471672, -1058 
1721218404794.00, -153717, -475022, -1061 
1721218404816.00, -153983, -478382, -1059 
1721218404840.00, -154155, -481731, -1066 
1721218404860.00, -154526, -485112, -1070 
1721218404881.00, -155056, -488479, -1077 
1721218404902.00, -155767, -491876, -1080 
1721218404925.00, -156163, -495270, -1082 
1721218404949.00, -156499, -498674, -1084 
1721218404969.00, -156926, -502096, -1095 
1721218404990.00, -157452, -505521, -1090 
1721218405012.00, -157456, -508968, -1075 
1721218405033.00, -156536, -512410, -1042 
1721218405056.00, -154095, -515825, -1038 
1721218405078.00, -152282, -519191, -1017 
1721218405100.00, -149664, -522497, -984 
1721218405122.00, -146293, -525769, -974 
1721218405144.00, -143628, -528936, -967 
1721218405166.00, -141663, -532049, -961 
1721218405186.00, -139980, -535143, -1005 
1721218405208.00, -141689, -538185, -1014 
1721218405230.00, -143341, -541289, -1027 
1721218405252.00, -144992, -544416, -1047 
1721218405276.00, -147212, -547578, -1037 
1721218405295.00, -147680, -550799, -1045 
1721218405316.00, -148498, -554021, -1056 
1721218405339.00, -149543, -557263, -1025 
1721218405360.00, -148322, -560533, -1010 
1721218405383.00, -146454, -563764, -1001 
1721218405406.00, -144968, -566961, -978 
1721218405427.00, -142720, -570108, -969 
1721218405449.00, -140514, -573205, -959 
1721218405471.00, -138691, -576279, -938 
1721218405492.00, -136445, -579270, -896 
1721218405514.00, -132531, -582252, -823 
1721218405536.00, -125669, -585123, -791 
1721218405558.00, -119360, -587831, -722 
1721218405579.00, -111681, -590429, -663 
1721218405601.00, -103408, -592846, -585 
1721218405623.00, -58084, -595066, -478 
1721218405644.00, -30987, -596320, -385 
1721218405666.00, -15616, -597020, -297 
1721218405687.00, -6306, -597365, -202 
1721218405709.00, -1029, -597511, -122 
1721218405730.00, 1719, -597526, 32 
1721218405752.00, 5577, -597478, 307 
1721218405774.00, 24140, -597347, 574 
1721218405795.00, 51350, -596833, 795 
1721218405817.00, 80837, -595747, 950 
1721218405842.00, 107765, -593984, 996 
1721218405859.00, 126356, -591621, 1136 
1721218405881.00, 145640, -588851, 1174 
1721218405903.00, 159366, -585650, 1164 
1721218405925.00, 166559, -582159, 1215 
1721218405948.00, 173568, -578511, 1205 
1721218405968.00, 174942, -574715, 1221 
1721218405990.00, 174886, -570889, 1243 
1721218406011.00, 174858, -567077, 1258 
1721218406033.00, 174777, -563269, 1261 
1721218406055.00, 174605, -559444, 1290 
1721218406077.00, 174778, -555632, 1315 
1721218406099.00, 174877, -551812, 1337 
1721218406121.00, 174738, -547987, 1368 
1721218406143.00, 174784, -544171, 1356 
1721218406165.00, 174705, -540353, 1403 
1721218406186.00, 174773, -536535, 1410 
1721218406208.00, 174793, -532721, 1438 
1721218406230.00, 174851, -528899, 1430 
1721218406252.00, 174925, -525072, 1465 
1721218406276.00, 174626, -521264, 1480 
1721218406295.00, 174668, -517441, 1480 
1721218406317.00, 174862, -513629, 1484 
1721218406339.00, 174801, -509819, 1492 
1721218406361.00, 174785, -505995, 1468 
1721218406388.00, 174788, -502188, 1459 
1721218406405.00, 174628, -498358, 1443 
1721218406426.00, 174497, -494543, 1434 
1721218406448.00, 174790, -490734, 1418 
1721218406470.00, 175095, -486912, 1418 
1721218406492.00, 174562, -483090, 1406 
1721218406513.00, 174729, -479266, 1402 
1721218406535.00, 174720, -475449, 1396 
1721218406557.00, 174591, -471635, 1386 
1721218406579.00, 174514, -467822, 1382 
1721218406601.00, 174591, -464012, 1356 
1721218406623.00, 174756, -460188, 1328 
1721218406643.00, 174659, -456380, 1290 
1721218406666.00, 174490, -452567, 1234 
1721218406688.00, 173653, -448762, 1136 
1721218406710.00, 167165, -444971, 1055 
1721218406736.00, 158682, -441336, 974 
1721218406754.00, 148501, -437903, 893 
1721218406776.00, 137570, -434683, 762 
1721218406797.00, 123123, -431711, 630 
1721218406820.00, 67881, -429064, 479 
1721218406841.00, 35423, -427599, 387 
1721218406863.00, 16452, -426829, 146 
1721218406885.00, 5272, -426471, -12 
1721218406906.00, -1134, -426356, -150 
1721218406928.00, -13856, -426383, -280 
1721218406949.00, -29003, -426670, -377 
1721218406971.00, -43481, -427300, -573 
1721218406993.00, -63783, -428245, -692 
1721218407014.00, -82974, -429622, -738 
1721218407037.00, -96984, -431430, -825 
1721218407057.00, -110426, -433544, -903 
1721218407079.00, -123059, -435967, -928 
1721218407101.00, -131743, -438666, -943 
1721218407123.00, -137721, -441547, -963 
1721218407144.00, -142491, -444554, -959 
1721218407166.00, -144786, -447654, -957 
1721218407188.00, -145914, -450812, -997 
1721218407210.00, -148835, -453991, -987 
1721218407230.00, -149871, -457222, -1009 
1721218407252.00, -151638, -460506, -1018 
1721218407274.00, -153218, -463819, -1025 
1721218407295.00, -154377, -467173, -1025 
1721218407317.00, -154826, -470550, -1032 
1721218407339.00, -155120, -473932, -1034 
1721218407361.00, -155556, -477324, -1005 
1721218407383.00, -154095, -480725, -1009 
1721218407404.00, -153375, -484096, -1016 
1721218407427.00, -153381, -487439, -1016 
1721218407449.00, -152977, -490789, -1032 
1721218407472.00, -153715, -494137, -1033 
1721218407492.00, -153957, -497485, -1034 
1721218407513.00, -154127, -500860, -1051 
1721218407535.00, -155212, -504222, -1057 
1721218407557.00, -156113, -507617, -1069 
1721218407579.00, -157361, -511029, -1079 
1721218407601.00, -158436, -514459, -1097 
1721218407623.00, -160305, -517933, -1118 
1721218407645.00, -162601, -521427, -1116 
1721218407666.00, -163708, -524991, -1132 
1721218407689.00, -165221, -528551, -1126 
1721218407710.00, -165467, -532165, -1113 
1721218407732.00, -164797, -535792, -1123 
1721218407754.00, -164732, -539381, -1136 
1721218407776.00, -165345, -543001, -1126 
1721218407797.00, -165178, -546601, -1111 
1721218407819.00, -164281, -550227, -1097 
1721218407841.00, -162965, -553800, -1080 
1721218407862.00, -160870, -557352, -1074 
1721218407884.00, -159311, -560868, -1059 
1721218407906.00, -157258, -564331, -1023 
1721218407929.00, -153724, -567770, -1010 
1721218407952.00, -150786, -571111, -985 
1721218407973.00, -147455, -574401, -983 
1721218407995.00, -145371, -577599, -950 
1721218408020.00, -142185, -580744, -896 
1721218408038.00, -136910, -583834, -822 
1721218408060.00, -129118, -586798, -761 
1721218408081.00, -120682, -589601, -644 
1721218408103.00, -108455, -592209, -518 
1721218408125.00, -93580, -594550, -407 
1721218408146.00, -53470, -596549, -295 
1721218408168.00, -29473, -597713, -238 
1721218408190.00, -15467, -598379, -149 
1721218408211.00, -7111, -598722, -69 
1721218408233.00, -2193, -598872, 57 
1721218408255.00, 3603, -598913, 227 
1721218408276.00, 17441, -598840, 467 
1721218408297.00, 40093, -598472, 597 
1721218408319.00, 61665, -597612, 768 
1721218408341.00, 84547, -596276, 1011 
1721218408361.00, 112948, -594425, 1021 
1721218408383.00, 130150, -591948, 1152 
1721218408405.00, 148142, -589090, 1187 
1721218408427.00, 160569, -585837, 1184 
1721218408449.00, 167707, -582316, 1213 
1721218408470.00, 173570, -578644, 1200 
1721218408492.00, 174824, -574839, 1215 
1721218408514.00, 174637, -571034, 1226 
1721218408536.00, 174915, -567208, 1226 
1721218408562.00, 174708, -563399, 1195 
1721218408580.00, 174530, -559581, 1225 
1721218408601.00, 174721, -555774, 1253 
1721218408623.00, 174823, -551942, 1271 
1721218408645.00, 174831, -548126, 1293 
1721218408667.00, 174812, -544304, 1319 
1721218408689.00, 174796, -540488, 1375 
1721218408711.00, 174610, -536670, 1368 
1721218408732.00, 174612, -532851, 1395 
1721218408754.00, 174772, -529036, 1399 
1721218408776.00, 174624, -525211, 1410 
1721218408797.00, 174624, -521398, 1408 
1721218408819.00, 174573, -517584, 1410 
1721218408841.00, 174627, -513766, 1425 
1721218408863.00, 174588, -509965, 1433 
1721218408885.00, 174750, -506142, 1429 
1721218408907.00, 175023, -502324, 1430 
1721218408929.00, 174655, -498494, 1438 
1721218408950.00, 174470, -494689, 1435 
1721218408972.00, 174366, -490871, 1442 
1721218408994.00, 174532, -487062, 1434 
1721218409016.00, 174694, -483246, 1423 
1721218409038.00, 174707, -479423, 1417 
1721218409059.00, 174752, -475605, 1393 
1721218409081.00, 174495, -471797, 1359 
1721218409104.00, 174497, -467985, 1295 
1721218409125.00, 174532, -464174, 1233 
1721218409147.00, 173780, -460363, 1176 
1721218409169.00, 169691, -456569, 1129 
1721218409190.00, 164599, -452881, 1083 
1721218409215.00, 158680, -449283, 1051 
1721218409234.00, 153270, -445823, 1025 
1721218409257.00, 148347, -442484, 969 
1721218409278.00, 142041, -439264, 889 
1721218409300.00, 133558, -436182, 778 
1721218409322.00, 121974, -433295, 659 
1721218409344.00, 107648, -430658, 534 
1721218409365.00, 59011, -428360, 389 
1721218409387.00, 30293, -427074, 266 
1721218409408.00, 13512, -426418, -1 
1721218409430.00, 3617, -426127, -190 
1721218409452.00, -12986, -426057, -390 
1721218409474.00, -34815, -426322, -541 
1721218409495.00, -56829, -427064, -685 
1721218409517.00, -78524, -428296, -765 
1721218409539.00, -96133, -429997, -848 
1721218409561.00, -111664, -432099, -919 
1721218409582.00, -124833, -434554, -959 
1721218409603.00, -134912, -437282, -978 
1721218409624.00, -141976, -440220, -1007 
1721218409646.00, -147755, -443337, -1015 
1721218409669.00, -151610, -446567, -1019 
1721218409690.00, -153767, -449878, -1036 
1721218409712.00, -156091, -453254, -1047 
1721218409733.00, -158048, -456656, -1051 
1721218409754.00, -159047, -460109, -1065 
1721218409778.00, -160424, -463588, -1079 
1721218409799.00, -162030, -467104, -1087 
1721218409820.00, -163172, -470650, -1117 
1721218409842.00, -165556, -474211, -1120 
1721218409864.00, -167023, -477844, -1136 
1721218409886.00, -168866, -481475, -1155 
1721218409908.00, -170949, -485179, -1158 
1721218409930.00, -172218, -488909, -1176 
1721218409951.00, -173932, -492671, -1165 
1721218409973.00, -174033, -496474, -1171 
1721218409995.00, -174243, -500289, -1177 
1721218410017.00, -174717, -504098, -1205 
1721218410039.00, -174778, -507907, -1221 
1721218410061.00, -174780, -511733, -1273 
1721218410082.00, -174764, -515552, -1288 
1721218410108.00, -174661, -519378, -1271 
1721218410126.00, -174713, -523184, -1299 
1721218410147.00, -174707, -527006, -1284 
1721218410170.00, -174838, -530806, -1290 
1721218410192.00, -174854, -534635, -1313 
1721218410213.00, -174354, -538442, -1278 
1721218410236.00, -174650, -542275, -1246 
1721218410257.00, -174547, -546077, -1181 
1721218410279.00, -174709, -549895, -1145 
1721218410300.00, -172934, -553703, -1087 
1721218410322.00, -168273, -557474, -1055 
1721218410344.00, -163274, -561138, -1075 
1721218410366.00, -161596, -564691, -1006 
1721218410387.00, -156259, -568221, -1007 
1721218410410.00, -152895, -571620, -1028 
1721218410432.00, -152206, -574980, -985 
1721218410454.00, -149269, -578274, -986 
1721218410476.00, -147240, -581516, -976 
1721218410498.00, -145357, -584717, -879 
1721218410519.00, -138462, -587869, -820 
1721218410541.00, -130585, -590868, -701 
1721218410563.00, -118646, -593686, -570 
1721218410585.00, -68584, -596228, -506 
1721218410606.00, -38857, -597728, -410 
1721218410627.00, -21500, -598583, -336 
1721218410649.00, -11341, -599063, -251 
1721218410670.00, -5360, -599317, -207 
1721218410692.00, -1778, -599432, -100 
1721218410713.00, 33, -599459, 87 
1721218410736.00, 6083, -599450, 341 
1721218410757.00, 25034, -599322, 542 
1721218410778.00, 48442, -598788, 768 
1721218410800.00, 76224, -597744, 968 
1721218410821.00, 104838, -596090, 1001 
1721218410843.00, 123669, -593790, 1099 
1721218410864.00, 140456, -591064, 1147 
1721218410886.00, 153213, -587992, 1162 
1721218410908.00, 161494, -584629, 1170 
1721218410930.00, 166747, -581084, 1133 
1721218410952.00, 167451, -577437, 1153 
1721218410974.00, 168845, -573773, 1142 
1721218410995.00, 169065, -570084, 1131 
1721218411017.00, 168624, -566390, 1165 
1721218411039.00, 170152, -562717, 1184 
1721218411061.00, 172203, -558997, 1216 
1721218411085.00, 174939, -555236, 1228 
1721218411104.00, 174820, -551412, 1249 
1721218411126.00, 174891, -547584, 1283 
1721218411148.00, 174796, -543775, 1310 
1721218411169.00, 174672, -539963, 1338 
1721218411192.00, 174865, -536140, 1361 
1721218411214.00, 175015, -532315, 1402 
1721218411235.00, 174635, -528490, 1409 
1721218411257.00, 174731, -524684, 1422 
1721218411279.00, 174761, -520864, 1453 
1721218411301.00, 174626, -517046, 1462 
1721218411323.00, 174717, -513233, 1461 
1721218411344.00, 174772, -509418, 1451 
1721218411366.00, 174861, -505592, 1426 
1721218411388.00, 174599, -501779, 1386 
1721218411410.00, 174540, -497959, 1339 
1721218411431.00, 174651, -494157, 1334 
1721218411453.00, 174723, -490340, 1315 
1721218411475.00, 174827, -486522, 1312 
1721218411497.00, 174752, -482699, 1303 
1721218411519.00, 174644, -478876, 1317 
1721218411541.00, 174652, -475065, 1323 
1721218411562.00, 174749, -471249, 1339 
1721218411584.00, 174810, -467425, 1318 
1721218411606.00, 174595, -463614, 1298 
1721218411629.00, 174598, -459795, 1235 
1721218411650.00, 173787, -455978, 1198 
1721218411671.00, 170929, -452187, 1133 
1721218411693.00, 165394, -448473, 1063 
1721218411716.00, 157907, -444869, 980 
1721218411739.00, 148483, -441441, 894 
1721218411760.00, 137820, -438227, 780 
1721218411781.00, 124385, -435252, 657 
1721218411803.00, 108882, -432567, 517 
1721218411825.00, 91580, -430216, 370 
1721218411848.00, 49713, -428280, 204 
1721218411868.00, 24640, -427198, 62 
1721218411890.00, 10192, -426654, -175 
1721218411911.00, -7995, -426432, -323 
1721218411933.00, -28107, -426588, -412 
1721218411955.00, -45281, -427189, -586 
1721218411976.00, -65788, -428165, -656 
1721218411998.00, -82134, -429587, -692 
1721218412020.00, -93829, -431380, -784 
1721218412041.00, -106235, -433422, -888 
1721218412062.00, -119747, -435755, -914 
1721218412085.00, -129237, -438381, -945 
1721218412105.00, -136621, -441195, -1013 
1721218412127.00, -144704, -444196, -1029 
1721218412149.00, -150428, -447367, -1053 
1721218412173.00, -155170, -450664, -1100 
1721218412193.00, -160696, -454071, -1110 
1721218412214.00, -164373, -457584, -1135 
1721218412236.00, -167800, -461184, -1143 
1721218412258.00, -170270, -464843, -1128 
1721218412281.00, -170834, -468573, -1115 
1721218412301.00, -170206, -472291, -1141 
1721218412323.00, -171267, -476012, -1105 
1721218412344.00, -169579, -479756, -1099 
1721218412367.00, -167966, -483470, -1087 
1721218412389.00, -166118, -487133, -1074 
1721218412410.00, -164100, -490753, -1072 
1721218412432.00, -162591, -494350, -1077 
1721218412454.00, -162098, -497893, -1080 
1721218412475.00, -161771, -501443, -1097 
1721218412498.00, -162760, -504972, -1125 
1721218412520.00, -164860, -508527, -1150 
1721218412542.00, -167413, -512129, -1156 
1721218412563.00, -168998, -515784, -1164 
1721218412585.00, -170418, -519502, -1177 
1721218412607.00, -171958, -523222, -1152 
1721218412629.00, -171285, -526987, -1142 
1721218412650.00, -170284, -530709, -1140 
1721218412672.00, -169393, -534434, -1101 
1721218412694.00, -166541, -538131, -1090 
1721218412715.00, -163816, -541770, -1064 
1721218412738.00, -160824, -545342, -1024 
1721218412760.00, -156496, -548850, -1011 
1721218412783.00, -153096, -552267, -989 
1721218412804.00, -149534, -555583, -975 
1721218412829.00, -146603, -558835, -965 
1721218412847.00, -144233, -562014, -957 
1721218412870.00, -142245, -565147, -959 
1721218412891.00, -141137, -568245, -969 
1721218412913.00, -140918, -571302, -963 
1721218412936.00, -140454, -574377, -957 
1721218412956.00, -139866, -577424, -917 
1721218412978.00, -136895, -580447, -866 
1721218413000.00, -131807, -583429, -824 
1721218413022.00, -126280, -586290, -698 
1721218413047.00, -115389, -589023, -564 
1721218413065.00, -100423, -591510, -436 
1721218413086.00, -84131, -593681, -322 
1721218413108.00, -47858, -595478, -230 
1721218413130.00, -26123, -596520, -163 
1721218413151.00, -13256, -597109, -62 
1721218413173.00, -5794, -597397, 83 
1721218413194.00, 2910, -597526, 204 
1721218413216.00, 15583, -597472, 380 
1721218413237.00, 33496, -597141, 540 
1721218413259.00, 53890, -596424, 643 
1721218413280.00, 72436, -595268, 817 
1721218413303.00, 93857, -593689, 861 
1721218413324.00, 109021, -591648, 955 
1721218413344.00, 123432, -589266, 1017 
1721218413367.00, 135789, -586552, 1034 
1721218413389.00, 143971, -583575, 1052 
1721218413411.00, 149741, -580423, 1078 
1721218413432.00, 154605, -577135, 1106 
1721218413454.00, 159208, -573756, 1138 
1721218413476.00, 163762, -570280, 1146 
1721218413498.00, 166525, -566688, 1190 
1721218413519.00, 170708, -563053, 1203 
1721218413541.00, 173987, -559319, 1216 
1721218413563.00, 174935, -555520, 1236 
1721218413585.00, 174888, -551686, 1241 
1721218413607.00, 174537, -547871, 1254 
1721218413628.00, 174748, -544055, 1260 
1721218413650.00, 174576, -540243, 1255 
1721218413672.00, 174670, -536424, 1281 
1721218413693.00, 174763, -532603, 1287 
1721218413715.00, 174742, -528777, 1319 
1721218413737.00, 174885, -524967, 1338 
1721218413759.00, 174760, -521141, 1350 
1721218413781.00, 174595, -517326, 1379 
1721218413802.00, 174705, -513516, 1383 
1721218413825.00, 174775, -509701, 1379 
1721218413846.00, 174488, -505875, 1383 
1721218413867.00, 174678, -502061, 1397 
1721218413890.00, 174500, -498240, 1392 
1721218413912.00, 174836, -494418, 1377 
1721218413935.00, 174619, -490607, 1377 
1721218413956.00, 174668, -486791, 1376 
1721218413978.00, 174785, -482961, 1357 
1721218413999.00, 174609, -479156, 1339 
1721218414021.00, 174512, -475330, 1325 
1721218414043.00, 174667, -471522, 1293 
1721218414065.00, 174786, -467699, 1250 
1721218414086.00, 174823, -463886, 1223 
1721218414108.00, 174685, -460067, 1208 
1721218414129.00, 174815, -456258, 1194 
1721218414152.00, 174541, -452440, 1165 
1721218414173.00, 173426, -448621, 1140 
1721218414195.00, 171486, -444833, 1107 
1721218414217.00, 168268, -441098, 1057 
1721218414240.00, 163149, -437430, 992 
1721218414262.00, 156060, -433895, 910 
1721218414284.00, 146780, -430510, 808 
1721218414306.00, 84914, -427359, 691 
1721218414326.00, 48644, -425515, 659 
1721218414348.00, 27469, -424463, 519 
1721218414370.00, 15286, -423858, 396 
1721218414391.00, 7683, -423533, 214 
1721218414413.00, 3309, -423380, 15 
1721218414435.00, 762, -423322, -211 
1721218414457.00, -12757, -423312, -369 
1721218414478.00, -30520, -423584, -632 
1721218414500.00, -56970, -424232, -718 
1721218414521.00, -77993, -425459, -776 
1721218414543.00, -93814, -427162, -880 
1721218414565.00, -109360, -429200, -941 
1721218414587.00, -122092, -431590, -956 
1721218414607.00, -130581, -434270, -1006 
1721218414629.00, -138506, -437128, -1023 
1721218414651.00, -144287, -440167, -1067 
1721218414673.00, -150146, -443333, -1120 
1721218414694.00, -156862, -446618, -1126 
1721218414716.00, -161121, -450043, -1167 
1721218414738.00, -165786, -453586, -1201 
1721218414760.00, -170627, -457203, -1196 
1721218414782.00, -173131, -460947, -1200 
1721218414806.00, -174581, -464728, -1215 
1721218414825.00, -174761, -468552, -1181 
1721218414846.00, -174555, -472349, -1195 
1721218414869.00, -174649, -476167, -1182 
1721218414890.00, -174088, -479981, -1143 
1721218414912.00, -171466, -483794, -1150 
1721218414934.00, -170199, -487540, -1125 
1721218414956.00, -167814, -491252, -1133 
1721218414977.00, -166818, -494921, -1143 
1721218414999.00, -166797, -498555, -1137 
1721218415021.00, -166399, -502204, -1142 
1721218415044.00, -166352, -505838, -1151 
1721218415065.00, -166809, -509475, -1143 
1721218415087.00, -166518, -513114, -1133 
1721218415109.00, -165595, -516765, -1119 
1721218415131.00, -164167, -520384, -1111 
1721218415153.00, -162851, -523955, -1101 
1721218415174.00, -161345, -527515, -1098 
1721218415196.00, -160252, -531030, -1131 
1721218415218.00, -161579, -534543, -1141 
1721218415240.00, -162990, -538062, -1082 
1721218415261.00, -160287, -541626, -1063 
1721218415283.00, -157111, -545118, -1059 
1721218415305.00, -155001, -548558, -1028 
1721218415327.00, -152073, -551944, -1005 
1721218415350.00, -148742, -555243, -966 
1721218415372.00, -144494, -558489, -964 
1721218415393.00, -141594, -561626, -963 
1721218415415.00, -140020, -564697, -937 
1721218415437.00, -137405, -567747, -942 
1721218415458.00, -136153, -570716, -889 
1721218415480.00, -132280, -573684, -862 
1721218415502.00, -128150, -576552, -850 
1721218415523.00, -124899, -579323, -796 
1721218415546.00, -119577, -582052, -765 
1721218415567.00, -114650, -584647, -710 
1721218415588.00, -108363, -587119, -638 
1721218415611.00, -100093, -589472, -574 
1721218415632.00, -91312, -591642, -476 
1721218415654.00, -80361, -593608, -375 
1721218415676.00, -45020, -595330, -293 
1721218415697.00, -23801, -596310, -214 
1721218415719.00, -11206, -596845, -104 
1721218415739.00, -3812, -597087, 47 
1721218415762.00, 2541, -597171, 176 
1721218415783.00, 14072, -597121, 360 
1721218415805.00, 31949, -596816, 531 
1721218415827.00, 53218, -596143, 556 
1721218415848.00, 67281, -595006, 695 
1721218415870.00, 83801, -593530, 849 
1721218415892.00, 102978, -591711, 904 
1721218415913.00, 117511, -589457, 999 
1721218415934.00, 131771, -586880, 1081 
1721218415956.00, 144990, -583991, 1086 
1721218415977.00, 153019, -580806, 1129 
1721218415999.00, 160410, -577447, 1128 
1721218416021.00, 164372, -573934, 1157 
1721218416043.00, 168499, -570350, 1175 
1721218416065.00, 171699, -566663, 1160 
1721218416087.00, 172670, -562915, 1204 
1721218416110.00, 174878, -559135, 1211 
1721218416130.00, 174681, -555322, 1213 
1721218416152.00, 174736, -551508, 1220 
1721218416173.00, 175045, -547683, 1227 
1721218416195.00, 174721, -543868, 1256 
1721218416218.00, 174503, -540055, 1256 
1721218416239.00, 174482, -536232, 1267 
1721218416261.00, 174640, -532416, 1271 
1721218416283.00, 174756, -528603, 1279 
1721218416305.00, 174741, -524785, 1276 
1721218416327.00, 174809, -520964, 1295 
1721218416349.00, 174622, -517143, 1299 
1721218416369.00, 174756, -513338, 1301 
1721218416392.00, 174914, -509525, 1295 
1721218416414.00, 174901, -505698, 1293 
1721218416436.00, 174617, -501887, 1276 
1721218416457.00, 174638, -498071, 1259 
1721218416479.00, 174836, -494258, 1230 
1721218416500.00, 173726, -490438, 1234 
1721218416523.00, 173298, -486645, 1231 
1721218416544.00, 173049, -482854, 1215 
1721218416566.00, 171685, -479073, 1206 
1721218416588.00, 170261, -475322, 1179 
1721218416611.00, 167881, -471611, 1125 
1721218416631.00, 163062, -467943, 1084 
1721218416654.00, 157810, -464389, 1047 
1721218416676.00, 152505, -460944, 1014 
1721218416698.00, 147393, -457623, 971 
1721218416720.00, 141865, -454427, 935 
1721218416742.00, 136247, -451341, 900 
1721218416767.00, 130946, -448385, 867 
1721218416785.00, 125733, -445544, 832 
1721218416807.00, 120685, -442810, 799 
1721218416829.00, 115763, -440203, 774 
1721218416851.00, 111240, -437689, 748 
1721218416873.00, 107076, -435269, 715 
1721218416894.00, 102644, -432944, 679 
1721218416916.00, 97800, -430720, 640 
1721218416937.00, 53815, -428622, 583 
1721218416959.00, 27803, -427446, 601 
1721218416981.00, 12328, -426824, 541 
1721218417003.00, 3230, -426542, 500 
1721218417024.00, -1429, -426466, 411 
1721218417045.00, -4777, -426497, 282 
1721218417067.00, -6577, -426601, 135 
1721218417088.00, -7474, -426761, -43 
1721218417110.00, -10777, -426938, -227 
1721218417131.00, -23631, -427173, -376 
1721218417153.00, -39744, -427687, -560 
1721218417174.00, -60404, -428543, -667 
1721218417196.00, -78917, -429842, -715 
1721218417217.00, -92874, -431573, -833 
1721218417239.00, -108084, -433592, -901 
1721218417261.00, -121121, -435963, -914 
1721218417282.00, -129367, -438615, -970 
1721218417305.00, -137763, -441445, -996 
1721218417325.00, -144051, -444457, -1030 
1721218417347.00, -149738, -447603, -1066 
1721218417369.00, -155136, -450892, -1081 
1721218417391.00, -159070, -454288, -1093 
1721218417412.00, -161884, -457767, -1100 
1721218417434.00, -164000, -461312, -1107 
1721218417456.00, -165409, -464883, -1105 
1721218417478.00, -166170, -468517, -1111 
1721218417500.00, -166699, -472135, -1118 
1721218417522.00, -167577, -475780, -1120 
1721218417544.00, -167897, -479444, -1120 
1721218417565.00, -167908, -483099, -1118 
1721218417587.00, -167624, -486775, -1105 
1721218417609.00, -166537, -490440, -1089 
1721218417630.00, -164883, -494090, -1092 
1721218417652.00, -163970, -497682, -1119 
1721218417674.00, -165060, -501261, -1122 
1721218417696.00, -165946, -504867, -1150 
1721218417718.00, -167899, -508491, -1177 
1721218417740.00, -170603, -512154, -1168 
1721218417761.00, -171452, -515883, -1181 
1721218417783.00, -172669, -519649, -1198 
1721218417805.00, -174170, -523424, -1180 
1721218417827.00, -173883, -527221, -1181 
1721218417849.00, -173903, -531016, -1158 
1721218417870.00, -172623, -534814, -1114 
1721218417892.00, -168703, -538567, -1078 
1721218417914.00, -164240, -542272, -1029 
1721218417937.00, -158527, -545844, -978 
1721218417959.00, -151924, -549289, -964 
1721218417981.00, -147104, -552588, -899 
1721218418002.00, -140377, -555775, -878 
1721218418024.00, -135109, -558819, -880 
1721218418046.00, -131957, -561747, -869 
1721218418068.00, -129351, -564608, -904 
1721218418089.00, -129991, -567433, -881 
1721218418111.00, -128992, -570256, -881 
1721218418133.00, -128271, -573059, -911 
1721218418154.00, -129602, -575849, -865 
1721218418177.00, -127608, -578657, -787 
1721218418199.00, -121554, -581431, -761 
1721218418219.00, -116370, -584056, -714 
1721218418241.00, -110327, -586578, -615 
1721218418263.00, -100689, -588973, -545 
1721218418285.00, -90780, -591154, -443 
1721218418307.00, -78636, -593107, -363 
1721218418328.00, -44670, -594793, -277 
1721218418350.00, -24537, -595774, -247 
1721218418370.00, -12980, -596318, -227 
1721218418392.00, -6095, -596608, -219 
1721218418415.00, -1891, -596746, -260 
1721218418435.00, 62, -596794, -283 
1721218418457.00, 1277, -596796, -276 
1721218418479.00, 2199, -596775, -254 
1721218418501.00, 2890, -596730, -245 
1721218418523.00, 3174, -596668, -222 
1721218418544.00, 3319, -596595, -197 
1721218418565.00, 3452, -596523, -170 
1721218418587.00, 3598, -596449, -150 
1721218418609.00, 3600, -596373, -138 
1721218418631.00, 3329, -596292, -117 
1721218418652.00, 3203, -596219, -107 
1721218418673.00, 3030, -596153, -89 
1721218418695.00, 3001, -596084, -75 
1721218418717.00, 2851, -596021, -60 
1721218418738.00, 2887, -595957, -44 
1721218418760.00, 2773, -595896, -29 
1721218418781.00, 2686, -595837, -17 
1721218418803.00, 2714, -595779, -4 
1721218418824.00, 2611, -595723, 4 
1721218418847.00, 2513, -595665, 11 
1721218418867.00, 3259, -595611, 14 
1721218418889.00, 3801, -595544, 17 
1721218418910.00, 4116, -595464, 22 
1721218418957.00, 4662, -595376, 25 
1721218418957.00, 4961, -595277, 33 
1721218418974.00, 5872, -595167, 26 
1721218418996.00, 0, -595043, -16 
1721218419017.00, 0, -595018, -5 
1721218419038.00, 0, -595018, -10 
1721218419059.00, 0, -595017, -5 
1721218419080.00, 0, -595018, 4 
1721218419100.00, 0, -595017, 0 
1721218419121.00, 0, -595017, 3 
1721218419142.00, 0, -595016, 3 
1721218419163.00, 0, -595017, 2 
1721218419184.00, 0, -595017, 2 
1721218419205.00, 0, -595017, 3 
1721218419226.00, 0, -595016, 5 
1721218419246.00, 0, -595017, 5 
1721218419267.00, 0, -595017, 3 
1721218419288.00, 0, -595017, 4 
1721218419309.00, 0, -595017, 9 
1721218419330.00, 0, -595017, 9 
1721218419351.00, 0, -595017, 0 
1721218419370.00, 0, -595018, 0 
1721218419393.00, 0, -595017, -3 
1721218419413.00, 0, -595018, -3 
1721218419434.00, 0, -595017, 1 
1721218419455.00, 0, -595018, 1 
1721218419476.00, 0, -595018, 2 
1721218419497.00, 0, -595018, 1 
1721218419518.00, 0, -595018, 1 
1721218419538.00, 0, -595017, 2 
1721218419559.00, 0, -595018, 3 
1721218419581.00, 0, -595017, 6 
1721218419601.00, 0, -595017, 7 
1721218419622.00, 0, -595017, 9 
1721218419643.00, 0, -595017, 10 
1721218419663.00, 0, -595017, 11 
1721218419685.00, 0, -595017, 12 
1721218419705.00, 0, -595017, 13 
1721218419727.00, 0, -595017, 15 
1721218419748.00, 0, -595017, 16 
1721218419767.00, 0, -595018, 17 
1721218419803.00, 0, -595016, 19 
1721218419811.00, 0, -595016, 20 
1721218419831.00, 0, -595017, 21 
1721218419852.00, 0, -595016, 21 
1721218419886.00, 0, -595016, 20 
1721218419894.00, 0, -595018, 19 
1721218419916.00, 7, -595016, 19 
1721218419936.00, 0, -595017, 18 
1721218419957.00, 0, -595017, 17 
1721218419977.00, 0, -595017, 17 
1721218419999.00, 0, -595017, 16 
1721218420020.00, 0, -595017, 16 
1721218420040.00, 0, -595017, 17 
1721218420062.00, 0, -595017, 18 
1721218420082.00, 0, -595018, 18 
1721218420103.00, 0, -595017, 19 
1721218420124.00, 0, -595016, 20 
1721218420145.00, 5, -595016, 21 
1721218420167.00, 0, -595017, 21 
1721218420188.00, 0, -595016, 21 
1721218420209.00, 0, -595017, 21 
1721218420229.00, 0, -595017, 22 
1721218420250.00, 0, -595017, 22 
1721218420271.00, 0, -595016, 21 
1721218420292.00, 0, -595016, 21 
1721218420313.00, 0, -595017, 20 
1721218420334.00, 0, -595017, 19 
1721218420355.00, 0, -595017, 19 
1721218420376.00, 0, -595017, 20 
1721218420397.00, 0, -595017, 20 
1721218420418.00, 0, -595017, 19 
1721218420439.00, 0, -595017, 19 
1721218420460.00, 0, -595016, 20 
1721218420481.00, 0, -595016, 20 
1721218420502.00, 0, -595017, 21 
1721218420523.00, 0, -595016, 21 
1721218420544.00, 0, -595017, 22 
1721218420564.00, 0, -595016, 23 
1721218420585.00, 0, -595017, 23 
1721218420606.00, 0, -595016, 24 
1721218420639.00, 0, -595017, 24 
1721218420648.00, 0, -595018, 24 
1721218420669.00, 0, -595017, 24 
1721218420690.00, 0, -595017, 24 
1721218420712.00, 0, -595016, 25 
1721218420732.00, 0, -595016, 25 
1721218420752.00, 0, -595016, 25 
1721218420774.00, 0, -595017, 25 
1721218420795.00, 0, -595017, 25 
1721218420816.00, 0, -595016, 26 
1721218420837.00, 0, -595017, 26 
1721218420858.00, 0, -595017, 25 
1721218420878.00, 0, -595016, 25 
1721218420899.00, 0, -595017, 25 
1721218420920.00, 1, -595017, 24 
1721218420941.00, 0, -595018, 24 
1721218420962.00, 0, -595016, 24 
1721218420983.00, 0, -595017, 24 
1721218421004.00, -5, -595017, 24 
1721218421025.00, 0, -595017, 24 
1721218421046.00, 0, -595017, 24 
1721218421067.00, 0, -595016, 24 
1721218421088.00, 0, -595017, 24 
1721218421108.00, 0, -595017, 22 
1721218421130.00, 0, -595017, 17 
1721218421151.00, 0, -595017, 6 
1721218421171.00, 0, -595018, 2 
1721218421193.00, 0, -595018, 1 
1721218421214.00, 0, -595019, 0 
1721218421234.00, 0, -595018, 2 
1721218421254.00, 0, -595018, 2 
1721218421276.00, 0, -595018, 1 
1721218421296.00, 0, -595019, 1 
1721218421317.00, 0, -595019, 1 
1721218421338.00, 10, -595017, 1 
1721218421359.00, 0, -595018, 0 
1721218421380.00, 0, -595018, -2 
1721218421402.00, 0, -595018, -7 
1721218421422.00, 0, -595018, -11 
1721218421444.00, 45, -595019, -13 
1721218421464.00, 0, -595019, -16 
1721218421485.00, 0, -595019, -19 
1721218421507.00, 0, -595019, -22 
1721218421528.00, 0, -595020, -24 
1721218421548.00, 0, -595018, -23 
1721218421570.00, 0, -595020, -24 
1721218421591.00, 0, -595020, -26 
1721218421612.00, 0, -595019, -30 
1721218421632.00, 0, -595019, -34 
1721218421654.00, 0, -595020, -37 
1721218421675.00, 0, -595021, -41 
1721218421696.00, 0, -595020, -40 
1721218421716.00, 0, -595020, -38 
1721218421738.00, 0, -595020, -39 
1721218421759.00, 0, -595021, -43 
1721218421780.00, 0, -595020, -45 
1721218421801.00, 0, -595020, -45 
1721218421822.00, 0, -595020, -45 
1721218421843.00, 0, -595021, -47 
1721218421864.00, 0, -595021, -48 
1721218421885.00, 0, -595021, -43 
1721218421906.00, 0, -595020, -35 
