1721831464693.00, 737, -596206, -439 
1721831464715.00, 812, -596193, -431 
1721831464736.00, 799, -596173, -423 
1721831464758.00, 770, -596156, -419 
1721831464780.00, 716, -596140, -420 
1721831464801.00, 707, -596125, -419 
1721831464822.00, 622, -596111, -418 
1721831464844.00, 620, -596095, -415 
1721831464866.00, 631, -596081, -405 
1721831464887.00, 593, -596067, -398 
1721831464909.00, 555, -596056, -404 
1721831464930.00, 564, -596044, -417 
1721831464952.00, 534, -596031, -423 
1721831464974.00, 557, -596022, -421 
1721831464995.00, 556, -596008, -419 
1721831465017.00, 656, -595996, -415 
1721831465038.00, 578, -595986, -418 
1721831465060.00, 524, -595971, -428 
1721831465081.00, 462, -595959, -439 
1721831465102.00, 434, -595949, -446 
1721831465125.00, 440, -595941, -453 
1721831465146.00, 426, -595932, -455 
1721831465167.00, 413, -595922, -454 
1721831465188.00, 406, -595914, -454 
1721831465211.00, 394, -595905, -455 
1721831465232.00, 392, -595898, -457 
1721831465253.00, 355, -595888, -457 
1721831465275.00, 342, -595880, -458 
1721831465297.00, 361, -595873, -458 
1721831465318.00, 370, -595866, -456 
1721831465341.00, 362, -595858, -455 
1721831465361.00, 361, -595850, -450 
1721831465382.00, 379, -595842, -452 
1721831465404.00, 375, -595835, -454 
1721831465425.00, 361, -595826, -451 
1721831465449.00, 357, -595819, -452 
1721831465468.00, 345, -595811, -453 
1721831465490.00, 344, -595804, -451 
1721831465512.00, 309, -595797, -447 
1721831465533.00, 291, -595790, -451 
1721831465555.00, 284, -595784, -454 
1721831465577.00, 272, -595779, -450 
1721831465597.00, 296, -595772, -447 
1721831465621.00, 308, -595765, -441 
1721831465642.00, 302, -595757, -432 
1721831465665.00, 289, -595751, -427 
1721831465686.00, 265, -595745, -429 
1721831465707.00, 247, -595739, -432 
1721831465728.00, 247, -595734, -429 
1721831465750.00, 228, -595729, -420 
1721831465772.00, 238, -595725, -420 
1721831465793.00, 220, -595719, -417 
1721831465815.00, 212, -595713, -412 
1721831465836.00, 216, -595710, -408 
1721831465858.00, 218, -595705, -406 
1721831465879.00, 220, -595700, -402 
1721831465900.00, 214, -595695, -398 
1721831465922.00, 235, -595690, -388 
1721831465943.00, 218, -595684, -381 
1721831465965.00, 197, -595680, -380 
1721831465987.00, 209, -595675, -375 
1721831466008.00, 197, -595671, -370 
1721831466030.00, 211, -595668, -372 
1721831466052.00, 212, -595663, -365 
1721831466073.00, 209, -595656, -350 
1721831466094.00, 202, -595652, -340 
1721831466116.00, 192, -595648, -339 
1721831466138.00, 209, -595643, -334 
1721831466160.00, 211, -595638, -316 
1721831466181.00, 167, -595632, -300 
1721831466203.00, 139, -595628, -306 
1721831466224.00, 158, -595626, -312 
1721831466245.00, 213, -595623, -305 
1721831466267.00, 201, -595617, -286 
1721831466289.00, 178, -595613, -283 
1721831466310.00, 150, -595610, -289 
1721831466332.00, 141, -595605, -288 
1721831466354.00, 159, -595601, -274 
1721831466375.00, 138, -595599, -258 
1721831466397.00, 147, -595594, -249 
1721831466418.00, 152, -595591, -233 
1721831466440.00, 174, -595587, -212 
1721831466461.00, 197, -595582, -180 
1721831466482.00, 214, -595572, -143 
1721831466505.00, 260, -595567, -105 
1721831466526.00, 273, -595558, -53 
1721831466547.00, 307, -595546, 9 
1721831466568.00, 300, -595536, 82 
1721831466590.00, 5213, -595514, 165 
1721831466611.00, 13303, -595399, 232 
1721831466633.00, 21953, -595115, 314 
1721831466655.00, 32101, -594640, 364 
1721831466676.00, 41116, -593952, 418 
1721831466698.00, 49758, -593072, 412 
1721831466719.00, 54322, -592003, 432 
1721831466741.00, 58450, -590819, 514 
1721831466763.00, 65589, -589555, 506 
1721831466785.00, 69392, -588135, 521 
1721831466806.00, 72433, -586627, 557 
1721831466828.00, 76188, -585053, 584 
1721831466848.00, 80027, -583397, 603 
1721831466876.00, 83598, -581661, 633 
1721831466892.00, 87424, -579843, 665 
1721831466914.00, 91617, -577948, 657 
1721831466936.00, 93637, -575967, 651 
1721831466958.00, 94247, -573930, 657 
1721831466985.00, 94915, -571893, 659 
1721831467001.00, 95585, -569827, 652 
1721831467022.00, 95503, -567757, 667 
1721831467044.00, 96285, -565695, 695 
1721831467065.00, 98385, -563603, 712 
1721831467088.00, 100680, -561466, 713 
1721831467109.00, 102027, -559285, 732 
1721831467131.00, 103805, -557054, 751 
1721831467153.00, 106065, -554796, 741 
1721831467175.00, 106751, -552487, 758 
1721831467196.00, 108117, -550156, 790 
1721831467218.00, 110787, -547804, 786 
1721831467239.00, 112222, -545392, 799 
1721831467261.00, 113728, -542957, 854 
1721831467283.00, 117714, -540464, 867 
1721831467305.00, 121166, -537905, 870 
1721831467326.00, 123277, -535261, 890 
1721831467348.00, 125692, -532578, 899 
1721831467369.00, 127555, -529846, 919 
1721831467391.00, 129701, -527059, 932 
1721831467413.00, 131999, -524227, 936 
1721831467435.00, 133555, -521360, 954 
1721831467457.00, 135365, -518456, 992 
1721831467477.00, 138728, -515502, 1021 
1721831467500.00, 142572, -512464, 1061 
1721831467521.00, 147230, -509342, 1137 
1721831467543.00, 154524, -506135, 1136 
1721831467565.00, 158822, -502747, 1195 
1721831467587.00, 164455, -499272, 1235 
1721831467608.00, 170397, -495672, 1243 
1721831467630.00, 174445, -491935, 1249 
1721831467651.00, 174649, -488133, 1236 
1721831467674.00, 174737, -484306, 1234 
1721831467696.00, 174934, -480511, 1188 
1721831467717.00, 173529, -476692, 1145 
1721831467739.00, 170015, -472904, 1111 
1721831467761.00, 165732, -469195, 1073 
1721831467783.00, 160966, -465579, 1013 
1721831467805.00, 154344, -462069, 1022 
1721831467826.00, 150878, -458702, 1008 
1721831467849.00, 147945, -455410, 940 
1721831467871.00, 142181, -452195, 921 
1721831467893.00, 137797, -449115, 894 
1721831467914.00, 133382, -446116, 911 
1721831467936.00, 131727, -443221, 917 
1721831467958.00, 130823, -440368, 864 
1721831467980.00, 127184, -437518, 743 
1721831468001.00, 117717, -434767, 684 
1721831468023.00, 108456, -432222, 572 
1721831468045.00, 61040, -429873, 515 
1721831468066.00, 33304, -428556, 480 
1721831468087.00, 17162, -427825, 309 
1721831468110.00, 7285, -427445, 203 
1721831468131.00, 1570, -427292, 72 
1721831468153.00, -1098, -427263, -123 
1721831468174.00, -10481, -427289, -283 
1721831468196.00, -25380, -427521, -486 
1721831468218.00, -46561, -428075, -716 
1721831468239.00, -73038, -429061, -715 
1721831468261.00, -88714, -430639, -781 
1721831468283.00, -101803, -432558, -855 
1721831468304.00, -113834, -434800, -863 
1721831468326.00, -121376, -437275, -894 
1721831468347.00, -127605, -439921, -921 
1721831468369.00, -132702, -442710, -919 
1721831468391.00, -135447, -445604, -933 
1721831468414.00, -137829, -448547, -959 
1721831468434.00, -140664, -451567, -979 
1721831468457.00, -143389, -454633, -982 
1721831468478.00, -145049, -457750, -996 
1721831468498.00, -146980, -460915, -1028 
1721831468527.00, -149940, -464123, -1035 
1721831468542.00, -152030, -467406, -1020 
1721831468564.00, -152029, -470736, -1048 
1721831468586.00, -153559, -474047, -1053 
1721831468608.00, -154662, -477421, -1063 
1721831468636.00, -155916, -480796, -1066 
1721831468651.00, -156788, -484220, -1078 
1721831468673.00, -157907, -487640, -1084 
1721831468695.00, -158896, -491097, -1112 
1721831468717.00, -161159, -494579, -1122 
1721831468744.00, -162936, -498083, -1084 
1721831468760.00, -161659, -501656, -1102 
1721831468782.00, -162015, -505180, -1103 
1721831468804.00, -162168, -508726, -1075 
1721831468825.00, -160575, -512268, -1090 
1721831468847.00, -160346, -515768, -1107 
1721831468869.00, -160861, -519278, -1103 
1721831468891.00, -161139, -522791, -1106 
1721831468913.00, -161258, -526315, -1099 
1721831468934.00, -160813, -529841, -1094 
1721831468956.00, -160226, -533361, -1089 
1721831468979.00, -159594, -536868, -1080 
1721831469000.00, -158552, -540338, -1105 
1721831469022.00, -159507, -543811, -1089 
1721831469044.00, -159254, -547274, -1057 
1721831469066.00, -156934, -550755, -1077 
1721831469087.00, -156481, -554177, -1039 
1721831469111.00, -154151, -557593, -936 
1721831469132.00, -146284, -560926, -983 
1721831469154.00, -144355, -564098, -961 
1721831469176.00, -141925, -567247, -903 
1721831469197.00, -136856, -570326, -920 
1721831469219.00, -134807, -573305, -915 
1721831469241.00, -133492, -576240, -886 
1721831469263.00, -130718, -579126, -892 
1721831469284.00, -129490, -581973, -850 
1721831469305.00, -126272, -584786, -803 
1721831469328.00, -121456, -587517, -795 
1721831469350.00, -117836, -590150, -739 
1721831469371.00, -112365, -592708, -646 
1721831469392.00, -103397, -595135, -538 
1721831469414.00, -58759, -597359, -445 
1721831469436.00, -31925, -598647, -415 
1721831469458.00, -16305, -599349, -263 
1721831469479.00, -7335, -599717, -145 
1721831469501.00, -2277, -599879, -73 
1721831469522.00, 100, -599926, 1 
1721831469544.00, 2124, -599916, 125 
1721831469565.00, 10606, -599859, 343 
1721831469587.00, 28564, -599635, 434 
1721831469609.00, 45201, -599034, 513 
1721831469630.00, 59414, -598060, 702 
1721831469652.00, 79369, -596760, 793 
1721831469673.00, 96734, -595049, 791 
1721831469695.00, 106753, -592938, 850 
1721831469717.00, 116101, -590609, 919 
1721831469738.00, 125501, -588091, 941 
1721831469761.00, 132346, -585343, 948 
1721831469782.00, 136749, -582455, 961 
1721831469803.00, 140095, -579474, 987 
1721831469829.00, 143674, -576420, 979 
1721831469847.00, 144889, -573290, 985 
1721831469867.00, 145674, -570136, 1009 
1721831469891.00, 147824, -566948, 979 
1721831469911.00, 147021, -563741, 1009 
1721831469933.00, 148607, -560514, 1038 
1721831469955.00, 150815, -557273, 1039 
1721831469977.00, 152245, -553985, 1048 
1721831469999.00, 153758, -550651, 1060 
1721831470020.00, 155327, -547300, 1046 
1721831470043.00, 155282, -543903, 1057 
1721831470064.00, 155592, -540514, 1088 
1721831470086.00, 157514, -537117, 1101 
1721831470108.00, 159445, -533669, 1124 
1721831470129.00, 161929, -530182, 1152 
1721831470153.00, 165020, -526647, 1181 
1721831470173.00, 168687, -523028, 1213 
1721831470195.00, 172866, -519343, 1227 
1721831470216.00, 174661, -515561, 1262 
1721831470239.00, 174818, -511743, 1279 
1721831470260.00, 174694, -507925, 1268 
1721831470281.00, 174738, -504107, 1261 
1721831470303.00, 174709, -500294, 1264 
1721831470326.00, 174807, -496475, 1264 
1721831470347.00, 174830, -492650, 1248 
1721831470369.00, 174683, -488839, 1238 
1721831470391.00, 174749, -485021, 1232 
1721831470413.00, 174792, -481210, 1254 
1721831470434.00, 174860, -477395, 1263 
1721831470456.00, 174835, -473587, 1266 
1721831470479.00, 174730, -469748, 1270 
1721831470500.00, 174646, -465937, 1263 
1721831470521.00, 174591, -462118, 1262 
1721831470544.00, 174677, -458311, 1215 
1721831470566.00, 174868, -454507, 1161 
1721831470587.00, 172721, -450687, 1122 
1721831470609.00, 169003, -446924, 1048 
1721831470632.00, 162184, -443232, 940 
1721831470654.00, 151569, -439730, 848 
1721831470676.00, 139512, -436447, 698 
1721831470697.00, 123416, -433433, 550 
1721831470719.00, 104704, -430779, 423 
1721831470741.00, 59796, -428537, 325 
1721831470762.00, 33522, -427244, 227 
1721831470784.00, 18077, -426512, 50 
1721831470810.00, 8898, -426124, -120 
1721831470827.00, -2852, -425927, -191 
1721831470849.00, -14651, -425983, -272 
1721831470870.00, -26727, -426292, -406 
1721831470892.00, -41839, -426870, -564 
1721831470914.00, -60161, -427769, -637 
1721831470934.00, -75435, -429066, -660 
1721831470957.00, -85899, -430704, -783 
1721831470978.00, -99345, -432566, -870 
1721831471000.00, -112392, -434745, -895 
1721831471022.00, -121615, -437201, -948 
1721831471043.00, -130393, -439852, -995 
1721831471064.00, -138054, -442697, -1016 
1721831471086.00, -143812, -445730, -1031 
1721831471107.00, -148030, -448853, -1045 
1721831471129.00, -151238, -452119, -1062 
1721831471151.00, -154177, -455426, -1096 
1721831471173.00, -157989, -458799, -1119 
1721831471195.00, -161611, -462254, -1128 
1721831471217.00, -164116, -465773, -1144 
1721831471238.00, -166493, -469357, -1147 
1721831471260.00, -167861, -472985, -1134 
1721831471282.00, -167876, -476666, -1111 
1721831471304.00, -166170, -480327, -1129 
1721831471326.00, -166096, -483965, -1129 
1721831471348.00, -166019, -487588, -1102 
1721831471369.00, -164163, -491223, -1116 
1721831471391.00, -163961, -494816, -1140 
1721831471413.00, -165329, -498386, -1144 
1721831471435.00, -166367, -502003, -1166 
1721831471457.00, -168194, -505639, -1165 
1721831471479.00, -169010, -509318, -1150 
1721831471501.00, -168420, -513011, -1148 
1721831471523.00, -167888, -516707, -1122 
1721831471544.00, -165954, -520361, -1100 
1721831471566.00, -163420, -523988, -1104 
1721831471587.00, -162156, -527561, -1116 
1721831471610.00, -162166, -531087, -1059 
1721831471631.00, -158571, -534637, -1122 
1721831471653.00, -160259, -538094, -1114 
1721831471675.00, -160937, -541596, -1061 
1721831471697.00, -157632, -545112, -1111 
1721831471718.00, -158806, -548557, -1109 
1721831471740.00, -159236, -552033, -1099 
1721831471762.00, -158949, -555516, -1160 
1721831471784.00, -162266, -558992, -1191 
1721831471805.00, -166224, -562543, -1193 
1721831471827.00, -168538, -566179, -1207 
1721831471850.00, -170822, -569857, -1182 
1721831471871.00, -170707, -573586, -1154 
1721831471893.00, -168683, -577300, -1122 
1721831471915.00, -165407, -580972, -1051 
1721831471938.00, -159295, -584586, -907 
1721831471960.00, -146518, -588021, -798 
1721831471981.00, -132601, -591198, -659 
1721831472003.00, -115997, -594053, -499 
1721831472025.00, -65424, -596532, -384 
1721831472046.00, -35426, -597955, -314 
1721831472067.00, -18308, -598742, -177 
1721831472089.00, -7948, -599143, -27 
1721831472111.00, -2107, -599316, 67 
1721831472132.00, 4779, -599354, 205 
1721831472154.00, 17630, -599257, 418 
1721831472175.00, 37952, -598885, 598 
1721831472197.00, 60634, -598080, 760 
1721831472218.00, 83736, -596769, 810 
1721831472240.00, 100603, -594950, 860 
1721831472262.00, 113432, -592740, 945 
1721831472283.00, 125973, -590257, 983 
1721831472306.00, 135645, -587511, 959 
1721831472326.00, 139808, -584546, 1021 
1721831472348.00, 145792, -581485, 1045 
1721831472370.00, 150738, -578295, 1050 
1721831472392.00, 153885, -574993, 1063 
1721831472413.00, 156497, -571643, 1085 
1721831472435.00, 159363, -568211, 1112 
1721831472457.00, 162442, -564732, 1109 
1721831472479.00, 163956, -561179, 1144 
1721831472501.00, 166582, -557591, 1149 
1721831472522.00, 168686, -553952, 1160 
1721831472544.00, 170346, -550270, 1178 
1721831472566.00, 172079, -546553, 1193 
1721831472588.00, 174039, -542793, 1198 
1721831472610.00, 174888, -538983, 1231 
1721831472632.00, 174764, -535155, 1258 
1721831472653.00, 174718, -531337, 1284 
1721831472677.00, 174764, -527510, 1283 
1721831472697.00, 174584, -523702, 1301 
1721831472719.00, 174636, -519890, 1320 
1721831472741.00, 174683, -516061, 1330 
1721831472763.00, 174591, -512247, 1339 
1721831472784.00, 174534, -508430, 1328 
1721831472806.00, 174526, -504618, 1317 
1721831472828.00, 174528, -500800, 1319 
1721831472850.00, 174725, -497005, 1310 
1721831472871.00, 174882, -493180, 1323 
1721831472893.00, 174911, -489360, 1339 
1721831472915.00, 174678, -485546, 1345 
1721831472936.00, 174460, -481722, 1347 
1721831472959.00, 174447, -477904, 1384 
1721831472980.00, 174692, -474101, 1379 
1721831473003.00, 174890, -470274, 1375 
1721831473023.00, 174792, -466461, 1392 
1721831473046.00, 174686, -462640, 1388 
1721831473067.00, 174554, -458825, 1350 
1721831473089.00, 174500, -455018, 1283 
1721831473112.00, 174617, -451207, 1243 
1721831473133.00, 174295, -447392, 1179 
1721831473155.00, 170066, -443587, 1058 
1721831473178.00, 160358, -439899, 964 
1721831473200.00, 148957, -436416, 877 
1721831473222.00, 136942, -433189, 773 
1721831473243.00, 123579, -430235, 668 
1721831473265.00, 68036, -427581, 569 
1721831473286.00, 35761, -426094, 596 
1721831473308.00, 16730, -425317, 505 
1721831473329.00, 5648, -424957, 309 
1721831473352.00, -468, -424836, 204 
1721831473372.00, -4445, -424857, 19 
1721831473393.00, -6319, -424957, -187 
1721831473415.00, -18658, -425105, -293 
1721831473438.00, -32227, -425512, -528 
1721831473459.00, -54338, -426204, -657 
1721831473480.00, -75272, -427377, -725 
1721831473502.00, -91726, -429015, -752 
1721831473524.00, -102992, -431006, -816 
1721831473545.00, -113286, -433256, -865 
1721831473567.00, -122344, -435735, -860 
1721831473588.00, -127323, -438411, -876 
1721831473611.00, -130902, -441175, -921 
1721831473632.00, -135636, -444028, -898 
1721831473657.00, -137072, -446983, -946 
1721831473675.00, -140457, -449962, -1014 
1721831473696.00, -146515, -453042, -1019 
1721831473718.00, -150412, -456242, -1052 
1721831473740.00, -154569, -459544, -1093 
1721831473765.00, -159618, -462919, -1086 
1721831473784.00, -161909, -466408, -1106 
1721831473806.00, -163987, -469943, -1121 
1721831473827.00, -166104, -473530, -1113 
1721831473849.00, -166781, -477162, -1107 
1721831473876.00, -166802, -480805, -1121 
1721831473893.00, -167358, -484452, -1120 
1721831473914.00, -167643, -488104, -1116 
1721831473936.00, -167500, -491764, -1140 
1721831473958.00, -168885, -495422, -1141 
1721831473980.00, -169490, -499111, -1162 
1721831474001.00, -170744, -502812, -1159 
1721831474024.00, -171552, -506550, -1144 
1721831474046.00, -170704, -510302, -1194 
1721831474067.00, -173177, -514029, -1183 
1721831474094.00, -174201, -517821, -1150 
1721831474111.00, -172435, -521611, -1259 
1721831474132.00, -174545, -525384, -1189 
1721831474155.00, -174571, -529211, -1216 
1721831474176.00, -174417, -533034, -1216 
1721831474198.00, -174744, -536850, -1129 
1721831474220.00, -171269, -540661, -1165 
1721831474241.00, -171272, -544391, -1135 
1721831474264.00, -169246, -548118, -1059 
1721831474285.00, -163485, -551819, -1093 
1721831474311.00, -161906, -555374, -1058 
1721831474329.00, -158740, -558928, -1021 
1721831474350.00, -154570, -562393, -1024 
1721831474372.00, -152143, -565770, -1023 
1721831474395.00, -150790, -569086, -1027 
1721831474419.00, -150083, -572373, -1007 
1721831474438.00, -148490, -575661, -1016 
1721831474461.00, -147916, -578887, -965 
1721831474482.00, -144590, -582115, -948 
1721831474505.00, -141293, -585247, -899 
1721831474526.00, -136309, -588303, -834 
1721831474548.00, -129450, -591263, -716 
1721831474570.00, -118279, -594053, -588 
1721831474591.00, -67434, -596578, -436 
1721831474613.00, -37596, -598056, -339 
1721831474634.00, -19997, -598877, -197 
1721831474658.00, -9516, -599311, -17 
1721831474677.00, -3625, -599519, 103 
1721831474699.00, 5434, -599597, 212 
1721831474721.00, 17754, -599488, 404 
1721831474742.00, 36281, -599116, 546 
1721831474764.00, 56112, -598342, 692 
1721831474786.00, 76607, -597130, 744 
1721831474807.00, 91676, -595474, 806 
1721831474829.00, 104317, -593463, 886 
1721831474850.00, 116563, -591178, 951 
1721831474872.00, 127766, -588652, 974 
1721831474894.00, 135721, -585856, 970 
1721831474915.00, 140041, -582891, 1000 
1721831474936.00, 144124, -579842, 1005 
1721831474959.00, 146631, -576673, 1008 
1721831474980.00, 148327, -573463, 1056 
1721831475002.00, 151959, -570228, 1036 
1721831475023.00, 153081, -566893, 1016 
1721831475046.00, 152524, -563568, 1065 
1721831475067.00, 155088, -560232, 1038 
1721831475089.00, 154832, -556856, 1061 
1721831475110.00, 155647, -553467, 1108 
1721831475132.00, 159017, -550061, 1119 
1721831475154.00, 161631, -546595, 1145 
1721831475177.00, 164606, -543057, 1141 
1721831475197.00, 166149, -539464, 1145 
1721831475219.00, 167013, -535829, 1094 
1721831475243.00, 164653, -532186, 998 
1721831475265.00, 157271, -528609, 989 
1721831475285.00, 152075, -525195, 1026 
1721831475308.00, 151332, -521869, 1059 
1721831475329.00, 152856, -518563, 1128 
1721831475350.00, 157626, -515214, 1211 
1721831475372.00, 165647, -511754, 1240 
1721831475394.00, 172069, -508128, 1266 
1721831475415.00, 174891, -504367, 1290 
1721831475437.00, 174766, -500538, 1298 
1721831475460.00, 174804, -496724, 1309 
1721831475482.00, 174495, -492898, 1301 
1721831475503.00, 174637, -489091, 1309 
1721831475525.00, 174728, -485266, 1321 
1721831475547.00, 174569, -481441, 1351 
1721831475569.00, 174661, -477644, 1338 
1721831475591.00, 174726, -473822, 1339 
1721831475612.00, 174904, -469999, 1334 
1721831475634.00, 174578, -466174, 1296 
1721831475656.00, 174485, -462357, 1266 
1721831475678.00, 174455, -458544, 1231 
1721831475699.00, 174678, -454743, 1200 
1721831475722.00, 174640, -450928, 1119 
1721831475743.00, 169809, -447122, 1008 
1721831475766.00, 159998, -443412, 920 
1721831475788.00, 148809, -439951, 828 
1721831475809.00, 136702, -436731, 729 
1721831475832.00, 123411, -433776, 637 
1721831475856.00, 109700, -431121, 553 
1721831475874.00, 62617, -428758, 448 
1721831475897.00, 34958, -427399, 411 
1721831475918.00, 18694, -426628, 267 
1721831475939.00, 9085, -426228, 82 
1721831475961.00, 3359, -426032, -41 
1721831475982.00, -1458, -425967, -195 
1721831476004.00, -14165, -426003, -290 
1721831476026.00, -27378, -426308, -519 
1721831476047.00, -49070, -426900, -654 
1721831476069.00, -70323, -427952, -691 
1721831476091.00, -84893, -429467, -756 
1721831476112.00, -97173, -431318, -838 
1721831476134.00, -109407, -433429, -863 
1721831476155.00, -118303, -435827, -896 
1721831476178.00, -125417, -438415, -929 
1721831476199.00, -131345, -441145, -935 
1721831476221.00, -135190, -444009, -953 
1721831476243.00, -138527, -446954, -985 
1721831476264.00, -142219, -449964, -984 
1721831476285.00, -144294, -453068, -1019 
1721831476307.00, -147516, -456221, -1050 
1721831476328.00, -151098, -459455, -1068 
1721831476350.00, -154393, -462750, -1102 
1721831476372.00, -158349, -466126, -1124 
1721831476395.00, -161880, -469593, -1125 
1721831476416.00, -163823, -473120, -1130 
1721831476437.00, -165260, -476721, -1111 
1721831476460.00, -164686, -480318, -1115 
1721831476481.00, -164568, -483930, -1128 
1721831476503.00, -165036, -487523, -1108 
1721831476525.00, -164008, -491127, -1118 
1721831476546.00, -164147, -494709, -1116 
1721831476568.00, -164091, -498280, -1085 
1721831476590.00, -162252, -501876, -1089 
1721831476611.00, -161146, -505420, -1114 
1721831476633.00, -161984, -508934, -1094 
1721831476655.00, -161220, -512475, -1117 
1721831476678.00, -161796, -516006, -1159 
1721831476699.00, -164633, -519539, -1125 
1721831476721.00, -164310, -523144, -1164 
1721831476743.00, -166222, -526734, -1184 
1721831476765.00, -168699, -530368, -1146 
1721831476787.00, -167997, -534059, -1174 
1721831476809.00, -169046, -537718, -1148 
1721831476830.00, -168210, -541418, -1140 
1721831476852.00, -166679, -545074, -1144 
1721831476874.00, -166205, -548730, -1115 
1721831476896.00, -163989, -552362, -1096 
1721831476917.00, -161631, -555936, -1088 
1721831476939.00, -159874, -559473, -1072 
1721831476960.00, -157431, -562945, -1078 
1721831476983.00, -156341, -566396, -1020 
1721831477005.00, -152131, -569806, -997 
1721831477028.00, -148304, -573103, -957 
1721831477050.00, -143627, -576326, -945 
1721831477071.00, -140030, -579434, -868 
1721831477093.00, -133177, -582480, -842 
1721831477115.00, -127348, -585372, -779 
1721831477136.00, -120341, -588126, -690 
1721831477157.00, -110812, -590732, -614 
1721831477180.00, -100445, -593116, -524 
1721831477201.00, -56856, -595277, -390 
1721831477222.00, -31094, -596498, -342 
1721831477245.00, -15842, -597188, -230 
1721831477266.00, -6936, -597539, -72 
1721831477288.00, -1676, -597686, -2 
1721831477309.00, 895, -597711, 127 
1721831477331.00, 10256, -597685, 398 
1721831477353.00, 32072, -597474, 414 
1721831477374.00, 45963, -596791, 618 
1721831477395.00, 66497, -595805, 740 
1721831477417.00, 86110, -594352, 779 
1721831477439.00, 100061, -592486, 826 
1721831477460.00, 110947, -590298, 896 
1721831477482.00, 121618, -587882, 920 
1721831477504.00, 129148, -585224, 926 
1721831477526.00, 133770, -582406, 947 
1721831477547.00, 137806, -579492, 947 
1721831477569.00, 139827, -576487, 927 
1721831477593.00, 139900, -573434, 937 
1721831477612.00, 140313, -570399, 957 
1721831477634.00, 141703, -567348, 942 
1721831477656.00, 141546, -564259, 969 
1721831477676.00, 142941, -561178, 1009 
1721831477698.00, 146073, -558056, 1017 
1721831477720.00, 148437, -554862, 1036 
1721831477742.00, 150828, -551613, 1060 
1721831477764.00, 153726, -548317, 1074 
1721831477785.00, 156247, -544952, 1084 
1721831477808.00, 158065, -541540, 1079 
1721831477829.00, 158779, -538086, 1056 
1721831477852.00, 157667, -534630, 1021 
1721831477873.00, 154998, -531176, 1036 
1721831477895.00, 154173, -527785, 1073 
1721831477917.00, 155808, -524421, 1070 
1721831477938.00, 156390, -521021, 1111 
1721831477960.00, 159308, -517599, 1148 
1721831477982.00, 163068, -514117, 1181 
1721831478004.00, 167190, -510551, 1192 
1721831478026.00, 170266, -506897, 1231 
1721831478048.00, 174444, -503165, 1244 
1721831478069.00, 174549, -499354, 1246 
1721831478091.00, 174626, -495528, 1256 
1721831478113.00, 174617, -491711, 1252 
1721831478139.00, 174586, -487902, 1229 
1721831478157.00, 174742, -484089, 1222 
1721831478178.00, 174732, -480270, 1241 
1721831478200.00, 174904, -476447, 1231 
1721831478222.00, 174627, -472634, 1240 
1721831478244.00, 174518, -468806, 1253 
1721831478265.00, 174552, -464991, 1252 
1721831478287.00, 174790, -461186, 1241 
1721831478309.00, 174873, -457360, 1217 
1721831478331.00, 174720, -453551, 1160 
1721831478357.00, 172410, -449731, 1093 
1721831478375.00, 166823, -445975, 990 
1721831478397.00, 157151, -442356, 881 
1721831478419.00, 144650, -438949, 764 
1721831478440.00, 130250, -435831, 631 
1721831478462.00, 113634, -433012, 503 
1721831478485.00, 95852, -430573, 353 
1721831478506.00, 54542, -428539, 165 
1721831478527.00, 30134, -427354, 21 
1721831478549.00, 15644, -426696, -260 
1721831478571.00, -7639, -426355, -392 
1721831478592.00, -29914, -426501, -535 
1721831478614.00, -51570, -427122, -556 
1721831478636.00, -65695, -428241, -649 
1721831478658.00, -79555, -429661, -726 
1721831478679.00, -92458, -431392, -762 
1721831478701.00, -102117, -433398, -790 
1721831478723.00, -109459, -435638, -840 
1721831478744.00, -116660, -438036, -880 
1721831478765.00, -123334, -440564, -878 
1721831478787.00, -127039, -443266, -917 
1721831478809.00, -131362, -446031, -950 
1721831478831.00, -136127, -448889, -947 
1721831478851.00, -138459, -451868, -1008 
1721831478873.00, -143423, -454906, -1022 
1721831478897.00, -147011, -458035, -1062 
1721831478917.00, -151577, -461265, -1085 
1721831478938.00, -155658, -464583, -1113 
1721831478961.00, -159666, -467986, -1135 
1721831478983.00, -163069, -471481, -1172 
1721831479004.00, -167551, -475048, -1205 
1721831479026.00, -172081, -478700, -1214 
1721831479048.00, -174916, -482456, -1240 
1721831479070.00, -174805, -486292, -1244 
1721831479091.00, -174695, -490113, -1244 
1721831479114.00, -174514, -493929, -1266 
1721831479135.00, -174739, -497733, -1265 
1721831479156.00, -174945, -501561, -1268 
1721831479179.00, -174740, -505369, -1279 
1721831479201.00, -174451, -509190, -1281 
1721831479222.00, -174831, -513015, -1263 
1721831479244.00, -174667, -516841, -1278 
1721831479266.00, -174612, -520637, -1271 
1721831479287.00, -174946, -524457, -1254 
1721831479309.00, -174920, -528268, -1256 
1721831479331.00, -174758, -532078, -1230 
1721831479354.00, -174597, -535916, -1190 
1721831479374.00, -174638, -539724, -1164 
1721831479398.00, -173277, -543546, -1154 
1721831479419.00, -171970, -547298, -1089 
1721831479441.00, -167042, -551062, -1133 
1721831479462.00, -166494, -554707, -1086 
1721831479484.00, -163389, -558341, -1035 
1721831479505.00, -158202, -561907, -1013 
1721831479529.00, -153814, -565358, -970 
1721831479551.00, -148511, -568699, -939 
1721831479572.00, -143546, -571916, -917 
1721831479594.00, -139247, -575041, -896 
1721831479616.00, -135313, -578062, -872 
1721831479637.00, -131526, -580997, -840 
1721831479659.00, -127170, -583855, -778 
1721831479681.00, -120956, -586601, -716 
1721831479702.00, -113275, -589226, -609 
1721831479724.00, -102551, -591681, -474 
1721831479746.00, -87599, -593882, -390 
1721831479768.00, -49962, -595764, -319 
1721831479790.00, -27596, -596846, -235 
1721831479811.00, -14222, -597462, -111 
1721831479832.00, -6559, -597776, 14 
1721831479853.00, -1211, -597909, 134 
1721831479875.00, 8083, -597928, 329 
1721831479897.00, 26042, -597760, 415 
1721831479919.00, 42040, -597207, 600 
1721831479940.00, 62345, -596305, 738 
1721831479962.00, 82721, -594956, 796 
1721831479983.00, 98432, -593148, 853 
1721831480005.00, 111060, -591005, 904 
1721831480027.00, 121646, -588587, 930 
1721831480049.00, 129347, -585922, 943 
1721831480070.00, 134633, -583096, 962 
1721831480091.00, 138783, -580162, 1008 
1721831480114.00, 144059, -577127, 1037 
1721831480135.00, 148609, -573981, 1072 
1721831480157.00, 153313, -570728, 1085 
1721831480178.00, 156827, -567374, 1095 
1721831480200.00, 159090, -563948, 1125 
1721831480223.00, 162527, -560454, 1127 
1721831480244.00, 164554, -556912, 1126 
1721831480266.00, 165532, -553318, 1153 
1721831480287.00, 167622, -549703, 1120 
1721831480309.00, 166795, -546052, 1046 
1721831480335.00, 161815, -542405, 1023 
1721831480353.00, 157287, -538895, 1004 
1721831480374.00, 153427, -535447, 1022 
1721831480398.00, 152166, -532097, 1054 
1721831480418.00, 153208, -528777, 1104 
1721831480440.00, 156674, -525420, 1109 
1721831480461.00, 159098, -521996, 1154 
1721831480483.00, 163243, -518519, 1200 
1721831480505.00, 168271, -514942, 1238 
1721831480527.00, 173384, -511261, 1274 
1721831480549.00, 174690, -507461, 1283 
1721831480571.00, 174822, -503638, 1311 
1721831480593.00, 174762, -499826, 1318 
1721831480615.00, 174685, -495995, 1351 
1721831480637.00, 174684, -492181, 1362 
1721831480658.00, 174571, -488365, 1372 
1721831480679.00, 174658, -484545, 1340 
1721831480702.00, 174646, -480737, 1342 
1721831480724.00, 174685, -476910, 1347 
1721831480745.00, 174716, -473097, 1320 
1721831480767.00, 174746, -469279, 1284 
1721831480789.00, 174618, -465457, 1276 
1721831480811.00, 174449, -461653, 1225 
1721831480832.00, 173211, -457840, 1179 
1721831480854.00, 169776, -454062, 1144 
1721831480880.00, 165818, -450355, 1129 
1721831480898.00, 162253, -446750, 1073 
1721831480920.00, 156511, -443207, 1035 
1721831480943.00, 150879, -439804, 968 
1721831480965.00, 143529, -436529, 844 
1721831480991.00, 131877, -433412, 743 
1721831481008.00, 118666, -430566, 641 
1721831481030.00, 64949, -428028, 504 
1721831481051.00, 33550, -426610, 419 
1721831481072.00, 15044, -425881, 208 
1721831481095.00, 4597, -425555, -13 
1721831481116.00, -1552, -425458, -170 
1721831481138.00, -15030, -425497, -306 
1721831481159.00, -30927, -425826, -572 
1721831481181.00, -56519, -426483, -655 
1721831481202.00, -76709, -427706, -739 
1721831481224.00, -93578, -429370, -817 
1721831481246.00, -108205, -431406, -853 
1721831481268.00, -118905, -433770, -891 
1721831481289.00, -127150, -436369, -893 
1721831481315.00, -132035, -439143, -876 
1721831481333.00, -133954, -442034, -889 
1721831481355.00, -135576, -444957, -920 
1721831481376.00, -138364, -447897, -928 
1721831481398.00, -140349, -450923, -955 
1721831481425.00, -143002, -453985, -1009 
1721831481440.00, -147573, -457097, -1017 
1721831481462.00, -150653, -460333, -1035 
1721831481484.00, -153484, -463627, -1020 
1721831481506.00, -154333, -466994, -1035 
1721831481530.00, -155538, -470369, -1058 
1721831481549.00, -157472, -473756, -1062 
1721831481572.00, -158718, -477206, -1088 
1721831481592.00, -160919, -480677, -1099 
1721831481615.00, -162715, -484201, -1119 
1721831481637.00, -164769, -487755, -1137 
1721831481658.00, -167127, -491354, -1162 
1721831481680.00, -169887, -495014, -1163 
1721831481702.00, -171611, -498706, -1154 
1721831481724.00, -171834, -502470, -1196 
1721831481749.00, -174347, -506215, -1147 
1721831481768.00, -172729, -510035, -1144 
1721831481789.00, -171601, -513810, -1177 
1721831481811.00, -172802, -517559, -1156 
1721831481833.00, -172242, -521321, -1200 
1721831481859.00, -174391, -525091, -1170 
1721831481876.00, -173603, -528896, -1187 
1721831481898.00, -173968, -532694, -1135 
1721831481920.00, -170948, -536499, -1111 
1721831481942.00, -167559, -540233, -1113 
1721831481968.00, -165841, -543891, -1040 
1721831481986.00, -160357, -547499, -1060 
1721831482007.00, -158247, -551002, -1030 
1721831482029.00, -155268, -554445, -1016 
1721831482051.00, -152544, -557834, -1019 
1721831482074.00, -151037, -561155, -1012 
1721831482096.00, -149485, -564447, -997 
1721831482118.00, -147712, -567707, -996 
1721831482139.00, -146450, -570903, -970 
1721831482161.00, -144110, -574097, -945 
1721831482185.00, -141090, -577219, -889 
1721831482204.00, -135890, -580269, -843 
1721831482226.00, -129956, -583228, -803 
1721831482248.00, -123789, -586047, -718 
1721831482270.00, -114970, -588723, -592 
1721831482291.00, -101963, -591208, -490 
1721831482314.00, -88277, -593406, -421 
1721831482335.00, -50134, -595300, -304 
1721831482357.00, -27422, -596387, -217 
1721831482378.00, -14187, -597002, -131 
1721831482400.00, -6418, -597314, -4 
1721831482421.00, -1895, -597443, 131 
1721831482443.00, 8008, -597481, 251 
1721831482464.00, 21561, -597318, 408 
1721831482486.00, 38871, -596856, 591 
1721831482508.00, 60200, -596028, 725 
1721831482529.00, 81065, -594727, 776 
1721831482551.00, 96334, -592959, 840 
1721831482573.00, 109113, -590864, 908 
1721831482597.00, 120733, -588487, 943 
1721831482616.00, 129822, -585845, 963 
1721831482638.00, 136056, -583010, 991 
1721831482660.00, 141368, -580045, 998 
1721831482680.00, 144742, -576955, 1007 
1721831482701.00, 147332, -573781, 1018 
1721831482723.00, 149267, -570575, 1004 
1721831482745.00, 149656, -567303, 1009 
1721831482767.00, 149975, -564040, 1029 
1721831482789.00, 151280, -560762, 1041 
1721831482810.00, 152760, -557451, 1055 
1721831482832.00, 154432, -554119, 1075 
1721831482854.00, 156604, -550735, 1103 
1721831482876.00, 159506, -547328, 1129 
1721831482898.00, 162515, -543846, 1140 
1721831482920.00, 164744, -540285, 1148 
1721831482942.00, 166507, -536689, 1170 
1721831482963.00, 169005, -533049, 1175 
1721831482985.00, 170704, -529350, 1181 
1721831483006.00, 171864, -525618, 1192 
1721831483028.00, 173113, -521859, 1207 
1721831483051.00, 174662, -518079, 1221 
1721831483072.00, 174487, -514265, 1256 
1721831483094.00, 174669, -510445, 1283 
1721831483116.00, 174837, -506624, 1267 
1721831483138.00, 174792, -502812, 1286 
1721831483160.00, 174821, -498981, 1304 
1721831483181.00, 174841, -495156, 1315 
1721831483203.00, 174591, -491351, 1304 
1721831483225.00, 174664, -487534, 1334 
1721831483246.00, 174738, -483718, 1335 
1721831483269.00, 174525, -479903, 1317 
1721831483290.00, 174603, -476083, 1296 
1721831483312.00, 174672, -472264, 1288 
1721831483335.00, 174635, -468439, 1250 
1721831483356.00, 174714, -464641, 1209 
1721831483378.00, 174721, -460819, 1200 
1721831483399.00, 174844, -456999, 1183 
1721831483421.00, 173842, -453194, 1089 
1721831483444.00, 167548, -449400, 987 
1721831483466.00, 157473, -445751, 916 
1721831483487.00, 147137, -442353, 823 
1721831483510.00, 135341, -439156, 691 
1721831483531.00, 120321, -436235, 552 
1721831483553.00, 103136, -433639, 459 
1721831483575.00, 86923, -431439, 343 
1721831483596.00, 49675, -429569, 185 
1721831483618.00, 27688, -428511, 22 
1721831483639.00, 14830, -427916, -210 
1721831483661.00, -4870, -427599, -372 
1721831483683.00, -26785, -427700, -581 
1721831483704.00, -52588, -428271, -736 
1721831483726.00, -77190, -429384, -780 
1721831483748.00, -94469, -431063, -835 
1721831483770.00, -107731, -433114, -913 
1721831483791.00, -120276, -435490, -910 
1721831483813.00, -127360, -438119, -944 
1721831483835.00, -133549, -440893, -988 
1721831483855.00, -139821, -443806, -1006 
1721831483877.00, -144525, -446871, -1016 
1721831483899.00, -147888, -450019, -1065 
1721831483921.00, -152796, -453263, -1112 
1721831483943.00, -158396, -456598, -1133 
1721831483965.00, -162748, -460068, -1139 
1721831483986.00, -165652, -463623, -1177 
1721831484008.00, -169122, -467260, -1171 
1721831484029.00, -170859, -470968, -1178 
1721831484055.00, -172258, -474695, -1148 
1721831484073.00, -171346, -478469, -1177 
1721831484095.00, -172720, -482199, -1188 
1721831484117.00, -173980, -485975, -1207 
1721831484139.00, -174673, -489766, -1231 
1721831484164.00, -174918, -493600, -1237 
1721831484183.00, -174674, -497416, -1246 
1721831484204.00, -174727, -501234, -1251 
1721831484226.00, -174924, -505045, -1276 
1721831484248.00, -174976, -508870, -1270 
1721831484270.00, -174793, -512685, -1270 
1721831484291.00, -174555, -516508, -1252 
1721831484313.00, -174743, -520317, -1190 
1721831484335.00, -174774, -524125, -1174 
1721831484357.00, -173703, -527941, -1158 
1721831484379.00, -172276, -531734, -1081 
1721831484401.00, -166592, -535490, -1012 
1721831484422.00, -158877, -539126, -1039 
1721831484446.00, -155936, -542595, -985 
1721831484467.00, -150905, -545973, -974 
1721831484489.00, -147229, -549269, -996 
1721831484511.00, -146297, -552457, -983 
1721831484532.00, -144762, -555631, -984 
1721831484554.00, -143753, -558791, -993 
1721831484575.00, -143789, -561910, -978 
1721831484601.00, -142939, -565041, -962 
1721831484619.00, -141269, -568156, -969 
1721831484641.00, -140762, -571212, -962 
1721831484662.00, -140105, -574277, -938 
1721831484684.00, -138080, -577320, -904 
1721831484709.00, -134660, -580314, -862 
1721831484728.00, -130196, -583241, -767 
1721831484749.00, -121654, -586065, -687 
1721831484771.00, -111505, -588695, -577 
1721831484793.00, -99007, -591101, -423 
1721831484818.00, -82142, -593226, -314 
1721831484836.00, -46687, -594987, -203 
1721831484858.00, -25605, -595998, -114 
1721831484881.00, -12659, -596551, 31 
1721831484901.00, -3412, -596825, 219 
1721831484923.00, 12810, -596905, 321 
1721831484944.00, 28526, -596656, 404 
1721831484965.00, 43130, -596050, 506 
1721831484988.00, 57870, -595124, 730 
1721831485009.00, 79991, -593859, 782 
1721831485035.00, 96340, -592132, 801 
1721831485052.00, 106892, -590031, 884 
1721831485074.00, 118054, -587697, 946 
1721831485096.00, 128434, -585117, 965 
1721831485118.00, 135594, -582312, 979 
1721831485143.00, 140559, -579355, 993 
1721831485159.00, 144310, -576285, 1029 
1721831485182.00, 148607, -573131, 1057 
1721831485203.00, 152589, -569886, 1064 
1721831485225.00, 155295, -566537, 1082 
1721831485248.00, 157855, -563153, 1084 
1721831485269.00, 159388, -559703, 1110 
1721831485291.00, 161742, -556224, 1078 
1721831485312.00, 161086, -552694, 1044 
1721831485334.00, 158623, -549171, 1050 
1721831485359.00, 157442, -545708, 1022 
1721831485378.00, 155083, -542270, 1049 
1721831485400.00, 154933, -538896, 1091 
1721831485422.00, 157429, -535501, 1130 
1721831485444.00, 161358, -532053, 1188 
1721831485470.00, 167072, -528520, 1217 
1721831485486.00, 172088, -524867, 1232 
1721831485508.00, 175033, -521108, 1263 
1721831485531.00, 174753, -517287, 1275 
1721831485552.00, 174787, -513470, 1302 
1721831485576.00, 174765, -509639, 1312 
1721831485596.00, 174492, -505824, 1325 
1721831485618.00, 174766, -502009, 1335 
1721831485640.00, 174639, -498189, 1349 
1721831485661.00, 174709, -494368, 1341 
1721831485685.00, 174695, -490565, 1333 
1721831485705.00, 174764, -486750, 1363 
1721831485727.00, 174848, -482915, 1357 
1721831485748.00, 174592, -479104, 1327 
1721831485771.00, 174391, -475282, 1313 
1721831485792.00, 174687, -471479, 1320 
1721831485814.00, 174736, -467659, 1317 
1721831485836.00, 174911, -463852, 1296 
1721831485858.00, 174635, -460023, 1273 
1721831485880.00, 174698, -456206, 1246 
1721831485904.00, 174436, -452387, 1184 
1721831485923.00, 173976, -448582, 1137 
1721831485944.00, 170856, -444793, 1077 
1721831485968.00, 165421, -441073, 987 
1721831485989.00, 156547, -437477, 847 
1721831486014.00, 142647, -434084, 745 
1721831486034.00, 128080, -431011, 597 
1721831486054.00, 73540, -428265, 466 
1721831486077.00, 41692, -426657, 426 
1721831486098.00, 23172, -425762, 250 
1721831486121.00, 12079, -425268, 52 
1721831486142.00, 5696, -425014, -132 
1721831486163.00, -5390, -424901, -294 
1721831486185.00, -21974, -425025, -574 
1721831486206.00, -48763, -425497, -794 
1721831486228.00, -78110, -426523, -817 
1721831486249.00, -96970, -428232, -889 
1721831486271.00, -112249, -430335, -990 
1721831486292.00, -127206, -432791, -976 
1721831486315.00, -135217, -435584, -982 
1721831486335.00, -140064, -438534, -1004 
1721831486357.00, -144243, -441597, -1003 
1721831486379.00, -146564, -444762, -1018 
1721831486400.00, -148755, -447962, -1042 
1721831486422.00, -151191, -451223, -1074 
1721831486446.00, -154258, -454542, -1091 
1721831486466.00, -157297, -457921, -1124 
1721831486488.00, -161111, -461377, -1129 
1721831486509.00, -163633, -464885, -1141 
1721831486532.00, -165711, -468472, -1165 
1721831486553.00, -168370, -472087, -1174 
1721831486574.00, -170653, -475776, -1192 
1721831486597.00, -172786, -479489, -1199 
1721831486618.00, -174112, -483273, -1186 
1721831486640.00, -174372, -487090, -1187 
1721831486664.00, -174398, -490887, -1182 
1721831486684.00, -174005, -494705, -1195 
1721831486706.00, -174600, -498494, -1222 
1721831486728.00, -174879, -502310, -1211 
1721831486749.00, -174609, -506128, -1211 
1721831486772.00, -174685, -509950, -1192 
1721831486793.00, -174351, -513762, -1156 
1721831486815.00, -172032, -517582, -1162 
1721831486837.00, -171075, -521324, -1157 
1721831486859.00, -170028, -525052, -1168 
1721831486881.00, -169806, -528767, -1137 
1721831486902.00, -167904, -532478, -1111 
1721831486924.00, -164901, -536160, -1125 
1721831486946.00, -164015, -539752, -1092 
1721831486968.00, -161473, -543338, -1099 
1721831486989.00, -160359, -546854, -1107 
1721831487011.00, -160226, -550368, -1080 
1721831487033.00, -158583, -553853, -1087 
1721831487055.00, -157768, -557311, -1056 
1721831487076.00, -155411, -560751, -1030 
1721831487103.00, -152442, -564127, -999 
1721831487122.00, -148667, -567451, -956 
1721831487143.00, -143776, -570669, -880 
1721831487165.00, -136244, -573792, -841 
1721831487187.00, -129414, -576749, -793 
1721831487209.00, -122502, -579552, -775 
1721831487230.00, -117188, -582214, -723 
1721831487252.00, -110887, -584753, -727 
1721831487274.00, -107443, -587154, -729 
1721831487296.00, -105376, -589483, -711 
1721831487317.00, -103229, -591782, -675 
1721831487339.00, -99597, -594009, -606 
1721831487360.00, -56323, -596142, -539 
1721831487382.00, -30608, -597376, -480 
1721831487404.00, -15392, -598057, -360 
1721831487425.00, -6636, -598403, -227 
1721831487446.00, -1533, -598553, -155 
1721831487468.00, 934, -598582, -46 
1721831487489.00, 2807, -598547, 237 
1721831487511.00, 17829, -598475, 420 
1721831487533.00, 37637, -598101, 447 
1721831487555.00, 51401, -597293, 486 
1721831487576.00, 61742, -596183, 693 
1721831487598.00, 80154, -594831, 800 
1721831487620.00, 97775, -593088, 767 
1721831487641.00, 106060, -590963, 840 
1721831487663.00, 115299, -588658, 887 
1721831487685.00, 123338, -586136, 897 
1721831487706.00, 128606, -583445, 923 
1721831487728.00, 133136, -580639, 945 
1721831487750.00, 137007, -577738, 956 
1721831487772.00, 140041, -574747, 979 
1721831487793.00, 142868, -571703, 1013 
1721831487814.00, 146468, -568569, 1055 
1721831487836.00, 151240, -565365, 1070 
1721831487858.00, 154981, -562062, 1081 
1721831487880.00, 157815, -558673, 1109 
1721831487901.00, 160812, -555225, 1139 
1721831487923.00, 164362, -551701, 1153 
1721831487944.00, 167194, -548103, 1134 
1721831487967.00, 167682, -544451, 1134 
1721831487989.00, 167785, -540791, 1130 
1721831488010.00, 167615, -537132, 1108 
1721831488032.00, 165872, -533467, 1127 
1721831488053.00, 166082, -529846, 1119 
1721831488075.00, 165600, -526223, 1152 
1721831488098.00, 167389, -522612, 1175 
1721831488119.00, 169617, -518947, 1181 
1721831488141.00, 171343, -515230, 1211 
1721831488163.00, 173846, -511488, 1221 
1721831488185.00, 174604, -507687, 1216 
1721831488209.00, 174665, -503869, 1231 
1721831488229.00, 174751, -500052, 1236 
1721831488251.00, 174744, -496235, 1236 
1721831488272.00, 174788, -492406, 1256 
1721831488294.00, 174811, -488602, 1281 
1721831488324.00, 174565, -484773, 1287 
1721831488337.00, 174630, -480956, 1283 
1721831488360.00, 174881, -477152, 1278 
1721831488381.00, 174854, -473333, 1274 
1721831488403.00, 174572, -469518, 1267 
1721831488427.00, 174707, -465695, 1256 
1721831488447.00, 174699, -461878, 1210 
1721831488469.00, 174638, -458072, 1165 
1721831488490.00, 172827, -454257, 1133 
1721831488511.00, 169707, -450480, 1072 
1721831488537.00, 163985, -446785, 994 
1721831488557.00, 155682, -443231, 903 
1721831488580.00, 145210, -439858, 783 
1721831488600.00, 131797, -436722, 677 
1721831488622.00, 117425, -433867, 555 
1721831488643.00, 101331, -431350, 424 
1721831488665.00, 57808, -429169, 277 
1721831488687.00, 32135, -427930, 176 
1721831488709.00, 16752, -427223, -40 
1721831488730.00, 5692, -426855, -288 
1721831488752.00, -15262, -426730, -342 
1721831488774.00, -31073, -427046, -545 
1721831488795.00, -52670, -427718, -672 
1721831488817.00, -73277, -428858, -788 
1721831488839.00, -92475, -430445, -842 
1721831488864.00, -107027, -432456, -914 
1721831488882.00, -119878, -434815, -958 
1721831488904.00, -130069, -437426, -982 
1721831488923.00, -137423, -440262, -1006 
1721831488946.00, -143186, -443285, -1015 
1721831488968.00, -147155, -446406, -1021 
1721831488989.00, -149601, -449624, -1046 
1721831489011.00, -152401, -452907, -1044 
1721831489032.00, -153909, -456227, -1064 
1721831489055.00, -155937, -459597, -1085 
1721831489078.00, -158519, -463006, -1117 
1721831489098.00, -161641, -466462, -1123 
1721831489120.00, -163635, -470003, -1122 
1721831489142.00, -164783, -473580, -1130 
1721831489164.00, -165717, -477188, -1113 
1721831489186.00, -165340, -480804, -1119 
1721831489209.00, -165199, -484417, -1131 
1721831489229.00, -165844, -488033, -1149 
1721831489251.00, -167315, -491650, -1142 
1721831489273.00, -167808, -495309, -1161 
1721831489297.00, -168944, -498951, -1158 
1721831489316.00, -169418, -502658, -1130 
1721831489338.00, -167811, -506354, -1150 
1721831489360.00, -167925, -510036, -1153 
1721831489382.00, -168049, -513687, -1140 
1721831489408.00, -167378, -517374, -1161 
1721831489426.00, -168207, -521026, -1131 
1721831489447.00, -166948, -524689, -1134 
1721831489469.00, -166289, -528329, -1137 
1721831489491.00, -165860, -531960, -1107 
1721831489514.00, -163556, -535589, -1085 
1721831489535.00, -161038, -539154, -1045 
1721831489557.00, -156992, -542685, -1006 
1721831489580.00, -152047, -546095, -952 
1721831489601.00, -145915, -549402, -950 
1721831489624.00, -142076, -552578, -919 
1721831489645.00, -137916, -555649, -906 
1721831489667.00, -134567, -558651, -907 
1721831489689.00, -132740, -561575, -905 
1721831489710.00, -131580, -564447, -897 
1721831489737.00, -130327, -567310, -925 
1721831489753.00, -131194, -570147, -944 
1721831489776.00, -132698, -572998, -941 
1721831489797.00, -133612, -575902, -938 
1721831489819.00, -133610, -578801, -953 
1721831489841.00, -134435, -581714, -918 
1721831489862.00, -133188, -584641, -881 
1721831489884.00, -130046, -587525, -862 
1721831489905.00, -126872, -590338, -803 
1721831489927.00, -121361, -593101, -709 
1721831489951.00, -68624, -595712, -615 
1721831489971.00, -37558, -597204, -549 
1721831489992.00, -19420, -598024, -357 
1721831490014.00, -8934, -598466, -263 
1721831490035.00, -3006, -598667, -189 
1721831490058.00, 69, -598729, -82 
1721831490079.00, 2284, -598717, 131 
1721831490100.00, 11189, -598654, 398 
1721831490121.00, 32798, -598409, 486 
1721831490143.00, 50877, -597718, 623 
1721831490164.00, 69601, -596621, 751 
1721831490186.00, 88314, -595112, 833 
1721831490208.00, 104669, -593182, 879 
1721831490230.00, 116675, -590895, 942 
1721831490252.00, 127788, -588358, 963 
1721831490275.00, 135272, -585564, 980 
1721831490294.00, 140666, -582613, 1010 
1721831490316.00, 145682, -579532, 1025 
1721831490337.00, 149323, -576344, 1044 
1721831490359.00, 152525, -573070, 1060 
1721831490383.00, 155123, -569743, 1063 
1721831490402.00, 156642, -566352, 1046 
1721831490425.00, 156669, -562936, 1046 
1721831490447.00, 156553, -559518, 1041 
1721831490468.00, 156031, -556095, 1079 
1721831490490.00, 157691, -552691, 1083 
1721831490512.00, 159214, -549237, 1106 
1721831490534.00, 161360, -545764, 1163 
1721831490556.00, 165682, -542226, 1189 
1721831490578.00, 169861, -538609, 1180 
1721831490601.00, 171628, -534884, 1203 
1721831490621.00, 174032, -531135, 1222 
1721831490643.00, 174651, -527325, 1203 
1721831490664.00, 174747, -523519, 1199 
1721831490686.00, 174699, -519705, 1194 
1721831490708.00, 174738, -515882, 1177 
1721831490730.00, 174034, -512062, 1164 
1721831490752.00, 172511, -508261, 1159 
1721831490774.00, 171438, -504486, 1118 
1721831490796.00, 168227, -500748, 1146 
1721831490817.00, 168089, -497082, 1185 
1721831490839.00, 170289, -493407, 1224 
1721831490860.00, 173779, -489684, 1273 
1721831490883.00, 174783, -485884, 1289 
1721831490905.00, 174769, -482062, 1324 
1721831490926.00, 174615, -478245, 1315 
1721831490948.00, 174698, -474428, 1319 
1721831490970.00, 174876, -470611, 1328 
1721831490992.00, 174817, -466802, 1316 
1721831491014.00, 174620, -462977, 1273 
1721831491036.00, 174609, -459166, 1204 
1721831491057.00, 174575, -455369, 1123 
1721831491079.00, 169777, -451558, 1033 
1721831491102.00, 161575, -447855, 943 
1721831491124.00, 150980, -444359, 832 
1721831491145.00, 137943, -441098, 702 
1721831491167.00, 122292, -438114, 561 
1721831491189.00, 104430, -435468, 428 
1721831491213.00, 85728, -433219, 259 
1721831491233.00, 64698, -431397, 144 
1721831491253.00, 36348, -430008, -10 
1721831491276.00, -1678, -429216, -151 
1721831491297.00, -11624, -429214, -280 
1721831491319.00, -24686, -429466, -489 
1721831491340.00, -44979, -429991, -594 
1721831491362.00, -63339, -430950, -626 
1721831491383.00, -76055, -432322, -693 
1721831491405.00, -87586, -433985, -787 
1721831491427.00, -99971, -435892, -817 
1721831491448.00, -109182, -438072, -860 
1721831491470.00, -117259, -440447, -925 
1721831491492.00, -125734, -443014, -938 
1721831491513.00, -131406, -445754, -953 
1721831491535.00, -135660, -448616, -961 
1721831491557.00, -138445, -451586, -986 
1721831491579.00, -141646, -454608, -990 
1721831491600.00, -143777, -457689, -1016 
1721831491621.00, -146321, -460839, -1051 
1721831491643.00, -150041, -464030, -1051 
1721831491665.00, -152144, -467315, -1073 
1721831491687.00, -154380, -470645, -1098 
1721831491715.00, -157346, -474025, -1109 
1721831491734.00, -159719, -477473, -1122 
1721831491752.00, -161755, -480960, -1133 
1721831491774.00, -163582, -484497, -1159 
1721831491796.00, -166219, -488077, -1175 
1721831491825.00, -168762, -491707, -1185 
1721831491840.00, -170924, -495398, -1192 
1721831491861.00, -172347, -499118, -1197 
1721831491883.00, -173331, -502895, -1214 
1721831491904.00, -174640, -506680, -1206 
1721831491927.00, -174598, -510503, -1219 
1721831491949.00, -174664, -514308, -1231 
1721831491971.00, -174904, -518132, -1221 
1721831491992.00, -174873, -521949, -1218 
1721831492014.00, -174676, -525774, -1221 
1721831492035.00, -174532, -529586, -1185 
1721831492058.00, -173451, -533406, -1152 
1721831492080.00, -170920, -537185, -1160 
1721831492101.00, -169843, -540914, -1122 
1721831492123.00, -166897, -544615, -1088 
1721831492145.00, -162645, -548257, -1100 
1721831492167.00, -160978, -551816, -1100 
1721831492188.00, -159924, -555319, -1068 
1721831492212.00, -157305, -558817, -1030 
1721831492233.00, -153327, -562243, -999 
1721831492262.00, -148924, -565572, -951 
1721831492276.00, -143469, -568812, -873 
1721831492298.00, -135399, -571910, -841 
1721831492320.00, -128810, -574857, -801 
1721831492342.00, -122495, -577653, -774 
1721831492364.00, -117198, -580297, -768 
1721831492385.00, -113486, -582860, -736 
1721831492406.00, -109314, -585325, -712 
1721831492429.00, -105578, -587689, -718 
1721831492450.00, -103737, -589981, -705 
1721831492474.00, -101727, -592239, -672 
1721831492494.00, -98663, -594443, -598 
1721831492515.00, -55850, -596552, -539 
1721831492538.00, -30013, -597769, -489 
1721831492558.00, -15204, -598446, -364 
1721831492580.00, -6603, -598786, -282 
1721831492602.00, -1514, -598932, -220 
1721831492623.00, 1089, -598964, -125 
1721831492645.00, 2982, -598933, 99 
1721831492667.00, 9925, -598855, 350 
1721831492688.00, 28960, -598640, 471 
1721831492710.00, 47614, -598022, 645 
1721831492731.00, 69202, -596995, 783 
1721831492753.00, 90121, -595501, 853 
1721831492775.00, 106850, -593530, 907 
1721831492802.00, 119913, -591193, 970 
1721831492818.00, 131309, -588582, 981 
1721831492839.00, 138448, -585714, 1002 
1721831492860.00, 143925, -582686, 1026 
1721831492883.00, 148589, -579536, 1031 
1721831492904.00, 151509, -576282, 1057 
1721831492925.00, 154546, -572973, 1087 
1721831492948.00, 158063, -569599, 1103 
1721831492970.00, 161067, -566137, 1127 
1721831492991.00, 164118, -562619, 1147 
1721831493016.00, 167075, -559031, 1155 
1721831493035.00, 169141, -555379, 1185 
1721831493056.00, 172157, -551672, 1201 
1721831493079.00, 174613, -547915, 1197 
1721831493101.00, 174770, -544094, 1219 
1721831493122.00, 174639, -540282, 1238 
1721831493144.00, 174739, -536467, 1219 
1721831493166.00, 174618, -532650, 1232 
1721831493187.00, 174769, -528835, 1192 
1721831493210.00, 174869, -525009, 1181 
1721831493233.00, 174687, -521194, 1203 
1721831493253.00, 174700, -517378, 1205 
1721831493274.00, 174796, -513570, 1244 
1721831493297.00, 174933, -509743, 1266 
1721831493319.00, 174581, -505927, 1292 
1721831493342.00, 174727, -502108, 1328 
1721831493362.00, 174730, -498276, 1364 
1721831493384.00, 174648, -494464, 1378 
1721831493406.00, 174728, -490649, 1423 
1721831493428.00, 174772, -486835, 1446 
1721831493450.00, 174744, -483004, 1457 
1721831493471.00, 174629, -479199, 1459 
1721831493492.00, 174651, -475369, 1453 
1721831493514.00, 174630, -471562, 1448 
1721831493537.00, 174733, -467748, 1436 
1721831493560.00, 174797, -463937, 1391 
1721831493581.00, 174800, -460116, 1368 
1721831493602.00, 174797, -456301, 1345 
1721831493623.00, 174578, -452482, 1304 
1721831493646.00, 174647, -448683, 1244 
1721831493671.00, 174653, -444868, 1203 
1721831493689.00, 174402, -441071, 1130 
1721831493710.00, 170821, -437247, 1033 
1721831493734.00, 162794, -433529, 896 
1721831493756.00, 149645, -430005, 748 
1721831493782.00, 86032, -426781, 585 
1721831493799.00, 48899, -424923, 536 
1721831493821.00, 27277, -423870, 258 
1721831493842.00, 15024, -423283, 20 
1721831493864.00, 7922, -422970, -222 
1721831493888.00, -9023, -422813, -357 
1721831493907.00, -27916, -423006, -627 
1721831493929.00, -55123, -423598, -857 
1721831493950.00, -85374, -424776, -797 
1721831493972.00, -99819, -426632, -924 
1721831493996.00, -115891, -428813, -968 
1721831494015.00, -127894, -431341, -949 
1721831494037.00, -133825, -434129, -991 
1721831494059.00, -139678, -437050, -988 
1721831494079.00, -142774, -440092, -1003 
1721831494101.00, -145510, -443214, -1022 
1721831494123.00, -148219, -446397, -1031 
1721831494145.00, -150261, -449631, -1053 
1721831494166.00, -152746, -452919, -1069 
1721831494188.00, -154929, -456258, -1090 
1721831494213.00, -157688, -459653, -1110 
1721831494232.00, -160387, -463089, -1135 
1721831494254.00, -163244, -466601, -1159 
1721831494276.00, -166361, -470178, -1171 
1721831494298.00, -168691, -473804, -1185 
1721831494322.00, -170851, -477504, -1197 
1721831494341.00, -172754, -481234, -1221 
1721831494363.00, -174930, -485020, -1225 
1721831494384.00, -174972, -488833, -1265 
1721831494406.00, -174780, -492655, -1251 
1721831494432.00, -174615, -496477, -1259 
1721831494450.00, -174516, -500302, -1255 
1721831494472.00, -174758, -504117, -1278 
1721831494494.00, -174781, -507926, -1275 
1721831494516.00, -174865, -511749, -1277 
1721831494538.00, -174687, -515557, -1277 
1721831494559.00, -174588, -519386, -1274 
1721831494581.00, -174585, -523204, -1231 
1721831494603.00, -174626, -527011, -1229 
1721831494624.00, -174687, -530805, -1201 
1721831494647.00, -174790, -534636, -1190 
1721831494668.00, -174113, -538455, -1177 
1721831494690.00, -173097, -542265, -1137 
1721831494712.00, -169901, -546043, -1108 
1721831494734.00, -166386, -549763, -1076 
1721831494755.00, -162147, -553374, -1051 
1721831494777.00, -158192, -556912, -1039 
1721831494800.00, -155078, -560363, -1025 
1721831494821.00, -152413, -563726, -1015 
1721831494843.00, -150054, -567056, -1005 
1721831494866.00, -148085, -570326, -990 
1721831494888.00, -145941, -573548, -957 
1721831494909.00, -142507, -576715, -942 
1721831494931.00, -139518, -579802, -932 
1721831494953.00, -137102, -582851, -859 
1721831494977.00, -131383, -585824, -815 
1721831494996.00, -124943, -588668, -764 
1721831495018.00, -118305, -591375, -683 
1721831495039.00, -109243, -593924, -600 
1721831495061.00, -62081, -596267, -506 
1721831495082.00, -34092, -597626, -450 
1721831495104.00, -17552, -598380, -321 
1721831495126.00, -7997, -598776, -189 
1721831495147.00, -2710, -598951, -66 
1721831495168.00, 17, -599014, -44 
1721831495191.00, 1759, -599015, 26 
1721831495214.00, 4433, -598969, 178 
1721831495234.00, 15391, -598854, 437 
1721831495255.00, 37197, -598519, 732 
1721831495277.00, 68290, -597733, 658 
1721831495299.00, 82279, -596268, 827 
1721831495323.00, 100275, -594475, 955 
1721831495342.00, 118552, -592283, 974 
1721831495364.00, 130453, -589679, 994 
1721831495384.00, 138706, -586833, 1049 
1721831495406.00, 146823, -583797, 1028 
1721831495431.00, 150182, -580583, 1067 
1721831495450.00, 154613, -577301, 1047 
1721831495471.00, 155776, -573918, 1058 
1721831495493.00, 156959, -570527, 1078 
1721831495515.00, 158466, -567101, 1059 
1721831495537.00, 158361, -563633, 1096 
1721831495558.00, 160363, -560174, 1109 
1721831495581.00, 162128, -556664, 1139 
1721831495602.00, 164939, -553131, 1147 
1721831495624.00, 166926, -549522, 1161 
1721831495647.00, 168997, -545872, 1169 
1721831495668.00, 170585, -542166, 1173 
1721831495689.00, 171661, -538452, 1187 
1721831495711.00, 173399, -534698, 1208 
1721831495733.00, 174805, -530910, 1207 
1721831495759.00, 174592, -527080, 1234 
1721831495777.00, 174774, -523280, 1269 
1721831495799.00, 174843, -519455, 1273 
1721831495821.00, 174765, -515633, 1289 
1721831495843.00, 174729, -511816, 1316 
1721831495865.00, 174779, -508000, 1326 
1721831495886.00, 174777, -504181, 1327 
1721831495908.00, 174712, -500367, 1333 
1721831495930.00, 174834, -496554, 1321 
1721831495951.00, 174970, -492726, 1286 
1721831495972.00, 174700, -488914, 1285 
1721831495995.00, 174627, -485094, 1301 
1721831496016.00, 174992, -481283, 1304 
1721831496038.00, 174816, -477466, 1341 
1721831496060.00, 174837, -473650, 1336 
1721831496082.00, 174886, -469821, 1354 
1721831496104.00, 174784, -465999, 1369 
1721831496126.00, 174496, -462190, 1343 
1721831496148.00, 174738, -458376, 1310 
1721831496169.00, 174912, -454564, 1286 
1721831496192.00, 174523, -450757, 1242 
1721831496213.00, 174740, -446942, 1195 
1721831496235.00, 174492, -443131, 1119 
1721831496256.00, 170138, -439315, 1057 
1721831496280.00, 163787, -435608, 981 
1721831496302.00, 155285, -432068, 895 
1721831496322.00, 88962, -428713, 770 
1721831496344.00, 50587, -426767, 739 
1721831496366.00, 28086, -425688, 559 
1721831496388.00, 15071, -425075, 351 
1721831496409.00, 7696, -424748, 189 
1721831496430.00, 3073, -424596, -75 
1721831496452.00, -3669, -424537, -282 
1721831496474.00, -20418, -424611, -426 
1721831496495.00, -38683, -425048, -651 
1721831496517.00, -63144, -425880, -859 
1721831496539.00, -90283, -427241, -821 
1721831496560.00, -104075, -429208, -931 
1721831496583.00, -118881, -431482, -973 
1721831496604.00, -129989, -434080, -965 
1721831496625.00, -136014, -436914, -1001 
1721831496646.00, -141619, -439886, -1018 
1721831496668.00, -146026, -442990, -1028 
1721831496691.00, -148985, -446186, -1048 
1721831496712.00, -151999, -449422, -1071 
1721831496734.00, -155057, -452760, -1096 
1721831496755.00, -158071, -456132, -1122 
1721831496777.00, -161639, -459607, -1156 
1721831496799.00, -165495, -463127, -1190 
1721831496821.00, -169743, -466749, -1200 
1721831496843.00, -172636, -470467, -1232 
1721831496864.00, -174707, -474250, -1240 
1721831496886.00, -174603, -478071, -1231 
1721831496908.00, -174784, -481872, -1238 
1721831496930.00, -174845, -485688, -1234 
1721831496952.00, -174793, -489509, -1232 
1721831496974.00, -174639, -493349, -1231 
1721831496995.00, -174557, -497155, -1217 
1721831497017.00, -174705, -500978, -1223 
1721831497039.00, -174833, -504785, -1228 
1721831497061.00, -174714, -508600, -1227 
1721831497083.00, -174487, -512415, -1230 
1721831497105.00, -174574, -516243, -1224 
1721831497126.00, -174533, -520069, -1206 
1721831497147.00, -174549, -523878, -1207 
1721831497170.00, -174973, -527691, -1197 
1721831497192.00, -174846, -531498, -1188 
1721831497214.00, -174326, -535320, -1179 
1721831497236.00, -173330, -539120, -1148 
1721831497258.00, -170736, -542922, -1143 
1721831497279.00, -168918, -546639, -1141 
1721831497301.00, -167702, -550340, -1174 
1721831497322.00, -168796, -553982, -1171 
1721831497344.00, -169395, -557680, -1148 
1721831497366.00, -168050, -561371, -1148 
1721831497389.00, -167285, -565038, -1090 
1721831497410.00, -163135, -568691, -1028 
1721831497432.00, -156877, -572240, -983 
1721831497455.00, -150317, -575645, -951 
1721831497476.00, -144435, -578911, -892 
1721831497499.00, -137371, -582055, -841 
1721831497519.00, -130045, -585031, -751 
1721831497541.00, -120061, -587826, -634 
1721831497563.00, -107353, -590434, -522 
1721831497585.00, -92954, -592747, -445 
1721831497607.00, -52590, -594739, -362 
1721831497628.00, -28678, -595882, -284 
1721831497650.00, -14421, -596516, -180 
1721831497671.00, -6258, -596827, -18 
1721831497692.00, -1466, -596957, 125 
1721831497714.00, 8202, -596982, 261 
1721831497736.00, 22779, -596816, 421 
1721831497757.00, 40841, -596333, 644 
1721831497779.00, 65015, -595469, 794 
1721831497801.00, 88488, -594060, 819 
1721831497822.00, 103832, -592145, 869 
1721831497844.00, 115601, -589872, 951 
1721831497866.00, 127381, -587346, 981 
1721831497888.00, 136231, -584560, 982 
1721831497908.00, 141287, -581588, 1008 
1721831497930.00, 145639, -578507, 1048 
1721831497952.00, 150689, -575313, 1078 
1721831497973.00, 155237, -572018, 1103 
1721831497995.00, 159487, -568614, 1139 
1721831498017.00, 163947, -565129, 1169 
1721831498039.00, 168231, -561546, 1178 
1721831498060.00, 171439, -557855, 1178 
1721831498083.00, 173217, -554116, 1203 
1721831498104.00, 174831, -550330, 1206 
1721831498126.00, 174609, -546520, 1204 
1721831498149.00, 174655, -542705, 1238 
1721831498170.00, 174825, -538886, 1253 
1721831498192.00, 174795, -535064, 1250 
1721831498213.00, 174709, -531246, 1267 
1721831498235.00, 174609, -527419, 1290 
1721831498257.00, 174768, -523625, 1259 
1721831498279.00, 174802, -519804, 1264 
1721831498301.00, 174856, -515982, 1278 
1721831498322.00, 174826, -512169, 1280 
1721831498344.00, 174693, -508350, 1272 
1721831498366.00, 174677, -504530, 1281 
1721831498388.00, 174833, -500714, 1299 
1721831498410.00, 174932, -496896, 1323 
1721831498432.00, 174833, -493077, 1347 
1721831498453.00, 174823, -489259, 1369 
1721831498475.00, 174734, -485438, 1413 
1721831498497.00, 174598, -481615, 1412 
1721831498518.00, 174838, -477803, 1412 
1721831498541.00, 174953, -473993, 1426 
1721831498563.00, 174620, -470166, 1405 
1721831498584.00, 174694, -466356, 1388 
1721831498605.00, 174750, -462540, 1349 
1721831498628.00, 174546, -458719, 1311 
1721831498649.00, 174622, -454912, 1259 
1721831498672.00, 174905, -451099, 1218 
1721831498693.00, 174808, -447287, 1184 
1721831498715.00, 174674, -443467, 1158 
1721831498737.00, 173143, -439656, 1127 
1721831498758.00, 170246, -435883, 1086 
1721831498780.00, 165822, -432170, 1014 
1721831498805.00, 95190, -428581, 919 
1721831498825.00, 54372, -426490, 944 
1721831498846.00, 30488, -425326, 750 
1721831498868.00, 16869, -424652, 553 
1721831498890.00, 8800, -424273, 418 
1721831498912.00, 4186, -424088, 212 
1721831498933.00, 1485, -424009, 9 
1721831498954.00, 58, -423986, -184 
1721831498976.00, -11181, -423986, -277 
1721831498997.00, -23877, -424226, -501 
1721831499019.00, -44745, -424744, -674 
1721831499040.00, -67892, -425699, -730 
1721831499062.00, -84829, -427167, -785 
1721831499084.00, -98189, -429022, -904 
1721831499106.00, -113109, -431149, -899 
1721831499127.00, -121695, -433615, -936 
1721831499149.00, -128798, -436277, -971 
1721831499171.00, -135197, -439090, -987 
1721831499191.00, -139786, -442045, -1019 
1721831499213.00, -144346, -445108, -1038 
1721831499235.00, -148112, -448257, -1076 
1721831499257.00, -152477, -451506, -1089 
1721831499279.00, -155850, -454844, -1109 
1721831499301.00, -158926, -458248, -1134 
1721831499322.00, -161946, -461733, -1147 
1721831499344.00, -164723, -465260, -1162 
1721831499366.00, -167214, -468865, -1166 
1721831499387.00, -168934, -472511, -1172 
1721831499409.00, -170114, -476211, -1188 
1721831499431.00, -171699, -479929, -1208 
1721831499452.00, -173777, -483699, -1211 
1721831499474.00, -174629, -487486, -1219 
1721831499497.00, -174914, -491306, -1184 
1721831499518.00, -174175, -495118, -1197 
1721831499540.00, -174445, -498915, -1177 
1721831499562.00, -173005, -502733, -1169 
1721831499583.00, -171841, -506508, -1178 
1721831499606.00, -171473, -510276, -1167 
1721831499627.00, -170689, -514013, -1187 
1721831499649.00, -171545, -517742, -1223 
1721831499671.00, -173902, -521481, -1226 
1721831499693.00, -174891, -525292, -1233 
1721831499714.00, -174746, -529105, -1251 
1721831499737.00, -174671, -532939, -1228 
1721831499759.00, -174594, -536745, -1242 
1721831499781.00, -174833, -540559, -1223 
1721831499802.00, -174702, -544380, -1213 
1721831499824.00, -174591, -548177, -1175 
1721831499846.00, -172609, -552001, -1136 
1721831499867.00, -168950, -555768, -1104 
1721831499889.00, -164760, -559448, -1076 
1721831499911.00, -160587, -563031, -1060 
1721831499933.00, -156931, -566540, -1048 
1721831499956.00, -154121, -569964, -998 
1721831499977.00, -149447, -573312, -999 
1721831500000.00, -146688, -576556, -959 
1721831500021.00, -142611, -579723, -916 
1721831500043.00, -137379, -582838, -914 
1721831500064.00, -134335, -585809, -843 
1721831500086.00, -127981, -588717, -768 
1721831500107.00, -119802, -591491, -698 
1721831500130.00, -110712, -594076, -583 
1721831500151.00, -62542, -596444, -515 
1721831500173.00, -33781, -597809, -457 
1721831500195.00, -17461, -598565, -341 
1721831500216.00, -7775, -598948, -247 
1721831500238.00, -1980, -599119, -189 
1721831500259.00, 641, -599164, -124 
1721831500281.00, 2783, -599151, -6 
1721831500302.00, 4109, -599073, 240 
1721831500324.00, 19385, -598975, 425 
1721831500345.00, 39288, -598574, 501 
1721831500367.00, 55795, -597728, 718 
1721831500389.00, 78620, -596526, 780 
1721831500411.00, 95802, -594824, 793 
1721831500432.00, 106531, -592739, 846 
1721831500459.00, 116015, -590412, 868 
1721831500475.00, 122995, -587894, 857 
1721831500498.00, 126129, -585211, 869 
1721831500519.00, 128691, -582464, 876 
1721831500541.00, 130519, -579673, 859 
1721831500566.00, 130320, -576814, 875 
1721831500584.00, 131145, -573980, 913 
1721831500606.00, 133676, -571125, 947 
1721831500627.00, 137284, -568219, 966 
1721831500648.00, 140373, -565229, 1010 
1721831500672.00, 144792, -562159, 1051 
1721831500692.00, 149765, -558995, 1073 
1721831500714.00, 153886, -555723, 1103 
1721831500735.00, 158151, -552344, 1097 
1721831500758.00, 160250, -548887, 1088 
1721831500782.00, 160879, -545389, 1096 
1721831500801.00, 161647, -541871, 1117 
1721831500823.00, 163131, -538342, 1125 
1721831500845.00, 164284, -534775, 1154 
1721831500866.00, 166758, -531166, 1201 
1721831500891.00, 171146, -527522, 1190 
1721831500909.00, 172859, -523793, 1181 
1721831500931.00, 173336, -520018, 1214 
1721831500954.00, 174812, -516230, 1218 
1721831500975.00, 174512, -512405, 1196 
1721831500998.00, 174727, -508576, 1202 
1721831501019.00, 174567, -504774, 1192 
1721831501041.00, 174564, -500952, 1151 
1721831501062.00, 172131, -497143, 1117 
1721831501084.00, 168578, -493394, 1108 
1721831501110.00, 165676, -489717, 1123 
1721831501128.00, 164961, -486098, 1118 
1721831501150.00, 164143, -482485, 1162 
1721831501171.00, 166202, -478904, 1224 
1721831501193.00, 170894, -475267, 1242 
1721831501220.00, 174664, -471533, 1251 
1721831501237.00, 174768, -467711, 1258 
1721831501259.00, 174793, -463881, 1255 
1721831501281.00, 174707, -460071, 1226 
1721831501302.00, 174743, -456263, 1214 
1721831501330.00, 174456, -452435, 1175 
1721831501346.00, 172522, -448630, 1133 
1721831501368.00, 168834, -444861, 1067 
1721831501391.00, 162556, -441187, 997 
1721831501413.00, 154636, -437655, 875 
1721831501436.00, 142479, -434311, 761 
1721831501456.00, 128182, -431233, 618 
1721831501478.00, 72625, -428483, 440 
1721831501499.00, 40290, -426906, 348 
1721831501521.00, 21490, -426047, 37 
1721831501546.00, 10721, -425590, -172 
1721831501563.00, -5431, -425359, -259 
1721831501585.00, -20789, -425481, -527 
1721831501608.00, -45726, -425932, -773 
1721831501629.00, -75723, -426899, -783 
1721831501655.00, -94217, -428544, -849 
1721831501673.00, -109003, -430586, -954 
1721831501694.00, -123896, -432969, -950 
1721831501716.00, -132362, -435695, -983 
1721831501737.00, -139101, -438583, -1002 
1721831501760.00, -144120, -441626, -1010 
1721831501780.00, -147383, -444782, -1026 
1721831501802.00, -150263, -448001, -1041 
1721831501823.00, -152625, -451296, -1057 
1721831501846.00, -155132, -454642, -1081 
1721831501872.00, -157890, -458023, -1095 
1721831501889.00, -160373, -461481, -1121 
1721831501911.00, -163162, -464966, -1147 
1721831501933.00, -166468, -468551, -1161 
1721831501954.00, -169144, -472176, -1172 
1721831501976.00, -171375, -475875, -1174 
1721831501998.00, -172540, -479620, -1178 
1721831502026.00, -173163, -483381, -1175 
1721831502042.00, -173517, -487175, -1170 
1721831502063.00, -173167, -490963, -1175 
1721831502085.00, -173202, -494753, -1172 
1721831502107.00, -173151, -498524, -1196 
1721831502129.00, -174419, -502303, -1213 
1721831502151.00, -174654, -506111, -1208 
1721831502173.00, -174674, -509945, -1209 
1721831502196.00, -174784, -513750, -1215 
1721831502216.00, -174756, -517576, -1187 
1721831502238.00, -174536, -521391, -1188 
1721831502260.00, -174207, -525202, -1205 
1721831502282.00, -174757, -528994, -1205 
1721831502304.00, -174640, -532831, -1201 
1721831502326.00, -174836, -536650, -1213 
1721831502347.00, -174906, -540458, -1243 
1721831502369.00, -174780, -544270, -1255 
1721831502390.00, -174440, -548086, -1255 
1721831502413.00, -174876, -551916, -1210 
1721831502435.00, -174809, -555720, -1185 
1721831502456.00, -173614, -559543, -1162 
1721831502478.00, -171673, -563316, -1114 
1721831502500.00, -167445, -567068, -1154 
1721831502522.00, -167373, -570706, -1074 
1721831502545.00, -162338, -574368, -990 
1721831502566.00, -154120, -577889, -967 
1721831502588.00, -147881, -581232, -884 
1721831502610.00, -138826, -584437, -802 
1721831502632.00, -128766, -587450, -766 
1721831502653.00, -120705, -590233, -701 
1721831502675.00, -111628, -592845, -632 
1721831502697.00, -63272, -595249, -507 
1721831502718.00, -34643, -596619, -432 
1721831502740.00, -17803, -597385, -290 
1721831502761.00, -8056, -597787, -138 
1721831502783.00, -2375, -597965, -35 
1721831502804.00, 199, -598005, 184 
1721831502826.00, 13347, -597993, 438 
1721831502848.00, 36392, -597716, 565 
1721831502870.00, 57391, -596954, 681 
1721831502891.00, 77049, -595717, 827 
1721831502913.00, 97286, -594034, 880 
1721831502934.00, 112557, -591929, 916 
1721831502956.00, 123537, -589461, 983 
1721831502978.00, 134006, -586760, 992 
1721831502998.00, 140585, -583840, 1011 
1721831503020.00, 145362, -580763, 1034 
1721831503042.00, 149512, -577574, 1046 
1721831503063.00, 152585, -574301, 1069 
1721831503086.00, 155779, -570960, 1089 
1721831503108.00, 158831, -567554, 1137 
1721831503129.00, 163300, -564082, 1158 
1721831503151.00, 167303, -560514, 1174 
1721831503173.00, 170275, -556862, 1189 
1721831503195.00, 172727, -553140, 1210 
1721831503217.00, 174844, -549367, 1222 
1721831503238.00, 174693, -545541, 1222 
1721831503259.00, 174725, -541719, 1243 
1721831503282.00, 174820, -537909, 1240 
1721831503304.00, 174770, -534088, 1262 
1721831503325.00, 174734, -530271, 1279 
1721831503347.00, 174793, -526467, 1329 
1721831503369.00, 174752, -522643, 1347 
1721831503391.00, 174419, -518809, 1362 
1721831503413.00, 174735, -515001, 1381 
1721831503435.00, 174650, -511185, 1391 
1721831503456.00, 174686, -507366, 1388 
1721831503478.00, 174733, -503559, 1376 
1721831503499.00, 174727, -499728, 1379 
1721831503522.00, 174843, -495918, 1391 
1721831503543.00, 174598, -492096, 1375 
1721831503565.00, 174528, -488274, 1358 
1721831503587.00, 174654, -484467, 1351 
1721831503609.00, 174686, -480654, 1350 
1721831503631.00, 174820, -476834, 1330 
1721831503653.00, 174698, -473022, 1325 
1721831503674.00, 174818, -469196, 1321 
1721831503696.00, 174461, -465381, 1299 
1721831503718.00, 174499, -461558, 1269 
1721831503740.00, 174788, -457759, 1223 
1721831503761.00, 174491, -453936, 1173 
1721831503784.00, 173910, -450118, 1103 
1721831503805.00, 169174, -446328, 1004 
1721831503828.00, 160233, -442636, 882 
1721831503850.00, 147650, -439171, 751 
1721831503871.00, 132091, -435974, 596 
1721831503894.00, 113511, -433126, 496 
1721831503915.00, 96266, -430686, 375 
1721831503936.00, 55787, -428632, 221 
1721831503958.00, 31865, -427432, 102 
1721831503980.00, 17812, -426731, -106 
1721831504002.00, 2889, -426348, -272 
1721831504023.00, -15496, -426282, -440 
1721831504045.00, -36194, -426599, -648 
1721831504067.00, -61577, -427379, -739 
1721831504088.00, -82080, -428705, -768 
1721831504110.00, -95867, -430480, -845 
1721831504131.00, -108268, -432559, -886 
1721831504153.00, -118290, -434944, -909 
1721831504175.00, -125609, -437526, -939 
1721831504196.00, -131615, -440252, -966 
1721831504218.00, -136832, -443133, -985 
1721831504239.00, -141017, -446107, -1013 
1721831504261.00, -144835, -449185, -1027 
1721831504283.00, -147846, -452365, -1048 
1721831504304.00, -150668, -455593, -1067 
1721831504327.00, -153677, -458902, -1094 
1721831504348.00, -157022, -462257, -1114 
1721831504369.00, -160112, -465670, -1119 
1721831504392.00, -161953, -469177, -1109 
1721831504414.00, -162380, -472716, -1089 
1721831504436.00, -161373, -476271, -1074 
1721831504457.00, -159832, -479789, -1041 
1721831504478.00, -156856, -483282, -1020 
1721831504502.00, -153809, -486699, -989 
1721831504524.00, -149953, -490036, -989 
1721831504545.00, -147658, -493311, -992 
1721831504567.00, -146488, -496510, -994 
1721831504588.00, -145724, -499689, -1012 
1721831504610.00, -146481, -502891, -1033 
1721831504632.00, -148052, -506069, -1053 
1721831504653.00, -150230, -509320, -1081 
1721831504674.00, -152952, -512598, -1091 
1721831504696.00, -155001, -515946, -1091 
1721831504719.00, -156046, -519338, -1107 
1721831504740.00, -157782, -522754, -1097 
1721831504763.00, -158242, -526216, -1103 
1721831504784.00, -158750, -529656, -1098 
1721831504806.00, -158678, -533143, -1102 
1721831504831.00, -158860, -536615, -1108 
1721831504850.00, -159361, -540068, -1123 
1721831504872.00, -160423, -543559, -1121 
1721831504893.00, -160973, -547050, -1119 
1721831504915.00, -161086, -550583, -1150 
1721831504937.00, -162970, -554093, -1139 
1721831504959.00, -163584, -557663, -1141 
1721831504981.00, -163552, -561218, -1131 
1721831505002.00, -163054, -564787, -1096 
1721831505024.00, -160556, -568366, -1080 
1721831505047.00, -157854, -571867, -1062 
1721831505067.00, -155352, -575323, -1003 
1721831505090.00, -150179, -578705, -1001 
1721831505113.00, -146928, -581988, -987 
1721831505134.00, -144125, -585173, -878 
1721831505157.00, -135999, -588290, -836 
1721831505178.00, -128707, -591247, -763 
1721831505200.00, -119778, -594020, -613 
1721831505220.00, -67535, -596583, -507 
1721831505243.00, -36566, -598066, -510 
1721831505268.00, -18685, -598876, -376 
1721831505286.00, -8604, -599294, -327 
1721831505307.00, -2515, -599482, -308 
1721831505328.00, 316, -599536, -224 
1721831505350.00, 2593, -599529, -118 
1721831505372.00, 3966, -599465, 96 
1721831505394.00, 10288, -599365, 265 
1721831505415.00, 24283, -599140, 430 
1721831505436.00, 42644, -598626, 538 
1721831505459.00, 59713, -597707, 691 
1721831505480.00, 79115, -596403, 835 
1721831505501.00, 99196, -594687, 854 
1721831505524.00, 112135, -592521, 939 
1721831505546.00, 124900, -590063, 976 
1721831505567.00, 134480, -587345, 975 
1721831505588.00, 140082, -584406, 1023 
1721831505609.00, 146140, -581342, 1036 
1721831505632.00, 150517, -578148, 1032 
1721831505653.00, 152628, -574856, 1064 
1721831505674.00, 155610, -571522, 1069 
1721831505698.00, 157548, -568116, 1071 
1721831505718.00, 158722, -564662, 1083 
1721831505740.00, 160045, -561205, 1097 
1721831505761.00, 161544, -557697, 1125 
1721831505784.00, 164032, -554173, 1158 
1721831505806.00, 167393, -550576, 1161 
1721831505827.00, 169561, -546926, 1172 
1721831505849.00, 171397, -543232, 1162 
1721831505870.00, 171849, -539482, 1178 
1721831505893.00, 172973, -535728, 1191 
1721831505915.00, 174197, -531955, 1168 
1721831505937.00, 173507, -528146, 1156 
1721831505958.00, 172195, -524354, 1141 
1721831505980.00, 170164, -520598, 1135 
1721831506002.00, 168707, -516882, 1154 
1721831506026.00, 169058, -513198, 1151 
1721831506045.00, 169051, -509499, 1177 
1721831506067.00, 170189, -505809, 1219 
1721831506089.00, 173506, -502084, 1256 
1721831506111.00, 174687, -498285, 1259 
1721831506135.00, 174704, -494461, 1272 
1721831506154.00, 174791, -490639, 1308 
1721831506176.00, 174641, -486833, 1324 
1721831506198.00, 174861, -483002, 1323 
1721831506220.00, 174614, -479188, 1333 
1721831506242.00, 174501, -475370, 1316 
1721831506264.00, 174644, -471560, 1316 
1721831506286.00, 174626, -467742, 1293 
1721831506307.00, 174768, -463927, 1295 
1721831506329.00, 174802, -460106, 1273 
1721831506352.00, 174808, -456290, 1238 
1721831506372.00, 174506, -452472, 1204 
1721831506394.00, 174507, -448666, 1125 
1721831506416.00, 170231, -444854, 1042 
1721831506439.00, 162370, -441152, 942 
1721831506462.00, 151834, -437627, 834 
1721831506483.00, 138659, -434343, 698 
1721831506505.00, 122567, -431348, 534 
1721831506526.00, 69954, -428728, 349 
1721831506548.00, 39084, -427207, 228 
1721831506571.00, 21184, -426369, -80 
1721831506591.00, 5705, -425910, -282 
1721831506613.00, -14954, -425783, -417 
1721831506634.00, -35490, -426090, -659 
1721831506656.00, -62169, -426840, -756 
1721831506677.00, -83916, -428190, -825 
1721831506699.00, -101048, -430006, -903 
1721831506721.00, -115784, -432224, -945 
1721831506743.00, -126870, -434758, -970 
1721831506765.00, -134973, -437527, -989 
1721831506786.00, -140795, -440456, -989 
1721831506808.00, -143968, -443532, -1013 
1721831506829.00, -147319, -446678, -1015 
1721831506850.00, -149121, -449895, -1018 
1721831506872.00, -150457, -453158, -1034 
1721831506894.00, -152016, -456441, -1045 
1721831506916.00, -153659, -459767, -1057 
1721831506937.00, -155135, -463105, -1054 
1721831506959.00, -155820, -466500, -1078 
1721831506981.00, -157298, -469910, -1087 
1721831507003.00, -158745, -473347, -1091 
1721831507025.00, -159734, -476821, -1106 
1721831507046.00, -160730, -480315, -1106 
1721831507068.00, -161701, -483840, -1108 
1721831507090.00, -162250, -487381, -1096 
1721831507112.00, -161701, -490911, -1119 
1721831507134.00, -162665, -494450, -1140 
1721831507155.00, -164573, -497995, -1143 
1721831507178.00, -165897, -501612, -1150 
1721831507199.00, -167147, -505226, -1176 
1721831507221.00, -169241, -508878, -1188 
1721831507243.00, -170588, -512574, -1175 
1721831507265.00, -170983, -516315, -1192 
1721831507287.00, -171964, -520063, -1219 
1721831507308.00, -174149, -523818, -1187 
1721831507330.00, -173771, -527617, -1191 
1721831507352.00, -173566, -531409, -1204 
1721831507374.00, -173968, -535202, -1156 
1721831507396.00, -171541, -539006, -1124 
1721831507417.00, -167829, -542750, -1096 
1721831507439.00, -164059, -546408, -1081 
1721831507461.00, -160702, -549998, -1066 
1721831507483.00, -157900, -553494, -1015 
1721831507504.00, -153136, -556938, -1026 
1721831507528.00, -150910, -560269, -985 
1721831507549.00, -147115, -563535, -941 
1721831507571.00, -142006, -566728, -944 
1721831507593.00, -139067, -569819, -916 
1721831507615.00, -135738, -572840, -887 
1721831507636.00, -131805, -575789, -874 
1721831507657.00, -128770, -578644, -836 
1721831507679.00, -124550, -581440, -793 
1721831507701.00, -119549, -584143, -765 
1721831507723.00, -114690, -586734, -730 
1721831507745.00, -109863, -589221, -671 
1721831507767.00, -103459, -591598, -577 
1721831507788.00, -93885, -593826, -462 
1721831507810.00, -53092, -595837, -395 
1721831507831.00, -28619, -596991, -363 
1721831507853.00, -14256, -597637, -292 
1721831507874.00, -6016, -597962, -238 
1721831507896.00, -1291, -598103, -247 
1721831507918.00, 719, -598137, -241 
1721831507939.00, 2343, -598127, -211 
1721831507961.00, 3580, -598079, -183 
1721831507983.00, 4096, -598007, -165 
1721831508004.00, 4289, -597915, -148 
1721831508025.00, 4294, -597820, -122 
1721831508047.00, 4231, -597723, -99 
1721831508069.00, 4427, -597631, -82 
1721831508091.00, 4264, -597539, -62 
1721831508112.00, 4236, -597442, -47 
1721831508133.00, 4038, -597351, -38 
1721831508155.00, 4152, -597263, -32 
1721831508177.00, 3981, -597176, -31 
1721831508198.00, 3835, -597088, -24 
1721831508243.00, 3702, -597005, -17 
1721831508244.00, 3639, -596924, -11 
1721831508262.00, 3567, -596847, -5 
1721831508284.00, 0, -596769, -50 
1721831508306.00, 0, -596754, -41 
1721831508327.00, 0, -596753, -47 
1721831508348.00, 0, -596754, -48 
1721831508369.00, 0, -596754, -43 
1721831508389.00, 0, -596754, -43 
1721831508410.00, 0, -596753, -38 
1721831508432.00, 0, -596753, -32 
1721831508453.00, 0, -596753, -16 
1721831508473.00, 0, -596752, -5 
1721831508494.00, 0, -596752, -3 
1721831508516.00, 0, -596752, -17 
1721831508537.00, 0, -596753, -31 
1721831508558.00, 0, -596753, -35 
1721831508578.00, 0, -596753, -35 
1721831508600.00, 0, -596752, -26 
1721831508620.00, 0, -596751, -5 
1721831508641.00, 0, -596751, -7 
1721831508662.00, 0, -596752, -10 
1721831508683.00, 0, -596751, 3 
1721831508704.00, 0, -596752, -5 
1721831508725.00, 0, -596750, 8 
1721831508746.00, 0, -596751, 4 
1721831508767.00, 0, -596750, 22 
1721831508788.00, 0, -596750, 12 
1721831508808.00, 0, -596750, 24 
1721831508829.00, 0, -596748, 30 
1721831508851.00, 0, -596750, 25 
1721831508872.00, 0, -596750, 14 
1721831508893.00, 0, -596750, 19 
1721831508913.00, 0, -596751, 11 
1721831508934.00, 0, -596751, 3 
1721831508955.00, 0, -596753, -21 
1721831508976.00, 0, -596755, -67 
1721831508998.00, 0, -596755, -57 
1721831509018.00, 0, -596755, -70 
1721831509039.00, 0, -596755, -52 
1721831509060.00, 0, -596756, -67 
1721831509081.00, 0, -596755, -61 
1721831509102.00, 0, -596755, -60 
1721831509123.00, 0, -596755, -60 
1721831509145.00, 0, -596754, -60 
1721831509165.00, 0, -596756, -65 
1721831509187.00, 0, -596754, -53 
1721831509208.00, 0, -596755, -67 
1721831509229.00, 0, -596755, -56 
1721831509250.00, 0, -596755, -65 
1721831509271.00, 0, -596756, -55 
1721831509292.00, 0, -596755, -67 
1721831509312.00, 0, -596755, -58 
1721831509333.00, 0, -596755, -60 
1721831509354.00, 0, -596756, -62 
1721831509376.00, 0, -596755, -59 
1721831509397.00, 0, -596756, -62 
1721831509417.00, 0, -596754, -59 
1721831509439.00, 0, -596755, -66 
1721831509459.00, 0, -596755, -55 
1721831509481.00, 0, -596756, -65 
1721831509502.00, 0, -596755, -59 
1721831509523.00, 0, -596755, -63 
1721831509544.00, 0, -596755, -58 
1721831509565.00, 0, -596756, -62 
1721831509586.00, 0, -596755, -62 
1721831509607.00, 0, -596754, -59 
1721831509627.00, 0, -596755, -63 
1721831509650.00, 0, -596759, -111 
1721831509671.00, 0, -596760, -148 
1721831509692.00, 0, -596759, -114 
1721831509712.00, 0, -596759, -114 
1721831509733.00, 0, -596756, -85 
1721831509755.00, 0, -596757, -87 
1721831509776.00, 0, -596759, -95 
1721831509796.00, 0, -596758, -100 
1721831509818.00, 0, -596759, -115 
1721831509839.00, 0, -596759, -114 
1721831509860.00, 0, -596760, -128 
1721831509881.00, 0, -596759, -125 
1721831509902.00, 0, -596759, -132 
1721831509924.00, 0, -596759, -120 
1721831509945.00, 0, -596758, -125 
1721831509966.00, 0, -596759, -122 
1721831509987.00, 0, -596759, -120 
1721831510008.00, 0, -596759, -123 
1721831510045.00, 0, -596759, -124 
1721831510049.00, 0, -596759, -127 
1721831510071.00, 0, -596759, -124 
1721831510092.00, 0, -596759, -124 
1721831510114.00, 0, -596759, -122 
1721831510135.00, 0, -596759, -122 
1721831510156.00, 0, -596759, -122 
1721831510177.00, 0, -596759, -123 
1721831510198.00, 0, -596759, -123 
1721831510219.00, 0, -596759, -122 
1721831510240.00, 0, -596759, -120 
1721831510261.00, 0, -596759, -118 
1721831510282.00, 0, -596759, -117 
1721831510304.00, 0, -596759, -117 
1721831510325.00, 0, -596759, -117 
1721831510346.00, 0, -596759, -119 
1721831510367.00, 0, -596759, -117 
1721831510387.00, 0, -596758, -116 
1721831510409.00, 0, -596759, -116 
1721831510431.00, 0, -596759, -117 
1721831510451.00, 0, -596758, -117 
1721831510472.00, 0, -596758, -116 
1721831510494.00, 0, -596760, -116 
1721831510515.00, 0, -596758, -116 
1721831510536.00, 0, -596758, -116 
1721831510557.00, 0, -596759, -116 
1721831510578.00, 0, -596759, -117 
1721831510598.00, 0, -596758, -117 
1721831510620.00, 0, -596758, -116 
1721831510642.00, 0, -596759, -115 
1721831510662.00, 0, -596758, -114 
1721831510684.00, 0, -596759, -115 
1721831510705.00, 0, -596759, -116 
1721831510725.00, 0, -596759, -117 
1721831510747.00, 0, -596759, -117 
1721831510768.00, 0, -596758, -117 
1721831510788.00, 0, -596758, -117 
1721831510810.00, 0, -596759, -117 
1721831510831.00, 0, -596758, -116 
1721831510852.00, 0, -596759, -116 
1721831510873.00, 0, -596759, -114 
1721831510895.00, 0, -596759, -113 
1721831510916.00, 0, -596759, -114 
1721831510937.00, 0, -596759, -113 
1721831510958.00, 0, -596758, -113 
1721831510979.00, 0, -596758, -112 
1721831511000.00, 0, -596759, -111 
1721831511021.00, 0, -596758, -111 
1721831511042.00, 0, -596759, -112 
1721831511064.00, 0, -596759, -111 
1721831511085.00, 0, -596760, -112 
1721831511105.00, 0, -596758, -112 
1721831511127.00, 0, -596759, -112 
1721831511148.00, 0, -596758, -112 
1721831511169.00, 0, -596759, -112 
1721831511190.00, 0, -596759, -113 
1721831511212.00, 0, -596759, -113 
