1721050212142.00, 898, -593471, -390 
1721050212164.00, 921, -593451, -388 
1721050212184.00, 844, -593433, -383 
1721050212206.00, 815, -593413, -382 
1721050212228.00, 784, -593396, -386 
1721050212253.00, 746, -593380, -391 
1721050212271.00, 682, -593363, -393 
1721050212293.00, 715, -593349, -388 
1721050212314.00, 723, -593334, -386 
1721050212336.00, 716, -593318, -383 
1721050212361.00, 746, -593302, -377 
1721050212379.00, 704, -593286, -373 
1721050212400.00, 691, -593272, -370 
1721050212422.00, 658, -593257, -370 
1721050212443.00, 614, -593242, -367 
1721050212467.00, 586, -593228, -363 
1721050212487.00, 558, -593214, -363 
1721050212508.00, 638, -593205, -362 
1721050212529.00, 601, -593191, -360 
1721050212551.00, 556, -593176, -354 
1721050212572.00, 522, -593165, -351 
1721050212595.00, 494, -593153, -347 
1721050212616.00, 530, -593142, -342 
1721050212637.00, 523, -593131, -337 
1721050212659.00, 500, -593120, -334 
1721050212680.00, 467, -593109, -333 
1721050212702.00, 461, -593101, -330 
1721050212724.00, 387, -593090, -327 
1721050212745.00, 382, -593080, -328 
1721050212767.00, 348, -593072, -328 
1721050212788.00, 322, -593064, -332 
1721050212810.00, 307, -593057, -333 
1721050212832.00, 295, -593050, -336 
1721050212852.00, 257, -593045, -342 
1721050212874.00, 257, -593039, -352 
1721050212896.00, 265, -593034, -356 
1721050212917.00, 288, -593027, -351 
1721050212939.00, 282, -593021, -348 
1721050212960.00, 277, -593017, -350 
1721050212982.00, 267, -593010, -354 
1721050213004.00, 271, -593004, -355 
1721050213025.00, 283, -592998, -351 
1721050213046.00, 268, -592992, -350 
1721050213068.00, 271, -592986, -352 
1721050213090.00, 275, -592980, -351 
1721050213112.00, 267, -592973, -349 
1721050213133.00, 246, -592969, -346 
1721050213154.00, 247, -592962, -345 
1721050213176.00, 240, -592958, -343 
1721050213198.00, 302, -592952, -340 
1721050213219.00, 281, -592945, -337 
1721050213241.00, 262, -592939, -335 
1721050213262.00, 229, -592934, -334 
1721050213284.00, 233, -592928, -332 
1721050213305.00, 231, -592923, -327 
1721050213327.00, 237, -592917, -321 
1721050213348.00, 262, -592912, -306 
1721050213369.00, 276, -592906, -290 
1721050213391.00, 228, -592899, -279 
1721050213412.00, 189, -592894, -277 
1721050213434.00, 179, -592891, -279 
1721050213456.00, 176, -592886, -277 
1721050213478.00, 166, -592882, -272 
1721050213499.00, 166, -592877, -270 
1721050213521.00, 156, -592874, -269 
1721050213543.00, 143, -592869, -273 
1721050213564.00, 123, -592867, -271 
1721050213585.00, 118, -592865, -271 
1721050213607.00, 130, -592862, -273 
1721050213629.00, 139, -592859, -272 
1721050213650.00, 157, -592856, -267 
1721050213672.00, 143, -592852, -260 
1721050213693.00, 135, -592849, -261 
1721050213715.00, 126, -592847, -255 
1721050213736.00, 119, -592844, -249 
1721050213758.00, 96, -592841, -254 
1721050213780.00, 73, -592840, -263 
1721050213801.00, 75, -592838, -270 
1721050213822.00, 69, -592837, -277 
1721050213844.00, 70, -592837, -286 
1721050213865.00, 76, -592835, -291 
1721050213890.00, 65, -592833, -290 
1721050213908.00, 61, -592832, -294 
1721050213929.00, 66, -592830, -298 
1721050213951.00, 88, -592829, -299 
1721050213972.00, 105, -592828, -293 
1721050213994.00, 107, -592824, -287 
1721050214015.00, 101, -592822, -284 
1721050214037.00, 104, -592819, -279 
1721050214058.00, 86, -592817, -276 
1721050214080.00, 83, -592816, -275 
1721050214101.00, 63, -592813, -279 
1721050214122.00, 64, -592812, -280 
1721050214145.00, 74, -592811, -280 
1721050214166.00, 74, -592808, -277 
1721050214187.00, 83, -592807, -274 
1721050214209.00, 84, -592806, -272 
1721050214231.00, 87, -592803, -269 
1721050214252.00, 80, -592801, -266 
1721050214273.00, 67, -592800, -265 
1721050214295.00, 68, -592799, -261 
1721050214316.00, 75, -592798, -257 
1721050214338.00, 73, -592795, -252 
1721050214359.00, 67, -592793, -247 
1721050214380.00, 62, -592792, -246 
1721050214402.00, 63, -592790, -247 
1721050214422.00, 73, -592790, -243 
1721050214445.00, 97, -592787, -236 
1721050214466.00, 103, -592785, -229 
1721050214488.00, 116, -592783, -218 
1721050214510.00, 109, -592780, -207 
1721050214531.00, 100, -592777, -206 
1721050214552.00, 81, -592774, -205 
1721050214574.00, 68, -592773, -206 
1721050214595.00, 22, -592771, -208 
1721050214616.00, 68, -592770, -214 
1721050214639.00, 60, -592770, -218 
1721050214664.00, 64, -592770, -221 
1721050214681.00, 65, -592768, -222 
1721050214703.00, 27, -592767, -218 
1721050214724.00, 12, -592768, -217 
1721050214745.00, 7, -592766, -217 
1721050214768.00, 57, -592765, -214 
1721050214788.00, 50, -592765, -217 
1721050214809.00, 52, -592763, -224 
1721050214831.00, 7, -592763, -222 
1721050214854.00, -1, -592763, -220 
1721050214874.00, 1, -592763, -222 
1721050214895.00, 0, -592763, -227 
1721050214917.00, 57, -592763, -235 
1721050214938.00, 0, -592763, -241 
1721050214959.00, -5, -592762, -246 
1721050214983.00, 0, -592763, -245 
1721050215002.00, 1, -592763, -245 
1721050215023.00, 32, -592762, -240 
1721050215045.00, 0, -592761, -235 
1721050215066.00, 0, -592761, -228 
1721050215087.00, 0, -592761, -221 
1721050215109.00, 0, -592761, -223 
1721050215130.00, -1, -592760, -224 
1721050215151.00, 0, -592761, -223 
1721050215173.00, 0, -592759, -222 
1721050215194.00, 0, -592760, -222 
1721050215215.00, 0, -592761, -222 
1721050215236.00, 16, -592759, -219 
1721050215258.00, -3, -592760, -219 
1721050215279.00, 0, -592761, -224 
1721050215300.00, 0, -592760, -228 
1721050215321.00, 9, -592760, -231 
1721050215342.00, -9, -592760, -236 
1721050215364.00, 0, -592760, -243 
1721050215385.00, 1, -592760, -246 
1721050215407.00, 0, -592760, -245 
1721050215428.00, 69, -592759, -242 
1721050215449.00, 0, -592760, -240 
1721050215471.00, 26, -592760, -239 
1721050215492.00, 18, -592760, -241 
1721050215514.00, 1, -592761, -240 
1721050215535.00, 0, -592759, -231 
1721050215557.00, 25, -592758, -222 
1721050215578.00, 33, -592759, -219 
1721050215600.00, 0, -592758, -216 
1721050215620.00, 3, -592758, -215 
1721050215642.00, 0, -592757, -210 
1721050215663.00, 0, -592757, -204 
1721050215685.00, 1, -592757, -209 
1721050215706.00, 0, -592757, -201 
1721050215728.00, 57, -592756, -195 
1721050215751.00, 0, -592755, -188 
1721050215769.00, 4, -592755, -188 
1721050215791.00, 0, -592755, -185 
1721050215813.00, 2, -592755, -181 
1721050215834.00, 0, -592754, -182 
1721050215857.00, 0, -592755, -184 
1721050215877.00, 0, -592754, -189 
1721050215898.00, 0, -592754, -192 
1721050215919.00, 0, -592754, -198 
1721050215940.00, 0, -592756, -204 
1721050215961.00, 0, -592754, -206 
1721050215982.00, 0, -592755, -208 
1721050216004.00, 0, -592755, -209 
1721050216026.00, 0, -592755, -213 
1721050216047.00, 0, -592754, -214 
1721050216068.00, 0, -592755, -213 
1721050216089.00, 0, -592753, -206 
1721050216111.00, 0, -592754, -200 
1721050216132.00, 0, -592754, -193 
1721050216153.00, 8, -592753, -189 
1721050216174.00, 0, -592753, -189 
1721050216197.00, 0, -592753, -186 
1721050216218.00, 1, -592753, -186 
1721050216238.00, 0, -592753, -189 
1721050216260.00, 0, -592754, -194 
1721050216281.00, 0, -592754, -197 
1721050216302.00, 0, -592754, -197 
1721050216324.00, 0, -592753, -198 
1721050216344.00, 0, -592753, -202 
1721050216367.00, 0, -592754, -202 
1721050216389.00, 0, -592753, -198 
1721050216415.00, -10, -592753, -191 
1721050216431.00, -45, -592752, -188 
1721050216452.00, 0, -592752, -181 
1721050216475.00, 0, -592752, -172 
1721050216495.00, 0, -592751, -162 
1721050216517.00, 0, -592750, -145 
1721050216537.00, 0, -592749, -125 
1721050216559.00, 24, -592748, -102 
1721050216580.00, 60, -592746, -67 
1721050216602.00, 125, -592741, -20 
1721050216629.00, 279, -592737, 16 
1721050216645.00, 1246, -592729, 47 
1721050216666.00, 3509, -592702, 70 
1721050216687.00, 6324, -592627, 74 
1721050216709.00, 8529, -592494, 73 
1721050216730.00, 9619, -592318, 68 
1721050216752.00, 9675, -592115, 70 
1721050216774.00, 9791, -591910, 66 
1721050216795.00, 9844, -591692, 60 
1721050216816.00, 9325, -591481, 59 
1721050216838.00, 8958, -591278, 55 
1721050216859.00, 8772, -591084, 51 
1721050216881.00, 8223, -590903, 49 
1721050216902.00, 7947, -590724, 48 
1721050216924.00, 7436, -590556, 47 
1721050216945.00, 7027, -590393, 45 
1721050216967.00, 6811, -590238, 43 
1721050216988.00, 6766, -590093, 42 
1721050217010.00, 6550, -589951, 40 
1721050217031.00, 6055, -589811, 38 
1721050217052.00, 5762, -589678, 38 
1721050217074.00, 5499, -589552, 35 
1721050217095.00, 5297, -589434, 33 
1721050217117.00, 5056, -589321, 33 
1721050217138.00, 4876, -589211, 36 
1721050217160.00, 5048, -589106, 34 
1721050217181.00, 5079, -588999, 35 
1721050217203.00, 4996, -588892, 38 
1721050217224.00, 4975, -588786, 45 
1721050217245.00, 5653, -588674, 48 
1721050217267.00, 6153, -588554, 55 
1721050217289.00, 7085, -588420, 66 
1721050217310.00, 8039, -588272, 72 
1721050217331.00, 8800, -588092, 90 
1721050217353.00, 10401, -587903, 99 
1721050217375.00, 12150, -587678, 100 
1721050217396.00, 12867, -587418, 97 
1721050217418.00, 13525, -587133, 91 
1721050217439.00, 13405, -586845, 77 
1721050217461.00, 12566, -586558, 51 
1721050217482.00, 10244, -586291, 23 
1721050217503.00, 7379, -586070, 2 
1721050217525.00, 4266, -585912, -30 
1721050217547.00, 453, -585819, -69 
1721050217568.00, -3689, -585806, -87 
1721050217596.00, -7620, -585871, -107 
1721050217612.00, -10861, -586028, -126 
1721050217633.00, -14044, -586262, -126 
1721050217654.00, -16497, -586566, -132 
1721050217676.00, -17790, -586909, -124 
1721050217698.00, -17938, -587295, -104 
1721050217722.00, -16776, -587681, -60 
1721050217741.00, -13528, -588040, 7 
1721050217762.00, -7826, -588324, 95 
1721050217784.00, 704, -588492, 171 
1721050217805.00, 10587, -588488, 233 
1721050217834.00, 20179, -588269, 295 
1721050217849.00, 29898, -587834, 344 
1721050217870.00, 38605, -587193, 366 
1721050217892.00, 44912, -586367, 389 
1721050217913.00, 50111, -585404, 413 
1721050217940.00, 54699, -584308, 441 
1721050217957.00, 59036, -583127, 459 
1721050217978.00, 62472, -581852, 470 
1721050218000.00, 65320, -580487, 500 
1721050218022.00, 68670, -579072, 522 
1721050218044.00, 72304, -577577, 520 
1721050218065.00, 73895, -576020, 564 
1721050218087.00, 77641, -574412, 598 
1721050218108.00, 81916, -572735, 601 
1721050218130.00, 84579, -570955, 585 
1721050218156.00, 84791, -569132, 635 
1721050218173.00, 88116, -567279, 639 
1721050218195.00, 90387, -565372, 658 
1721050218217.00, 92703, -563410, 675 
1721050218238.00, 95151, -561401, 673 
1721050218262.00, 96587, -559340, 703 
1721050218282.00, 99024, -557241, 725 
1721050218303.00, 102009, -555110, 729 
1721050218325.00, 103838, -552886, 735 
1721050218346.00, 105031, -550618, 739 
1721050218368.00, 105957, -548332, 743 
1721050218390.00, 106625, -546035, 761 
1721050218412.00, 108373, -543700, 775 
1721050218434.00, 109985, -541340, 759 
1721050218455.00, 109973, -538956, 777 
1721050218477.00, 111099, -536563, 800 
1721050218498.00, 113150, -534132, 759 
1721050218520.00, 111900, -531673, 776 
1721050218542.00, 112101, -529243, 804 
1721050218564.00, 113692, -526810, 803 
1721050218586.00, 114644, -524323, 804 
1721050218607.00, 115170, -521827, 821 
1721050218629.00, 116488, -519316, 842 
1721050218651.00, 118446, -516782, 850 
1721050218672.00, 120208, -514198, 858 
1721050218694.00, 121704, -511574, 849 
1721050218716.00, 122012, -508931, 833 
1721050218738.00, 121186, -506284, 835 
1721050218760.00, 120818, -503646, 837 
1721050218781.00, 120534, -501014, 832 
1721050218803.00, 119943, -498389, 823 
1721050218825.00, 119225, -495774, 831 
1721050218846.00, 119151, -493190, 841 
1721050218868.00, 119748, -490592, 849 
1721050218890.00, 120435, -487982, 828 
1721050218912.00, 119596, -485355, 825 
1721050218932.00, 118957, -482750, 826 
1721050218955.00, 118591, -480174, 823 
1721050218977.00, 118198, -477602, 795 
1721050218998.00, 116253, -475012, 779 
1721050219020.00, 114156, -472489, 801 
1721050219042.00, 114048, -470011, 795 
1721050219063.00, 113629, -467534, 763 
1721050219085.00, 111462, -465052, 742 
1721050219107.00, 108953, -462627, 740 
1721050219129.00, 107308, -460264, 710 
1721050219151.00, 104575, -457945, 687 
1721050219172.00, 101414, -455662, 660 
1721050219194.00, 97846, -453462, 617 
1721050219216.00, 93262, -451353, 600 
1721050219237.00, 89575, -449326, 537 
1721050219259.00, 83429, -447396, 517 
1721050219281.00, 78737, -445592, 488 
1721050219302.00, 73955, -443900, 435 
1721050219323.00, 67923, -442294, 413 
1721050219345.00, 63005, -440829, 383 
1721050219366.00, 58404, -439459, 340 
1721050219388.00, 52925, -438213, 290 
1721050219410.00, 46742, -437054, 236 
1721050219431.00, 39962, -436046, 186 
1721050219453.00, 32783, -435186, 135 
1721050219475.00, 25686, -434473, 84 
1721050219497.00, 18410, -433907, 39 
1721050219519.00, 11143, -433508, -29 
1721050219540.00, 2906, -433259, -72 
1721050219561.00, -4078, -433192, -110 
1721050219583.00, -10862, -433268, -151 
1721050219605.00, -17370, -433493, -188 
1721050219626.00, -23294, -433866, -213 
1721050219648.00, -28295, -434371, -241 
1721050219669.00, -32803, -434988, -255 
1721050219691.00, -36536, -435690, -261 
1721050219713.00, -38893, -436473, -275 
1721050219735.00, -38863, -437315, -284 
1721050219756.00, -39210, -438165, -298 
1721050219778.00, -40379, -439009, -296 
1721050219805.00, -40782, -439877, -303 
1721050219821.00, -41379, -440767, -320 
1721050219843.00, -42956, -441671, -318 
1721050219865.00, -43796, -442594, -341 
1721050219886.00, -45542, -443551, -387 
1721050219909.00, -49196, -444549, -368 
1721050219929.00, -50535, -445605, -385 
1721050219951.00, -52317, -446699, -403 
1721050219972.00, -54199, -447836, -418 
1721050219994.00, -56514, -449002, -415 
1721050220016.00, -57670, -450232, -416 
1721050220037.00, -58495, -451496, -435 
1721050220059.00, -59898, -452750, -436 
1721050220081.00, -60715, -454058, -433 
1721050220103.00, -61215, -455364, -436 
1721050220124.00, -61735, -456688, -441 
1721050220145.00, -62194, -458039, -468 
1721050220167.00, -64227, -459375, -463 
1721050220189.00, -64958, -460775, -479 
1721050220210.00, -66337, -462175, -517 
1721050220236.00, -69434, -463618, -511 
1721050220253.00, -70873, -465120, -546 
1721050220276.00, -73957, -466659, -528 
1721050220297.00, -74602, -468270, -541 
1721050220319.00, -75835, -469886, -505 
1721050220343.00, -74279, -471528, -514 
1721050220362.00, -73966, -473129, -497 
1721050220383.00, -72855, -474740, -521 
1721050220405.00, -73578, -476312, -517 
1721050220427.00, -73675, -477915, -538 
1721050220449.00, -75044, -479499, -527 
1721050220470.00, -75178, -481126, -551 
1721050220491.00, -76767, -482746, -556 
1721050220514.00, -77815, -484422, -587 
1721050220535.00, -80160, -486103, -592 
1721050220556.00, -81882, -487847, -597 
1721050220578.00, -83308, -489616, -563 
1721050220600.00, -82082, -491429, -609 
1721050220622.00, -84187, -493212, -594 
1721050220643.00, -84309, -495026, -619 
1721050220665.00, -85971, -496865, -617 
1721050220687.00, -86972, -498714, -635 
1721050220708.00, -88407, -500614, -634 
1721050220730.00, -89271, -502521, -623 
1721050220752.00, -89219, -504458, -647 
1721050220772.00, -90306, -506390, -616 
1721050220795.00, -89340, -508346, -622 
1721050220817.00, -89006, -510292, -641 
1721050220838.00, -90031, -512209, -618 
1721050220860.00, -89315, -514156, -655 
1721050220882.00, -90832, -516100, -632 
1721050220903.00, -90481, -518070, -653 
1721050220925.00, -91259, -520038, -624 
1721050220946.00, -90230, -522005, -606 
1721050220968.00, -88463, -523961, -611 
1721050220990.00, -87554, -525884, -595 
1721050221011.00, -86076, -527776, -616 
1721050221032.00, -86706, -529650, -568 
1721050221055.00, -83935, -531512, -572 
1721050221076.00, -82563, -533345, -585 
1721050221098.00, -82611, -535131, -554 
1721050221120.00, -80777, -536923, -596 
1721050221141.00, -82242, -538674, -577 
1721050221163.00, -81775, -540451, -616 
1721050221184.00, -84032, -542233, -604 
1721050221206.00, -84618, -544045, -613 
1721050221228.00, -85376, -545879, -616 
1721050221249.00, -86043, -547728, -625 
1721050221271.00, -86785, -549605, -618 
1721050221293.00, -87118, -551481, -604 
1721050221314.00, -86116, -553366, -620 
1721050221342.00, -86612, -555232, -552 
1721050221357.00, -83114, -557108, -540 
1721050221379.00, -80048, -558908, -519 
1721050221401.00, -77079, -560635, -513 
1721050221422.00, -74899, -562307, -494 
1721050221446.00, -72509, -563911, -485 
1721050221465.00, -70492, -565491, -485 
1721050221487.00, -69152, -567014, -468 
1721050221509.00, -67395, -568522, -471 
1721050221531.00, -66378, -569969, -465 
1721050221552.00, -65673, -571411, -446 
1721050221573.00, -64172, -572834, -461 
1721050221595.00, -64088, -574226, -458 
1721050221617.00, -63791, -575622, -453 
1721050221639.00, -63508, -576992, -443 
1721050221661.00, -62648, -578368, -449 
1721050221682.00, -62460, -579713, -432 
1721050221703.00, -61374, -581074, -412 
1721050221724.00, -59397, -582411, -418 
1721050221747.00, -58634, -583693, -408 
1721050221771.00, -57679, -584967, -406 
1721050221789.00, -56754, -586211, -401 
1721050221811.00, -56220, -587444, -363 
1721050221833.00, -53502, -588668, -405 
1721050221855.00, -54505, -589819, -379 
1721050221878.00, -53487, -590997, -365 
1721050221899.00, -52023, -592156, -357 
1721050221920.00, -50841, -593282, -341 
1721050221942.00, -28600, -594375, -326 
1721050221963.00, -15207, -595023, -332 
1721050221986.00, -7236, -595369, -325 
1721050222005.00, -2527, -595534, -334 
1721050222028.00, -3, -595598, -359 
1721050222049.00, 1149, -595602, -352 
1721050222071.00, 449, -595587, -321 
1721050222091.00, 167, -595576, -315 
1721050222114.00, 108, -595572, -312 
1721050222135.00, 61, -595568, -270 
1721050222157.00, 51, -595565, -258 
1721050222178.00, 67, -595564, -256 
1721050222200.00, 42, -595563, -233 
1721050222221.00, -6, -595561, -221 
1721050222242.00, 0, -595561, -217 
1721050222263.00, 25, -595560, -213 
1721050222285.00, 33, -595559, -192 
1721050222307.00, -5, -595558, -180 
1721050222328.00, 67, -595557, -168 
1721050222349.00, 40, -595556, -159 
1721050222371.00, 70, -595554, -138 
1721050222392.00, 123, -595551, -106 
1721050222414.00, 116, -595545, -64 
1721050222435.00, 136, -595541, -45 
1721050222457.00, 116, -595536, -3 
1721050222477.00, 107, -595532, 19 
1721050222499.00, 1232, -595527, 43 
1721050222521.00, 3349, -595500, 45 
1721050222542.00, 4682, -595429, 48 
1721050222564.00, 5838, -595331, 56 
1721050222585.00, 6743, -595211, 60 
1721050222607.00, 7760, -595065, 62 
1721050222628.00, 8373, -594899, 60 
1721050222650.00, 8600, -594720, 54 
1721050222671.00, 8162, -594537, 54 
1721050222693.00, 8220, -594360, 52 
1721050222714.00, 7891, -594187, 48 
1721050222736.00, 7593, -594015, 45 
1721050222757.00, 7052, -593853, 40 
1721050222778.00, 6637, -593699, 36 
1721050222800.00, 6020, -593558, 33 
1721050222821.00, 5448, -593427, 32 
1721050222843.00, 5052, -593309, 27 
1721050222865.00, 4592, -593199, 24 
1721050222886.00, 4126, -593101, 23 
1721050222907.00, 3684, -593011, 24 
1721050222928.00, 3541, -592932, 18 
1721050222950.00, 3161, -592853, 15 
1721050222972.00, 2671, -592788, 15 
1721050222993.00, 2402, -592731, 16 
1721050223014.00, 2270, -592680, 15 
1721050223036.00, 2165, -592632, 14 
1721050223057.00, 2139, -592587, 9 
1721050223078.00, 1212, -592541, 9 
1721050223100.00, 617, -592514, 12 
1721050223121.00, 1033, -592500, 12 
1721050223143.00, 1238, -592480, 9 
1721050223164.00, 623, -592453, 8 
1721050223186.00, 305, -592439, 9 
1721050223207.00, 96, -592432, 10 
1721050223227.00, 0, -592430, 11 
1721050223249.00, 623, -592428, 10 
1721050223270.00, 63, -592418, 10 
1721050223291.00, -4, -592417, 11 
1721050223313.00, 596, -592416, 11 
1721050223334.00, 1052, -592405, 9 
1721050223355.00, 591, -592385, 11 
1721050223377.00, 1099, -592370, 11 
1721050223399.00, 1311, -592348, 10 
1721050223420.00, 6, -592320, 10 
1721050223441.00, 0, -592317, 13 
1721050223462.00, 689, -592316, 13 
1721050223484.00, 1146, -592303, 13 
1721050223505.00, 1481, -592279, 13 
1721050223527.00, 1665, -592246, 14 
1721050223548.00, 1775, -592211, 16 
1721050223569.00, 1982, -592170, 17 
1721050223591.00, 2171, -592129, 18 
1721050223613.00, 2361, -592085, 20 
1721050223634.00, 2631, -592037, 22 
1721050223655.00, 2866, -591981, 23 
1721050223677.00, 3103, -591918, 24 
1721050223698.00, 3366, -591852, 26 
1721050223720.00, 3598, -591781, 26 
1721050223741.00, 3780, -591703, 28 
1721050223763.00, 3804, -591623, 29 
1721050223784.00, 4082, -591538, 29 
1721050223805.00, 4027, -591451, 30 
1721050223827.00, 4305, -591360, 31 
1721050223848.00, 4285, -591272, 32 
1721050223869.00, 4439, -591179, 31 
1721050223892.00, 4491, -591083, 32 
1721050223913.00, 4646, -590988, 32 
1721050223934.00, 4701, -590889, 34 
1721050223957.00, 4917, -590788, 36 
1721050223978.00, 5001, -590683, 35 
1721050223998.00, 4934, -590573, 36 
1721050224020.00, 5195, -590465, 42 
1721050224042.00, 5393, -590356, 49 
1721050224065.00, 6069, -590233, 56 
1721050224085.00, 6903, -590103, 67 
1721050224106.00, 8246, -589953, 92 
1721050224128.00, 10208, -589778, 105 
1721050224149.00, 12284, -589556, 110 
1721050224173.00, 13943, -589293, 113 
1721050224193.00, 14850, -588996, 114 
1721050224214.00, 15647, -588673, 114 
1721050224236.00, 15988, -588333, 114 
1721050224258.00, 16293, -587985, 113 
1721050224284.00, 16415, -587633, 109 
1721050224301.00, 16178, -587274, 111 
1721050224322.00, 16545, -586921, 110 
1721050224344.00, 16363, -586569, 112 
1721050224366.00, 16455, -586216, 118 
1721050224392.00, 16521, -585865, 123 
1721050224409.00, 17031, -585504, 126 
1721050224430.00, 17832, -585133, 126 
1721050224453.00, 17931, -584752, 128 
1721050224474.00, 18031, -584363, 123 
1721050224499.00, 17897, -583963, 121 
1721050224517.00, 17847, -583576, 126 
1721050224539.00, 17855, -583188, 129 
1721050224561.00, 18106, -582806, 123 
1721050224582.00, 18216, -582412, 116 
1721050224603.00, 17669, -582025, 111 
1721050224625.00, 17040, -581639, 107 
1721050224647.00, 16717, -581271, 100 
1721050224669.00, 15528, -580914, 92 
1721050224690.00, 14720, -580571, 85 
1721050224712.00, 13558, -580256, 78 
1721050224733.00, 12418, -579955, 71 
1721050224755.00, 11431, -579691, 60 
1721050224776.00, 10124, -579447, 52 
1721050224797.00, 8738, -579228, 44 
1721050224819.00, 7485, -579036, 35 
1721050224841.00, 6301, -578877, 26 
1721050224863.00, 5044, -578738, 18 
1721050224884.00, 3942, -578629, 14 
1721050224905.00, 2949, -578542, 14 
1721050224927.00, 2246, -578477, 14 
1721050224948.00, 1872, -578426, 14 
1721050224969.00, 1765, -578384, 15 
1721050224991.00, 1743, -578348, 18 
1721050225012.00, 1908, -578309, 23 
1721050225034.00, 2332, -578268, 27 
1721050225056.00, 2914, -578220, 32 
1721050225076.00, 3602, -578159, 36 
1721050225099.00, 4081, -578084, 43 
1721050225120.00, 4785, -577993, 48 
1721050225141.00, 5607, -577891, 53 
1721050225163.00, 6289, -577770, 56 
1721050225184.00, 6934, -577630, 62 
1721050225206.00, 7475, -577483, 66 
1721050225226.00, 8155, -577319, 67 
1721050225248.00, 8775, -577141, 71 
1721050225270.00, 9158, -576953, 75 
1721050225291.00, 9668, -576752, 78 
1721050225313.00, 10197, -576547, 80 
1721050225335.00, 10733, -576327, 85 
1721050225356.00, 11305, -576098, 85 
1721050225378.00, 11843, -575854, 92 
1721050225400.00, 12430, -575608, 92 
1721050225421.00, 12749, -575337, 103 
1721050225443.00, 13446, -575056, 108 
1721050225464.00, 14452, -574765, 106 
1721050225486.00, 14979, -574453, 109 
1721050225508.00, 15310, -574131, 116 
1721050225529.00, 15680, -573797, 122 
1721050225551.00, 16353, -573450, 126 
1721050225572.00, 17111, -573098, 126 
1721050225594.00, 17715, -572728, 136 
1721050225615.00, 18811, -572349, 145 
1721050225637.00, 19648, -571945, 142 
1721050225658.00, 20030, -571522, 147 
1721050225681.00, 20401, -571084, 151 
1721050225702.00, 20842, -570639, 153 
1721050225726.00, 21252, -570185, 156 
1721050225746.00, 21793, -569730, 156 
1721050225767.00, 22101, -569261, 162 
1721050225789.00, 22760, -568784, 159 
1721050225811.00, 22794, -568293, 163 
1721050225832.00, 23008, -567797, 160 
1721050225854.00, 22866, -567293, 165 
1721050225875.00, 23298, -566795, 167 
1721050225897.00, 23521, -566295, 162 
1721050225920.00, 23436, -565786, 164 
1721050225940.00, 23441, -565276, 162 
1721050225961.00, 23302, -564764, 160 
1721050225983.00, 23187, -564256, 166 
1721050226005.00, 23415, -563749, 162 
1721050226027.00, 23259, -563246, 161 
1721050226048.00, 23279, -562746, 162 
1721050226070.00, 23266, -562247, 156 
1721050226091.00, 22905, -561743, 154 
1721050226113.00, 22465, -561244, 149 
1721050226135.00, 21837, -560754, 147 
1721050226156.00, 21520, -560277, 147 
1721050226178.00, 21153, -559818, 137 
1721050226200.00, 20483, -559362, 132 
1721050226221.00, 19638, -558918, 124 
1721050226243.00, 18832, -558492, 119 
1721050226265.00, 17794, -558079, 112 
1721050226286.00, 17116, -557689, 107 
1721050226308.00, 16301, -557319, 101 
1721050226329.00, 15513, -556971, 97 
1721050226351.00, 14533, -556639, 91 
1721050226373.00, 13493, -556326, 84 
1721050226394.00, 12764, -556032, 78 
1721050226416.00, 11648, -555756, 76 
1721050226437.00, 11300, -555498, 78 
1721050226458.00, 11133, -555258, 73 
1721050226480.00, 10464, -555020, 68 
1721050226502.00, 9900, -554788, 68 
1721050226523.00, 9479, -554574, 67 
1721050226545.00, 9381, -554366, 64 
1721050226566.00, 9003, -554162, 59 
1721050226588.00, 8573, -553967, 57 
1721050226609.00, 8172, -553786, 54 
1721050226630.00, 8096, -553611, 52 
1721050226652.00, 7475, -553442, 50 
1721050226673.00, 6850, -553281, 50 
1721050226695.00, 6655, -553131, 50 
1721050226716.00, 6740, -552988, 48 
1721050226738.00, 6530, -552848, 44 
1721050226759.00, 6275, -552708, 41 
1721050226781.00, 5966, -552572, 36 
1721050226803.00, 5188, -552445, 39 
1721050226824.00, 5151, -552330, 35 
1721050226845.00, 4861, -552219, 45 
1721050226866.00, 5251, -552114, 46 
1721050226888.00, 5675, -551999, 50 
1721050226909.00, 6117, -551880, 38 
1721050226931.00, 5594, -551744, 34 
1721050226952.00, 4830, -551624, 23 
1721050226974.00, 4007, -551516, 13 
1721050226995.00, 2718, -551430, 13 
1721050227019.00, 2024, -551369, -11 
1721050227039.00, 130, -551327, -58 
1721050227060.00, -3021, -551323, -81 
1721050227082.00, -6547, -551376, -66 
1721050227103.00, -8113, -551514, -51 
1721050227128.00, -8175, -551689, -74 
1721050227145.00, -9731, -551872, -113 
1721050227167.00, -12701, -552079, -134 
1721050227189.00, -16190, -552355, -138 
1721050227210.00, -18098, -552695, -146 
1721050227234.00, -19824, -553083, -143 
1721050227254.00, -20429, -553499, -123 
1721050227276.00, -19565, -553942, -114 
1721050227298.00, -18342, -554371, -101 
1721050227318.00, -17081, -554775, -91 
1721050227346.00, -15648, -555148, -85 
1721050227362.00, -14256, -555489, -75 
1721050227384.00, -12920, -555804, -61 
1721050227405.00, -11171, -556084, -52 
1721050227427.00, -9756, -556332, -46 
1721050227452.00, -8387, -556540, -32 
1721050227469.00, -6919, -556723, -29 
1721050227491.00, -6076, -556876, -25 
1721050227513.00, -5034, -557005, -30 
1721050227534.00, -4668, -557116, -32 
1721050227556.00, -4620, -557219, -32 
1721050227576.00, -4555, -557323, -30 
1721050227598.00, -4433, -557423, -38 
1721050227620.00, -4844, -557523, -34 
1721050227641.00, -5116, -557630, -32 
1721050227663.00, -5128, -557739, -31 
1721050227684.00, -4908, -557848, -30 
1721050227705.00, -4786, -557953, -27 
1721050227727.00, -4468, -558056, -22 
1721050227749.00, -3960, -558152, -22 
1721050227769.00, -3731, -558241, -24 
1721050227791.00, -3830, -558321, -22 
1721050227813.00, -3660, -558400, -17 
1721050227834.00, -3353, -558480, -19 
1721050227856.00, -3238, -558552, -21 
1721050227877.00, -3029, -558621, -19 
1721050227898.00, -3066, -558689, -19 
1721050227920.00, -2970, -558751, -19 
1721050227942.00, -2951, -558816, -20 
1721050227963.00, -2941, -558878, -19 
1721050227985.00, -2934, -558941, -25 
1721050228006.00, -3167, -559005, -26 
1721050228027.00, -3410, -559074, -26 
1721050228049.00, -3489, -559149, -27 
1721050228070.00, -3716, -559227, -27 
1721050228092.00, -3925, -559307, -28 
1721050228114.00, -4007, -559386, -35 
1721050228135.00, -4498, -559474, -51 
1721050228156.00, -5824, -559570, -62 
1721050228178.00, -7243, -559690, -62 
1721050228199.00, -8044, -559843, -74 
1721050228220.00, -9530, -560012, -86 
1721050228242.00, -10764, -560211, -85 
1721050228264.00, -11238, -560439, -81 
1721050228285.00, -11349, -560686, -76 
1721050228307.00, -11292, -560937, -77 
1721050228331.00, -11314, -561181, -75 
1721050228350.00, -11279, -561423, -67 
1721050228371.00, -10552, -561666, -60 
1721050228393.00, -9760, -561900, -60 
1721050228415.00, -9285, -562110, -57 
1721050228439.00, -8634, -562311, -52 
1721050228457.00, -8222, -562501, -49 
1721050228479.00, -7730, -562676, -49 
1721050228500.00, -7236, -562842, -49 
1721050228522.00, -7010, -563001, -47 
1721050228548.00, -6763, -563152, -45 
1721050228565.00, -6785, -563301, -46 
1721050228586.00, -6708, -563442, -50 
1721050228608.00, -6998, -563585, -50 
1721050228629.00, -7160, -563734, -50 
1721050228651.00, -7190, -563886, -50 
1721050228672.00, -7424, -564039, -51 
1721050228694.00, -7397, -564195, -53 
1721050228715.00, -7360, -564352, -53 
1721050228737.00, -7160, -564511, -53 
1721050228758.00, -7174, -564671, -54 
1721050228779.00, -7337, -564828, -53 
1721050228801.00, -7434, -564989, -50 
1721050228822.00, -7150, -565150, -49 
1721050228843.00, -6994, -565307, -43 
1721050228865.00, -6703, -565456, -38 
1721050228886.00, -6063, -565596, -35 
1721050228908.00, -5584, -565731, -33 
1721050228930.00, -5087, -565851, -29 
1721050228951.00, -4481, -565959, -30 
1721050228973.00, -4361, -566058, -28 
1721050228994.00, -3945, -566148, -24 
1721050229015.00, -3720, -566236, -28 
1721050229037.00, -3766, -566314, -26 
1721050229058.00, -3749, -566393, -24 
1721050229080.00, -3544, -566470, -24 
1721050229102.00, -3482, -566546, -24 
1721050229122.00, -3499, -566619, -23 
1721050229144.00, -3240, -566692, -23 
1721050229166.00, -3083, -566763, -22 
1721050229187.00, -3037, -566829, -26 
1721050229209.00, -3201, -566893, -28 
1721050229230.00, -3477, -566962, -30 
1721050229252.00, -3736, -567037, -33 
1721050229273.00, -4194, -567120, -36 
1721050229294.00, -4671, -567210, -40 
1721050229316.00, -5314, -567310, -45 
1721050229338.00, -5895, -567425, -49 
1721050229359.00, -6220, -567545, -54 
1721050229380.00, -6845, -567682, -57 
1721050229402.00, -7272, -567833, -60 
1721050229424.00, -8104, -567992, -54 
1721050229445.00, -8049, -568159, -55 
1721050229466.00, -8120, -568334, -60 
1721050229488.00, -8218, -568507, -58 
1721050229509.00, -8436, -568685, -57 
1721050229532.00, -8300, -568861, -57 
1721050229551.00, -8472, -569043, -57 
1721050229573.00, -8362, -569219, -61 
1721050229595.00, -8666, -569397, -62 
1721050229616.00, -8704, -569578, -67 
1721050229638.00, -9159, -569765, -66 
1721050229659.00, -9282, -569957, -68 
1721050229681.00, -9426, -570157, -78 
1721050229703.00, -10263, -570357, -79 
1721050229723.00, -10644, -570575, -79 
1721050229745.00, -11134, -570809, -82 
1721050229767.00, -11551, -571044, -79 
1721050229789.00, -11516, -571290, -77 
1721050229810.00, -11224, -571542, -75 
1721050229832.00, -10726, -571785, -76 
1721050229853.00, -10989, -572021, -70 
1721050229875.00, -10613, -572256, -66 
1721050229896.00, -10033, -572486, -70 
1721050229917.00, -10103, -572706, -66 
1721050229939.00, -9695, -572917, -67 
1721050229961.00, -9496, -573129, -66 
1721050229982.00, -9397, -573337, -65 
1721050230003.00, -9307, -573538, -62 
1721050230025.00, -8916, -573740, -62 
1721050230046.00, -8973, -573939, -64 
1721050230068.00, -9044, -574131, -64 
1721050230089.00, -8899, -574325, -64 
1721050230111.00, -8903, -574519, -67 
1721050230132.00, -8924, -574715, -69 
1721050230154.00, -9060, -574914, -67 
1721050230176.00, -9145, -575113, -72 
1721050230197.00, -9501, -575311, -72 
1721050230218.00, -9766, -575520, -71 
1721050230239.00, -9734, -575731, -71 
1721050230261.00, -9975, -575941, -73 
1721050230283.00, -10165, -576149, -70 
1721050230304.00, -9944, -576366, -66 
1721050230325.00, -9728, -576582, -65 
1721050230347.00, -9469, -576788, -63 
1721050230368.00, -9286, -576994, -62 
1721050230390.00, -8988, -577193, -60 
1721050230412.00, -8464, -577391, -59 
1721050230433.00, -8481, -577578, -59 
1721050230454.00, -8416, -577760, -59 
1721050230476.00, -8546, -577942, -57 
1721050230497.00, -8378, -578125, -59 
1721050230518.00, -8388, -578304, -58 
1721050230540.00, -8288, -578483, -58 
1721050230562.00, -8216, -578663, -58 
1721050230583.00, -8138, -578840, -55 
1721050230604.00, -8004, -579015, -52 
1721050230626.00, -7547, -579187, -48 
1721050230647.00, -7233, -579351, -45 
1721050230668.00, -6848, -579506, -45 
1721050230690.00, -6502, -579654, -45 
1721050230712.00, -6420, -579793, -46 
1721050230736.00, -6423, -579930, -47 
1721050230755.00, -6459, -580069, -49 
1721050230776.00, -6604, -580209, -53 
1721050230798.00, -7063, -580355, -63 
1721050230822.00, -7730, -580504, -68 
1721050230841.00, -8623, -580674, -75 
1721050230862.00, -9658, -580860, -87 
1721050230884.00, -10742, -581064, -94 
1721050230905.00, -11752, -581299, -94 
1721050230927.00, -12465, -581557, -102 
1721050230949.00, -13288, -581825, -101 
1721050230970.00, -13636, -582115, -93 
1721050230992.00, -13640, -582410, -89 
1721050231013.00, -13261, -582701, -83 
1721050231034.00, -12700, -582984, -69 
1721050231056.00, -11409, -583256, -63 
1721050231078.00, -10277, -583505, -57 
1721050231099.00, -9264, -583733, -49 
1721050231121.00, -7958, -583932, -41 
1721050231142.00, -6809, -584110, -36 
1721050231164.00, -6161, -584263, -33 
1721050231185.00, -5386, -584396, -30 
1721050231206.00, -4846, -584515, -27 
1721050231228.00, -4269, -584620, -29 
1721050231249.00, -4103, -584715, -28 
1721050231271.00, -3929, -584802, -27 
1721050231292.00, -3731, -584887, -27 
1721050231314.00, -3839, -584968, -29 
1721050231335.00, -3897, -585045, -26 
1721050231357.00, -3762, -585131, -24 
1721050231379.00, -3528, -585211, -25 
1721050231400.00, -3355, -585290, -26 
1721050231421.00, -3402, -585363, -25 
1721050231443.00, -3397, -585437, -25 
1721050231464.00, -3430, -585509, -24 
1721050231485.00, -3335, -585580, -21 
1721050231507.00, -3027, -585651, -18 
1721050231529.00, -2753, -585716, -14 
1721050231550.00, -2273, -585776, -11 
1721050231571.00, -1825, -585825, -11 
1721050231593.00, -1690, -585865, -7 
1721050231614.00, -878, -585900, -4 
1721050231636.00, -378, -585918, -5 
1721050231656.00, -54, -585925, -7 
1721050231678.00, -4, -585927, -6 
1721050231699.00, 60, -585928, -4 
1721050231722.00, 0, -585928, 0 
1721050231741.00, 0, -585927, 0 
1721050231762.00, 0, -585928, 0 
1721050231783.00, 0, -585927, 3 
1721050231804.00, 0, -585928, 2 
1721050231829.00, 0, -585928, 2 
1721050231846.00, 0, -585927, 2 
1721050231867.00, 0, -585927, 11 
1721050231888.00, 73, -585927, 5 
1721050231910.00, 0, -585927, -1 
1721050231932.00, 0, -585927, -20 
1721050231952.00, -888, -585927, -19 
1721050231974.00, -1602, -585935, -12 
1721050231995.00, -1708, -585970, -16 
1721050232017.00, -1987, -586007, -18 
1721050232038.00, -2272, -586049, -15 
1721050232059.00, -2286, -586098, -12 
1721050232080.00, -2064, -586147, -15 
1721050232103.00, -2130, -586189, -14 
1721050232124.00, -2137, -586234, -17 
1721050232145.00, -2309, -586278, -19 
1721050232167.00, -2516, -586327, -19 
1721050232188.00, -2676, -586380, -15 
1721050232209.00, -2460, -586438, -11 
1721050232231.00, -2105, -586493, -17 
1721050232253.00, -2237, -586539, -23 
1721050232275.00, -2745, -586583, -16 
1721050232296.00, -2582, -586641, -7 
1721050232316.00, -1518, -586697, -4 
1721050232338.00, -824, -586731, -2 
1721050232359.00, -424, -586749, 5 
1721050232384.00, -233, -586757, 10 
1721050232402.00, 0, -586762, 6 
1721050232422.00, 0, -586764, 7 
1721050232443.00, 0, -586763, 7 
1721050232464.00, 0, -586764, 6 
1721050232485.00, 0, -586763, 10 
1721050232507.00, 0, -586763, 16 
1721050232528.00, 123, -586763, 18 
1721050232550.00, 1092, -586761, 21 
1721050232571.00, 1878, -586746, 19 
1721050232593.00, 2393, -586707, 22 
1721050232614.00, 2804, -586660, 23 
1721050232634.00, 3047, -586597, 28 
1721050232657.00, 3512, -586532, 25 
1721050232678.00, 3650, -586459, 23 
1721050232706.00, 3575, -586381, 28 
1721050232723.00, 3860, -586306, 20 
1721050232742.00, 3500, -586226, 14 
1721050232764.00, 2948, -586153, 22 
1721050232786.00, 3025, -586090, 27 
1721050232807.00, 3407, -586024, 26 
1721050232829.00, 3601, -585951, 11 
1721050232850.00, 2927, -585878, -9 
1721050232872.00, 1746, -585814, -8 
1721050232892.00, 1055, -585775, 12 
1721050232915.00, 1286, -585751, 26 
1721050232936.00, 2287, -585725, 17 
1721050232958.00, 2401, -585677, 4 
1721050232979.00, 1383, -585627, 8 
1721050233000.00, 766, -585596, 19 
1721050233021.00, 1587, -585580, 20 
1721050233043.00, 2180, -585548, 16 
1721050233065.00, 2196, -585501, 21 
1721050233086.00, 2507, -585455, 17 
1721050233107.00, 2526, -585403, 12 
1721050233129.00, 2187, -585346, 24 
1721050233151.00, 2615, -585295, 43 
1721050233172.00, 4262, -585235, 46 
1721050233193.00, 5355, -585149, 32 
1721050233215.00, 5060, -585038, 18 
1721050233236.00, 4026, -584928, 15 
1721050233258.00, 3262, -584840, 20 
1721050233279.00, 3109, -584768, 25 
1721050233301.00, 3222, -584703, 28 
1721050233322.00, 3515, -584632, 23 
1721050233343.00, 3400, -584555, 21 
1721050233365.00, 3252, -584480, 16 
1721050233387.00, 2815, -584410, 13 
1721050233408.00, 2512, -584348, 13 
1721050233429.00, 2358, -584297, 13 
1721050233450.00, 2150, -584247, 2 
1721050233472.00, 1259, -584200, -2 
1721050233494.00, 720, -584171, 6 
1721050233515.00, 343, -584156, 15 
1721050233536.00, 1032, -584149, 16 
1721050233558.00, 1611, -584126, 5 
1721050233581.00, 965, -584093, 14 
1721050233600.00, 1380, -584073, 20 
1721050233622.00, 1958, -584042, 20 
1721050233643.00, 2218, -584000, 17 
1721050233665.00, 2309, -583954, 14 
1721050233686.00, 2205, -583906, 5 
1721050233708.00, 1178, -583860, 14 
1721050233730.00, 1495, -583835, -6 
1721050233751.00, 799, -583802, 2 
1721050233772.00, 394, -583782, 3 
1721050233793.00, 143, -583774, 0 
1721050233815.00, 67, -583772, -12 
1721050233835.00, -54, -583768, 10 
1721050233857.00, 0, -583769, 29 
1721050233878.00, 1502, -583768, 33 
1721050233904.00, 2912, -583744, -3 
1721050233921.00, 1672, -583685, -7 
1721050233942.00, 944, -583646, 8 
1721050233964.00, 449, -583624, 20 
1721050233985.00, 1405, -583614, 25 
1721050234007.00, 2428, -583583, 8 
1721050234028.00, 1425, -583534, 12 
1721050234050.00, 1500, -583501, 26 
1721050234071.00, 2491, -583468, 25 
1721050234093.00, 3094, -583416, 24 
1721050234114.00, 3200, -583350, 31 
1721050234136.00, 3657, -583281, 29 
1721050234157.00, 3936, -583206, 24 
1721050234178.00, 3773, -583122, 20 
1721050234200.00, 3437, -583042, 21 
1721050234221.00, 3227, -582970, 25 
1721050234243.00, 3379, -582901, 32 
1721050234264.00, 3921, -582831, 32 
1721050234286.00, 4160, -582747, 31 
1721050234307.00, 4441, -582656, 34 
1721050234329.00, 4723, -582563, 26 
1721050234353.00, 4317, -582465, 22 
1721050234372.00, 3848, -582372, 28 
1721050234393.00, 3789, -582289, 32 
1721050234415.00, 4102, -582208, 30 
1721050234435.00, 4161, -582123, 21 
1721050234460.00, 3610, -582032, 12 
1721050234479.00, 2915, -581952, 16 
1721050234500.00, 2500, -581890, 22 
1721050234521.00, 2772, -581833, 17 
1721050234543.00, 2783, -581774, 8 
1721050234565.00, 1570, -581715, 8 
1721050234586.00, 823, -581680, 19 
1721050234608.00, 1524, -581663, 15 
1721050234629.00, 1694, -581631, 8 
1721050234650.00, 954, -581596, 3 
1721050234675.00, 441, -581575, -5 
1721050234693.00, 213, -581565, -8 
1721050234714.00, 56, -581559, 12 
1721050234735.00, 673, -581559, 7 
1721050234757.00, 275, -581543, 0 
1721050234778.00, 55, -581538, -14 
1721050234799.00, -106, -581538, -25 
1721050234821.00, -1480, -581541, -20 
1721050234843.00, -2178, -581564, -13 
1721050234864.00, -2089, -581606, -16 
1721050234885.00, -2235, -581652, -16 
1721050234907.00, -2357, -581701, -15 
1721050234928.00, -2419, -581752, -17 
1721050234949.00, -2515, -581803, -19 
1721050234971.00, -2764, -581858, -22 
1721050234993.00, -2981, -581916, -28 
1721050235014.00, -3536, -581980, -22 
1721050235036.00, -3331, -582058, -25 
1721050235057.00, -3490, -582134, -34 
1721050235079.00, -4029, -582208, -35 
1721050235099.00, -4401, -582293, -25 
1721050235121.00, -4202, -582389, -19 
1721050235142.00, -3721, -582480, -23 
1721050235164.00, -3475, -582560, -28 
1721050235185.00, -3657, -582637, -26 
1721050235207.00, -3820, -582716, -16 
1721050235229.00, -3361, -582797, -13 
1721050235250.00, -2754, -582868, -19 
1721050235272.00, -2694, -582929, -20 
1721050235293.00, -2845, -582987, -26 
1721050235315.00, -3173, -583046, -21 
1721050235336.00, -3146, -583114, -9 
1721050235357.00, -1927, -583181, -2 
1721050235378.00, -1148, -583222, -5 
1721050235400.00, -685, -583249, -6 
1721050235422.00, -390, -583265, -10 
1721050235442.00, -38, -583273, -13 
1721050235464.00, -811, -583275, -15 
1721050235485.00, -1424, -583288, -6 
1721050235506.00, -848, -583318, -3 
1721050235528.00, -493, -583337, -3 
1721050235553.00, -301, -583347, -3 
1721050235571.00, -165, -583352, 8 
1721050235592.00, -103, -583356, 9 
1721050235613.00, -68, -583358, 8 
1721050235634.00, -62, -583361, 11 
1721050235662.00, 67, -583361, 17 
1721050235677.00, 776, -583360, 10 
1721050235697.00, 0, -583351, -3 
1721050235719.00, 0, -583349, 3 
1721050235740.00, 0, -583348, 8 
1721050235763.00, 0, -583348, 12 
1721050235782.00, 624, -583349, 7 
1721050235804.00, 329, -583341, -9 
1721050235824.00, 198, -583334, -14 
1721050235846.00, -79, -583330, 6 
1721050235867.00, 0, -583331, 14 
1721050235888.00, 458, -583330, 7 
1721050235910.00, 166, -583326, -1 
1721050235931.00, 64, -583325, -12 
1721050235952.00, -69, -583323, -8 
1721050235973.00, -16, -583323, 6 
1721050235995.00, 6, -583323, 19 
1721050236016.00, 815, -583323, 8 
1721050236037.00, 356, -583313, -7 
1721050236059.00, 153, -583304, -4 
1721050236080.00, 62, -583301, -1 
1721050236101.00, 46, -583299, 1 
1721050236123.00, 50, -583298, 12 
1721050236144.00, 681, -583296, 16 
1721050236165.00, 1367, -583281, 0 
1721050236187.00, 801, -583258, -7 
1721050236208.00, 423, -583237, 10 
1721050236229.00, 0, -583227, 14 
1721050236251.00, 873, -583226, 10 
1721050236272.00, 0, -583212, 7 
1721050236293.00, 0, -583210, 1 
1721050236314.00, 0, -583210, 3 
1721050236334.00, -35, -583209, 12 
1721050236356.00, 675, -583208, 14 
1721050236377.00, 1254, -583196, 12 
1721050236399.00, 1444, -583168, 16 
1721050236420.00, 1791, -583139, 6 
1721050236442.00, 1119, -583101, -3 
1721050236463.00, 640, -583077, 16 
1721050236484.00, 1325, -583062, 21 
1721050236506.00, 2064, -583035, 4 
1721050236531.00, 1222, -582994, -3 
1721050236549.00, 692, -582967, -2 
1721050236570.00, 331, -582952, -9 
1721050236592.00, 150, -582943, -13 
1721050236613.00, -64, -582941, -22 
1721050236637.00, -1034, -582942, -19 
1721050236656.00, -1725, -582959, -6 
1721050236677.00, -1043, -582991, -2 
1721050236698.00, -600, -583014, -21 
1721050236720.00, -1613, -583028, -23 
1721050236741.00, -2389, -583062, -10 
1721050236763.00, -3, -583111, -15 
1721050236784.00, -827, -583117, -41 
1721050236805.00, -2957, -583133, -26 
1721050236827.00, -3381, -583194, -16 
1721050236849.00, -3048, -583269, -37 
1721050236870.00, -4141, -583334, -40 
1721050236891.00, -4849, -583417, -29 
1721050236913.00, -4696, -583523, -27 
1721050236934.00, -4463, -583625, -28 
1721050236956.00, -4461, -583724, -31 
1721050236978.00, -4597, -583819, -13 
1721050236998.00, -3572, -583912, -20 
1721050237020.00, -3321, -583993, -32 
1721050237041.00, -3902, -584063, -26 
1721050237063.00, -3827, -584148, -17 
1721050237084.00, -3305, -584231, -16 
1721050237106.00, -2946, -584304, -18 
1721050237128.00, -2806, -584370, -21 
1721050237149.00, -2973, -584431, -13 
1721050237171.00, -2588, -584496, -5 
1721050237192.00, -1525, -584553, -23 
1721050237213.00, -2197, -584588, -14 
1721050237234.00, -2181, -584634, 3 
1721050237256.00, -1362, -584682, -5 
1721050237277.00, -816, -584713, -19 
1721050237299.00, -1647, -584734, -39 
1721050237321.00, -3321, -584767, -33 
1721050237342.00, -3895, -584831, 17 
1721050237363.00, -1329, -584917, -6 
1721050237384.00, -768, -584951, -35 
1721050237408.00, -2650, -584967, -34 
1721050237427.00, -3659, -585018, -3 
1721050237448.00, -2211, -585091, 23 
1721050237469.00, 1, -585140, 25 
1721050237491.00, 1163, -585146, 17 
1721050237513.00, 1582, -585130, 17 
1721050237534.00, 1912, -585101, 16 
1721050237555.00, 2162, -585062, 15 
1721050237577.00, 2238, -585016, 23 
1721050237599.00, 2682, -584966, 34 
1721050237620.00, 3517, -584909, 39 
1721050237641.00, 4473, -584833, 34 
1721050237662.00, 4772, -584740, 34 
1721050237684.00, 4996, -584639, 42 
1721050237706.00, 5456, -584532, 41 
1721050237728.00, 5643, -584417, 37 
1721050237749.00, 5652, -584293, 31 
1721050237770.00, 5143, -584173, 23 
1721050237792.00, 4155, -584058, 21 
1721050237813.00, 3828, -583965, 20 
1721050237834.00, 3466, -583887, 21 
1721050237856.00, 3256, -583814, 21 
1721050237878.00, 3112, -583741, 19 
1721050237898.00, 2945, -583671, 19 
1721050237921.00, 2866, -583607, 16 
1721050237942.00, 2618, -583547, 11 
1721050237963.00, 2156, -583489, 10 
1721050237984.00, 4, -583442, 12 
1721050238006.00, 614, -583438, 14 
1721050238027.00, 1241, -583426, 2 
1721050238049.00, 799, -583401, 0 
1721050238070.00, 497, -583383, 12 
1721050238092.00, 1071, -583371, 17 
1721050238113.00, 1649, -583348, 17 
1721050238134.00, 1923, -583314, 17 
1721050238156.00, 2183, -583273, 11 
1721050238178.00, 2037, -583225, 11 
1721050238198.00, 1860, -583183, 19 
1721050238220.00, 2232, -583144, 15 
1721050238241.00, 2177, -583097, 7 
1721050238263.00, 1304, -583050, -4 
1721050238289.00, 759, -583021, -7 
1721050238306.00, 405, -583006, -16 
1721050238327.00, -64, -582995, -7 
1721050238348.00, 0, -582993, 43 
1721050238370.00, 2403, -582993, 25 
1721050238393.00, 2914, -582950, 52 
1721050238413.00, 4927, -582887, 82 
1721050238434.00, 7856, -582784, 92 
1721050238455.00, 10420, -582616, 92 
1721050238477.00, 11682, -582399, 96 
1721050238498.00, 12743, -582148, 93 
1721050238520.00, 12949, -581878, 60 
1721050238542.00, 11070, -581597, 14 
1721050238563.00, 7566, -581355, -20 
1721050238585.00, 3171, -581192, -36 
1721050238609.00, -49, -581119, -37 
1721050238628.00, -2061, -581115, -46 
1721050238649.00, -4048, -581152, -48 
1721050238671.00, -5445, -581232, -27 
1721050238692.00, -4898, -581343, -10 
1721050238713.00, 4, -581446, 25 
1721050238735.00, 1180, -581450, 59 
1721050238756.00, 4195, -581425, 132 
1721050238778.00, 10384, -581343, 144 
1721050238800.00, 14952, -581131, 126 
1721050238821.00, 16432, -580815, 86 
1721050238843.00, 14787, -580462, 73 
1721050238864.00, 12990, -580139, 58 
1721050238886.00, 10754, -579857, 17 
1721050238908.00, 7356, -579628, -17 
1721050238929.00, 3197, -579470, -20 
1721050238950.00, 455, -579397, -27 
1721050238971.00, -1171, -579386, -46 
1721050238993.00, -3468, -579406, -63 
1721050239015.00, -5968, -579474, -62 
1721050239036.00, -7184, -579599, -60 
1721050239058.00, -7984, -579756, -78 
1721050239079.00, -9457, -579927, -79 
1721050239101.00, -10872, -580130, -59 
1721050239122.00, -10205, -580357, -54 
1721050239144.00, -9372, -580579, -57 
1721050239165.00, -8961, -580782, -45 
1721050239187.00, -8203, -580977, -23 
1721050239208.00, -6396, -581155, 1 
1721050239229.00, -4000, -581290, 30 
1721050239250.00, -517, -581379, 29 
1721050239272.00, 900, -581395, 31 
1721050239294.00, 2153, -581384, 33 
1721050239315.00, 3168, -581344, 26 
1721050239336.00, 3419, -581280, 21 
1721050239358.00, 3168, -581206, 27 
1721050239379.00, 3442, -581136, 26 
1721050239401.00, 3614, -581064, 21 
1721050239422.00, 3339, -580984, 22 
1721050239444.00, 3258, -580910, 26 
1721050239465.00, 3458, -580839, 26 
1721050239487.00, 3540, -580766, 27 
1721050239508.00, 3732, -580691, 29 
1721050239529.00, 3878, -580611, 30 
1721050239551.00, 3907, -580528, 28 
1721050239572.00, 3928, -580440, 25 
1721050239596.00, 3907, -580357, 25 
1721050239615.00, 3714, -580274, 23 
1721050239636.00, 3613, -580192, 22 
1721050239658.00, 3325, -580115, 23 
1721050239680.00, 3197, -580040, 19 
1721050239706.00, 2910, -579971, 17 
1721050239722.00, 2696, -579907, 16 
1721050239744.00, 2472, -579852, 20 
1721050239765.00, 2622, -579800, 21 
1721050239787.00, 2736, -579746, 23 
1721050239813.00, 2962, -579686, 25 
1721050239830.00, 3166, -579625, 26 
1721050239851.00, 3314, -579557, 24 
1721050239872.00, 3320, -579486, 24 
1721050239894.00, 3417, -579414, 24 
1721050239916.00, 3424, -579341, 23 
1721050239937.00, 3343, -579269, 23 
1721050239958.00, 3294, -579197, 25 
1721050239979.00, 3270, -579126, 30 
1721050240002.00, 3540, -579054, 33 
1721050240023.00, 4044, -578977, 10 
1721050240044.00, 5, -578896, 8 
1721050240065.00, 0, -578888, 35 
1721050240087.00, 1984, -578888, 6 
1721050240108.00, 1200, -578853, -8 
1721050240129.00, 695, -578825, 4 
1721050240151.00, 386, -578811, 4 
1721050240172.00, 241, -578802, 1 
1721050240193.00, 149, -578799, 0 
1721050240214.00, 93, -578795, 0 
1721050240236.00, 67, -578795, -2 
1721050240259.00, 57, -578791, -5 
1721050240278.00, 48, -578790, -3 
1721050240300.00, 61, -578789, 1 
1721050240321.00, 87, -578787, 14 
1721050240342.00, 987, -578784, 32 
1721050240369.00, 2615, -578762, 52 
1721050240385.00, 4837, -578707, 70 
1721050240406.00, 7471, -578604, 87 
1721050240428.00, 9737, -578452, 94 
1721050240449.00, 11322, -578247, 95 
1721050240471.00, 12794, -578002, 107 
1721050240492.00, 13969, -577729, 118 
1721050240514.00, 15312, -577424, 129 
1721050240536.00, 16813, -577092, 126 
1721050240558.00, 17544, -576727, 128 
1721050240579.00, 17982, -576357, 102 
1721050240601.00, 16733, -575969, 100 
1721050240622.00, 15782, -575611, 96 
1721050240644.00, 15001, -575263, 77 
1721050240666.00, 13635, -574938, 71 
1721050240691.00, 12213, -574648, 52 
1721050240709.00, 10231, -574380, 31 
1721050240730.00, 7577, -574156, 27 
1721050240751.00, 6088, -573984, 29 
1721050240773.00, 5152, -573853, 25 
1721050240795.00, 4498, -573738, 19 
1721050240816.00, 3609, -573640, 8 
1721050240838.00, 1897, -573560, -2 
1721050240859.00, 976, -573517, -14 
1721050240880.00, 0, -573496, -12 
1721050240902.00, -703, -573496, -19 
1721050240922.00, -1562, -573505, -47 
1721050240944.00, -3837, -573535, -48 
1721050240966.00, -5357, -573611, -37 
1721050240988.00, -5686, -573725, -44 
1721050241009.00, -6152, -573846, -60 
1721050241030.00, -7298, -573980, -60 
1721050241052.00, -7957, -574136, -55 
1721050241073.00, -8213, -574308, -47 
1721050241095.00, -7653, -574481, -44 
1721050241116.00, -7163, -574649, -35 
1721050241137.00, -6337, -574809, -26 
1721050241159.00, -5343, -574946, -20 
1721050241181.00, -4362, -575062, -17 
1721050241202.00, -3704, -575156, -12 
1721050241223.00, -2886, -575236, -9 
1721050241244.00, -1749, -575297, -1 
1721050241266.00, -1119, -575339, -17 
1721050241288.00, -1635, -575366, -50 
1721050241309.00, -4077, -575399, -30 
1721050241331.00, -4387, -575484, -34 
1721050241351.00, -4860, -575581, -41 
1721050241373.00, -5391, -575681, -50 
1721050241395.00, -6175, -575794, -78 
1721050241416.00, -8478, -575927, -90 
1721050241438.00, -10437, -576100, -75 
1721050241459.00, -10645, -576322, -78 
1721050241481.00, -11004, -576556, -106 
1721050241503.00, -12935, -576789, -93 
1721050241524.00, -13303, -577062, -77 
1721050241545.00, -12392, -577350, -73 
1721050241567.00, -11888, -577621, -64 
1721050241589.00, -10905, -577873, -38 
1721050241610.00, -8594, -578110, -30 
1721050241632.00, -6742, -578298, -29 
1721050241653.00, -5790, -578446, -6 
1721050241674.00, -3433, -578568, -11 
1721050241696.00, -2664, -578645, -10 
1721050241717.00, 1, -578702, -13 
1721050241739.00, -703, -578708, -23 
1721050241760.00, -1816, -578718, -23 
1721050241785.00, -2506, -578757, -22 
1721050241803.00, -2928, -578811, -31 
1721050241825.00, -3647, -578872, -35 
1721050241846.00, -4155, -578949, -40 
1721050241867.00, -4755, -579037, -48 
1721050241890.00, -5800, -579143, -56 
1721050241911.00, -6678, -579264, -61 
1721050241932.00, -7731, -579407, -56 
1721050241953.00, -8240, -579568, -49 
1721050241974.00, -7599, -579739, -55 
1721050242001.00, -7731, -579903, -56 
1721050242018.00, -8089, -580072, -49 
1721050242040.00, -7594, -580240, -41 
1721050242061.00, -6739, -580411, -46 
1721050242082.00, -6821, -580563, -50 
1721050242107.00, -7101, -580706, -43 
1721050242125.00, -6844, -580858, -31 
1721050242146.00, -6021, -581002, -26 
1721050242168.00, -5083, -581134, -27 
1721050242189.00, -4601, -581245, -15 
1721050242211.00, -3464, -581343, -6 
1721050242232.00, -1974, -581420, -5 
1721050242253.00, -1063, -581466, -1 
1721050242275.00, -488, -581489, 7 
1721050242296.00, -213, -581501, 3 
1721050242317.00, -18, -581505, -8 
1721050242338.00, -11, -581506, -4 
1721050242359.00, 0, -581506, 8 
1721050242380.00, -24, -581504, 27 
1721050242401.00, 1157, -581506, 29 
1721050242423.00, 2249, -581492, 13 
1721050242447.00, 2121, -581449, 10 
1721050242466.00, 0, -581402, 11 
1721050242487.00, 581, -581398, 16 
1721050242508.00, 1373, -581387, 5 
1721050242530.00, 904, -581360, 5 
1721050242556.00, 562, -581341, 10 
1721050242572.00, 0, -581327, 12 
1721050242594.00, 766, -581326, 8 
1721050242615.00, 495, -581311, 9 
1721050242636.00, 335, -581301, 12 
1721050242658.00, 986, -581293, 8 
1721050242679.00, 658, -581273, 1 
1721050242700.00, 432, -581259, 1 
1721050242721.00, 303, -581250, -2 
1721050242743.00, 260, -581245, -4 
1721050242764.00, 224, -581237, 0 
1721050242786.00, 185, -581234, 4 
1721050242807.00, 164, -581230, 0 
1721050242828.00, 155, -581226, -4 
1721050242850.00, 150, -581223, -3 
1721050242871.00, 136, -581218, -2 
1721050242892.00, 107, -581217, -8 
1721050242914.00, 109, -581215, -19 
1721050242935.00, -184, -581213, -24 
1721050242956.00, -1440, -581218, -28 
1721050242978.00, -2514, -581241, -24 
1721050242999.00, -2942, -581291, -34 
1721050243021.00, -3871, -581352, -37 
1721050243042.00, -4265, -581433, -31 
1721050243064.00, -4385, -581528, -29 
1721050243086.00, -4399, -581621, -32 
1721050243107.00, -4587, -581713, -31 
1721050243128.00, -4410, -581810, -19 
1721050243150.00, -3845, -581905, -7 
1721050243171.00, -2284, -581987, -1 
1721050243193.00, -1257, -582038, -4 
1721050243218.00, -646, -582069, -1 
1721050243235.00, -321, -582083, 0 
1721050243256.00, -110, -582089, -2 
1721050243277.00, -50, -582092, -1 
1721050243299.00, 0, -582091, 3 
1721050243319.00, 0, -582093, 2 
1721050243341.00, 0, -582092, -1 
1721050243362.00, 0, -582093, -3 
1721050243383.00, 0, -582093, 0 
1721050243404.00, 0, -582093, 3 
1721050243428.00, -50, -582093, 4 
1721050243446.00, 0, -582094, -6 
1721050243468.00, 0, -582095, -15 
1721050243489.00, -919, -582094, -13 
1721050243510.00, -1448, -582113, -13 
1721050243538.00, -1634, -582143, -17 
1721050243553.00, -1954, -582177, -23 
1721050243575.00, -2494, -582219, -29 
1721050243596.00, -3327, -582274, -37 
1721050243617.00, -4165, -582344, -38 
1721050243640.00, -4808, -582431, -41 
1721050243660.00, -5265, -582533, -48 
1721050243682.00, -6074, -582648, -55 
1721050243703.00, -6976, -582775, -53 
1721050243725.00, -7340, -582921, -61 
1721050243746.00, -8061, -583077, -62 
1721050243768.00, -8425, -583248, -64 
1721050243789.00, -8900, -583428, -67 
1721050243811.00, -9115, -583619, -74 
1721050243832.00, -9810, -583822, -77 
1721050243854.00, -10634, -584028, -79 
1721050243875.00, -11037, -584253, -82 
1721050243897.00, -11398, -584495, -82 
1721050243918.00, -11487, -584743, -89 
1721050243940.00, -12164, -584993, -94 
1721050243962.00, -12890, -585255, -93 
1721050243983.00, -13181, -585532, -92 
1721050244004.00, -13219, -585812, -91 
1721050244026.00, -13391, -586099, -100 
1721050244048.00, -13772, -586384, -104 
1721050244069.00, -14508, -586681, -91 
1721050244090.00, -14090, -586992, -89 
1721050244112.00, -13673, -587296, -90 
1721050244133.00, -13329, -587592, -79 
1721050244156.00, -12536, -587883, -61 
1721050244177.00, -10923, -588148, -42 
1721050244199.00, -8857, -588386, -27 
1721050244220.00, -6706, -588582, -19 
1721050244242.00, -4933, -588729, -18 
1721050244263.00, -3876, -588838, -16 
1721050244284.00, -3102, -588920, -11 
1721050244305.00, -2440, -588987, -13 
1721050244327.00, -2046, -589041, -20 
1721050244349.00, -2234, -589084, -18 
1721050244370.00, -2310, -589130, 0 
1721050244391.00, -1248, -589178, 8 
1721050244412.00, -563, -589204, 0 
1721050244434.00, -164, -589219, -2 
1721050244455.00, -56, -589222, -2 
1721050244475.00, 0, -589224, 0 
1721050244497.00, 46, -589223, 2 
1721050244520.00, 0, -589223, 4 
1721050244539.00, 0, -589223, 4 
1721050244560.00, 0, -589224, 0 
1721050244581.00, 0, -589223, -1 
1721050244602.00, 0, -589224, -1 
1721050244627.00, 0, -589224, 0 
1721050244644.00, 0, -589224, 1 
1721050244666.00, 0, -589225, -3 
1721050244687.00, 0, -589224, -10 
1721050244708.00, 0, -589224, -18 
1721050244731.00, -1047, -589225, -23 
1721050244751.00, -2002, -589243, -20 
1721050244773.00, -2409, -589286, -23 
1721050244794.00, -2882, -589338, -15 
1721050244815.00, -2510, -589398, -6 
1721050244836.00, -1381, -589451, 2 
1721050244857.00, -768, -589482, 2 
1721050244879.00, -393, -589498, 6 
1721050244900.00, -231, -589508, 12 
1721050244921.00, 21, -589511, 9 
1721050244942.00, 0, -589511, 9 
1721050244963.00, 0, -589511, 10 
1721050244985.00, 0, -589512, 12 
1721050245006.00, 193, -589511, 8 
1721050245027.00, 65, -589509, 2 
1721050245048.00, 48, -589507, 14 
1721050245070.00, 862, -589507, 14 
1721050245091.00, 1326, -589491, 7 
1721050245112.00, 781, -589465, 0 
1721050245134.00, 411, -589451, 0 
1721050245155.00, 230, -589442, -5 
1721050245176.00, 116, -589437, -5 
1721050245198.00, 70, -589434, -7 
1721050245219.00, 61, -589434, -11 
1721050245241.00, -60, -589432, -14 
1721050245261.00, -663, -589435, -25 
1721050245283.00, -1807, -589441, -28 
1721050245304.00, -2734, -589474, -28 
1721050245325.00, -3394, -589528, -27 
1721050245348.00, -3727, -589599, -37 
1721050245369.00, -4267, -589676, -34 
1721050245395.00, -4471, -589773, -33 
1721050245412.00, -4570, -589868, -29 
1721050245434.00, -4554, -589968, -32 
1721050245455.00, -4645, -590067, -36 
1721050245476.00, -4893, -590166, -35 
1721050245500.00, -4780, -590271, -27 
1721050245519.00, -4386, -590376, -21 
1721050245541.00, -3856, -590474, -32 
1721050245562.00, -4210, -590559, -39 
1721050245584.00, -4899, -590648, -22 
1721050245605.00, -4299, -590749, -7 
1721050245626.00, -2514, -590841, -1 
1721050245648.00, -1477, -590899, 2 
1721050245668.00, -826, -590932, 9 
1721050245690.00, -461, -590947, 30 
1721050245712.00, 1045, -590959, 14 
1721050245733.00, 1436, -590949, 5 
1721050245754.00, 875, -590923, 8 
1721050245776.00, 496, -590905, 14 
1721050245797.00, 1137, -590894, 13 
1721050245819.00, 1494, -590869, 14 
1721050245840.00, 1814, -590837, 19 
1721050245862.00, 2276, -590799, 30 
1721050245883.00, 3221, -590749, 26 
1721050245904.00, 3491, -590680, 16 
1721050245926.00, 3111, -590605, 9 
1721050245947.00, 1732, -590538, 14 
1721050245968.00, 1780, -590496, 16 
1721050245990.00, 2077, -590459, 4 
1721050246011.00, 1278, -590417, 1 
1721050246033.00, 733, -590390, 7 
1721050246054.00, 362, -590373, 3 
1721050246076.00, 173, -590365, -13 
1721050246096.00, -47, -590362, -29 
1721050246119.00, -1550, -590363, -27 
1721050246140.00, -2613, -590387, -23 
1721050246161.00, -2913, -590438, -28 
1721050246183.00, -3397, -590500, -27 
1721050246204.00, -3664, -590572, -30 
1721050246226.00, -3839, -590651, -30 
1721050246247.00, -4178, -590735, -25 
1721050246271.00, -3954, -590824, -24 
1721050246289.00, -3861, -590911, -24 
1721050246311.00, -3836, -590994, -27 
1721050246333.00, -3963, -591072, -31 
1721050246355.00, -4121, -591154, -22 
1721050246375.00, -3842, -591245, -24 
1721050246398.00, -3692, -591327, -34 
1721050246419.00, -4077, -591404, -26 
1721050246440.00, -4011, -591495, -16 
1721050246461.00, -3397, -591580, -11 
1721050246485.00, -2662, -591651, -3 
1721050246504.00, -1517, -591709, 10 
1721050246525.00, -1, -591741, 24 
1721050246547.00, 1061, -591745, 39 
1721050246569.00, 2942, -591732, 33 
1721050246593.00, 3802, -591677, 34 
1721050246611.00, 4255, -591596, 29 
1721050246633.00, 4224, -591505, 30 
1721050246654.00, 4361, -591410, 28 
1721050246676.00, 4169, -591319, 26 
1721050246703.00, 4042, -591227, 23 
1721050246719.00, 3878, -591142, 24 
1721050246740.00, 3707, -591061, 29 
1721050246761.00, 3941, -590981, 37 
1721050246783.00, 4362, -590895, 43 
1721050246805.00, 5332, -590797, 47 
1721050246826.00, 6102, -590685, 47 
1721050246847.00, 6276, -590554, 48 
1721050246869.00, 6499, -590418, 46 
1721050246890.00, 6424, -590277, 45 
1721050246912.00, 6768, -590134, 42 
1721050246933.00, 6581, -589994, 41 
1721050246955.00, 6243, -589854, 38 
1721050246976.00, 5960, -589717, 38 
1721050246997.00, 5804, -589590, 32 
1721050247019.00, 5127, -589469, 28 
1721050247041.00, 4647, -589355, 31 
1721050247062.00, 4537, -589254, 28 
1721050247083.00, 4385, -589156, 20 
1721050247105.00, 3603, -589064, 12 
1721050247126.00, 2799, -588983, 6 
1721050247148.00, 1524, -588924, 5 
1721050247169.00, 797, -588889, 3 
1721050247191.00, 341, -588871, -2 
1721050247212.00, 112, -588864, -10 
1721050247233.00, 67, -588861, -19 
1721050247255.00, -529, -588862, -24 
1721050247277.00, -1727, -588868, -33 
1721050247297.00, -3006, -588901, -47 
1721050247319.00, -4733, -588962, -62 
1721050247341.00, -6698, -589062, -74 
1721050247363.00, -8480, -589199, -92 
1721050247384.00, -10551, -589382, -114 
1721050247405.00, -13343, -589608, -126 
1721050247426.00, -15471, -589891, -147 
1721050247448.00, -17963, -590228, -170 
1721050247474.00, -21302, -590618, -189 
1721050247492.00, -24275, -591071, -205 
1721050247513.00, -26692, -591590, -221 
1721050247535.00, -29097, -592166, -230 
1721050247557.00, -31393, -592793, -239 
1721050247580.00, -18400, -593459, -251 
1721050247600.00, -10735, -593883, -266 
1721050247621.00, -6128, -594128, -273 
1721050247643.00, -3393, -594268, -284 
1721050247665.00, -1807, -594347, -290 
1721050247686.00, -930, -594389, -284 
1721050247707.00, -479, -594412, -290 
1721050247728.00, -131, -594421, -300 
1721050247750.00, -32, -594424, -288 
1721050247771.00, 0, -594424, -275 
1721050247793.00, 0, -594424, -272 
1721050247814.00, 0, -594424, -267 
1721050247835.00, 0, -594424, -261 
1721050247857.00, 0, -594423, -255 
1721050247878.00, 0, -594424, -248 
1721050247900.00, 0, -594423, -247 
1721050247920.00, 0, -594424, -242 
1721050247942.00, 0, -594424, -238 
1721050247963.00, 0, -594424, -237 
1721050247984.00, 0, -594423, -236 
1721050248006.00, 0, -594424, -236 
1721050248027.00, 0, -594423, -238 
1721050248048.00, 0, -594424, -237 
1721050248070.00, 0, -594423, -236 
1721050248091.00, 0, -594423, -239 
1721050248112.00, 0, -594423, -241 
1721050248133.00, 0, -594424, -240 
1721050248154.00, -68, -594423, -238 
1721050248176.00, 0, -594423, -235 
1721050248197.00, 0, -594424, -223 
1721050248219.00, 0, -594423, -211 
1721050248240.00, 1, -594421, -196 
1721050248261.00, 0, -594420, -175 
1721050248283.00, 39, -594421, -157 
1721050248304.00, 0, -594420, -143 
1721050248325.00, 0, -594419, -134 
1721050248346.00, 0, -594418, -125 
1721050248368.00, 0, -594418, -115 
1721050248389.00, 0, -594417, -101 
1721050248411.00, 0, -594416, -82 
1721050248432.00, 0, -594415, -63 
1721050248458.00, 0, -594414, -57 
1721050248474.00, -3, -594414, -59 
1721050248495.00, 8, -594414, -62 
1721050248517.00, 0, -594413, -60 
1721050248538.00, 0, -594415, -56 
1721050248559.00, 0, -594414, -62 
1721050248580.00, 0, -594415, -63 
1721050248601.00, 0, -594415, -60 
1721050248623.00, 0, -594415, -61 
1721050248644.00, 0, -594413, -65 
1721050248665.00, 2, -594415, -64 
1721050248687.00, 6, -594414, -60 
1721050248708.00, 0, -594414, -59 
1721050248729.00, 0, -594413, -59 
1721050248750.00, 0, -594414, -58 
1721050248770.00, 0, -594414, -56 
1721050248792.00, 0, -594415, -56 
1721050248814.00, 0, -594414, -56 
1721050248835.00, 0, -594415, -55 
1721050248856.00, 0, -594414, -54 
1721050248877.00, 0, -594414, -56 
1721050248898.00, 0, -594414, -56 
1721050248918.00, 0, -594415, -57 
1721050248940.00, 0, -594414, -59 
1721050248962.00, 0, -594414, -61 
1721050248983.00, 0, -594415, -61 
1721050249004.00, 0, -594415, -62 
1721050249025.00, 0, -594415, -62 
1721050249047.00, 0, -594414, -62 
1721050249068.00, 0, -594414, -60 
1721050249089.00, 0, -594414, -57 
1721050249111.00, 0, -594414, -52 
1721050249131.00, 0, -594415, -51 
1721050249153.00, 0, -594413, -53 
1721050249174.00, 0, -594413, -54 
1721050249195.00, -2, -594415, -55 
1721050249219.00, 2, -594415, -58 
1721050249238.00, -32, -594415, -61 
1721050249259.00, 0, -594414, -64 
1721050249280.00, 0, -594415, -65 
1721050249301.00, 0, -594414, -67 
1721050249327.00, 0, -594414, -67 
1721050249344.00, 0, -594415, -67 
1721050249365.00, 0, -594415, -67 
1721050249386.00, 0, -594415, -66 
1721050249407.00, 0, -594415, -64 
1721050249428.00, 0, -594414, -62 
1721050249449.00, 0, -594414, -59 
1721050249470.00, 0, -594415, -56 
1721050249491.00, 0, -594414, -54 
1721050249513.00, 0, -594415, -53 
1721050249534.00, 0, -594414, -52 
1721050249561.00, 0, -594414, -51 
1721050249576.00, 0, -594414, -49 
1721050249598.00, 0, -594415, -47 
1721050249619.00, -50, -594415, -46 
1721050249641.00, 0, -594414, -45 
1721050249662.00, 0, -594414, -45 
1721050249683.00, 0, -594414, -45 
1721050249704.00, 0, -594414, -44 
1721050249725.00, 0, -594414, -42 
1721050249746.00, 0, -594414, -41 
1721050249768.00, 0, -594414, -42 
1721050249788.00, 0, -594415, -41 
1721050249809.00, 0, -594414, -40 
1721050249831.00, 0, -594414, -40 
1721050249853.00, 0, -594414, -40 
1721050249874.00, 0, -594414, -39 
1721050249895.00, 0, -594414, -39 
1721050249917.00, 0, -594413, -38 
1721050249937.00, 0, -594413, -37 
1721050249959.00, 0, -594414, -37 
1721050249980.00, 0, -594414, -37 
1721050250000.00, 0, -594414, -36 
1721050250022.00, 0, -594413, -36 
1721050250043.00, 0, -594413, -35 
1721050250064.00, -11, -594412, -35 
1721050250086.00, -63, -594413, -34 
1721050250107.00, -66, -594414, -33 
1721050250128.00, 0, -594414, -34 
1721050250149.00, 0, -594414, -34 
1721050250171.00, 39, -594414, -34 
1721050250192.00, 0, -594413, -34 
1721050250213.00, 0, -594414, -35 
1721050250234.00, 0, -594413, -35 
1721050250255.00, 0, -594413, -36 
1721050250276.00, 0, -594414, -36 
1721050250298.00, 0, -594413, -37 
1721050250319.00, 0, -594413, -37 
1721050250340.00, 0, -594415, -37 
1721050250362.00, 0, -594414, -38 
1721050250382.00, 0, -594413, -38 
1721050250404.00, 0, -594414, -37 
1721050250425.00, 0, -594414, -36 
1721050250446.00, 0, -594413, -33 
1721050250468.00, 0, -594412, -28 
1721050250489.00, -37, -594412, -18 
1721050250510.00, 0, -594410, 10 
1721050250533.00, 0, -594409, 37 
1721050250553.00, 2101, -594406, 67 
1721050250574.00, 5319, -594374, 76 
1721050250595.00, 7899, -594263, 90 
1721050250619.00, 10441, -594095, 121 
1721050250641.00, 13242, -593871, 150 
1721050250660.00, 16781, -593576, 171 
1721050250681.00, 20298, -593209, 185 
1721050250703.00, 23404, -592772, 206 
1721050250725.00, 26478, -592276, 220 
1721050250752.00, 28825, -591709, 231 
1721050250769.00, 30877, -591079, 248 
1721050250790.00, 33260, -590403, 259 
1721050250812.00, 35440, -589689, 271 
1721050250834.00, 37435, -588933, 284 
1721050250858.00, 39471, -588119, 307 
1721050250876.00, 41825, -587265, 330 
1721050250898.00, 44344, -586364, 356 
1721050250920.00, 47516, -585403, 376 
1721050250941.00, 50630, -584366, 399 
1721050250963.00, 53819, -583268, 430 
1721050250985.00, 57706, -582108, 449 
1721050251006.00, 61072, -580848, 462 
1721050251028.00, 63917, -579525, 497 
1721050251050.00, 67775, -578138, 509 
1721050251072.00, 70510, -576671, 513 
1721050251093.00, 72514, -575151, 475 
1721050251114.00, 71216, -573570, 604 
1721050251136.00, 78140, -572035, 533 
1721050251158.00, 78112, -570337, 545 
1721050251180.00, 78698, -568647, 605 
1721050251201.00, 82779, -566932, 584 
1721050251223.00, 83729, -565153, 565 
1721050251245.00, 83094, -563327, 613 
1721050251266.00, 85499, -561531, 596 
1721050251287.00, 86023, -559677, 596 
1721050251309.00, 86268, -557812, 574 
1721050251331.00, 85226, -555954, 611 
1721050251353.00, 86749, -554099, 608 
1721050251374.00, 87270, -552231, 622 
1721050251395.00, 88297, -550330, 649 
1721050251417.00, 90768, -548413, 652 
1721050251439.00, 92201, -546450, 679 
1721050251461.00, 94768, -544443, 682 
1721050251482.00, 96457, -542400, 698 
1721050251504.00, 98288, -540300, 703 
1721050251525.00, 99662, -538173, 698 
1721050251547.00, 100177, -536023, 728 
1721050251569.00, 102341, -533830, 750 
1721050251591.00, 104845, -531595, 787 
1721050251612.00, 108646, -529317, 818 
1721050251638.00, 112700, -526954, 820 
1721050251658.00, 114997, -524499, 818 
1721050251677.00, 116177, -521998, 789 
1721050251699.00, 115213, -519474, 782 
1721050251721.00, 114134, -516961, 800 
1721050251743.00, 114371, -514469, 773 
1721050251765.00, 113087, -511982, 776 
1721050251786.00, 112412, -509523, 809 
1721050251808.00, 114148, -507080, 817 
1721050251830.00, 115673, -504595, 826 
1721050251852.00, 116832, -502083, 831 
1721050251874.00, 117952, -499529, 802 
1721050251894.00, 116795, -496978, 788 
1721050251917.00, 115089, -494436, 794 
1721050251938.00, 114421, -491924, 772 
1721050251960.00, 112738, -489435, 774 
1721050251982.00, 111997, -486989, 807 
1721050252003.00, 113464, -484551, 821 
1721050252025.00, 114827, -482077, 859 
1721050252048.00, 118122, -479573, 881 
1721050252068.00, 121343, -477004, 883 
1721050252090.00, 123338, -474361, 890 
1721050252112.00, 125060, -471670, 898 
1721050252134.00, 126559, -468943, 895 
1721050252156.00, 127013, -466193, 885 
1721050252181.00, 126693, -463420, 875 
1721050252199.00, 125941, -460667, 860 
1721050252221.00, 124431, -457929, 848 
1721050252243.00, 122860, -455222, 834 
1721050252264.00, 121045, -452547, 834 
1721050252287.00, 120105, -449917, 788 
1721050252308.00, 116634, -447305, 795 
1721050252330.00, 114978, -444780, 767 
1721050252350.00, 112281, -442278, 718 
1721050252373.00, 107614, -439839, 721 
1721050252398.00, 105119, -437498, 717 
1721050252416.00, 103458, -435208, 725 
1721050252438.00, 102924, -432962, 698 
1721050252460.00, 100743, -430726, 634 
1721050252481.00, 57138, -428559, 541 
1721050252503.00, 31168, -427306, 556 
1721050252525.00, 15940, -426598, 598 
1721050252546.00, 7049, -426236, 587 
1721050252568.00, 1913, -426080, 496 
1721050252589.00, -640, -426037, 404 
1721050252612.00, -2363, -426050, 309 
1721050252632.00, -3505, -426101, 234 
1721050252655.00, -4121, -426176, 165 
1721050252675.00, -4460, -426271, 85 
1721050252696.00, -4760, -426376, 27 
1721050252718.00, -4770, -426480, -52 
1721050252740.00, -7717, -426586, -124 
1721050252761.00, -13788, -426750, -164 
1721050252783.00, -19606, -427045, -207 
1721050252804.00, -25511, -427472, -235 
1721050252826.00, -30782, -428026, -227 
1721050252848.00, -33226, -428686, -246 
1721050252870.00, -35872, -429403, -267 
1721050252891.00, -38799, -430179, -270 
1721050252912.00, -40494, -431023, -283 
1721050252934.00, -42362, -431903, -285 
1721050252956.00, -43548, -432819, -394 
1721050252977.00, -50771, -433763, -379 
1721050252999.00, -54064, -434865, -389 
1721050253021.00, -56767, -436031, -412 
1721050253043.00, -59448, -437266, -450 
1721050253064.00, -63347, -438561, -429 
1721050253086.00, -64509, -439920, -392 
1721050253107.00, -62782, -441324, -437 
1721050253129.00, -64344, -442680, -458 
1721050253151.00, -66603, -444087, -465 
1721050253172.00, -68286, -445522, -491 
1721050253194.00, -70717, -446999, -508 
1721050253215.00, -73137, -448530, -539 
1721050253237.00, -76362, -450118, -515 
1721050253261.00, -76898, -451781, -533 
1721050253280.00, -78020, -453444, -547 
1721050253302.00, -79629, -455132, -525 
1721050253323.00, -79251, -456850, -514 
1721050253345.00, -78330, -458572, -565 
1721050253367.00, -80609, -460273, -572 
1721050253388.00, -82426, -462023, -599 
1721050253410.00, -85067, -463807, -607 
1721050253432.00, -87156, -465637, -593 
1721050253453.00, -87276, -467543, -560 
1721050253474.00, -85563, -469429, -567 
1721050253496.00, -84887, -471290, -597 
1721050253518.00, -86167, -473115, -563 
1721050253540.00, -84883, -474988, -630 
1721050253561.00, -88173, -476834, -648 
1721050253583.00, -91051, -478737, -654 
1721050253607.00, -92987, -480721, -674 
1721050253626.00, -95479, -482718, -607 
1721050253648.00, -93029, -484798, -616 
1721050253670.00, -91881, -486812, -574 
1721050253690.00, -88536, -488794, -658 
1721050253718.00, -91621, -490724, -617 
1721050253735.00, -90918, -492702, -644 
1721050253756.00, -92302, -494676, -660 
1721050253778.00, -93922, -496672, -680 
1721050253799.00, -96119, -498699, -695 
1721050253820.00, -98001, -500792, -667 
1721050253843.00, -97673, -502921, -641 
1721050253864.00, -95597, -505023, -657 
1721050253885.00, -95133, -507098, -569 
1721050253908.00, -90035, -509159, -515 
1721050253929.00, -83450, -511113, -622 
1721050253950.00, -85918, -512919, -573 
1721050253974.00, -84478, -514772, -593 
1721050253994.00, -84839, -516625, -590 
1721050254016.00, -84784, -518451, -641 
1721050254038.00, -87779, -520301, -629 
1721050254059.00, -88968, -522187, -563 
1721050254080.00, -85608, -524125, -674 
1721050254102.00, -90408, -525989, -629 
1721050254123.00, -90536, -527929, -623 
1721050254150.00, -90056, -529902, -670 
1721050254167.00, -92800, -531840, -644 
1721050254189.00, -92597, -533859, -642 
1721050254211.00, -92389, -535871, -629 
1721050254232.00, -91275, -537862, -658 
1721050254255.00, -92242, -539856, -652 
1721050254276.00, -92753, -541853, -606 
1721050254298.00, -90209, -543863, -654 
1721050254319.00, -91545, -545815, -611 
1721050254340.00, -89614, -547788, -627 
1721050254362.00, -89510, -549749, -629 
1721050254384.00, -89542, -551680, -599 
1721050254405.00, -87620, -553623, -627 
1721050254427.00, -88360, -555523, -577 
1721050254448.00, -85562, -557436, -602 
1721050254470.00, -85397, -559301, -587 
1721050254492.00, -84619, -561143, -538 
1721050254514.00, -81137, -562969, -507 
1721050254535.00, -77127, -564715, -419 
1721050254556.00, -69461, -566392, -405 
1721050254582.00, -64117, -567897, -371 
1721050254600.00, -58756, -569284, -400 
1721050254621.00, -57399, -570545, -374 
1721050254643.00, -54957, -571790, -374 
1721050254665.00, -53635, -572979, -374 
1721050254687.00, -52837, -574146, -365 
1721050254708.00, -51903, -575296, -379 
1721050254729.00, -51933, -576412, -376 
1721050254752.00, -51884, -577535, -370 
1721050254774.00, -51692, -578668, -382 
1721050254799.00, -52128, -579777, -379 
1721050254817.00, -52248, -580912, -367 
1721050254838.00, -51593, -582052, -349 
1721050254860.00, -50124, -583168, -415 
1721050254881.00, -53311, -584258, -386 
1721050254906.00, -53416, -585413, -389 
1721050254925.00, -53623, -586564, -387 
1721050254946.00, -53500, -587731, -422 
1721050254968.00, -55686, -588897, -430 
1721050254989.00, -57555, -590099, -425 
1721050255016.00, -58369, -591347, -409 
1721050255032.00, -57845, -592605, -381 
1721050255055.00, -55664, -593858, -369 
1721050255076.00, -31402, -595058, -355 
1721050255097.00, -16786, -595769, -323 
1721050255121.00, -8179, -596148, -294 
1721050255141.00, -3333, -596336, -303 
1721050255163.00, -301, -596414, -301 
1721050255184.00, 561, -596425, -260 
1721050255206.00, 1532, -596420, -256 
1721050255227.00, 2330, -596392, -237 
1721050255249.00, 2702, -596341, -201 
1721050255270.00, 2682, -596279, -156 
1721050255292.00, 2827, -596217, -134 
1721050255314.00, 2837, -596158, -105 
1721050255335.00, 2853, -596096, -75 
1721050255357.00, 2812, -596034, -68 
1721050255378.00, 2670, -595974, -63 
1721050255400.00, 2613, -595913, -39 
1721050255422.00, 2598, -595857, -25 
1721050255443.00, 2497, -595801, -19 
1721050255464.00, 2433, -595747, -20 
1721050255486.00, 2429, -595693, -19 
1721050255508.00, 2382, -595642, 1 
1721050255529.00, 2331, -595589, 14 
1721050255550.00, 3216, -595536, 26 
1721050255572.00, 4272, -595471, 36 
1721050255593.00, 5545, -595379, 39 
1721050255615.00, 6288, -595262, 46 
1721050255636.00, 7288, -595124, 53 
1721050255658.00, 8424, -594968, 59 
1721050255679.00, 9570, -594789, 68 
1721050255700.00, 10366, -594587, 85 
1721050255722.00, 11995, -594364, 94 
1721050255744.00, 13707, -594106, 98 
1721050255765.00, 14516, -593817, 94 
1721050255787.00, 14801, -593500, 108 
1721050255809.00, 15796, -593179, 99 
1721050255830.00, 16070, -592837, 98 
1721050255852.00, 16296, -592499, 100 
1721050255873.00, 16238, -592151, 101 
1721050255895.00, 16264, -591803, 89 
1721050255916.00, 15273, -591454, 76 
1721050255938.00, 13983, -591122, 45 
1721050255959.00, 11362, -590821, 5 
1721050255981.00, 6735, -590573, -47 
1721050256003.00, 1309, -590423, -119 
1721050256024.00, -5469, -590392, -183 
1721050256046.00, -13819, -590499, -225 
1721050256068.00, -21457, -590792, -262 
1721050256089.00, -28382, -591250, -305 
1721050256111.00, -34769, -591863, -343 
1721050256133.00, -40973, -592604, -359 
1721050256154.00, -45687, -593483, -369 
1721050256176.00, -27007, -594466, -399 
1721050256197.00, -15676, -595079, -469 
1721050256221.00, -8612, -595433, -499 
1721050256240.00, -4689, -595631, -551 
1721050256262.00, -2328, -595737, -581 
1721050256284.00, -924, -595792, -616 
1721050256305.00, -17, -595811, -626 
1721050256327.00, -5, -595814, -603 
1721050256348.00, 27, -595813, -568 
1721050256369.00, 57, -595811, -539 
1721050256390.00, 316, -595810, -500 
1721050256412.00, 593, -595805, -479 
1721050256434.00, 718, -595795, -465 
1721050256455.00, 792, -595780, -449 
1721050256476.00, 774, -595763, -446 
1721050256498.00, 786, -595748, -458 
1721050256520.00, 861, -595731, -459 
1721050256541.00, 841, -595714, -454 
1721050256563.00, 864, -595695, -445 
1721050256585.00, 876, -595676, -429 
1721050256606.00, 878, -595657, -420 
1721050256627.00, 973, -595638, -413 
1721050256648.00, 912, -595617, -409 
1721050256670.00, 776, -595597, -399 
1721050256692.00, 697, -595579, -390 
1721050256714.00, 650, -595562, -382 
1721050256735.00, 625, -595547, -377 
1721050256757.00, 608, -595535, -378 
1721050256778.00, 609, -595521, -374 
1721050256800.00, 593, -595507, -371 
1721050256821.00, 597, -595495, -370 
1721050256843.00, 564, -595481, -367 
1721050256865.00, 578, -595469, -361 
1721050256888.00, 520, -595457, -354 
1721050256907.00, 481, -595445, -349 
1721050256929.00, 467, -595434, -351 
1721050256951.00, 456, -595423, -353 
1721050256973.00, 439, -595413, -354 
1721050256995.00, 438, -595404, -354 
1721050257015.00, 410, -595395, -355 
1721050257037.00, 433, -595387, -356 
1721050257059.00, 466, -595377, -356 
1721050257080.00, 425, -595366, -355 
1721050257102.00, 382, -595357, -358 
1721050257123.00, 354, -595349, -360 
1721050257144.00, 354, -595342, -359 
1721050257166.00, 348, -595333, -356 
1721050257188.00, 350, -595325, -356 
1721050257217.00, 356, -595319, -356 
1721050257231.00, 357, -595312, -355 
1721050257253.00, 352, -595303, -356 
1721050257273.00, 350, -595296, -358 
1721050257296.00, 329, -595288, -360 
1721050257317.00, 324, -595282, -358 
1721050257338.00, 303, -595274, -356 
1721050257361.00, 294, -595267, -353 
1721050257382.00, 299, -595261, -353 
1721050257403.00, 300, -595255, -355 
1721050257424.00, 290, -595248, -357 
1721050257446.00, 289, -595243, -358 
1721050257468.00, 274, -595237, -357 
1721050257490.00, 264, -595229, -354 
1721050257511.00, 271, -595223, -352 
1721050257533.00, 248, -595218, -350 
1721050257554.00, 221, -595213, -347 
1721050257576.00, 210, -595208, -345 
1721050257597.00, 204, -595204, -348 
1721050257618.00, 202, -595199, -350 
1721050257641.00, 184, -595195, -350 
1721050257661.00, 180, -595191, -349 
1721050257684.00, 174, -595187, -349 
1721050257705.00, 174, -595184, -351 
1721050257726.00, 229, -595180, -354 
1721050257750.00, 246, -595176, -355 
1721050257769.00, 205, -595169, -356 
1721050257791.00, 185, -595163, -357 
1721050257813.00, 164, -595160, -359 
1721050257834.00, 153, -595156, -359 
1721050257858.00, 148, -595153, -361 
1721050257877.00, 151, -595150, -362 
1721050257899.00, 153, -595148, -365 
1721050257920.00, 139, -595143, -367 
1721050257942.00, 138, -595141, -368 
1721050257967.00, 147, -595136, -369 
1721050257985.00, 144, -595135, -371 
1721050258006.00, 143, -595131, -373 
1721050258028.00, 149, -595128, -376 
1721050258050.00, 165, -595126, -376 
1721050258072.00, 152, -595122, -375 
1721050258093.00, 151, -595119, -373 
1721050258114.00, 150, -595116, -372 
1721050258136.00, 142, -595113, -370 
1721050258157.00, 130, -595109, -370 
1721050258179.00, 123, -595107, -370 
1721050258201.00, 123, -595104, -370 
1721050258222.00, 137, -595101, -369 
1721050258244.00, 122, -595098, -368 
1721050258265.00, 121, -595094, -367 
1721050258287.00, 108, -595091, -368 
1721050258308.00, 98, -595090, -368 
1721050258330.00, 99, -595087, -367 
1721050258351.00, 91, -595085, -366 
1721050258373.00, 88, -595082, -365 
1721050258394.00, 95, -595081, -366 
1721050258417.00, 94, -595080, -368 
1721050258437.00, 83, -595078, -369 
1721050258458.00, 69, -595076, -370 
1721050258480.00, 69, -595075, -372 
1721050258502.00, 82, -595074, -374 
1721050258522.00, 0, -595072, -477 
1721050258544.00, 0, -595072, -475 
1721050258565.00, 0, -595071, -475 
1721050258586.00, 0, -595071, -477 
1721050258608.00, 0, -595072, -477 
1721050258628.00, 0, -595072, -477 
1721050258650.00, 0, -595072, -476 
1721050258670.00, 0, -595072, -476 
1721050258692.00, 0, -595071, -476 
1721050258713.00, 0, -595071, -476 
1721050258738.00, 0, -595072, -477 
1721050258755.00, 0, -595072, -479 
1721050258776.00, 0, -595071, -479 
1721050258797.00, 0, -595072, -478 
1721050258819.00, 0, -595072, -477 
1721050258844.00, 0, -595071, -476 
1721050258861.00, 0, -595071, -477 
1721050258881.00, 0, -595072, -479 
1721050258903.00, 0, -595072, -479 
1721050258924.00, 0, -595071, -477 
1721050258945.00, 0, -595071, -477 
1721050258966.00, 0, -595071, -478 
1721050258988.00, 0, -595072, -480 
1721050259009.00, 0, -595071, -480 
1721050259030.00, 0, -595072, -478 
1721050259050.00, 0, -595072, -478 
1721050259072.00, 0, -595071, -476 
1721050259093.00, 0, -595071, -474 
1721050259114.00, 0, -595070, -472 
1721050259135.00, 0, -595072, -473 
1721050259157.00, 0, -595072, -474 
1721050259177.00, 0, -595071, -472 
1721050259198.00, 0, -595071, -470 
1721050259220.00, 0, -595071, -468 
1721050259241.00, 0, -595071, -466 
1721050259261.00, 0, -595071, -464 
1721050259283.00, 0, -595071, -462 
1721050259304.00, 0, -595070, -458 
1721050259325.00, 0, -595071, -461 
1721050259347.00, 0, -595071, -461 
1721050259368.00, 0, -595071, -459 
1721050259388.00, 0, -595072, -457 
1721050259412.00, 0, -595071, -458 
