1721977806457.00, 474, -598227, -567 
1721977806479.00, 494, -598218, -565 
1721977806500.00, 461, -598207, -563 
1721977806521.00, 463, -598196, -558 
1721977806543.00, 463, -598187, -554 
1721977806566.00, 452, -598177, -548 
1721977806586.00, 446, -598166, -538 
1721977806608.00, 454, -598156, -531 
1721977806629.00, 389, -598148, -529 
1721977806651.00, 368, -598139, -525 
1721977806672.00, 339, -598131, -521 
1721977806694.00, 350, -598123, -521 
1721977806715.00, 337, -598115, -519 
1721977806736.00, 309, -598108, -516 
1721977806758.00, 305, -598100, -513 
1721977806780.00, 297, -598093, -509 
1721977806802.00, 263, -598087, -508 
1721977806823.00, 250, -598081, -503 
1721977806844.00, 257, -598076, -498 
1721977806866.00, 260, -598070, -495 
1721977806891.00, 263, -598064, -498 
1721977806909.00, 282, -598059, -501 
1721977806930.00, 247, -598052, -506 
1721977806952.00, 213, -598047, -510 
1721977806973.00, 200, -598042, -509 
1721977806996.00, 190, -598038, -504 
1721977807017.00, 185, -598033, -502 
1721977807039.00, 178, -598029, -502 
1721977807059.00, 173, -598025, -503 
1721977807082.00, 175, -598022, -507 
1721977807107.00, 163, -598019, -508 
1721977807125.00, 174, -598016, -506 
1721977807146.00, 185, -598011, -504 
1721977807168.00, 184, -598007, -503 
1721977807189.00, 174, -598004, -501 
1721977807211.00, 171, -597999, -502 
1721977807233.00, 162, -597995, -502 
1721977807254.00, 163, -597992, -504 
1721977807276.00, 173, -597988, -504 
1721977807297.00, 181, -597984, -502 
1721977807319.00, 177, -597980, -503 
1721977807340.00, 159, -597977, -503 
1721977807362.00, 158, -597973, -502 
1721977807383.00, 145, -597970, -502 
1721977807405.00, 136, -597965, -503 
1721977807426.00, 130, -597963, -505 
1721977807447.00, 123, -597961, -507 
1721977807470.00, 114, -597959, -509 
1721977807491.00, 118, -597956, -508 
1721977807513.00, 108, -597953, -508 
1721977807534.00, 104, -597952, -509 
1721977807555.00, 97, -597948, -508 
1721977807577.00, 88, -597947, -508 
1721977807598.00, 90, -597945, -510 
1721977807621.00, 99, -597943, -511 
1721977807643.00, 113, -597941, -511 
1721977807664.00, 112, -597939, -511 
1721977807686.00, 110, -597937, -511 
1721977807707.00, 93, -597934, -511 
1721977807729.00, 87, -597932, -508 
1721977807750.00, 83, -597929, -504 
1721977807771.00, 89, -597927, -501 
1721977807792.00, 87, -597926, -492 
1721977807814.00, 101, -597923, -486 
1721977807836.00, 98, -597920, -477 
1721977807857.00, 102, -597917, -469 
1721977807879.00, 113, -597915, -466 
1721977807901.00, 124, -597912, -458 
1721977807922.00, 144, -597909, -444 
1721977807943.00, 121, -597905, -429 
1721977807965.00, 113, -597902, -423 
1721977807986.00, 108, -597899, -416 
1721977808008.00, 116, -597896, -404 
1721977808029.00, 131, -597893, -385 
1721977808051.00, 124, -597890, -370 
1721977808073.00, 103, -597888, -362 
1721977808094.00, 104, -597884, -354 
1721977808116.00, 80, -597881, -341 
1721977808137.00, 57, -597878, -332 
1721977808159.00, 55, -597876, -330 
1721977808180.00, 60, -597875, -329 
1721977808202.00, 55, -597874, -326 
1721977808223.00, 63, -597873, -326 
1721977808245.00, 62, -597872, -322 
1721977808266.00, 42, -597869, -315 
1721977808287.00, 52, -597868, -312 
1721977808310.00, 49, -597868, -306 
1721977808330.00, 63, -597866, -300 
1721977808351.00, 79, -597864, -290 
1721977808373.00, 75, -597862, -276 
1721977808394.00, 96, -597859, -267 
1721977808416.00, 101, -597856, -255 
1721977808438.00, 99, -597854, -231 
1721977808460.00, 100, -597850, -211 
1721977808481.00, 79, -597848, -203 
1721977808503.00, 101, -597844, -188 
1721977808524.00, 138, -597840, -159 
1721977808545.00, 169, -597835, -120 
1721977808567.00, 148, -597829, -81 
1721977808588.00, 119, -597824, -57 
1721977808609.00, 104, -597820, -32 
1721977808631.00, 90, -597816, -9 
1721977808653.00, 90, -597813, 4 
1721977808674.00, 75, -597809, 19 
1721977808694.00, 1343, -597807, 29 
1721977808716.00, 2587, -597779, 33 
1721977808738.00, 3516, -597723, 41 
1721977808759.00, 4539, -597647, 59 
1721977808781.00, 6099, -597550, 72 
1721977808803.00, 7983, -597410, 92 
1721977808824.00, 10372, -597229, 126 
1721977808846.00, 13588, -597004, 144 
1721977808867.00, 16848, -596714, 134 
1721977808888.00, 18169, -596354, 147 
1721977808911.00, 19554, -595967, 174 
1721977808932.00, 21785, -595547, 179 
1721977808954.00, 23770, -595071, 199 
1721977808976.00, 25886, -594550, 234 
1721977808997.00, 29418, -593986, 264 
1721977809019.00, 33350, -593349, 293 
1721977809040.00, 37463, -592635, 324 
1721977809062.00, 41736, -591830, 357 
1721977809085.00, 46140, -590922, 416 
1721977809105.00, 52562, -589928, 414 
1721977809127.00, 55978, -588790, 564 
1721977809148.00, 66930, -587565, 533 
1721977809170.00, 71998, -586127, 495 
1721977809192.00, 72504, -584569, 516 
1721977809214.00, 73971, -582998, 557 
1721977809235.00, 77178, -581393, 537 
1721977809257.00, 77921, -579726, 548 
1721977809278.00, 78847, -578039, 573 
1721977809300.00, 80740, -576331, 602 
1721977809321.00, 83653, -574573, 615 
1721977809343.00, 86436, -572761, 610 
1721977809364.00, 87389, -570887, 635 
1721977809387.00, 89591, -569000, 663 
1721977809410.00, 92799, -567052, 622 
1721977809430.00, 91825, -565049, 646 
1721977809452.00, 92848, -563055, 650 
1721977809473.00, 93466, -561044, 633 
1721977809494.00, 92943, -559028, 660 
1721977809516.00, 94049, -557011, 669 
1721977809538.00, 95459, -554965, 669 
1721977809560.00, 96156, -552908, 676 
1721977809581.00, 96955, -550819, 692 
1721977809603.00, 98300, -548718, 730 
1721977809625.00, 101180, -546591, 755 
1721977809647.00, 104502, -544374, 758 
1721977809667.00, 106719, -542101, 762 
1721977809690.00, 108177, -539788, 766 
1721977809712.00, 109312, -537424, 786 
1721977809735.00, 111220, -535044, 797 
1721977809755.00, 112884, -532634, 799 
1721977809776.00, 113943, -530169, 811 
1721977809798.00, 115239, -527678, 849 
1721977809820.00, 118237, -525167, 874 
1721977809842.00, 121610, -522599, 889 
1721977809864.00, 124354, -519948, 916 
1721977809885.00, 127573, -517234, 936 
1721977809907.00, 130722, -514455, 960 
1721977809929.00, 133772, -511602, 981 
1721977809950.00, 137039, -508679, 1019 
1721977809971.00, 141088, -505681, 1041 
1721977809993.00, 144922, -502589, 1073 
1721977810015.00, 149302, -499420, 1123 
1721977810037.00, 154809, -496153, 1157 
1721977810061.00, 160094, -492763, 1198 
1721977810079.00, 165574, -489256, 1249 
1721977810101.00, 171700, -485636, 1284 
1721977810124.00, 174827, -481878, 1308 
1721977810146.00, 174585, -478054, 1316 
1721977810174.00, 174646, -474244, 1292 
1721977810189.00, 174612, -470421, 1226 
1721977810211.00, 174686, -466617, 1128 
1721977810233.00, 169573, -462796, 1099 
1721977810255.00, 164841, -459092, 1025 
1721977810279.00, 157371, -455516, 955 
1721977810300.00, 148638, -452090, 969 
1721977810321.00, 144307, -448871, 938 
1721977810342.00, 139932, -445726, 908 
1721977810365.00, 135294, -442691, 890 
1721977810386.00, 131600, -439754, 842 
1721977810408.00, 126359, -436899, 765 
1721977810430.00, 118717, -434151, 775 
1721977810452.00, 114508, -431589, 606 
1721977810473.00, 64843, -429125, 407 
1721977810494.00, 35960, -427733, 303 
1721977810516.00, 18485, -426945, 154 
1721977810538.00, 8607, -426541, -25 
1721977810559.00, 1117, -426365, -195 
1721977810581.00, -12915, -426341, -280 
1721977810603.00, -26515, -426601, -324 
1721977810624.00, -37354, -427175, -481 
1721977810646.00, -53289, -427986, -538 
1721977810668.00, -66038, -429129, -604 
1721977810690.00, -77464, -430562, -687 
1721977810711.00, -89303, -432257, -759 
1721977810732.00, -100451, -434197, -784 
1721977810755.00, -108693, -436394, -821 
1721977810777.00, -115577, -438768, -872 
1721977810798.00, -122635, -441291, -889 
1721977810819.00, -127864, -443972, -900 
1721977810841.00, -131421, -446748, -922 
1721977810863.00, -134746, -449610, -965 
1721977810885.00, -139309, -452560, -982 
1721977810906.00, -142802, -455594, -996 
1721977810927.00, -145572, -458699, -1019 
1721977810949.00, -148401, -461890, -1026 
1721977810970.00, -150481, -465130, -1042 
1721977810991.00, -152661, -468432, -1052 
1721977811015.00, -154578, -471767, -1062 
1721977811036.00, -156093, -475149, -1070 
1721977811058.00, -157337, -478554, -1084 
1721977811080.00, -158814, -481986, -1085 
1721977811101.00, -159826, -485468, -1088 
1721977811124.00, -160389, -488947, -1107 
1721977811145.00, -161719, -492469, -1084 
1721977811167.00, -161138, -495994, -1077 
1721977811189.00, -160188, -499513, -1087 
1721977811210.00, -160158, -503021, -1025 
1721977811232.00, -156526, -506504, -1026 
1721977811254.00, -154148, -509934, -1087 
1721977811276.00, -156414, -513288, -1025 
1721977811298.00, -153766, -516712, -1046 
1721977811320.00, -153261, -520073, -1044 
1721977811343.00, -152871, -523415, -986 
1721977811363.00, -148966, -526743, -1010 
1721977811385.00, -148036, -529998, -1023 
1721977811408.00, -148354, -533242, -945 
1721977811429.00, -143826, -536466, -1009 
1721977811450.00, -144826, -539605, -1006 
1721977811474.00, -145296, -542777, -970 
1721977811494.00, -143467, -545936, -1015 
1721977811516.00, -144989, -549064, -1025 
1721977811539.00, -146422, -552237, -967 
1721977811561.00, -143889, -555412, -994 
1721977811582.00, -143841, -558547, -981 
1721977811603.00, -142860, -561656, -895 
1721977811626.00, -137243, -564762, -823 
1721977811647.00, -129487, -567740, -855 
1721977811669.00, -126462, -570545, -845 
1721977811691.00, -124111, -573296, -819 
1721977811713.00, -121427, -576004, -805 
1721977811734.00, -118731, -578629, -823 
1721977811756.00, -118171, -581212, -818 
1721977811778.00, -117600, -583783, -822 
1721977811799.00, -117291, -586337, -803 
1721977811821.00, -116027, -588886, -732 
1721977811842.00, -110903, -591412, -691 
1721977811864.00, -105340, -593813, -680 
1721977811886.00, -60029, -596084, -614 
1721977811908.00, -33068, -597390, -557 
1721977811930.00, -17020, -598126, -464 
1721977811950.00, -7799, -598513, -317 
1721977811973.00, -2535, -598684, -202 
1721977811994.00, 40, -598738, -123 
1721977812016.00, 1828, -598739, -41 
1721977812037.00, 3200, -598693, 92 
1721977812059.00, 9414, -598610, 296 
1721977812080.00, 24963, -598404, 439 
1721977812102.00, 43370, -597877, 502 
1721977812124.00, 57942, -596952, 646 
1721977812145.00, 74784, -595701, 814 
1721977812166.00, 95183, -594075, 710 
1721977812189.00, 100814, -592014, 803 
1721977812210.00, 109479, -589812, 829 
1721977812232.00, 116006, -587419, 807 
1721977812254.00, 118809, -584891, 854 
1721977812275.00, 123085, -582304, 863 
1721977812297.00, 125984, -579626, 869 
1721977812319.00, 128139, -576870, 901 
1721977812341.00, 131018, -574083, 921 
1721977812363.00, 134017, -571235, 956 
1721977812384.00, 137691, -568311, 982 
1721977812405.00, 141257, -565313, 980 
1721977812426.00, 143271, -562230, 1000 
1721977812448.00, 145564, -559109, 1018 
1721977812472.00, 148017, -555918, 1035 
1721977812492.00, 150254, -552687, 1048 
1721977812514.00, 152381, -549399, 1047 
1721977812536.00, 153389, -546075, 1079 
1721977812558.00, 155868, -542714, 1117 
1721977812579.00, 159715, -539306, 1120 
1721977812601.00, 162057, -535813, 1160 
1721977812623.00, 165671, -532270, 1168 
1721977812644.00, 168198, -528637, 1183 
1721977812666.00, 170677, -524952, 1184 
1721977812688.00, 171971, -521228, 1204 
1721977812710.00, 173943, -517470, 1216 
1721977812732.00, 174885, -513666, 1242 
1721977812754.00, 174833, -509857, 1250 
1721977812775.00, 174877, -506044, 1253 
1721977812797.00, 174791, -502214, 1291 
1721977812819.00, 174706, -498390, 1298 
1721977812841.00, 174548, -494569, 1300 
1721977812863.00, 174887, -490752, 1327 
1721977812884.00, 174946, -486939, 1360 
1721977812911.00, 174621, -483116, 1367 
1721977812928.00, 174728, -479303, 1357 
1721977812950.00, 174745, -475484, 1358 
1721977812971.00, 174605, -471671, 1355 
1721977812994.00, 174609, -467854, 1306 
1721977813022.00, 174888, -464041, 1274 
1721977813037.00, 174800, -460224, 1251 
1721977813059.00, 174663, -456412, 1217 
1721977813080.00, 174635, -452594, 1181 
1721977813103.00, 173842, -448790, 1123 
1721977813125.00, 169569, -445002, 1054 
1721977813148.00, 163000, -441305, 959 
1721977813169.00, 153280, -437768, 924 
1721977813191.00, 145182, -434445, 811 
1721977813213.00, 133629, -431305, 720 
1721977813236.00, 76859, -428436, 661 
1721977813256.00, 43436, -426756, 684 
1721977813277.00, 23888, -425806, 643 
1721977813299.00, 12357, -425276, 534 
1721977813321.00, 5674, -425005, 424 
1721977813342.00, 1544, -424888, 270 
1721977813364.00, -95, -424862, 131 
1721977813385.00, -1476, -424868, 37 
1721977813407.00, -2382, -424909, -130 
1721977813428.00, -10894, -424970, -282 
1721977813453.00, -24512, -425211, -496 
1721977813471.00, -45643, -425728, -530 
1721977813493.00, -60231, -426695, -620 
1721977813514.00, -74117, -428019, -718 
1721977813536.00, -88400, -429626, -764 
1721977813558.00, -99664, -431544, -802 
1721977813579.00, -108608, -433710, -859 
1721977813601.00, -116990, -436087, -884 
1721977813623.00, -123427, -438642, -896 
1721977813645.00, -127994, -441338, -934 
1721977813667.00, -132842, -444125, -934 
1721977813688.00, -135730, -447015, -926 
1721977813710.00, -136825, -449958, -927 
1721977813731.00, -137334, -452942, -903 
1721977813753.00, -136232, -455936, -953 
1721977813775.00, -138364, -458907, -998 
1721977813797.00, -142195, -461917, -979 
1721977813817.00, -143376, -465009, -1001 
1721977813838.00, -145418, -468153, -1021 
1721977813861.00, -147656, -471333, -1000 
1721977813883.00, -147673, -474556, -1042 
1721977813905.00, -149970, -477787, -1041 
1721977813926.00, -151419, -481055, -1033 
1721977813948.00, -151526, -484380, -1055 
1721977813969.00, -152694, -487681, -1027 
1721977813992.00, -151791, -491027, -1032 
1721977814014.00, -151471, -494357, -1096 
1721977814035.00, -155195, -497655, -1067 
1721977814057.00, -155520, -501055, -1058 
1721977814079.00, -155067, -504453, -1057 
1721977814102.00, -154549, -507840, -1064 
1721977814123.00, -154744, -511221, -1051 
1721977814145.00, -153930, -514589, -1051 
1721977814166.00, -153705, -517969, -1016 
1721977814188.00, -151360, -521309, -1017 
1721977814210.00, -150010, -524619, -1014 
1721977814233.00, -148922, -527885, -945 
1721977814255.00, -144088, -531108, -926 
1721977814277.00, -139813, -534244, -929 
1721977814298.00, -137387, -537281, -924 
1721977814321.00, -135508, -540274, -939 
1721977814342.00, -135381, -543226, -918 
1721977814363.00, -134105, -546165, -919 
1721977814385.00, -133287, -549083, -935 
1721977814407.00, -133731, -551976, -886 
1721977814448.00, -131056, -554884, -920 
1721977814457.00, -131355, -557739, -921 
1721977814472.00, -131731, -560598, -907 
1721977814494.00, -130909, -563439, -905 
1721977814516.00, -130285, -566306, -923 
1721977814538.00, -130910, -569141, -877 
1721977814559.00, -128517, -571971, -821 
1721977814580.00, -123507, -574772, -838 
1721977814602.00, -121720, -577455, -790 
1721977814624.00, -117690, -580085, -749 
1721977814646.00, -113032, -582661, -738 
1721977814667.00, -109580, -585104, -666 
1721977814689.00, -102982, -587466, -609 
1721977814710.00, -95421, -589705, -578 
1721977814733.00, -88959, -591771, -467 
1721977814754.00, -78822, -593686, -399 
1721977814776.00, -44266, -595372, -342 
1721977814797.00, -23843, -596340, -256 
1721977814819.00, -11734, -596875, -151 
1721977814841.00, -4749, -597139, -113 
1721977814862.00, -578, -597252, -116 
1721977814884.00, 1444, -597268, -72 
1721977814904.00, 3125, -597237, 63 
1721977814926.00, 7861, -597155, 265 
1721977814948.00, 22288, -596983, 395 
1721977814969.00, 38697, -596512, 464 
1721977814993.00, 52863, -595692, 485 
1721977815013.00, 62300, -594539, 723 
1721977815034.00, 82320, -593180, 731 
1721977815056.00, 94701, -591407, 722 
1721977815078.00, 101427, -589348, 787 
1721977815101.00, 108980, -587133, 830 
1721977815122.00, 115939, -584758, 829 
1721977815143.00, 120055, -582230, 852 
1721977815165.00, 123713, -579609, 890 
1721977815187.00, 128101, -576905, 903 
1721977815211.00, 131320, -574116, 909 
1721977815230.00, 133647, -571264, 930 
1721977815252.00, 135969, -568346, 976 
1721977815273.00, 140047, -565383, 988 
1721977815294.00, 143289, -562334, 1003 
1721977815315.00, 145918, -559205, 1036 
1721977815337.00, 149429, -556005, 1060 
1721977815360.00, 152803, -552739, 1087 
1721977815381.00, 156312, -549392, 1096 
1721977815403.00, 158800, -545978, 1117 
1721977815425.00, 161457, -542493, 1125 
1721977815447.00, 163518, -538981, 1130 
1721977815469.00, 164826, -535400, 1116 
1721977815490.00, 164919, -531786, 1124 
1721977815512.00, 165257, -528177, 1142 
1721977815538.00, 166465, -524578, 1131 
1721977815556.00, 166481, -520935, 1138 
1721977815578.00, 166722, -517300, 1167 
1721977815599.00, 168598, -513654, 1197 
1721977815621.00, 171328, -509982, 1203 
1721977815646.00, 173211, -506231, 1204 
1721977815665.00, 174353, -502434, 1224 
1721977815687.00, 174722, -498612, 1215 
1721977815708.00, 174571, -494789, 1222 
1721977815730.00, 174625, -490972, 1240 
1721977815753.00, 174756, -487172, 1261 
1721977815774.00, 174767, -483342, 1275 
1721977815796.00, 174824, -479525, 1282 
1721977815818.00, 174800, -475705, 1291 
1721977815839.00, 174531, -471884, 1261 
1721977815862.00, 174650, -468073, 1215 
1721977815883.00, 174507, -464255, 1169 
1721977815905.00, 172569, -460454, 1109 
1721977815927.00, 167995, -456678, 1060 
1721977815949.00, 162094, -453025, 1001 
1721977815978.00, 154919, -449482, 930 
1721977815993.00, 146415, -446126, 833 
1721977816015.00, 135452, -442953, 813 
1721977816037.00, 127713, -440020, 792 
1721977816057.00, 121838, -437248, 706 
1721977816081.00, 113154, -434627, 556 
1721977816101.00, 98806, -432178, 540 
1721977816123.00, 56415, -430046, 563 
1721977816145.00, 31327, -428832, 516 
1721977816166.00, 16573, -428144, 364 
1721977816195.00, 8008, -427781, 233 
1721977816210.00, 2774, -427608, 135 
1721977816231.00, 6, -427562, -19 
1721977816253.00, -2979, -427563, -134 
1721977816274.00, -11621, -427627, -313 
1721977816300.00, -27236, -427883, -491 
1721977816318.00, -47218, -428459, -541 
1721977816339.00, -62281, -429461, -613 
1721977816361.00, -75380, -430816, -694 
1721977816382.00, -87987, -432449, -742 
1721977816406.00, -98333, -434380, -786 
1721977816425.00, -106996, -436510, -837 
1721977816448.00, -114880, -438855, -918 
1721977816469.00, -124690, -441369, -916 
1721977816491.00, -130255, -444088, -946 
1721977816512.00, -135244, -446928, -1017 
1721977816533.00, -142370, -449879, -1047 
1721977816555.00, -148196, -453002, -1013 
1721977816577.00, -149698, -456240, -1020 
1721977816599.00, -150699, -459519, -1027 
1721977816624.00, -151643, -462813, -970 
1721977816644.00, -148825, -466103, -999 
1721977816665.00, -148697, -469339, -978 
1721977816686.00, -147393, -472571, -962 
1721977816709.00, -145441, -475784, -985 
1721977816734.00, -145468, -478944, -984 
1721977816752.00, -145426, -482104, -966 
1721977816772.00, -144316, -485279, -1015 
1721977816794.00, -146408, -488426, -1048 
1721977816816.00, -149648, -491640, -1020 
1721977816843.00, -149664, -494906, -1123 
1721977816860.00, -155931, -498174, -1118 
1721977816882.00, -159274, -501599, -1092 
1721977816903.00, -159596, -505081, -1154 
1721977816925.00, -163622, -508561, -1067 
1721977816951.00, -160692, -512141, -1072 
1721977816969.00, -158958, -515642, -1128 
1721977816991.00, -161134, -519130, -1053 
1721977817013.00, -157982, -522640, -1043 
1721977817034.00, -155374, -526106, -1135 
1721977817056.00, -159335, -529486, -1044 
1721977817078.00, -156180, -532987, -1075 
1721977817100.00, -155905, -536399, -1135 
1721977817121.00, -159426, -539795, -1081 
1721977817143.00, -158232, -543286, -1055 
1721977817165.00, -155736, -546729, -1113 
1721977817187.00, -158029, -550152, -1019 
1721977817209.00, -153682, -553589, -1002 
1721977817231.00, -149977, -556947, -1117 
1721977817253.00, -154760, -560217, -1064 
1721977817276.00, -154183, -563585, -1045 
1721977817296.00, -152719, -566959, -1100 
1721977817317.00, -154959, -570291, -1044 
1721977817340.00, -152940, -573683, -968 
1721977817362.00, -147114, -577005, -987 
1721977817384.00, -144622, -580182, -885 
1721977817406.00, -136940, -583337, -818 
1721977817428.00, -128474, -586304, -777 
1721977817450.00, -120769, -589081, -680 
1721977817471.00, -110532, -591695, -567 
1721977817493.00, -97382, -594079, -497 
1721977817514.00, -55109, -596151, -419 
1721977817536.00, -29842, -597356, -291 
1721977817558.00, -15123, -598023, -171 
1721977817579.00, -6664, -598358, 1 
1721977817600.00, -1600, -598505, 41 
1721977817622.00, 3432, -598538, 130 
1721977817643.00, 11956, -598468, 318 
1721977817665.00, 28137, -598210, 456 
1721977817686.00, 46130, -597609, 504 
1721977817708.00, 59740, -596621, 674 
1721977817730.00, 77909, -595326, 774 
1721977817752.00, 94601, -593623, 782 
1721977817773.00, 105074, -591571, 849 
1721977817795.00, 115221, -589278, 894 
1721977817816.00, 123731, -586758, 898 
1721977817839.00, 128903, -584065, 917 
1721977817860.00, 132810, -581238, 954 
1721977817882.00, 137418, -578346, 987 
1721977817903.00, 142164, -575353, 1002 
1721977817925.00, 145844, -572246, 1047 
1721977817946.00, 150359, -569056, 1085 
1721977817968.00, 155375, -565760, 1089 
1721977817990.00, 158403, -562354, 1130 
1721977818011.00, 162623, -558890, 1148 
1721977818033.00, 166267, -555337, 1175 
1721977818055.00, 169974, -551698, 1199 
1721977818077.00, 173378, -547983, 1232 
1721977818099.00, 174828, -544198, 1239 
1721977818121.00, 174682, -540368, 1262 
1721977818142.00, 174753, -536551, 1267 
1721977818164.00, 174929, -532732, 1288 
1721977818186.00, 174854, -528918, 1310 
1721977818208.00, 174981, -525094, 1320 
1721977818230.00, 174577, -521269, 1343 
1721977818252.00, 174761, -517462, 1363 
1721977818273.00, 174838, -513640, 1397 
1721977818295.00, 174809, -509822, 1417 
1721977818317.00, 174897, -506008, 1441 
1721977818338.00, 174826, -502190, 1450 
1721977818360.00, 174812, -498359, 1474 
1721977818384.00, 174655, -494543, 1509 
1721977818404.00, 174852, -490720, 1526 
1721977818426.00, 174977, -486916, 1539 
1721977818448.00, 174669, -483083, 1548 
1721977818470.00, 174866, -479271, 1552 
1721977818492.00, 174665, -475453, 1565 
1721977818513.00, 174701, -471631, 1537 
1721977818535.00, 174678, -467826, 1531 
1721977818557.00, 174765, -464003, 1498 
1721977818579.00, 174772, -460198, 1484 
1721977818601.00, 174564, -456378, 1436 
1721977818622.00, 174620, -452561, 1387 
1721977818644.00, 174761, -448755, 1303 
1721977818665.00, 174742, -444937, 1248 
1721977818688.00, 174574, -441142, 1156 
1721977818710.00, 173191, -437320, 1037 
1721977818733.00, 164896, -433552, 893 
1721977818755.00, 151271, -429977, 717 
1721977818776.00, 87908, -426720, 555 
1721977818798.00, 50585, -424833, 526 
1721977818819.00, 28899, -423733, 311 
1721977818841.00, 15932, -423104, 169 
1721977818862.00, 8533, -422755, 15 
1721977818883.00, 4758, -422579, -172 
1721977818905.00, -7383, -422499, -339 
1721977818927.00, -24886, -422660, -574 
1721977818949.00, -49824, -423188, -709 
1721977818970.00, -72662, -424247, -800 
1721977818992.00, -91874, -425835, -860 
1721977819014.00, -106894, -427841, -907 
1721977819038.00, -118607, -430171, -944 
1721977819057.00, -127445, -432760, -949 
1721977819079.00, -133207, -435548, -951 
1721977819100.00, -136282, -438452, -957 
1721977819122.00, -138517, -441423, -913 
1721977819144.00, -137253, -444436, -859 
1721977819166.00, -133151, -447417, -923 
1721977819188.00, -134481, -450313, -975 
1721977819209.00, -138317, -453246, -985 
1721977819230.00, -141084, -456251, -1019 
1721977819256.00, -144657, -459345, -1045 
1721977819273.00, -148273, -462504, -1061 
1721977819296.00, -151386, -465746, -1068 
1721977819317.00, -153530, -469057, -1063 
1721977819339.00, -154543, -472412, -1069 
1721977819361.00, -155352, -475794, -1065 
1721977819382.00, -155658, -479183, -1072 
1721977819405.00, -156153, -482568, -1063 
1721977819426.00, -155672, -485997, -1089 
1721977819448.00, -156796, -489394, -1104 
1721977819471.00, -158450, -492827, -1101 
1721977819492.00, -159155, -496291, -1152 
1721977819514.00, -162320, -499775, -1138 
1721977819536.00, -163643, -503330, -1122 
1721977819557.00, -163228, -506902, -1180 
1721977819585.00, -166428, -510479, -1166 
1721977819600.00, -167504, -514104, -1149 
1721977819622.00, -167240, -517784, -1180 
1721977819644.00, -168853, -521410, -1147 
1721977819666.00, -167689, -525112, -1181 
1721977819690.00, -168786, -528768, -1173 
1721977819710.00, -168972, -532468, -1135 
1721977819731.00, -166586, -536161, -1172 
1721977819753.00, -167582, -539797, -1101 
1721977819775.00, -163716, -543459, -1105 
1721977819798.00, -161727, -547012, -1088 
1721977819819.00, -159342, -550561, -1016 
1721977819842.00, -153835, -554021, -994 
1721977819862.00, -149000, -557370, -1041 
1721977819885.00, -149065, -560606, -968 
1721977819910.00, -144542, -563838, -995 
1721977819928.00, -143441, -566995, -1015 
1721977819951.00, -144107, -570119, -998 
1721977819972.00, -143371, -573251, -1028 
1721977819993.00, -144807, -576385, -1015 
1721977820015.00, -144696, -579540, -1001 
1721977820037.00, -143682, -582713, -1017 
1721977820060.00, -144019, -585845, -949 
1721977820081.00, -140028, -588974, -913 
1721977820103.00, -135481, -592018, -840 
1721977820124.00, -128194, -594941, -704 
1721977820147.00, -72490, -597697, -546 
1721977820168.00, -39732, -599275, -495 
1721977820190.00, -20595, -600141, -358 
1721977820211.00, -9322, -600595, -174 
1721977820233.00, -2849, -600803, -78 
1721977820255.00, 383, -600868, -28 
1721977820276.00, 2824, -600853, 134 
1721977820298.00, 12217, -600783, 329 
1721977820319.00, 29436, -600525, 459 
1721977820341.00, 47348, -599891, 653 
1721977820362.00, 69474, -598875, 782 
1721977820384.00, 90620, -597360, 812 
1721977820405.00, 104643, -595400, 854 
1721977820428.00, 115447, -593102, 900 
1721977820453.00, 124548, -590575, 915 
1721977820470.00, 130793, -587862, 931 
1721977820493.00, 135266, -585012, 963 
1721977820515.00, 139832, -582057, 970 
1721977820537.00, 142783, -579021, 966 
1721977820559.00, 144117, -575906, 981 
1721977820578.00, 145613, -572768, 1002 
1721977820601.00, 147891, -569587, 993 
1721977820622.00, 148425, -566364, 1016 
1721977820644.00, 150110, -563120, 1071 
1721977820668.00, 154138, -559841, 1082 
1721977820687.00, 157403, -556467, 1101 
1721977820709.00, 160268, -553022, 1140 
1721977820731.00, 164115, -549512, 1165 
1721977820753.00, 167997, -545925, 1194 
1721977820781.00, 171817, -542251, 1217 
1721977820797.00, 174915, -538498, 1217 
1721977820819.00, 174907, -534672, 1250 
1721977820840.00, 174814, -530855, 1265 
1721977820862.00, 174663, -527032, 1266 
1721977820883.00, 174729, -523219, 1282 
1721977820906.00, 175032, -519394, 1284 
1721977820928.00, 174792, -515576, 1318 
1721977820949.00, 174645, -511754, 1327 
1721977820971.00, 174708, -507936, 1318 
1721977820993.00, 174685, -504117, 1323 
1721977821014.00, 174706, -500304, 1336 
1721977821036.00, 174806, -496483, 1343 
1721977821058.00, 174926, -492659, 1345 
1721977821080.00, 174721, -488842, 1351 
1721977821102.00, 174616, -485037, 1346 
1721977821124.00, 174760, -481212, 1337 
1721977821146.00, 174775, -477411, 1310 
1721977821167.00, 174817, -473596, 1288 
1721977821189.00, 174711, -469769, 1251 
1721977821211.00, 174604, -465950, 1200 
1721977821232.00, 171622, -462145, 1132 
1721977821254.00, 165819, -458401, 1103 
1721977821276.00, 160564, -454784, 1104 
1721977821298.00, 157586, -451284, 1020 
1721977821321.00, 150808, -447857, 951 
1721977821343.00, 142518, -444593, 911 
1721977821364.00, 135149, -441502, 815 
1721977821385.00, 124835, -438580, 640 
1721977821408.00, 108409, -435875, 512 
1721977821432.00, 91016, -433529, 488 
1721977821451.00, 79283, -431582, 428 
1721977821473.00, 42867, -429879, 281 
1721977821495.00, 21235, -428959, 188 
1721977821516.00, 8321, -428490, 26 
1721977821537.00, 325, -428322, -141 
1721977821559.00, -11952, -428313, -330 
1721977821581.00, -30561, -428570, -676 
1721977821602.00, -62549, -429207, -706 
1721977821624.00, -83316, -430537, -726 
1721977821646.00, -96832, -432351, -772 
1721977821670.00, -107472, -434465, -789 
1721977821690.00, -114568, -436805, -833 
1721977821711.00, -121155, -439295, -848 
1721977821732.00, -125756, -441951, -855 
1721977821754.00, -128933, -444696, -901 
1721977821777.00, -133309, -447500, -915 
1721977821798.00, -136874, -450399, -911 
1721977821819.00, -138514, -453388, -952 
1721977821841.00, -141643, -456395, -953 
1721977821863.00, -143559, -459487, -932 
1721977821885.00, -143280, -462601, -973 
1721977821905.00, -145352, -465720, -1026 
1721977821927.00, -149702, -468910, -1016 
1721977821949.00, -151557, -472176, -1031 
1721977821970.00, -153422, -475501, -1054 
1721977821993.00, -155884, -478863, -1062 
1721977822014.00, -157651, -482249, -1064 
1721977822036.00, -158606, -485711, -1083 
1721977822058.00, -160374, -489169, -1073 
1721977822080.00, -160700, -492684, -1067 
1721977822103.00, -160393, -496189, -1062 
1721977822123.00, -159448, -499689, -1065 
1721977822144.00, -159236, -503187, -1057 
1721977822167.00, -158423, -506657, -1060 
1721977822189.00, -158111, -510123, -1051 
1721977822213.00, -157171, -513573, -1019 
1721977822232.00, -154679, -517017, -1045 
1721977822254.00, -154635, -520394, -1004 
1721977822277.00, -152116, -523758, -970 
1721977822299.00, -148439, -527073, -983 
1721977822321.00, -146966, -530283, -971 
1721977822342.00, -145249, -533493, -918 
1721977822364.00, -141042, -536657, -901 
1721977822386.00, -137249, -539721, -949 
1721977822408.00, -138166, -542711, -915 
1721977822429.00, -136573, -545710, -940 
1721977822451.00, -136677, -548675, -935 
1721977822473.00, -136703, -551658, -911 
1721977822494.00, -135114, -554619, -958 
1721977822516.00, -137140, -557568, -968 
1721977822537.00, -138931, -560552, -973 
1721977822559.00, -140219, -563554, -972 
1721977822581.00, -140770, -566612, -943 
1721977822603.00, -139182, -569678, -945 
1721977822624.00, -138308, -572694, -910 
1721977822646.00, -135636, -575706, -847 
1721977822668.00, -130183, -578643, -827 
1721977822690.00, -125644, -581471, -785 
1721977822712.00, -120399, -584197, -721 
1721977822734.00, -113398, -586801, -656 
1721977822760.00, -105372, -589257, -628 
1721977822777.00, -98335, -591537, -552 
1721977822799.00, -89795, -593652, -386 
1721977822820.00, -51477, -595573, -251 
1721977822842.00, -28682, -596692, -219 
1721977822863.00, -15263, -597336, -176 
1721977822884.00, -7233, -597674, -86 
1721977822906.00, -2477, -597828, 16 
1721977822928.00, 599, -597873, 128 
1721977822949.00, 9143, -597853, 340 
1721977822971.00, 27382, -597652, 433 
1721977822992.00, 43935, -597067, 658 
1721977823013.00, 67259, -596133, 712 
1721977823035.00, 84280, -594681, 730 
1721977823057.00, 95417, -592847, 791 
1721977823080.00, 105657, -590767, 842 
1721977823100.00, 114693, -588472, 856 
1721977823123.00, 120810, -585968, 873 
1721977823144.00, 125339, -583337, 899 
1721977823166.00, 129554, -580600, 907 
1721977823189.00, 132384, -577774, 947 
1721977823209.00, 136232, -574900, 997 
1721977823230.00, 141502, -571932, 1009 
1721977823252.00, 145363, -568835, 1017 
1721977823274.00, 147903, -565652, 1045 
1721977823298.00, 151053, -562431, 1054 
1721977823317.00, 153155, -559125, 1061 
1721977823339.00, 154782, -555776, 1058 
1721977823360.00, 155574, -552380, 1075 
1721977823382.00, 156946, -548986, 1110 
1721977823406.00, 159848, -545558, 1111 
1721977823426.00, 161627, -542064, 1110 
1721977823448.00, 162654, -538528, 1137 
1721977823469.00, 164587, -534976, 1135 
1721977823492.00, 165788, -531377, 1129 
1721977823518.00, 165718, -527753, 1103 
1721977823535.00, 164216, -524127, 1083 
1721977823557.00, 161779, -520557, 1095 
1721977823579.00, 160914, -517015, 1062 
1721977823600.00, 158538, -513508, 1016 
1721977823625.00, 154192, -510042, 1038 
1721977823644.00, 152955, -506673, 1071 
1721977823666.00, 154347, -503331, 1077 
1721977823687.00, 155408, -499961, 1072 
1721977823710.00, 155565, -496558, 1101 
1721977823732.00, 157601, -493163, 1113 
1721977823753.00, 159306, -489715, 1122 
1721977823775.00, 160638, -486234, 1127 
1721977823796.00, 161818, -482709, 1116 
1721977823819.00, 161688, -479189, 1111 
1721977823844.00, 161191, -475645, 1111 
1721977823864.00, 160710, -472131, 1076 
1721977823884.00, 158419, -468619, 1022 
1721977823907.00, 153875, -465158, 989 
1721977823927.00, 148958, -461818, 1006 
1721977823955.00, 147095, -458564, 1021 
1721977823973.00, 146786, -455350, 995 
1721977823995.00, 145169, -452153, 951 
1721977824016.00, 141524, -449015, 907 
1721977824038.00, 136673, -445935, 900 
1721977824061.00, 133136, -442966, 841 
1721977824081.00, 127605, -440094, 780 
1721977824103.00, 120457, -437320, 717 
1721977824125.00, 112341, -434720, 612 
1721977824146.00, 100939, -432300, 424 
1721977824168.00, 57016, -430134, 196 
1721977824190.00, 30935, -428920, 54 
1721977824212.00, 15628, -428245, -170 
1721977824233.00, -2757, -427900, -353 
1721977824255.00, -24779, -427945, -451 
1721977824276.00, -43963, -428462, -571 
1721977824298.00, -62593, -429392, -602 
1721977824320.00, -75585, -430747, -643 
1721977824341.00, -85524, -432389, -775 
1721977824362.00, -99459, -434262, -830 
1721977824384.00, -110874, -436419, -836 
1721977824406.00, -117752, -438843, -901 
1721977824428.00, -125732, -441415, -942 
1721977824450.00, -132905, -444160, -958 
1721977824471.00, -138039, -447061, -998 
1721977824492.00, -143220, -450054, -1031 
1721977824514.00, -148261, -453196, -1023 
1721977824535.00, -150621, -456433, -1030 
1721977824557.00, -152455, -459735, -1053 
1721977824579.00, -154806, -463062, -1060 
1721977824600.00, -156346, -466436, -1066 
1721977824623.00, -157421, -469864, -1054 
1721977824645.00, -157323, -473295, -1056 
1721977824666.00, -157394, -476748, -1095 
1721977824688.00, -159555, -480178, -1084 
1721977824710.00, -160092, -483672, -1073 
1721977824732.00, -159551, -487169, -1084 
1721977824754.00, -160018, -490656, -1074 
1721977824775.00, -159364, -494157, -1081 
1721977824797.00, -159407, -497628, -1103 
1721977824819.00, -160699, -501127, -1108 
1721977824841.00, -161811, -504628, -1060 
1721977824863.00, -159457, -508173, -1142 
1721977824884.00, -162743, -511653, -1150 
1721977824906.00, -165157, -515199, -1045 
1721977824928.00, -160273, -518817, -1058 
1721977824950.00, -158079, -522305, -1029 
1721977824971.00, -154524, -525773, -1070 
1721977824993.00, -155177, -529144, -1032 
1721977825015.00, -153298, -532535, -1033 
1721977825037.00, -152215, -535886, -1037 
1721977825059.00, -151581, -539204, -1029 
1721977825081.00, -150701, -542524, -1049 
1721977825103.00, -151497, -545803, -999 
1721977825124.00, -148630, -549108, -1016 
1721977825147.00, -148212, -552360, -994 
1721977825167.00, -146313, -555568, -1009 
1721977825189.00, -145957, -558771, -1027 
1721977825212.00, -146947, -561959, -1002 
1721977825234.00, -146088, -565159, -960 
1721977825256.00, -142936, -568339, -949 
1721977825278.00, -139988, -571424, -915 
1721977825300.00, -136388, -574486, -845 
1721977825321.00, -130187, -577436, -766 
1721977825343.00, -121524, -580242, -736 
1721977825364.00, -114407, -582888, -638 
1721977825387.00, -104140, -585369, -540 
1721977825408.00, -92249, -587616, -462 
1721977825430.00, -80571, -589599, -383 
1721977825451.00, -68758, -591333, -266 
1721977825472.00, -54647, -592807, -160 
1721977825494.00, -30263, -593985, -84 
1721977825516.00, -15707, -594660, -28 
1721977825537.00, -6896, -595014, 48 
1721977825559.00, 389, -595167, 199 
1721977825580.00, 13794, -595159, 335 
1721977825602.00, 30296, -594871, 393 
1721977825624.00, 43357, -594219, 587 
1721977825645.00, 63129, -593282, 674 
1721977825667.00, 79930, -591924, 718 
1721977825689.00, 92330, -590185, 778 
1721977825710.00, 103258, -588186, 826 
1721977825733.00, 112371, -585927, 848 
1721977825754.00, 119038, -583472, 873 
1721977825776.00, 124406, -580860, 901 
1721977825797.00, 129129, -578156, 919 
1721977825819.00, 132914, -575337, 937 
1721977825840.00, 136192, -572437, 955 
1721977825862.00, 139189, -569471, 980 
1721977825884.00, 142459, -566434, 983 
1721977825906.00, 144474, -563337, 985 
1721977825927.00, 145720, -560184, 1005 
1721977825949.00, 147645, -557005, 1024 
1721977825970.00, 149868, -553783, 1044 
1721977825992.00, 152117, -550512, 1072 
1721977826013.00, 155003, -547183, 1092 
1721977826036.00, 157805, -543783, 1101 
1721977826057.00, 159936, -540331, 1114 
1721977826079.00, 161896, -536841, 1119 
1721977826100.00, 163105, -533300, 1160 
1721977826123.00, 166351, -529726, 1172 
1721977826144.00, 169072, -526101, 1162 
1721977826166.00, 169870, -522409, 1171 
1721977826188.00, 170773, -518686, 1186 
1721977826210.00, 172093, -514950, 1183 
1721977826232.00, 172585, -511191, 1164 
1721977826253.00, 171791, -507412, 1193 
1721977826276.00, 173126, -503663, 1226 
1721977826297.00, 175017, -499885, 1240 
1721977826319.00, 174630, -496050, 1234 
1721977826341.00, 174770, -492235, 1256 
1721977826363.00, 174703, -488421, 1273 
1721977826385.00, 174730, -484595, 1301 
1721977826406.00, 174716, -480792, 1305 
1721977826428.00, 174768, -476965, 1320 
1721977826450.00, 174766, -473147, 1325 
1721977826472.00, 174753, -469334, 1316 
1721977826494.00, 174636, -465507, 1296 
1721977826515.00, 174540, -461695, 1254 
1721977826537.00, 174539, -457888, 1195 
1721977826559.00, 171538, -454073, 1136 
1721977826581.00, 166217, -450331, 1065 
1721977826604.00, 158565, -446722, 987 
1721977826626.00, 149297, -443278, 900 
1721977826647.00, 138646, -440057, 802 
1721977826669.00, 126381, -437053, 702 
1721977826691.00, 112937, -434326, 606 
1721977826713.00, 99362, -431896, 482 
1721977826734.00, 54220, -429769, 378 
1721977826755.00, 27588, -428597, 326 
1721977826778.00, 11886, -427992, 140 
1721977826799.00, 2780, -427729, -68 
1721977826820.00, -6168, -427675, -239 
1721977826842.00, -21908, -427807, -386 
1721977826864.00, -39995, -428280, -616 
1721977826885.00, -64487, -429129, -712 
1721977826907.00, -84806, -430514, -760 
1721977826929.00, -99709, -432363, -837 
1721977826950.00, -113030, -434545, -864 
1721977826972.00, -122377, -436999, -904 
1721977826993.00, -130154, -439675, -922 
1721977827017.00, -135524, -442517, -931 
1721977827038.00, -139156, -445473, -927 
1721977827059.00, -141066, -448493, -925 
1721977827081.00, -141827, -451578, -923 
1721977827103.00, -141693, -454667, -927 
1721977827127.00, -142059, -457747, -955 
1721977827146.00, -143706, -460850, -945 
1721977827167.00, -144193, -463967, -980 
1721977827188.00, -146385, -467116, -1017 
1721977827211.00, -149773, -470313, -993 
1721977827236.00, -150169, -473565, -1009 
1721977827254.00, -151381, -476858, -982 
1721977827276.00, -150198, -480138, -961 
1721977827298.00, -148180, -483410, -958 
1721977827320.00, -146724, -486630, -935 
1721977827341.00, -144450, -489809, -945 
1721977827364.00, -143536, -492960, -984 
1721977827384.00, -144895, -496078, -1034 
1721977827405.00, -148833, -499249, -1042 
1721977827427.00, -151534, -502509, -1065 
1721977827452.00, -154429, -505824, -1105 
1721977827471.00, -158571, -509210, -1078 
1721977827493.00, -159103, -512680, -1074 
1721977827515.00, -159114, -516155, -1102 
1721977827537.00, -160771, -519645, -1056 
1721977827561.00, -158964, -523148, -1042 
1721977827580.00, -156775, -526623, -1086 
1721977827602.00, -158197, -530039, -1077 
1721977827835.00, -158463, -533513, -1068 
1721977827836.00, -157886, -536966, -1098 
1721977827836.00, -159319, -540410, -1050 
1721977827837.00, -157395, -543891, -1084 
1721977827837.00, -157980, -547318, -1070 
1721977827837.00, -157612, -550777, -1004 
1721977827837.00, -153110, -554202, -1014 
1721977827838.00, -151064, -557553, -1044 
1721977827838.00, -151567, -560849, -977 
1721977827838.00, -147943, -564139, -951 
1721977827848.00, -143861, -567349, -1010 
1721977827864.00, -145073, -570489, -975 
1721977827886.00, -143673, -573652, -973 
1721977827908.00, -142550, -576773, -955 
1721977827930.00, -140782, -579855, -947 
1721977827951.00, -139344, -582931, -880 
1721977827974.00, -134016, -585946, -826 
1721977827995.00, -127927, -588864, -744 
1721977828017.00, -118873, -591622, -652 
1721977828038.00, -108049, -594194, -518 
1721977828060.00, -62078, -596497, -348 
1721977828082.00, -34577, -597840, -241 
1721977828109.00, -18381, -598608, -138 
1721977828125.00, -9056, -599010, 23 
1721977828146.00, -1991, -599201, 144 
1721977828168.00, 8840, -599240, 298 
1721977828190.00, 25087, -599064, 455 
1721977828211.00, 44219, -598537, 601 
1721977828232.00, 64356, -597598, 704 
1721977828255.00, 82270, -596213, 738 
1721977828276.00, 94855, -594427, 763 
1721977828297.00, 103699, -592369, 805 
1721977828319.00, 111228, -590103, 808 
1721977828341.00, 115918, -587685, 805 
1721977828363.00, 118281, -585156, 824 
1721977828385.00, 120658, -582582, 847 
1721977828406.00, 123484, -579957, 834 
1721977828428.00, 124216, -577255, 861 
1721977828449.00, 126295, -574552, 904 
1721977828472.00, 129911, -571812, 926 
1721977828493.00, 133546, -568973, 930 
1721977828515.00, 135586, -566063, 953 
1721977828536.00, 138129, -563112, 977 
1721977828558.00, 141181, -560102, 973 
1721977828580.00, 142582, -557027, 978 
1721977828600.00, 143663, -553921, 1006 
1721977828622.00, 145715, -550795, 1002 
1721977828645.00, 146774, -547597, 1034 
1721977828666.00, 149166, -544389, 1079 
1721977828688.00, 153220, -541124, 1088 
1721977828710.00, 156185, -537774, 1107 
1721977828731.00, 159006, -534362, 1099 
1721977828753.00, 160080, -530886, 1113 
1721977828775.00, 161477, -527387, 1135 
1721977828797.00, 163555, -523851, 1162 
1721977828819.00, 166317, -520282, 1197 
1721977828841.00, 170024, -516635, 1225 
1721977828863.00, 173991, -512917, 1254 
1721977828884.00, 174815, -509112, 1266 
1721977828906.00, 174718, -505295, 1271 
1721977828928.00, 174724, -501483, 1270 
1721977828949.00, 174747, -497656, 1288 
1721977828971.00, 174759, -493850, 1305 
1721977828993.00, 174761, -490027, 1325 
1721977829015.00, 174896, -486205, 1293 
1721977829037.00, 174737, -482392, 1301 
1721977829058.00, 174696, -478568, 1317 
1721977829080.00, 174786, -474755, 1307 
1721977829102.00, 174686, -470944, 1319 
1721977829125.00, 174786, -467119, 1308 
1721977829146.00, 174859, -463304, 1310 
1721977829168.00, 174660, -459485, 1284 
1721977829189.00, 174495, -455683, 1247 
1721977829211.00, 174530, -451859, 1193 
1721977829233.00, 171311, -448064, 1139 
1721977829255.00, 166066, -444327, 1028 
1721977829278.00, 155996, -440720, 932 
1721977829300.00, 144431, -437324, 827 
1721977829321.00, 131041, -434208, 708 
1721977829343.00, 116217, -431389, 533 
1721977829365.00, 63862, -428897, 383 
1721977829387.00, 33143, -427513, 311 
1721977829409.00, 15076, -426775, 185 
1721977829429.00, 4727, -426448, 2 
1721977829451.00, -869, -426348, -112 
1721977829473.00, -11173, -426371, -290 
1721977829493.00, -27670, -426606, -414 
1721977829516.00, -45070, -427203, -568 
1721977829538.00, -64412, -428177, -650 
1721977829559.00, -80864, -429572, -749 
1721977829581.00, -96468, -431336, -816 
1721977829603.00, -109669, -433425, -856 
1721977829624.00, -120076, -435837, -880 
1721977829646.00, -127302, -438461, -912 
1721977829668.00, -133339, -441230, -911 
1721977829689.00, -136739, -444137, -928 
1721977829711.00, -139633, -447113, -959 
1721977829733.00, -143054, -450146, -975 
1721977829755.00, -145995, -453275, -979 
1721977829776.00, -147746, -456444, -988 
1721977829797.00, -149286, -459668, -1000 
1721977829818.00, -150664, -462927, -1015 
1721977829840.00, -152471, -466217, -1023 
1721977829862.00, -153890, -469550, -1008 
1721977829884.00, -153532, -472905, -1037 
1721977829906.00, -154968, -476261, -1066 
1721977829928.00, -157410, -479652, -1101 
1721977829950.00, -160931, -483092, -1131 
1721977829972.00, -164554, -486622, -1115 
1721977829993.00, -165652, -490213, -1111 
1721977830015.00, -165869, -493841, -1122 
1721977830037.00, -166670, -497455, -1116 
1721977830058.00, -166483, -501109, -1145 
1721977830081.00, -168184, -504742, -1154 
1721977830102.00, -169778, -508419, -1159 
1721977830124.00, -170868, -512123, -1142 
1721977830146.00, -170208, -515858, -1157 
1721977830168.00, -170714, -519590, -1160 
1721977830190.00, -171036, -523303, -1126 
1721977830211.00, -168990, -527042, -1121 
1721977830233.00, -167611, -530716, -1164 
1721977830255.00, -169289, -534397, -1185 
1721977830276.00, -171429, -538092, -1157 
1721977830298.00, -170750, -541836, -1166 
1721977830320.00, -170773, -545564, -1178 
1721977830342.00, -171522, -549308, -1118 
1721977830364.00, -168225, -553037, -1103 
1721977830386.00, -165547, -556706, -1104 
1721977830408.00, -163710, -560318, -1067 
1721977830429.00, -160388, -563883, -1027 
1721977830453.00, -156042, -567383, -983 
1721977830474.00, -150644, -570756, -943 
1721977830496.00, -145053, -574029, -877 
1721977830520.00, -137556, -577163, -845 
1721977830539.00, -131074, -580139, -778 
1721977830561.00, -123008, -582995, -722 
1721977830583.00, -114652, -585656, -637 
1721977830605.00, -104401, -588126, -493 
1721977830627.00, -89988, -590386, -369 
1721977830648.00, -73710, -592324, -301 
1721977830669.00, -60114, -593911, -242 
1721977830691.00, -33866, -595204, -192 
1721977830713.00, -17963, -595957, -143 
1721977830735.00, -8915, -596360, -82 
1721977830756.00, -3335, -596550, 12 
1721977830777.00, 69, -596623, 95 
1721977830799.00, 7379, -596623, 187 
1721977830819.00, 17079, -596468, 363 
1721977830844.00, 33795, -596112, 398 
1721977830863.00, 45677, -595391, 587 
1721977830885.00, 64017, -594407, 668 
1721977830906.00, 79620, -593018, 695 
1721977830928.00, 90461, -591291, 757 
1721977830951.00, 100701, -589327, 788 
1721977830971.00, 108398, -587136, 806 
1721977830994.00, 113977, -584773, 826 
1721977831015.00, 118412, -582286, 871 
1721977831037.00, 123586, -579699, 912 
1721977831058.00, 129007, -577004, 915 
1721977831080.00, 132440, -574193, 930 
1721977831102.00, 135212, -571314, 967 
1721977831124.00, 138906, -568369, 935 
1721977831146.00, 139109, -565343, 904 
1721977831169.00, 137255, -562328, 928 
1721977831188.00, 137621, -559341, 908 
1721977831210.00, 136460, -556344, 907 
1721977831232.00, 135747, -553381, 936 
1721977831253.00, 137000, -550419, 953 
1721977831278.00, 138719, -547438, 962 
1721977831298.00, 140159, -544424, 975 
1721977831318.00, 141661, -541366, 1008 
1721977831340.00, 144583, -538276, 1038 
1721977831361.00, 147911, -535108, 1045 
1721977831384.00, 150532, -531878, 1075 
1721977831405.00, 153623, -528591, 1104 
1721977831427.00, 157002, -525229, 1131 
1721977831449.00, 160543, -521789, 1147 
1721977831471.00, 163663, -518291, 1130 
1721977831493.00, 164215, -514695, 1115 
1721977831514.00, 163449, -511109, 1068 
1721977831536.00, 160276, -507549, 1008 
1721977831558.00, 154747, -504048, 1012 
1721977831579.00, 151618, -500672, 1044 
1721977831601.00, 151661, -497361, 1082 
1721977831624.00, 153983, -494045, 1128 
1721977831645.00, 157947, -490660, 1174 
1721977831667.00, 163020, -487219, 1184 
1721977831689.00, 166617, -483641, 1189 
1721977831710.00, 169225, -479996, 1184 
1721977831734.00, 170349, -476288, 1195 
1721977831754.00, 171331, -472581, 1222 
1721977831776.00, 173525, -468823, 1217 
1721977831798.00, 174498, -465030, 1224 
1721977831821.00, 174747, -461217, 1226 
1721977831841.00, 174697, -457399, 1206 
1721977831863.00, 174488, -453583, 1165 
1721977831885.00, 171745, -449775, 1124 
1721977831907.00, 167599, -446022, 1063 
1721977831930.00, 161321, -442376, 980 
1721977831952.00, 152408, -438885, 880 
1721977831973.00, 141086, -435591, 732 
1721977831995.00, 125295, -432539, 581 
1721977832017.00, 106844, -429831, 425 
1721977832039.00, 60320, -427551, 298 
1721977832060.00, 32858, -426242, 202 
1721977832081.00, 16628, -425527, 37 
1721977832103.00, 7295, -425167, -170 
1721977832124.00, -7720, -425013, -343 
1721977832146.00, -27275, -425176, -528 
1721977832168.00, -50262, -425743, -606 
1721977832190.00, -68362, -426814, -723 
1721977832211.00, -86376, -428310, -822 
1721977832233.00, -102657, -430173, -816 
1721977832255.00, -111832, -432415, -870 
1721977832276.00, -120465, -434882, -891 
1721977832298.00, -126902, -437501, -894 
1721977832320.00, -130735, -440254, -908 
1721977832341.00, -133750, -443120, -945 
1721977832363.00, -137513, -446021, -963 
1721977832385.00, -140661, -449011, -969 
1721977832406.00, -142925, -452099, -999 
1721977832430.00, -146099, -455195, -992 
1721977832449.00, -147236, -458377, -1001 
1721977832471.00, -148545, -461603, -1016 
1721977832493.00, -149807, -464836, -1019 
1721977832514.00, -150842, -468119, -1004 
1721977832536.00, -150513, -471411, -1030 
1721977832558.00, -151566, -474701, -1046 
1721977832580.00, -153044, -478018, -1025 
1721977832602.00, -152609, -481347, -1019 
1721977832625.00, -151945, -484696, -995 
1721977832645.00, -150006, -487995, -1026 
1721977832667.00, -150738, -491280, -1035 
1721977832689.00, -151585, -494574, -1064 
1721977832710.00, -153532, -497871, -1088 
1721977832733.00, -156263, -501252, -1076 
1721977832754.00, -157105, -504669, -1096 
1721977832776.00, -158702, -508098, -1112 
1721977832798.00, -160457, -511573, -1108 
1721977832820.00, -161370, -515068, -1052 
1721977832841.00, -158444, -518611, -1085 
1721977832863.00, -158631, -522057, -1098 
1721977832884.00, -159436, -525530, -1070 
1721977832907.00, -158078, -529012, -1082 
1721977832929.00, -157949, -532470, -1079 
1721977832951.00, -157566, -535922, -1064 
1721977832972.00, -156279, -539354, -1055 
1721977832994.00, -154930, -542775, -1061 
1721977833016.00, -154402, -546149, -1041 
1721977833038.00, -153024, -549537, -1025 
1721977833060.00, -151020, -552880, -1022 
1721977833083.00, -149737, -556171, -973 
1721977833104.00, -146002, -559421, -959 
1721977833126.00, -142704, -562585, -971 
1721977833148.00, -141194, -565697, -933 
1721977833227.00, -138165, -568775, -895 
1721977833228.00, -134396, -571759, -874 
1721977833228.00, -130421, -574688, -942 
1721977833235.00, -132322, -577524, -923 
1721977833256.00, -132386, -580396, -878 
1721977833278.00, -129682, -583283, -901 
1721977833299.00, -129220, -586098, -824 
1721977833321.00, -124486, -588895, -779 
1721977833343.00, -118583, -591601, -744 
1721977833365.00, -113110, -594162, -635 
1721977833387.00, -64314, -596582, -520 
1721977833408.00, -35338, -597990, -460 
1721977833430.00, -18490, -598771, -322 
1721977833451.00, -8726, -599181, -199 
1721977833474.00, -3033, -599372, -137 
1721977833494.00, 50, -599436, -58 
1721977833516.00, 2035, -599434, 58 
1721977833538.00, 6695, -599384, 274 
1721977833560.00, 22615, -599237, 422 
1721977833583.00, 40631, -598767, 525 
1721977833602.00, 57656, -597893, 649 
1721977833624.00, 75061, -596647, 724 
1721977833646.00, 89742, -595025, 741 
1721977833668.00, 99796, -593070, 787 
1721977833694.00, 107974, -590903, 841 
1721977833710.00, 116117, -588547, 874 
1721977833732.00, 122974, -586012, 886 
1721977833754.00, 127617, -583339, 898 
1721977833776.00, 130721, -580551, 914 
1721977833802.00, 133556, -577703, 947 
1721977833819.00, 137109, -574783, 943 
1721977833841.00, 138788, -571806, 968 
1721977833863.00, 141378, -568773, 996 
1721977833884.00, 144416, -565699, 994 
1721977833905.00, 145865, -562559, 1013 
1721977833927.00, 148004, -559370, 1024 
1721977833949.00, 149621, -556129, 1030 
1721977833970.00, 151001, -552858, 1028 
1721977833992.00, 151784, -549551, 1007 
1721977834017.00, 150755, -546244, 1011 
1721977834036.00, 150392, -542955, 1019 
1721977834058.00, 150332, -539675, 1056 
1721977834080.00, 152482, -536385, 1081 
1721977834101.00, 155309, -533049, 1091 
1721977834128.00, 157517, -529654, 1130 
1721977834145.00, 161057, -526203, 1188 
1721977834167.00, 166639, -522680, 1199 
1721977834188.00, 170458, -519025, 1227 
1721977834210.00, 174563, -515287, 1249 
1721977834236.00, 174801, -511473, 1244 
1721977834254.00, 174522, -507653, 1258 
1721977834275.00, 174613, -503850, 1275 
1721977834297.00, 174765, -500026, 1303 
1721977834319.00, 174843, -496203, 1317 
1721977834343.00, 174735, -492379, 1319 
1721977834363.00, 174781, -488563, 1339 
1721977834385.00, 174583, -484748, 1331 
1721977834406.00, 174609, -480929, 1319 
1721977834429.00, 174680, -477121, 1289 
1721977834454.00, 174798, -473305, 1231 
1721977834472.00, 174561, -469488, 1179 
1721977834494.00, 173835, -465669, 1174 
1721977834516.00, 172855, -461875, 1168 
1721977834537.00, 171895, -458097, 1153 
1721977834561.00, 170182, -454340, 1115 
1721977834581.00, 166997, -450627, 1077 
1721977834603.00, 162719, -446981, 1030 
1721977834626.00, 157131, -443441, 922 
1721977834648.00, 147246, -440043, 779 
1721977834671.00, 132788, -436854, 662 
1721977834691.00, 116812, -433996, 513 
1721977834713.00, 98364, -431486, 357 
1721977834735.00, 56156, -429383, 163 
1721977834756.00, 31142, -428182, 41 
1721977834779.00, 16876, -427501, -188 
1721977834799.00, -2511, -427145, -354 
1721977834821.00, -24379, -427192, -578 
1721977834842.00, -51057, -427707, -703 
1721977834864.00, -74506, -428792, -758 
1721977834886.00, -91503, -430396, -846 
1721977834907.00, -106881, -432386, -888 
1721977834930.00, -118465, -434739, -921 
1721977834951.00, -127030, -437315, -944 
1721977834973.00, -133413, -440083, -954 
1721977834995.00, -137672, -443003, -964 
1721977835016.00, -140718, -446002, -956 
1721977835038.00, -141767, -449050, -972 
1721977835060.00, -143386, -452161, -999 
1721977835080.00, -145864, -455277, -1004 
1721977835101.00, -147541, -458464, -1002 
1721977835123.00, -148398, -461702, -1020 
1721977835145.00, -149877, -464931, -1023 
1721977835168.00, -150748, -468220, -1043 
1721977835189.00, -152278, -471517, -1060 
1721977835212.00, -154158, -474842, -1077 
1721977835233.00, -156438, -478224, -1093 
1721977835255.00, -158575, -481624, -1105 
1721977835276.00, -160502, -485105, -1110 
1721977835298.00, -161788, -488601, -1116 
1721977835320.00, -162851, -492145, -1097 
1721977835342.00, -162163, -495704, -1118 
1721977835364.00, -163127, -499255, -1122 
1721977835385.00, -163587, -502826, -1128 
1721977835407.00, -164454, -506396, -1133 
1721977835429.00, -165106, -509994, -1077 
1721977835450.00, -161923, -513592, -1139 
1721977835473.00, -163563, -517145, -1120 
1721977835495.00, -163554, -520718, -1063 
1721977835516.00, -160123, -524291, -1123 
1721977835538.00, -161656, -527775, -1070 
1721977835560.00, -159317, -531298, -1015 
1721977835582.00, -154365, -534780, -1036 
1721977835604.00, -152743, -538144, -1040 
1721977835625.00, -151850, -541489, -1029 
1721977835647.00, -150706, -544794, -1010 
1721977835670.00, -148886, -548076, -1056 
1721977835692.00, -150606, -551336, -991 
1721977835714.00, -147645, -554603, -985 
1721977835734.00, -145293, -557819, -1074 
1721977835756.00, -149160, -560990, -1004 
1721977835779.00, -147269, -564230, -945 
1721977835800.00, -142501, -567437, -948 
1721977835822.00, -139769, -570525, -900 
1721977835844.00, -135349, -573567, -825 
1721977835866.00, -127951, -576508, -809 
1721977835888.00, -122547, -579282, -759 
1721977835910.00, -116380, -581943, -681 
1721977835931.00, -108015, -584461, -639 
1721977835953.00, -100321, -586786, -585 
1721977835975.00, -92477, -588967, -508 
1721977835996.00, -83197, -590967, -457 
1721977836018.00, -74590, -592762, -386 
1721977836039.00, -42201, -594361, -283 
1721977836061.00, -22504, -595285, -205 
1721977836083.00, -11160, -595792, -168 
1721977836105.00, -4274, -596035, -79 
1721977836126.00, -238, -596130, -3 
1721977836147.00, 1481, -596138, 64 
1721977836168.00, 6628, -596108, 179 
1721977836191.00, 16922, -595961, 300 
1721977836211.00, 30482, -595606, 431 
1721977836234.00, 46031, -594955, 592 
1721977836254.00, 64802, -593964, 690 
1721977836276.00, 81863, -592564, 724 
1721977836298.00, 93898, -590787, 756 
1721977836320.00, 102796, -588749, 857 
1721977836342.00, 114046, -586495, 859 
1721977836364.00, 120960, -584012, 860 
1721977836385.00, 124898, -581375, 886 
1721977836407.00, 128596, -578650, 908 
1721977836429.00, 132092, -575853, 902 
1721977836451.00, 133796, -572972, 914 
1721977836473.00, 135260, -570059, 950 
1721977836494.00, 138283, -567109, 946 
1721977836516.00, 139832, -564105, 975 
1721977836538.00, 142167, -561057, 981 
1721977836559.00, 143964, -557966, 983 
1721977836580.00, 145090, -554834, 1024 
1721977836600.00, 148002, -551670, 1016 
1721977836623.00, 149180, -548429, 1016 
1721977836644.00, 149917, -545163, 1021 
1721977836667.00, 150511, -541886, 1046 
1721977836689.00, 152269, -538617, 1056 
1721977836710.00, 153764, -535277, 1070 
1721977836732.00, 155450, -531912, 1102 
1721977836754.00, 158286, -528507, 1129 
1721977836776.00, 161325, -525047, 1164 
1721977836798.00, 165625, -521507, 1189 
1721977836819.00, 169412, -517901, 1252 
1721977836842.00, 174907, -514181, 1315 
1721977836865.00, 174712, -510362, 1359 
1721977836885.00, 174831, -506531, 1416 
1721977836907.00, 174772, -502716, 1445 
1721977836929.00, 174675, -498894, 1459 
1721977836951.00, 174693, -495073, 1439 
1721977836972.00, 174508, -491249, 1447 
1721977836994.00, 174604, -487450, 1422 
1721977837015.00, 174705, -483625, 1399 
1721977837038.00, 174646, -479808, 1393 
1721977837060.00, 174619, -475994, 1354 
1721977837082.00, 174744, -472177, 1292 
1721977837103.00, 174611, -468360, 1244 
1721977837125.00, 174807, -464549, 1210 
1721977837147.00, 174744, -460737, 1197 
1721977837169.00, 174758, -456915, 1196 
1721977837191.00, 174643, -453112, 1171 
1721977837212.00, 172916, -449286, 1128 
1721977837234.00, 169210, -445500, 1048 
1721977837257.00, 162164, -441830, 933 
1721977837279.00, 150945, -438311, 797 
1721977837300.00, 136032, -435053, 617 
1721977837322.00, 116191, -432123, 406 
1721977837343.00, 66706, -429634, 177 
1721977837366.00, 36912, -428216, 34 
1721977837387.00, 19507, -427414, -312 
1721977837419.00, -8360, -426983, -588 
1721977837430.00, -42046, -427140, -768 
1721977837452.00, -72877, -428011, -745 
1721977837473.00, -89733, -429581, -826 
1721977837495.00, -104555, -431536, -890 
1721977837517.00, -116970, -433816, -902 
1721977837539.00, -124747, -436381, -935 
1721977837560.00, -131491, -439105, -965 
1721977837582.00, -137250, -441974, -932 
1721977837604.00, -138311, -444972, -943 
1721977837627.00, -139501, -447973, -981 
1721977837647.00, -142657, -451023, -957 
1721977837669.00, -142832, -454129, -975 
1721977837691.00, -143822, -457229, -989 
1721977837713.00, -145229, -460364, -991 
1721977837733.00, -146143, -463526, -1014 
1721977837755.00, -148104, -466725, -1026 
1721977837776.00, -149784, -469962, -1038 
1721977837798.00, -151393, -473226, -1066 
1721977837821.00, -153866, -476552, -1064 
1721977837842.00, -155277, -479912, -1060 
1721977837864.00, -155879, -483304, -1086 
1721977837886.00, -157633, -486714, -1091 
1721977837908.00, -158932, -490149, -1095 
1721977837929.00, -159716, -493632, -1118 
1721977837955.00, -161605, -497118, -1086 
1721977837973.00, -160546, -500664, -1097 
1721977837995.00, -160510, -504167, -1089 
1721977838017.00, -160101, -507668, -1072 
1721977838039.00, -158663, -511161, -1075 
1721977838064.00, -157866, -514616, -1097 
1721977838082.00, -158691, -518075, -1112 
1721977838104.00, -160248, -521537, -1108 
1721977838125.00, -160735, -525050, -1103 
1721977838147.00, -160593, -528546, -1074 
1721977838171.00, -158714, -532055, -1038 
1721977838191.00, -155283, -535525, -1004 
1721977838214.00, -151049, -538906, -951 
1721977838236.00, -145354, -542193, -932 
1721977838257.00, -140834, -545346, -918 
1721977838279.00, -137274, -548404, -911 
1721977838301.00, -134786, -551395, -900 
1721977838323.00, -132603, -554302, -877 
1721977838345.00, -129931, -557192, -883 
1721977838366.00, -128529, -560021, -879 
1721977838387.00, -127446, -562807, -890 
1721977838410.00, -127424, -565584, -907 
1721977838431.00, -128255, -568366, -908 
1721977838454.00, -129032, -571136, -923 
1721977838475.00, -130245, -573962, -930 
1721977838497.00, -131427, -576786, -930 
1721977838519.00, -132072, -579639, -925 
1721977838540.00, -131950, -582533, -929 
1721977838562.00, -132245, -585400, -889 
1721977838584.00, -129814, -588266, -875 
1721977838607.00, -127343, -591089, -836 
1721977838627.00, -123876, -593859, -785 
1721977838648.00, -70330, -596523, -746 
1721977838670.00, -38627, -598064, -720 
1721977838692.00, -20183, -598915, -618 
1721977838714.00, -9315, -599362, -480 
1721977838734.00, -3024, -599576, -404 
1721977838757.00, 68, -599647, -324 
1721977838778.00, 2381, -599645, -162 
1721977838800.00, 3687, -599579, 98 
1721977838821.00, 9884, -599488, 286 
1721977838843.00, 24946, -599274, 365 
1721977838865.00, 39127, -598751, 446 
1721977838886.00, 51910, -597907, 663 
1721977838908.00, 72600, -596783, 745 
1721977838930.00, 89936, -595222, 697 
1721977838951.00, 97042, -593261, 779 
1721977838973.00, 106089, -591152, 836 
1721977838994.00, 114874, -588845, 823 
1721977839016.00, 119154, -586340, 838 
1721977839038.00, 122299, -583743, 887 
1721977839059.00, 127041, -581075, 884 
1721977839081.00, 129587, -578306, 894 
1721977839103.00, 131748, -575493, 933 
1721977839125.00, 135178, -572618, 928 
1721977839147.00, 136894, -569677, 935 
1721977839168.00, 137936, -566686, 994 
1721977839190.00, 142100, -563686, 990 
1721977839210.00, 144383, -560587, 1007 
1721977839232.00, 146784, -557434, 1032 
1721977839254.00, 149495, -554224, 1039 
1721977839276.00, 151536, -550949, 1066 
1721977839298.00, 154237, -547645, 1078 
1721977839320.00, 156586, -544265, 1082 
1721977839342.00, 158099, -540845, 1100 
1721977839363.00, 159888, -537396, 1117 
1721977839385.00, 161973, -533901, 1137 
1721977839407.00, 164236, -530358, 1166 
1721977839428.00, 167178, -526762, 1188 
1721977839451.00, 170201, -523116, 1199 
1721977839472.00, 172677, -519396, 1209 
1721977839494.00, 174657, -515605, 1221 
1721977839516.00, 174860, -511797, 1239 
1721977839537.00, 174702, -507974, 1279 
1721977839559.00, 174733, -504161, 1303 
1721977839581.00, 174800, -500334, 1347 
1721977839603.00, 174869, -496504, 1364 
1721977839625.00, 175000, -492697, 1395 
1721977839647.00, 174711, -488870, 1428 
1721977839669.00, 174628, -485045, 1445 
1721977839691.00, 174821, -481239, 1442 
1721977839712.00, 174808, -477422, 1454 
1721977839734.00, 174854, -473607, 1458 
1721977839756.00, 174787, -469789, 1440 
1721977839777.00, 174714, -465969, 1384 
1721977839800.00, 174530, -462154, 1333 
1721977839823.00, 174681, -458343, 1271 
1721977839843.00, 174828, -454540, 1194 
1721977839865.00, 174587, -450722, 1129 
1721977839887.00, 170546, -446906, 1057 
1721977839910.00, 163709, -443192, 956 
1721977839931.00, 153353, -439652, 860 
1721977839953.00, 141388, -436333, 738 
1721977839974.00, 126951, -433274, 604 
1721977839997.00, 110250, -430538, 445 
1721977840018.00, 63441, -428197, 270 
1721977840039.00, 35969, -426824, 136 
1721977840061.00, 19425, -426055, -79 
1721977840082.00, 4758, -425643, -292 
1721977840104.00, -15707, -425548, -566 
1721977840126.00, -44906, -425869, -697 
1721977840148.00, -70202, -426806, -774 
1721977840169.00, -89714, -428339, -851 
1721977840191.00, -105869, -430279, -893 
1721977840213.00, -117839, -432582, -900 
1721977840234.00, -125302, -435186, -929 
1721977840257.00, -131244, -437918, -930 
1721977840278.00, -134814, -440760, -922 
1721977840300.00, -136423, -443716, -937 
1721977840322.00, -138033, -446680, -952 
1721977840344.00, -139841, -449678, -955 
1721977840369.00, -140961, -452728, -976 
1721977840387.00, -142793, -455797, -999 
1721977840407.00, -145317, -458919, -1006 
1721977840430.00, -146969, -462093, -1012 
1721977840451.00, -148284, -465293, -1008 
1721977840473.00, -148790, -468559, -1009 
1721977840494.00, -149041, -471794, -1006 
1721977840516.00, -148966, -475059, -1013 
1721977840540.00, -149390, -478319, -992 
1721977840561.00, -148184, -481540, -999 
1721977840582.00, -147902, -484794, -1000 
1721977840604.00, -147514, -488017, -1007 
1721977840625.00, -147653, -491239, -1025 
1721977840647.00, -148696, -494478, -1038 
1721977840669.00, -150088, -497716, -1051 
1721977840691.00, -151608, -501010, -1043 
1721977840713.00, -151873, -504320, -1071 
1721977840734.00, -153724, -507636, -1077 
1721977840756.00, -155176, -511007, -1082 
1721977840777.00, -156354, -514383, -1064 
1721977840800.00, -155883, -517813, -1063 
1721977840821.00, -155492, -521213, -1044 
1721977840843.00, -153958, -524613, -1078 
1721977840865.00, -155162, -527969, -1054 
1721977840887.00, -154444, -531350, -1025 
1721977840915.00, -152110, -534726, -1069 
1721977840931.00, -153218, -538049, -1090 
1721977840953.00, -155137, -541400, -1048 
1721977840974.00, -153816, -544787, -1081 
1721977840996.00, -154888, -548141, -1046 
1721977841023.00, -153452, -551529, -1004 
1721977841040.00, -149850, -554863, -1011 
1721977841061.00, -148084, -558144, -1008 
1721977841084.00, -146759, -561366, -992 
1721977841106.00, -144924, -564549, -985 
1721977841130.00, -143483, -567711, -976 
1721977841150.00, -142073, -570823, -931 
1721977841171.00, -138474, -573918, -950 
1721977841192.00, -137412, -576919, -920 
1721977841215.00, -134939, -579895, -915 
1721977841237.00, -133027, -582842, -890 
1721977841259.00, -130356, -585727, -843 
1721977841280.00, -125873, -588555, -786 
1721977841301.00, -119764, -591292, -737 
1721977841324.00, -113093, -593881, -631 
1721977841346.00, -64269, -596302, -509 
1721977841367.00, -35424, -597703, -459 
1721977841388.00, -18301, -598484, -344 
1721977841410.00, -8683, -598892, -208 
1721977841432.00, -2725, -599076, -131 
1721977841455.00, 219, -599137, -44 
1721977841475.00, 2226, -599123, 148 
1721977841496.00, 12504, -599068, 296 
1721977841518.00, 27011, -598807, 410 
1721977841539.00, 43129, -598229, 439 
1721977841563.00, 54134, -597300, 676 
1721977841583.00, 74729, -596133, 776 
1721977841604.00, 92973, -594507, 743 
1721977841626.00, 101797, -592487, 809 
1721977841647.00, 110794, -590265, 870 
1721977841670.00, 119746, -587858, 857 
1721977841691.00, 124107, -585246, 879 
1721977841713.00, 127918, -582539, 904 
1721977841735.00, 131521, -579751, 915 
1721977841756.00, 134234, -576879, 935 
1721977841781.00, 136921, -573959, 956 
1721977841800.00, 139702, -570980, 960 
1721977841822.00, 141666, -567938, 955 
1721977841843.00, 142259, -564866, 955 
1721977841865.00, 142283, -561766, 951 
1721977841888.00, 142227, -558678, 907 
1721977841909.00, 139352, -555585, 916 
1721977841930.00, 138227, -552549, 933 
1721977841951.00, 138362, -549546, 950 
1721977841972.00, 139434, -546534, 1005 
1721977841994.00, 143160, -543484, 1036 
1721977842016.00, 147180, -540345, 1054 
1721977842038.00, 150642, -537124, 1082 
1721977842059.00, 154374, -533818, 1116 
1721977842081.00, 158465, -530442, 1129 
1721977842103.00, 161633, -526975, 1139 
1721977842125.00, 163984, -523443, 1175 
1721977842147.00, 167546, -519858, 1211 
1721977842168.00, 171850, -516178, 1215 
1721977842190.00, 174455, -512422, 1245 
1721977842213.00, 174831, -508603, 1259 
1721977842234.00, 174630, -504782, 1277 
1721977842256.00, 174714, -500965, 1280 
1721977842277.00, 174694, -497148, 1323 
1721977842299.00, 174812, -493337, 1368 
1721977842325.00, 174714, -489504, 1385 
1721977842343.00, 174676, -485695, 1399 
1721977842364.00, 174650, -481873, 1402 
1721977842386.00, 174655, -478046, 1411 
1721977842409.00, 174645, -474233, 1434 
1721977842431.00, 174685, -470406, 1421 
1721977842453.00, 174735, -466597, 1414 
1721977842474.00, 174748, -462781, 1404 
1721977842496.00, 174524, -458961, 1351 
1721977842517.00, 174576, -455149, 1295 
1721977842540.00, 174605, -451337, 1229 
1721977842562.00, 174393, -447534, 1152 
1721977842583.00, 171932, -443705, 1074 
1721977842606.00, 165741, -439980, 965 
1721977842627.00, 155361, -436383, 845 
1721977842650.00, 141838, -433021, 742 
1721977842671.00, 127565, -429960, 591 
1721977842693.00, 73475, -427225, 449 
1721977842715.00, 41743, -425641, 402 
1721977842736.00, 22883, -424743, 190 
1721977842758.00, 11853, -424241, -15 
1721977842780.00, 5089, -423988, -180 
1721977842800.00, -8696, -423901, -361 
1721977842823.00, -27919, -424085, -611 
1721977842844.00, -54637, -424680, -727 
1721977842865.00, -77548, -425848, -791 
1721977842887.00, -94910, -427540, -852 
1721977842909.00, -108852, -429602, -888 
1721977842930.00, -119227, -431978, -901 
1721977842952.00, -125998, -434595, -893 
1721977842976.00, -129518, -437326, -879 
1721977842996.00, -130604, -440137, -889 
1721977843018.00, -131702, -442985, -903 
1721977843040.00, -133086, -445856, -913 
1721977843061.00, -134408, -448748, -926 
1721977843083.00, -135967, -451685, -950 
1721977843104.00, -138181, -454647, -963 
1721977843126.00, -140315, -457654, -982 
1721977843147.00, -142635, -460706, -1018 
1721977843169.00, -145984, -463808, -1047 
1721977843191.00, -149646, -467010, -1059 
1721977843212.00, -152597, -470291, -1065 
1721977843234.00, -154485, -473615, -1104 
1721977843256.00, -157700, -477013, -1109 
1721977843277.00, -160129, -480457, -1104 
1721977843300.00, -161241, -483963, -1128 
1721977843321.00, -163016, -487480, -1139 
1721977843343.00, -164763, -491046, -1129 
1721977843365.00, -164957, -494647, -1134 
1721977843387.00, -165566, -498248, -1143 
1721977843408.00, -166431, -501865, -1139 
1721977843431.00, -166576, -505489, -1127 
1721977843452.00, -165837, -509134, -1140 
1721977843474.00, -166008, -512752, -1149 
1721977843496.00, -166408, -516381, -1117 
1721977843517.00, -164687, -520030, -1123 
1721977843540.00, -163798, -523620, -1133 
1721977843561.00, -164129, -527208, -1085 
1721977843582.00, -161311, -530768, -1095 
1721977843605.00, -160248, -534306, -1093 
1721977843627.00, -159393, -537803, -1028 
1721977843649.00, -154887, -541283, -1013 
1721977843670.00, -151358, -544659, -1025 
1721977843692.00, -149849, -547950, -1010 
1721977843714.00, -148050, -551225, -976 
1721977843737.00, -144777, -554431, -996 
1721977843759.00, -144063, -557592, -961 
1721977843780.00, -141486, -560723, -955 
1721977843802.00, -139566, -563787, -961 
1721977843823.00, -138834, -566825, -951 
1721977843846.00, -137635, -569845, -940 
1721977843867.00, -136336, -572834, -953 
1721977843889.00, -136309, -575810, -953 
1721977843911.00, -135972, -578761, -931 
1721977843932.00, -134568, -581729, -890 
1721977843954.00, -131466, -584644, -865 
1721977843976.00, -127842, -587483, -807 
1721977843998.00, -122117, -590259, -730 
1721977844019.00, -114028, -592906, -635 
1721977844041.00, -64544, -595358, -538 
1721977844063.00, -35017, -596752, -435 
1721977844083.00, -18076, -597532, -302 
1721977844105.00, -8170, -597933, -173 
1721977844127.00, -2424, -598111, -65 
1721977844149.00, 496, -598152, 100 
1721977844171.00, 8260, -598141, 287 
1721977844192.00, 24557, -597959, 397 
1721977844214.00, 40568, -597447, 444 
1721977844235.00, 52876, -596579, 504 
1721977844256.00, 63560, -595439, 696 
1721977844278.00, 81487, -594047, 697 
1721977844300.00, 92405, -592282, 719 
1721977844322.00, 100035, -590279, 776 
1721977844344.00, 107695, -588105, 826 
1721977844365.00, 115028, -585749, 819 
1721977844387.00, 119014, -583237, 844 
1721977844411.00, 122733, -580643, 879 
1721977844430.00, 126954, -577965, 909 
1721977844452.00, 131140, -575197, 935 
1721977844473.00, 135128, -572340, 984 
1721977844494.00, 140350, -569393, 1005 
1721977844519.00, 144555, -566313, 1017 
1721977844538.00, 147765, -563156, 1070 
1721977844560.00, 152647, -559920, 1088 
1721977844582.00, 156616, -556573, 1106 
1721977844603.00, 160011, -553151, 1111 
1721977844625.00, 162245, -549666, 1086 
1721977844647.00, 161921, -546120, 1073 
1721977844669.00, 160728, -542578, 1073 
1721977844691.00, 160013, -539075, 1043 
1721977844712.00, 157721, -535581, 1058 
1721977844736.00, 157129, -532136, 1074 
1721977844756.00, 157685, -528700, 1074 
1721977844777.00, 157913, -525247, 1101 
1721977844800.00, 159561, -521796, 1155 
1721977844822.00, 163891, -518303, 1199 
1721977844845.00, 168809, -514722, 1229 
1721977844865.00, 173600, -511018, 1278 
1721977844887.00, 174895, -507227, 1288 
1721977844908.00, 174787, -503400, 1323 
1721977844930.00, 174914, -499575, 1340 
1721977844955.00, 174871, -495757, 1353 
1721977844974.00, 174834, -491943, 1368 
1721977844996.00, 174667, -488123, 1404 
1721977845018.00, 174793, -484300, 1417 
1721977845040.00, 174998, -480489, 1429 
1721977845064.00, 174776, -476669, 1440 
1721977845083.00, 174747, -472844, 1427 
1721977845105.00, 174741, -469027, 1412 
1721977845127.00, 174661, -465217, 1376 
1721977845148.00, 174739, -461396, 1322 
1721977845170.00, 174720, -457596, 1275 
1721977845192.00, 174852, -453771, 1224 
1721977845214.00, 173271, -449946, 1166 
1721977845236.00, 168870, -446175, 1122 
1721977845259.00, 163477, -442490, 1065 
1721977845281.00, 156808, -438927, 1019 
1721977845303.00, 150151, -435513, 931 
1721977845325.00, 140856, -432261, 837 
1721977845346.00, 77914, -429228, 726 
1721977845367.00, 40953, -427531, 737 
1721977845389.00, 19424, -426637, 511 
1721977845411.00, 7021, -426210, 319 
1721977845431.00, 0, -426055, 172 
1721977845453.00, -4275, -426062, -43 
1721977845475.00, -5786, -426161, -314 
1721977845499.00, -22321, -426295, -618 
1721977845518.00, -50631, -426768, -744 
1721977845540.00, -75134, -427843, -806 
1721977845562.00, -93142, -429471, -883 
1721977845583.00, -108488, -431499, -930 
1721977845605.00, -120433, -433866, -968 
1721977845627.00, -129557, -436502, -956 
1721977845648.00, -134317, -439325, -966 
1721977845670.00, -137461, -442260, -967 
1721977845692.00, -139429, -445260, -984 
1721977845712.00, -141322, -448293, -1012 
1721977845734.00, -144172, -451397, -1019 
1721977845755.00, -146234, -454552, -1060 
1721977845778.00, -149641, -457741, -1071 
1721977845800.00, -152274, -461033, -1059 
1721977845821.00, -153158, -464356, -1073 
1721977845843.00, -154654, -467719, -1065 
1721977845865.00, -155027, -471093, -1070 
1721977845887.00, -155587, -474481, -1069 
1721977845908.00, -155707, -477881, -1068 
1721977845932.00, -155500, -481275, -1085 
1721977845952.00, -156416, -484684, -1085 
1721977845974.00, -156827, -488091, -1089 
1721977845996.00, -157422, -491522, -1095 
1721977846018.00, -158077, -494958, -1091 
1721977846040.00, -158078, -498400, -1111 
1721977846062.00, -159433, -501866, -1064 
1721977846083.00, -157385, -505334, -1017 
1721977846105.00, -153020, -508778, -1036 
1721977846128.00, -151568, -512115, -975 
1721977846150.00, -146948, -515399, -975 
1721977846170.00, -144198, -518597, -1000 
1721977846193.00, -144241, -521738, -996 
1721977846213.00, -143797, -524888, -1008 
1721977846235.00, -144316, -528020, -1050 
1721977846257.00, -147071, -531161, -1027 
1721977846279.00, -147350, -534391, -1022 
1721977846301.00, -147047, -537601, -1049 
1721977846323.00, -148354, -540812, -1014 
1721977846346.00, -147289, -544053, -963 
1721977846367.00, -143273, -547245, -1046 
1721977846388.00, -145882, -550389, -1037 
1721977846411.00, -146862, -553564, -986 
1721977846432.00, -144249, -556765, -1017 
1721977846454.00, -144547, -559925, -1001 
1721977846477.00, -143825, -563067, -958 
1721977846498.00, -140735, -566208, -977 
1721977846520.00, -140109, -569262, -950 
1721977846542.00, -137877, -572304, -933 
1721977846564.00, -135557, -575307, -929 
1721977846587.00, -133951, -578250, -916 
1721977846607.00, -131885, -581154, -882 
1721977846629.00, -128816, -584023, -837 
1721977846651.00, -124276, -586817, -793 
1721977846672.00, -118892, -589513, -742 
1721977846694.00, -112483, -592089, -644 
1721977846717.00, -102826, -594527, -523 
1721977846737.00, -57775, -596726, -455 
1721977846759.00, -30950, -597997, -428 
1721977846780.00, -15482, -598691, -311 
1721977846802.00, -6461, -599034, -191 
1721977846824.00, -1207, -599179, -150 
1721977846845.00, 1477, -599207, -84 
1721977846867.00, 3431, -599176, 90 
1721977846887.00, 9859, -599092, 270 
1721977846910.00, 24348, -598877, 403 
1721977846931.00, 40959, -598363, 417 
1721977846953.00, 51637, -597477, 621 
1721977846974.00, 70160, -596355, 739 
1721977846996.00, 88299, -594841, 702 
1721977847018.00, 96700, -592921, 765 
1721977847040.00, 105282, -590811, 833 
1721977847061.00, 114414, -588522, 848 
1721977847083.00, 120732, -586026, 849 
1721977847105.00, 124268, -583390, 900 
1721977847127.00, 129593, -580681, 922 
1721977847149.00, 133706, -577858, 929 
1721977847170.00, 136481, -574942, 936 
1721977847192.00, 138367, -571975, 969 
1721977847213.00, 141390, -568960, 966 
1721977847235.00, 143019, -565883, 980 
1721977847257.00, 144722, -562779, 976 
1721977847279.00, 145368, -559622, 981 
1721977847299.00, 145905, -556463, 1008 
1721977847321.00, 147617, -553268, 1022 
1721977847343.00, 149544, -550032, 1035 
1721977847364.00, 151334, -546774, 1051 
1721977847386.00, 153323, -543458, 1070 
1721977847409.00, 155616, -540106, 1104 
1721977847430.00, 158830, -536711, 1127 
1721977847452.00, 162007, -533227, 1152 
1721977847474.00, 165321, -529683, 1166 
1721977847495.00, 168072, -526069, 1195 
1721977847517.00, 171405, -522387, 1221 
1721977847539.00, 174912, -518648, 1226 
1721977847561.00, 174691, -514815, 1221 
1721977847583.00, 174796, -510997, 1245 
1721977847605.00, 174794, -507183, 1273 
1721977847627.00, 174766, -503367, 1317 
1721977847648.00, 174983, -499538, 1333 
1721977847670.00, 174871, -495718, 1374 
1721977847691.00, 174822, -491892, 1401 
1721977847714.00, 174587, -488078, 1410 
1721977847736.00, 174842, -484262, 1405 
1721977847757.00, 174883, -480444, 1412 
1721977847779.00, 174513, -476631, 1381 
1721977847801.00, 174809, -472812, 1323 
1721977847823.00, 174718, -468994, 1324 
1721977847844.00, 174559, -465179, 1322 
1721977847866.00, 174528, -461369, 1318 
1721977847888.00, 174606, -457548, 1283 
1721977847910.00, 174792, -453735, 1241 
1721977847932.00, 174161, -449920, 1180 
1721977847954.00, 170152, -446121, 1077 
1721977847977.00, 161492, -442410, 963 
1721977847998.00, 149393, -438919, 820 
1721977848020.00, 133598, -435687, 657 
1721977848041.00, 114421, -432802, 496 
1721977848063.00, 93499, -430337, 317 
1721977848084.00, 50801, -428368, 201 
1721977848107.00, 25509, -427248, 141 
1721977848128.00, 10767, -426681, -44 
1721977848149.00, -25, -426452, -225 
1721977848171.00, -17527, -426445, -311 
1721977848193.00, -33125, -426822, -605 
1721977848215.00, -59739, -427535, -720 
1721977848236.00, -82364, -428822, -750 
1721977848258.00, -97578, -430606, -813 
1721977848279.00, -110424, -432729, -867 
1721977848301.00, -121039, -435163, -888 
1721977848323.00, -128450, -437801, -890 
1721977848345.00, -132904, -440590, -885 
1721977848366.00, -135042, -443491, -881 
1721977848388.00, -135932, -446427, -867 
1721977848410.00, -135379, -449371, -872 
1721977848432.00, -135136, -452335, -864 
1721977848453.00, -134448, -455279, -861 
1721977848475.00, -133640, -458204, -889 
1721977848497.00, -134800, -461121, -892 
1721977848519.00, -135492, -464041, -890 
1721977848541.00, -135640, -466993, -903 
1721977848562.00, -136611, -469957, -934 
1721977848583.00, -138969, -472910, -942 
1721977848605.00, -140529, -475946, -949 
1721977848627.00, -141737, -479009, -955 
1721977848649.00, -142788, -482082, -954 
1721977848671.00, -143322, -485208, -957 
1721977848693.00, -143621, -488316, -969 
1721977848714.00, -144417, -491452, -987 
1721977848736.00, -145734, -494594, -996 
1721977848756.00, -147135, -497764, -1015 
1721977848782.00, -148903, -500991, -1021 
1721977848800.00, -150389, -504251, -1032 
1721977848822.00, -151636, -507535, -1063 
1721977848844.00, -154091, -510853, -1051 
1721977848866.00, -154871, -514206, -1060 
1721977848887.00, -155735, -517607, -1101 
1721977848909.00, -158572, -521010, -1104 
1721977848931.00, -160615, -524481, -1087 
1721977848953.00, -160716, -527992, -1106 
1721977848975.00, -161819, -531491, -1080 
1721977848997.00, -160860, -535032, -1074 
1721977849018.00, -159634, -538531, -1072 
1721977849040.00, -158810, -542026, -1058 
1721977849062.00, -157318, -545487, -1065 
1721977849083.00, -156655, -548923, -1035 
1721977849105.00, -154477, -552345, -1018 
1721977849127.00, -152020, -555707, -1015 
1721977849150.00, -150306, -559038, -964 
1721977849172.00, -146231, -562294, -955 
1721977849194.00, -143157, -565483, -972 
1721977849215.00, -142322, -568597, -932 
1721977849237.00, -139459, -571672, -941 
1721977849259.00, -138061, -574717, -949 
1721977849281.00, -137775, -577710, -902 
1721977849302.00, -134792, -580701, -867 
1721977849324.00, -130831, -583634, -844 
1721977849346.00, -126884, -586459, -780 
1721977849368.00, -120562, -589212, -667 
1721977849389.00, -109950, -591829, -549 
1721977849410.00, -96585, -594203, -461 
1721977849436.00, -55161, -596256, -350 
1721977849453.00, -30497, -597462, -252 
1721977849475.00, -15857, -598142, -146 
1721977849498.00, -7491, -598502, -16 
1721977849518.00, -2590, -598664, 62 
1721977849540.00, 3502, -598716, 162 
1721977849562.00, 13347, -598645, 344 
1721977849583.00, 30377, -598359, 460 
1721977849605.00, 47272, -597712, 595 
1721977849627.00, 65417, -596696, 710 
1721977849653.00, 83088, -595279, 777 
1721977849670.00, 97677, -593466, 804 
1721977849691.00, 107721, -591343, 905 
1721977849712.00, 119773, -588999, 915 
1721977849735.00, 127470, -586385, 913 
1721977849757.00, 131651, -583603, 951 
1721977849778.00, 136306, -580732, 957 
1721977849800.00, 139235, -577757, 967 
1721977849822.00, 141299, -574729, 997 
1721977849843.00, 144561, -571654, 1010 
1721977849864.00, 147037, -568490, 1032 
1721977849886.00, 149879, -565271, 1052 
1721977849907.00, 152624, -561998, 1078 
1721977849930.00, 155860, -558654, 1106 
1721977849951.00, 159373, -555263, 1135 
1721977849973.00, 162911, -551768, 1145 
1721977849996.00, 165666, -548204, 1155 
1721977850017.00, 167583, -544577, 1156 
1721977850039.00, 168946, -540911, 1169 
1721977850061.00, 170327, -537227, 1202 
1721977850082.00, 172896, -533503, 1199 
1721977850105.00, 174308, -529726, 1214 
1721977850126.00, 174904, -525907, 1251 
1721977850148.00, 174846, -522088, 1268 
1721977850170.00, 174781, -518273, 1296 
1721977850192.00, 174779, -514453, 1319 
1721977850213.00, 174727, -510629, 1333 
1721977850235.00, 174775, -506816, 1364 
1721977850257.00, 174910, -502995, 1391 
1721977850279.00, 175015, -499164, 1415 
1721977850301.00, 174617, -495349, 1437 
1721977850323.00, 174758, -491533, 1451 
1721977850344.00, 174850, -487713, 1450 
1721977850366.00, 174779, -483897, 1449 
1721977850388.00, 174960, -480081, 1449 
1721977850410.00, 174785, -476259, 1448 
1721977850431.00, 174679, -472450, 1438 
1721977850454.00, 174657, -468633, 1406 
1721977850475.00, 174721, -464818, 1389 
1721977850497.00, 174803, -461006, 1353 
1721977850519.00, 174543, -457202, 1290 
1721977850540.00, 174452, -453384, 1233 
1721977850562.00, 173495, -449576, 1139 
1721977850584.00, 167106, -445782, 1029 
1721977850606.00, 156765, -442157, 911 
1721977850629.00, 143498, -438763, 746 
1721977850651.00, 125690, -435665, 575 
1721977850672.00, 104941, -432953, 410 
1721977850694.00, 82494, -430713, 226 
1721977850715.00, 44347, -428960, 50 
1721977850737.00, 22059, -428005, -125 
1721977850758.00, 917, -427526, -366 
1721977850780.00, -25086, -427498, -633 
1721977850801.00, -56965, -428012, -654 
1721977850824.00, -77086, -429215, -724 
1721977850845.00, -93020, -430899, -829 
1721977850867.00, -108837, -432914, -855 
1721977850888.00, -119600, -435309, -865 
1721977850910.00, -126395, -437925, -907 
1721977850932.00, -132893, -440663, -905 
1721977850954.00, -136303, -443569, -911 
1721977850975.00, -138670, -446543, -945 
1721977850998.00, -142011, -449545, -973 
1721977851019.00, -145247, -452659, -989 
1721977851040.00, -148122, -455817, -1007 
1721977851061.00, -150726, -459059, -1023 
1721977851083.00, -153262, -462351, -1036 
1721977851105.00, -155354, -465692, -1055 
1721977851127.00, -157610, -469101, -1033 
1721977851149.00, -157600, -472537, -1046 
1721977851170.00, -158219, -475984, -1049 
1721977851192.00, -158647, -479433, -1036 
1721977851214.00, -157790, -482893, -1032 
1721977851236.00, -157034, -486348, -1028 
1721977851258.00, -156141, -489761, -1037 
1721977851279.00, -156138, -493186, -1000 
1721977851302.00, -153461, -496592, -1010 
1721977851323.00, -152228, -499961, -1006 
1721977851346.00, -151413, -503290, -997 
1721977851367.00, -150462, -506574, -1003 
1721977851388.00, -149940, -509873, -1023 
1721977851412.00, -150875, -513137, -1013 
1721977851432.00, -150726, -516442, -1001 
1721977851454.00, -149819, -519736, -1009 
1721977851476.00, -149801, -523006, -1008 
1721977851498.00, -149430, -526283, -1004 
1721977851520.00, -149100, -529537, -1011 
1721977851541.00, -148944, -532797, -1004 
1721977851563.00, -148569, -536054, -1009 
1721977851586.00, -148397, -539295, -992 
1721977851607.00, -147341, -542537, -981 
1721977851629.00, -145971, -545730, -960 
1721977851651.00, -143714, -548911, -950 
1721977851673.00, -141625, -552033, -918 
1721977851694.00, -138338, -555097, -912 
1721977851716.00, -136216, -558114, -898 
1721977851738.00, -133907, -561069, -879 
1721977851760.00, -131278, -563971, -887 
1721977851782.00, -130280, -566842, -856 
1721977851803.00, -127719, -569676, -860 
1721977851825.00, -126224, -572448, -859 
1721977851847.00, -125573, -575204, -828 
1721977851868.00, -123197, -577920, -832 
1721977851890.00, -121887, -580591, -806 
1721977851912.00, -119733, -583250, -765 
1721977851934.00, -115833, -585848, -729 
1721977851961.00, -111327, -588350, -665 
1721977851977.00, -104732, -590763, -581 
1721977851998.00, -95481, -593019, -527 
1721977852020.00, -54666, -595071, -430 
1721977852042.00, -30569, -596256, -382 
1721977852064.00, -16411, -596938, -322 
1721977852085.00, -8069, -597305, -255 
1721977852107.00, -3088, -597488, -238 
1721977852128.00, -193, -597563, -228 
1721977852150.00, 756, -597572, -200 
1721977852171.00, 1776, -597562, -163 
1721977852192.00, 2432, -597527, -134 
1721977852215.00, 2742, -597474, -124 
1721977852236.00, 2999, -597414, -112 
1721977852258.00, 3003, -597348, -95 
1721977852279.00, 3061, -597283, -90 
1721977852301.00, 3024, -597219, -83 
1721977852322.00, 3029, -597151, -73 
1721977852344.00, 2815, -597086, -67 
1721977852366.00, 2734, -597024, -64 
1721977852387.00, 2654, -596966, -59 
1721977852408.00, 2615, -596908, -53 
1721977852430.00, 2519, -596852, -49 
1721977852452.00, 2414, -596796, -44 
1721977852473.00, 2408, -596741, -41 
1721977852495.00, 2295, -596690, -38 
1721977852516.00, 2217, -596639, -35 
1721977852537.00, 2181, -596589, -31 
1721977852559.00, 2166, -596542, -29 
1721977852581.00, 2163, -596497, -27 
1721977852602.00, 2100, -596452, -24 
1721977852624.00, 2053, -596404, -22 
1721977852646.00, 2019, -596361, -21 
1721977852667.00, 1976, -596316, -20 
1721977852689.00, 1804, -596273, -20 
1721977852710.00, 1682, -596233, -20 
1721977852731.00, 1608, -596201, -21 
1721977852753.00, 1668, -596165, -20 
1721977852775.00, 1635, -596131, -20 
1721977852796.00, 1528, -596096, -20 
1721977852818.00, 1499, -596062, -20 
1721977852840.00, 1478, -596029, -20 
1721977852861.00, 1475, -595997, -21 
1721977852882.00, 1487, -595966, -21 
1721977852903.00, 1444, -595934, -22 
1721977852925.00, 1392, -595904, -22 
1721977852947.00, 1313, -595874, -21 
1721977853008.00, 1281, -595847, -22 
1721977853008.00, 1234, -595819, -24 
1721977853011.00, 1235, -595792, -25 
1721977853033.00, 0, -595766, -75 
1721977853054.00, 0, -595759, -73 
1721977853075.00, 0, -595759, -76 
1721977853096.00, 0, -595760, -76 
1721977853117.00, 0, -595759, -76 
1721977853139.00, 0, -595759, -75 
1721977853159.00, 0, -595759, -75 
1721977853180.00, 0, -595759, -76 
1721977853201.00, 0, -595759, -76 
1721977853222.00, 0, -595759, -77 
1721977853243.00, 0, -595759, -77 
1721977853265.00, 0, -595759, -77 
1721977853286.00, 0, -595760, -78 
1721977853307.00, 0, -595759, -78 
1721977853328.00, 0, -595759, -78 
1721977853349.00, 0, -595759, -79 
1721977853370.00, 0, -595759, -80 
1721977853390.00, 0, -595760, -81 
1721977853412.00, 0, -595760, -82 
1721977853433.00, 0, -595760, -83 
1721977853454.00, 0, -595759, -83 
1721977853475.00, 0, -595759, -82 
1721977853496.00, 0, -595759, -82 
1721977853517.00, 0, -595759, -82 
1721977853538.00, 0, -595760, -83 
1721977853559.00, 0, -595759, -83 
1721977853582.00, 0, -595759, -84 
1721977853605.00, 0, -595759, -84 
1721977853622.00, 0, -595760, -84 
1721977853643.00, 0, -595760, -85 
1721977853664.00, 0, -595760, -85 
1721977853685.00, 0, -595759, -84 
1721977853706.00, 0, -595760, -83 
1721977853727.00, 0, -595759, -81 
1721977853748.00, 0, -595759, -81 
1721977853769.00, 0, -595759, -81 
1721977853790.00, 0, -595761, -80 
1721977853811.00, 0, -595760, -79 
1721977853832.00, 0, -595759, -78 
1721977853855.00, 0, -595760, -78 
1721977853874.00, 0, -595760, -78 
1721977853895.00, 0, -595760, -77 
1721977853916.00, 0, -595760, -77 
1721977853938.00, 0, -595760, -76 
1721977853959.00, 0, -595759, -77 
1721977853979.00, 0, -595760, -77 
1721977854001.00, 0, -595759, -77 
1721977854022.00, 0, -595759, -77 
1721977854043.00, 0, -595760, -76 
1721977854064.00, 0, -595759, -76 
1721977854084.00, 0, -595759, -75 
1721977854105.00, 0, -595760, -74 
1721977854127.00, 0, -595759, -73 
1721977854148.00, 0, -595759, -72 
1721977854169.00, 0, -595759, -70 
1721977854190.00, 0, -595759, -70 
1721977854211.00, 0, -595759, -69 
1721977854231.00, 0, -595759, -69 
1721977854253.00, 0, -595759, -68 
1721977854274.00, 0, -595758, -67 
1721977854294.00, 0, -595759, -67 
1721977854315.00, 0, -595759, -66 
1721977854337.00, 0, -595759, -65 
1721977854358.00, 0, -595759, -65 
1721977854379.00, 0, -595759, -64 
1721977854400.00, 0, -595759, -63 
1721977854421.00, 0, -595758, -62 
1721977854453.00, 0, -595759, -62 
1721977854463.00, 0, -595759, -62 
1721977854484.00, 0, -595759, -62 
1721977854505.00, 0, -595760, -63 
1721977854526.00, 0, -595760, -63 
1721977854547.00, 0, -595758, -63 
1721977854568.00, 0, -595759, -64 
1721977854589.00, 0, -595758, -64 
1721977854611.00, 0, -595759, -65 
1721977854631.00, 0, -595759, -66 
1721977854652.00, 0, -595759, -66 
1721977854674.00, 0, -595760, -67 
1721977854695.00, 0, -595759, -67 
1721977854715.00, 0, -595759, -67 
1721977854736.00, 0, -595759, -67 
1721977854757.00, 0, -595758, -66 
1721977854778.00, 0, -595759, -66 
1721977854799.00, 0, -595759, -67 
1721977854821.00, 0, -595759, -68 
1721977854841.00, 0, -595759, -68 
1721977854862.00, 0, -595759, -68 
1721977854884.00, 0, -595759, -68 
1721977854905.00, 0, -595759, -67 
1721977854926.00, 0, -595760, -67 
1721977854947.00, 0, -595759, -66 
1721977854968.00, 0, -595759, -66 
1721977854989.00, 0, -595759, -65 
1721977855010.00, 0, -595759, -64 
1721977855031.00, 0, -595759, -63 
1721977855052.00, 0, -595759, -62 
1721977855074.00, 0, -595759, -62 
1721977855094.00, 0, -595758, -63 
1721977855114.00, 0, -595758, -63 
1721977855136.00, 0, -595760, -63 
1721977855157.00, 0, -595759, -64 
1721977855178.00, 0, -595759, -65 
1721977855200.00, 0, -595759, -66 
1721977855220.00, 0, -595760, -66 
1721977855241.00, 0, -595759, -67 
1721977855262.00, 0, -595759, -68 
1721977855283.00, 0, -595760, -69 
1721977855307.00, 0, -595760, -71 
1721977855325.00, 0, -595759, -71 
1721977855347.00, 0, -595760, -72 
1721977855367.00, 0, -595759, -73 
1721977855388.00, 0, -595759, -74 
1721977855409.00, 0, -595760, -74 
1721977855430.00, 0, -595759, -74 
1721977855451.00, 0, -595760, -74 
1721977855472.00, 0, -595759, -74 
1721977855493.00, 0, -595759, -74 
1721977855514.00, 0, -595759, -74 
1721977855536.00, 0, -595759, -74 
1721977855557.00, 0, -595760, -74 
1721977855577.00, 0, -595759, -73 
1721977855599.00, 0, -595759, -72 
1721977855620.00, 0, -595759, -70 
1721977855640.00, 0, -595759, -69 
1721977855661.00, 0, -595760, -67 
1721977855683.00, 0, -595760, -66 
1721977855704.00, 0, -595759, -65 
1721977855724.00, 0, -595759, -63 
1721977855746.00, 0, -595759, -62 
1721977855767.00, 0, -595760, -60 
1721977855788.00, 0, -595759, -60 
1721977855808.00, 0, -595759, -59 
1721977855830.00, 0, -595759, -58 
1721977855851.00, 0, -595758, -58 
1721977855872.00, 0, -595759, -58 
1721977855893.00, 0, -595759, -58 
1721977855914.00, 0, -595759, -57 
1721977855935.00, 0, -595758, -57 
1721977855956.00, 0, -595758, -58 
