1720014749518.00, 0, -598401, -233 
1720014749539.00, 0, -598402, -231 
1720014749561.00, 0, -598402, -231 
1720014749582.00, 0, -598402, -229 
1720014749603.00, 0, -598402, -229 
1720014749631.00, 0, -598402, -229 
1720014749646.00, 0, -598401, -228 
1720014749667.00, 0, -598402, -226 
1720014749688.00, 0, -598401, -224 
1720014749709.00, 0, -598402, -222 
1720014749731.00, 0, -598402, -220 
1720014749752.00, 0, -598402, -220 
1720014749773.00, 0, -598402, -220 
1720014749795.00, 0, -598402, -219 
1720014749816.00, 65, -598402, -216 
1720014749839.00, 0, -598402, -214 
1720014749859.00, -6, -598402, -212 
1720014749880.00, -4, -598402, -209 
1720014749901.00, -1, -598402, -206 
1720014749925.00, 0, -598402, -202 
1720014749946.00, 0, -598401, -197 
1720014749966.00, 0, -598401, -197 
1720014749990.00, 0, -598402, -197 
1720014750008.00, 0, -598402, -197 
1720014750029.00, 0, -598401, -195 
1720014750053.00, 0, -598402, -190 
1720014750071.00, 0, -598401, -185 
1720014750093.00, 0, -598401, -180 
1720014750114.00, 0, -598400, -176 
1720014750136.00, 0, -598400, -173 
1720014750157.00, 0, -598400, -167 
1720014750178.00, 0, -598400, -160 
1720014750199.00, 0, -598400, -153 
1720014750221.00, 0, -598398, -145 
1720014750241.00, 0, -598398, -134 
1720014750264.00, 0, -598398, -121 
1720014750285.00, 0, -598397, -107 
1720014750306.00, 0, -598397, -90 
1720014750327.00, 0, -598396, -75 
1720014750348.00, 0, -598394, -61 
1720014750369.00, 3, -598395, -48 
1720014750391.00, 0, -598393, -39 
1720014750412.00, 0, -598393, -30 
1720014750433.00, 0, -598392, -24 
1720014750455.00, 17, -598393, -18 
1720014750476.00, -6, -598393, -11 
1720014750500.00, 0, -598391, -7 
1720014750518.00, 0, -598391, -1 
1720014750539.00, -16, -598391, 0 
1720014750560.00, -7, -598391, 0 
1720014750581.00, 0, -598391, 0 
1720014750601.00, 0, -598391, 0 
1720014750623.00, 0, -598391, 0 
1720014750644.00, 0, -598391, 0 
1720014750664.00, 0, -598390, 1 
1720014750686.00, 0, -598391, 0 
1720014750712.00, 0, -598391, 1 
1720014750728.00, 0, -598391, 1 
1720014750749.00, 0, -598390, 0 
1720014750770.00, 0, -598391, 1 
1720014750791.00, 0, -598390, 0 
1720014750812.00, 0, -598391, 0 
1720014750833.00, 1, -598391, 0 
1720014750855.00, 0, -598391, 1 
1720014750876.00, 2, -598390, 0 
1720014750897.00, 0, -598391, 1 
1720014750918.00, 0, -598391, 1 
1720014750939.00, 0, -598391, 0 
1720014750960.00, 3, -598391, 0 
1720014750981.00, 0, -598390, 0 
1720014751001.00, 0, -598391, 0 
1720014751023.00, 0, -598391, 0 
1720014751047.00, 0, -598390, 0 
1720014751065.00, 0, -598390, 0 
1720014751086.00, 0, -598390, 0 
1720014751107.00, 0, -598391, 0 
1720014751127.00, 0, -598391, 0 
1720014751149.00, 0, -598390, 1 
1720014751170.00, 0, -598390, 1 
1720014751191.00, 0, -598391, 1 
1720014751212.00, 0, -598390, 0 
1720014751233.00, 0, -598391, 1 
1720014751254.00, 0, -598390, 1 
1720014751275.00, 0, -598391, 0 
1720014751296.00, 0, -598391, 0 
1720014751317.00, 0, -598389, 0 
1720014751338.00, 0, -598391, 1 
1720014751359.00, 0, -598391, 1 
1720014751380.00, 0, -598391, 1 
1720014751402.00, 0, -598391, 1 
1720014751422.00, 0, -598390, 1 
1720014751443.00, 24, -598391, 1 
1720014751464.00, 8, -598391, 1 
1720014751486.00, 0, -598390, 1 
1720014751507.00, 0, -598390, 1 
1720014751528.00, 0, -598390, 1 
1720014751549.00, 0, -598390, 0 
1720014751570.00, 0, -598391, 0 
1720014751591.00, 0, -598390, 1 
1720014751612.00, 0, -598390, 1 
1720014751632.00, 0, -598391, 1 
1720014751654.00, 0, -598391, 1 
1720014751675.00, 0, -598390, 1 
1720014751698.00, 0, -598390, 1 
1720014751717.00, 0, -598390, 2 
1720014751738.00, 0, -598390, 2 
1720014751759.00, 0, -598391, 1 
1720014751780.00, 0, -598391, 1 
1720014751801.00, 0, -598391, 1 
1720014751822.00, 0, -598391, 1 
1720014751843.00, 0, -598391, 1 
1720014751864.00, 0, -598391, 1 
1720014751885.00, 0, -598390, 1 
1720014751906.00, 0, -598391, 1 
1720014751927.00, 0, -598390, 1 
1720014751948.00, 0, -598390, 1 
1720014751969.00, 0, -598390, 2 
1720014751991.00, -44, -598390, 2 
1720014752011.00, 0, -598391, 2 
1720014752032.00, 0, -598391, 1 
1720014752054.00, 0, -598391, 1 
1720014752075.00, 0, -598390, 1 
1720014752096.00, 0, -598391, 1 
1720014752117.00, 0, -598390, 0 
1720014752137.00, 0, -598390, 0 
1720014752159.00, 0, -598391, 0 
1720014752179.00, 0, -598390, 0 
1720014752201.00, 0, -598390, 0 
1720014752221.00, 0, -598391, 0 
1720014752243.00, 0, -598391, 0 
1720014752264.00, 0, -598391, 0 
1720014752284.00, 0, -598391, 1 
1720014752305.00, 0, -598391, 1 
1720014752326.00, 0, -598391, 0 
1720014752352.00, 0, -598390, 0 
1720014752368.00, 0, -598390, 0 
1720014752391.00, 0, -598390, 0 
1720014752411.00, 0, -598391, 0 
1720014752433.00, 0, -598390, 0 
1720014752454.00, 0, -598390, 0 
1720014752475.00, 0, -598391, 1 
1720014752496.00, 0, -598390, 1 
1720014752517.00, 0, -598391, 1 
1720014752538.00, 0, -598390, 1 
1720014752559.00, 0, -598391, 0 
1720014752580.00, 0, -598390, 0 
1720014752602.00, 0, -598391, 1 
1720014752622.00, 0, -598390, 1 
1720014752643.00, 0, -598390, 1 
1720014752664.00, 0, -598390, 0 
1720014752685.00, 0, -598391, 0 
1720014752706.00, 0, -598390, 1 
1720014752727.00, 0, -598390, 1 
1720014752748.00, 0, -598391, 1 
1720014752769.00, 0, -598390, 0 
1720014752792.00, 0, -598391, 0 
1720014752811.00, 0, -598390, 1 
1720014752832.00, 0, -598391, 1 
1720014752853.00, 0, -598391, 1 
1720014752874.00, 0, -598390, 0 
1720014752895.00, 0, -598391, 0 
1720014752917.00, 0, -598391, 0 
1720014752938.00, 0, -598391, 1 
1720014752959.00, 0, -598390, 0 
1720014752979.00, 0, -598390, 0 
1720014753000.00, 0, -598391, 1 
1720014753022.00, 0, -598391, 1 
1720014753043.00, 0, -598390, 1 
1720014753064.00, 0, -598390, 1 
1720014753084.00, 0, -598390, 1 
1720014753105.00, 0, -598390, 1 
1720014753126.00, 0, -598390, 1 
1720014753148.00, 0, -598391, 1 
1720014753169.00, 0, -598390, 1 
1720014753189.00, 0, -598391, 1 
1720014753211.00, 0, -598391, 1 
1720014753237.00, 0, -598391, 1 
1720014753253.00, 0, -598391, 1 
1720014753274.00, 0, -598390, 1 
1720014753294.00, 0, -598391, 1 
1720014753316.00, 0, -598391, 1 
1720014753341.00, 0, -598390, 0 
1720014753358.00, 0, -598391, 0 
1720014753379.00, 0, -598390, 0 
1720014753399.00, 0, -598391, 0 
1720014753421.00, 0, -598390, 0 
1720014753443.00, 0, -598391, 0 
1720014753463.00, 0, -598390, 0 
1720014753484.00, 0, -598391, 0 
1720014753505.00, 0, -598390, 0 
1720014753526.00, 0, -598390, 0 
1720014753547.00, 0, -598390, 0 
1720014753568.00, 0, -598390, 0 
1720014753588.00, 0, -598391, 1 
1720014753611.00, 0, -598391, 1 
1720014753632.00, 0, -598391, 0 
1720014753653.00, 0, -598391, 0 
1720014753674.00, 1, -598390, 0 
1720014753694.00, 0, -598391, 1 
1720014753715.00, 0, -598390, 1 
1720014753736.00, 0, -598390, 1 
1720014753757.00, 46, -598390, 1 
1720014753779.00, 0, -598390, 1 
1720014753799.00, 0, -598391, 1 
1720014753821.00, 0, -598390, 1 
1720014753841.00, 0, -598391, 1 
1720014753863.00, 0, -598390, 0 
1720014753885.00, 0, -598391, 1 
1720014753905.00, 0, -598390, 1 
1720014753926.00, 0, -598390, 1 
1720014753947.00, 0, -598391, 1 
1720014753968.00, 0, -598391, 0 
1720014753989.00, 0, -598390, 1 
1720014754010.00, 0, -598391, 1 
1720014754031.00, 0, -598391, 1 
1720014754052.00, 0, -598391, 1 
1720014754073.00, 0, -598391, 1 
1720014754095.00, 0, -598390, 2 
1720014754115.00, 0, -598391, 2 
1720014754136.00, 0, -598390, 2 
1720014754158.00, 0, -598390, 2 
1720014754179.00, 0, -598390, 3 
1720014754199.00, 0, -598390, 3 
1720014754220.00, 0, -598391, 3 
1720014754241.00, 0, -598392, 3 
1720014754262.00, 0, -598391, 3 
1720014754283.00, 0, -598391, 4 
1720014754304.00, -5, -598390, 5 
1720014754331.00, -59, -598391, 5 
1720014754347.00, 0, -598391, 6 
1720014754368.00, 0, -598391, 6 
1720014754388.00, 0, -598390, 7 
1720014754409.00, 0, -598390, 8 
1720014754438.00, 0, -598390, 9 
1720014754452.00, 0, -598391, 9 
1720014754472.00, 0, -598390, 10 
1720014754494.00, 0, -598391, 11 
1720014754515.00, 82, -598390, 11 
1720014754536.00, 863, -598390, 10 
1720014754558.00, 33, -598379, 9 
1720014754579.00, 59, -598376, 10 
1720014754600.00, 33, -598375, 11 
1720014754621.00, 729, -598374, 11 
1720014754644.00, 1182, -598360, 11 
1720014754665.00, 1407, -598338, 11 
1720014754686.00, 1475, -598308, 12 
1720014754707.00, 1627, -598274, 14 
1720014754729.00, 1815, -598238, 16 
1720014754751.00, 2081, -598198, 18 
1720014754771.00, 2337, -598152, 18 
1720014754793.00, 2415, -598101, 18 
1720014754814.00, 2570, -598047, 20 
1720014754836.00, 2876, -597993, 20 
1720014754858.00, 2843, -597933, 18 
1720014754879.00, 2680, -597872, 17 
1720014754901.00, 2636, -597812, 18 
1720014754922.00, 2617, -597754, 18 
1720014754944.00, 2636, -597697, 19 
1720014754964.00, 2716, -597641, 21 
1720014754987.00, 2930, -597583, 26 
1720014755008.00, 3386, -597519, 30 
1720014755030.00, 3906, -597448, 30 
1720014755051.00, 4029, -597365, 30 
1720014755072.00, 4333, -597276, 32 
1720014755094.00, 4611, -597185, 31 
1720014755116.00, 4693, -597086, 40 
1720014755137.00, 5253, -596984, 72 
1720014755158.00, 7526, -596871, 97 
1720014755179.00, 10314, -596706, 134 
1720014755201.00, 14063, -596476, 197 
1720014755223.00, 20373, -596171, 245 
1720014755245.00, 27071, -595740, 286 
1720014755267.00, 33488, -595163, 341 
1720014755287.00, 40443, -594441, 383 
1720014755314.00, 46960, -593570, 412 
1720014755331.00, 52583, -592562, 443 
1720014755353.00, 57807, -591422, 458 
1720014755375.00, 61932, -590163, 458 
1720014755396.00, 64094, -588831, 455 
1720014755420.00, 65219, -587437, 459 
1720014755440.00, 66117, -586026, 470 
1720014755461.00, 67378, -584591, 457 
1720014755483.00, 67246, -583132, 455 
1720014755504.00, 66976, -581677, 458 
1720014755530.00, 66836, -580221, 461 
1720014755548.00, 67100, -578773, 458 
1720014755569.00, 67113, -577315, 460 
1720014755591.00, 67103, -575872, 471 
1720014755612.00, 67660, -574417, 468 
1720014755635.00, 67660, -572945, 476 
1720014755656.00, 68241, -571478, 475 
1720014755677.00, 68659, -569994, 487 
1720014755699.00, 69517, -568515, 485 
1720014755720.00, 69761, -567000, 498 
1720014755745.00, 70675, -565500, 494 
1720014755764.00, 70953, -563949, 496 
1720014755785.00, 71030, -562420, 497 
1720014755807.00, 71226, -560869, 494 
1720014755829.00, 71332, -559335, 495 
1720014755854.00, 71331, -557780, 480 
1720014755872.00, 70577, -556242, 480 
1720014755894.00, 70070, -554710, 467 
1720014755915.00, 68903, -553192, 469 
1720014755937.00, 68280, -551694, 459 
1720014755963.00, 67287, -550215, 469 
1720014755980.00, 67312, -548760, 467 
1720014756002.00, 67334, -547292, 471 
1720014756023.00, 67473, -545846, 456 
1720014756046.00, 66505, -544374, 458 
1720014756070.00, 66029, -542947, 464 
1720014756088.00, 66161, -541503, 457 
1720014756110.00, 65926, -540071, 460 
1720014756132.00, 65881, -538644, 453 
1720014756154.00, 65398, -537213, 466 
1720014756178.00, 65867, -535806, 466 
1720014756197.00, 66131, -534371, 473 
1720014756218.00, 66882, -532941, 475 
1720014756240.00, 67278, -531480, 473 
1720014756262.00, 67422, -530032, 487 
1720014756283.00, 68229, -528571, 479 
1720014756305.00, 68472, -527095, 482 
1720014756327.00, 68472, -525610, 479 
1720014756348.00, 68282, -524120, 496 
1720014756370.00, 69195, -522650, 490 
1720014756391.00, 69221, -521137, 486 
1720014756413.00, 69159, -519644, 477 
1720014756434.00, 68718, -518135, 479 
1720014756456.00, 68443, -516661, 476 
1720014756478.00, 68020, -515160, 473 
1720014756499.00, 67610, -513696, 473 
1720014756521.00, 67270, -512221, 462 
1720014756543.00, 66646, -510773, 463 
1720014756565.00, 66241, -509330, 453 
1720014756587.00, 65351, -507886, 453 
1720014756607.00, 64710, -506473, 437 
1720014756629.00, 63496, -505062, 433 
1720014756651.00, 62624, -503702, 435 
1720014756673.00, 61985, -502338, 428 
1720014756695.00, 61443, -500998, 423 
1720014756716.00, 60653, -499665, 407 
1720014756738.00, 59219, -498343, 405 
1720014756760.00, 58187, -497077, 400 
1720014756781.00, 57201, -495800, 400 
1720014756803.00, 56840, -494562, 411 
1720014756824.00, 57133, -493341, 400 
1720014756846.00, 56814, -492089, 394 
1720014756868.00, 55948, -490869, 392 
1720014756889.00, 55540, -489651, 383 
1720014756912.00, 54725, -488442, 382 
1720014756932.00, 54234, -487265, 380 
1720014756954.00, 53611, -486080, 383 
1720014756975.00, 53476, -484919, 383 
1720014756998.00, 53638, -483766, 376 
1720014757019.00, 53158, -482591, 382 
1720014757041.00, 53495, -481442, 381 
1720014757062.00, 53371, -480291, 371 
1720014757084.00, 52737, -479129, 375 
1720014757106.00, 52544, -477992, 374 
1720014757127.00, 52557, -476855, 366 
1720014757149.00, 51965, -475709, 368 
1720014757171.00, 51805, -474591, 371 
1720014757192.00, 51756, -473470, 369 
1720014757214.00, 51674, -472337, 369 
1720014757236.00, 51666, -471233, 368 
1720014757257.00, 51711, -470110, 361 
1720014757283.00, 51024, -468989, 356 
1720014757300.00, 50384, -467891, 351 
1720014757322.00, 49946, -466784, 346 
1720014757344.00, 49137, -465704, 335 
1720014757366.00, 48024, -464652, 326 
1720014757387.00, 46912, -463601, 324 
1720014757409.00, 45997, -462585, 318 
1720014757430.00, 45210, -461599, 308 
1720014757452.00, 44091, -460621, 298 
1720014757474.00, 42788, -459654, 291 
1720014757496.00, 41761, -458729, 286 
1720014757517.00, 40795, -457832, 282 
1720014757539.00, 40126, -456941, 284 
1720014757560.00, 39832, -456070, 279 
1720014757582.00, 39291, -455217, 285 
1720014757603.00, 39089, -454371, 289 
1720014757625.00, 39293, -453509, 295 
1720014757647.00, 39662, -452658, 298 
1720014757669.00, 40335, -451802, 304 
1720014757690.00, 41156, -450930, 306 
1720014757711.00, 41690, -450028, 313 
1720014757733.00, 42488, -449126, 315 
1720014757754.00, 43027, -448212, 309 
1720014757776.00, 43148, -447278, 305 
1720014757798.00, 42925, -446345, 304 
1720014757823.00, 42379, -445426, 298 
1720014757841.00, 41742, -444509, 300 
1720014757863.00, 41553, -443587, 300 
1720014757885.00, 41605, -442687, 294 
1720014757906.00, 41180, -441791, 289 
1720014757931.00, 40721, -440893, 294 
1720014757950.00, 40680, -440004, 291 
1720014757971.00, 40748, -439131, 283 
1720014757993.00, 40292, -438258, 280 
1720014758015.00, 39739, -437382, 272 
1720014758036.00, 38724, -436525, 260 
1720014758057.00, 37589, -435686, 252 
1720014758079.00, 36131, -434876, 247 
1720014758100.00, 35132, -434077, 238 
1720014758123.00, 34167, -433312, 224 
1720014758144.00, 32670, -432575, 209 
1720014758166.00, 30700, -431877, 194 
1720014758188.00, 17245, -431208, 180 
1720014758209.00, 8889, -430815, 161 
1720014758231.00, 4144, -430608, 161 
1720014758252.00, 1369, -430514, 152 
1720014758274.00, -3, -430481, 143 
1720014758295.00, -723, -430480, 132 
1720014758316.00, -327, -430489, 125 
1720014758338.00, -163, -430496, 113 
1720014758359.00, -80, -430499, 104 
1720014758379.00, -34, -430502, 96 
1720014758401.00, 5, -430503, 85 
1720014758423.00, -59, -430505, 78 
1720014758444.00, 6, -430505, 73 
1720014758465.00, 0, -430506, 64 
1720014758486.00, 0, -430508, 50 
1720014758507.00, 0, -430508, 42 
1720014758528.00, 0, -430509, 38 
1720014758549.00, 0, -430510, 31 
1720014758570.00, 0, -430512, 23 
1720014758591.00, 5, -430513, 18 
1720014758613.00, 0, -430514, 13 
1720014758633.00, 0, -430518, 1 
1720014758654.00, 2, -430520, -6 
1720014758675.00, 0, -430521, -8 
1720014758698.00, 3, -430521, -15 
1720014758719.00, -921, -430522, -22 
1720014758740.00, -1915, -430541, -31 
1720014758762.00, -3001, -430583, -33 
1720014758783.00, -3673, -430648, -37 
1720014758809.00, -4359, -430729, -44 
1720014758825.00, -5084, -430822, -51 
1720014758847.00, -5964, -430935, -58 
1720014758869.00, -6991, -431064, -61 
1720014758891.00, -8076, -431219, -66 
1720014758911.00, -8569, -431390, -73 
1720014758932.00, -9376, -431578, -79 
1720014758955.00, -10439, -431780, -82 
1720014758976.00, -11090, -432000, -85 
1720014758998.00, -11603, -432238, -90 
1720014759024.00, -12272, -432484, -94 
1720014759041.00, -12856, -432746, -93 
1720014759063.00, -13330, -433023, -94 
1720014759084.00, -13385, -433309, -97 
1720014759105.00, -13882, -433598, -98 
1720014759127.00, -13982, -433897, -103 
1720014759149.00, -14371, -434204, -106 
1720014759171.00, -15122, -434523, -104 
1720014759193.00, -15045, -434849, -110 
1720014759214.00, -15718, -435173, -113 
1720014759236.00, -16230, -435510, -114 
1720014759257.00, -16524, -435855, -116 
1720014759278.00, -16831, -436207, -118 
1720014759300.00, -16889, -436568, -124 
1720014759322.00, -17223, -436934, -121 
1720014759344.00, -17495, -437313, -124 
1720014759365.00, -17641, -437695, -125 
1720014759387.00, -17785, -438083, -129 
1720014759408.00, -18376, -438467, -128 
1720014759430.00, -18516, -438859, -128 
1720014759451.00, -18868, -439250, -130 
1720014759473.00, -19008, -439653, -134 
1720014759495.00, -19295, -440060, -136 
1720014759517.00, -19251, -440478, -141 
1720014759539.00, -19945, -440900, -144 
1720014759560.00, -20223, -441333, -155 
1720014759582.00, -21063, -441772, -160 
1720014759603.00, -22044, -442227, -166 
1720014759625.00, -22712, -442699, -169 
1720014759647.00, -23488, -443194, -180 
1720014759668.00, -24709, -443701, -187 
1720014759690.00, -25788, -444241, -194 
1720014759712.00, -26752, -444800, -203 
1720014759733.00, -27852, -445375, -201 
1720014759755.00, -28215, -445967, -201 
1720014759777.00, -28402, -446581, -212 
1720014759798.00, -29521, -447199, -216 
1720014759820.00, -30398, -447840, -217 
1720014759841.00, -30910, -448491, -226 
1720014759863.00, -31445, -449151, -231 
1720014759885.00, -32195, -449838, -233 
1720014759906.00, -32848, -450543, -235 
1720014759928.00, -33141, -451262, -239 
1720014759950.00, -33950, -451981, -238 
1720014759971.00, -34121, -452703, -235 
1720014759993.00, -34284, -453441, -238 
1720014760017.00, -34294, -454188, -240 
1720014760036.00, -34295, -454928, -245 
1720014760058.00, -34688, -455664, -243 
1720014760079.00, -34878, -456414, -252 
1720014760100.00, -35538, -457175, -264 
1720014760123.00, -36548, -457948, -265 
1720014760144.00, -37304, -458733, -266 
1720014760166.00, -37693, -459535, -273 
1720014760187.00, -38175, -460359, -283 
1720014760209.00, -39247, -461192, -285 
1720014760231.00, -39978, -462032, -290 
1720014760253.00, -40544, -462896, -298 
1720014760274.00, -41536, -463782, -302 
1720014760296.00, -42414, -464685, -298 
1720014760317.00, -42599, -465588, -297 
1720014760339.00, -42594, -466512, -308 
1720014760360.00, -43175, -467450, -312 
1720014760382.00, -43805, -468383, -311 
1720014760404.00, -44189, -469327, -315 
1720014760426.00, -44586, -470293, -324 
1720014760450.00, -45502, -471263, -320 
1720014760468.00, -45663, -472229, -309 
1720014760490.00, -45001, -473221, -321 
1720014760512.00, -45302, -474209, -322 
1720014760533.00, -45830, -475180, -316 
1720014760555.00, -45427, -476169, -309 
1720014760577.00, -44719, -477171, -313 
1720014760599.00, -44642, -478137, -315 
1720014760621.00, -44955, -479099, -300 
1720014760643.00, -44271, -480072, -312 
1720014760665.00, -44306, -481029, -316 
1720014760685.00, -44676, -481981, -307 
1720014760706.00, -44252, -482953, -310 
1720014760728.00, -44252, -483927, -311 
1720014760750.00, -44382, -484876, -312 
1720014760777.00, -44566, -485830, -304 
1720014760793.00, -43855, -486799, -306 
1720014760815.00, -43512, -487749, -314 
1720014760837.00, -44043, -488689, -306 
1720014760858.00, -43883, -489647, -312 
1720014760881.00, -44125, -490607, -312 
1720014760902.00, -44110, -491550, -309 
1720014760923.00, -43924, -492510, -305 
1720014760945.00, -43622, -493469, -309 
1720014760967.00, -43710, -494410, -317 
1720014760988.00, -44205, -495353, -309 
1720014761009.00, -44187, -496313, -316 
1720014761032.00, -44378, -497273, -320 
1720014761053.00, -44714, -498224, -316 
1720014761075.00, -44758, -499193, -318 
1720014761098.00, -44924, -500180, -317 
1720014761118.00, -44940, -501144, -324 
1720014761139.00, -45356, -502116, -319 
1720014761161.00, -45298, -503108, -323 
1720014761183.00, -45398, -504085, -326 
1720014761204.00, -45936, -505059, -319 
1720014761226.00, -45642, -506053, -326 
1720014761248.00, -45779, -507048, -333 
1720014761270.00, -46121, -508034, -326 
1720014761295.00, -45973, -509038, -325 
1720014761314.00, -45928, -510050, -334 
1720014761335.00, -46328, -511029, -341 
1720014761356.00, -46922, -512029, -345 
1720014761377.00, -47483, -513049, -357 
1720014761399.00, -48729, -514076, -368 
1720014761421.00, -49809, -515128, -367 
1720014761442.00, -50608, -516224, -377 
1720014761464.00, -51746, -517318, -386 
1720014761486.00, -52752, -518430, -381 
1720014761508.00, -53162, -519590, -385 
1720014761528.00, -53567, -520729, -386 
1720014761550.00, -53948, -521888, -377 
1720014761573.00, -53565, -523068, -379 
1720014761594.00, -53311, -524223, -371 
1720014761616.00, -53014, -525389, -371 
1720014761637.00, -52525, -526538, -379 
1720014761659.00, -52935, -527672, -368 
1720014761681.00, -52381, -528821, -370 
1720014761702.00, -52211, -529957, -378 
1720014761724.00, -52509, -531080, -365 
1720014761746.00, -52040, -532224, -354 
1720014761767.00, -51210, -533359, -374 
1720014761789.00, -51736, -534466, -370 
1720014761811.00, -51774, -535590, -366 
1720014761832.00, -51725, -536717, -364 
1720014761854.00, -51384, -537825, -362 
1720014761875.00, -51106, -538940, -372 
1720014761897.00, -51529, -540052, -372 
1720014761918.00, -51907, -541172, -359 
1720014761941.00, -51274, -542303, -369 
1720014761962.00, -51475, -543407, -369 
1720014761984.00, -51627, -544519, -356 
1720014762005.00, -51060, -545641, -360 
1720014762027.00, -50733, -546740, -367 
1720014762048.00, -51053, -547840, -359 
1720014762070.00, -50712, -548958, -359 
1720014762092.00, -50390, -550053, -359 
1720014762113.00, -50440, -551145, -363 
1720014762135.00, -50537, -552246, -369 
1720014762157.00, -51048, -553336, -359 
1720014762178.00, -50908, -554437, -348 
1720014762201.00, -49954, -555547, -365 
1720014762221.00, -50445, -556628, -356 
1720014762243.00, -50412, -557716, -333 
1720014762265.00, -48738, -558813, -347 
1720014762286.00, -48626, -559870, -358 
1720014762308.00, -49165, -560922, -345 
1720014762330.00, -48752, -561989, -343 
1720014762352.00, -48299, -563044, -356 
1720014762373.00, -49019, -564087, -361 
1720014762395.00, -49622, -565155, -341 
1720014762416.00, -48773, -566230, -342 
1720014762438.00, -48467, -567289, -355 
1720014762459.00, -49125, -568344, -365 
1720014762481.00, -49987, -569401, -354 
1720014762502.00, -49862, -570474, -350 
1720014762528.00, -49732, -571555, -356 
1720014762546.00, -49832, -572630, -359 
1720014762568.00, -49939, -573709, -336 
1720014762589.00, -48751, -574796, -332 
1720014762611.00, -47690, -575853, -349 
1720014762633.00, -48008, -576881, -348 
1720014762655.00, -48413, -577922, -327 
1720014762676.00, -47283, -578968, -339 
1720014762698.00, -47024, -579990, -343 
1720014762719.00, -47350, -581019, -322 
1720014762743.00, -46443, -582048, -319 
1720014762762.00, -45504, -583051, -322 
1720014762784.00, -45187, -584037, -307 
1720014762805.00, -44041, -585017, -286 
1720014762827.00, -42206, -585972, -275 
1720014762849.00, -40527, -586886, -284 
1720014762870.00, -39930, -587769, -282 
1720014762892.00, -39493, -588632, -261 
1720014762913.00, -38079, -589485, -259 
1720014762935.00, -37101, -590311, -267 
1720014762957.00, -36811, -591119, -262 
1720014762979.00, -36592, -591920, -253 
1720014763001.00, -35771, -592709, -259 
1720014763021.00, -35850, -593485, -261 
1720014763044.00, -20119, -594255, -262 
1720014763069.00, -10722, -594717, -272 
1720014763087.00, -4948, -594964, -276 
1720014763109.00, -1769, -595082, -272 
1720014763130.00, 0, -595126, -285 
1720014763151.00, 327, -595130, -262 
1720014763172.00, 75, -595127, -277 
1720014763194.00, 74, -595123, -250 
1720014763216.00, 60, -595120, -200 
1720014763237.00, 64, -595119, -192 
1720014763258.00, 59, -595118, -197 
1720014763280.00, 102, -595116, -169 
1720014763302.00, 77, -595111, -124 
1720014763322.00, 53, -595109, -109 
1720014763344.00, 42, -595107, -103 
1720014763366.00, 68, -595106, -91 
1720014763387.00, 40, -595104, -72 
1720014763408.00, -5, -595103, -64 
1720014763430.00, 65, -595102, -58 
1720014763451.00, -5, -595101, -52 
1720014763472.00, 0, -595101, -42 
1720014763493.00, -5, -595098, -35 
1720014763515.00, 0, -595098, -34 
1720014763536.00, 0, -595098, -27 
1720014763556.00, -4, -595097, -21 
1720014763578.00, 0, -595096, -19 
1720014763599.00, 0, -595096, -11 
1720014763620.00, 0, -595096, -5 
1720014763642.00, 24, -595095, -2 
1720014763663.00, 0, -595095, 0 
1720014763684.00, 12, -595095, 1 
1720014763705.00, -4, -595095, 2 
1720014763726.00, 0, -595095, 0 
1720014763747.00, 63, -595094, 2 
1720014763768.00, 1, -595094, 1 
1720014763789.00, 4, -595094, 2 
1720014763810.00, 0, -595093, 0 
1720014763831.00, 58, -595094, 2 
1720014763852.00, 1, -595093, 1 
1720014763874.00, 24, -595093, 0 
1720014763894.00, 0, -595094, 2 
1720014763916.00, 0, -595092, 1 
1720014763937.00, 0, -595092, 1 
1720014763958.00, 0, -595092, 1 
1720014763979.00, 7, -595092, 1 
1720014764000.00, 60, -595093, 1 
1720014764021.00, 10, -595092, 1 
1720014764042.00, -3, -595091, 1 
1720014764063.00, 0, -595091, 1 
1720014764085.00, -4, -595092, 1 
1720014764106.00, -4, -595093, 1 
1720014764126.00, 0, -595091, 1 
1720014764148.00, 0, -595092, 1 
1720014764169.00, -28, -595092, 1 
1720014764190.00, 0, -595092, 1 
1720014764211.00, 0, -595091, 1 
1720014764231.00, 0, -595091, 1 
1720014764253.00, 0, -595091, 1 
1720014764273.00, 0, -595091, 1 
1720014764295.00, -65, -595091, 1 
1720014764316.00, 0, -595092, 1 
1720014764337.00, -5, -595090, 1 
1720014764358.00, 0, -595092, 1 
1720014764380.00, 0, -595092, 1 
1720014764400.00, 0, -595091, 1 
1720014764421.00, 13, -595091, 1 
1720014764443.00, 0, -595091, 1 
1720014764464.00, 0, -595091, 1 
1720014764485.00, 17, -595090, 1 
1720014764506.00, 0, -595091, 1 
1720014764526.00, 0, -595091, 1 
1720014764548.00, -2, -595090, 1 
1720014764569.00, 0, -595091, 1 
1720014764590.00, 0, -595091, 1 
1720014764611.00, 0, -595091, 1 
1720014764631.00, 0, -595091, 1 
1720014764653.00, 0, -595092, 1 
1720014764674.00, -25, -595090, 1 
1720014764695.00, 0, -595091, 1 
1720014764716.00, 0, -595090, 1 
1720014764737.00, 0, -595092, 1 
1720014764758.00, 0, -595091, 1 
1720014764779.00, 0, -595090, 1 
1720014764800.00, 8, -595091, 1 
1720014764823.00, 0, -595091, 1 
1720014764842.00, 0, -595091, 1 
1720014764863.00, 0, -595091, 1 
1720014764884.00, 0, -595091, 1 
1720014764905.00, 8, -595091, 1 
1720014764931.00, 0, -595090, 1 
1720014764947.00, 0, -595090, 1 
1720014764968.00, 0, -595091, 1 
1720014764989.00, 0, -595090, 1 
1720014765011.00, -55, -595090, 1 
1720014765032.00, 0, -595091, 1 
1720014765053.00, 0, -595090, 1 
1720014765074.00, 0, -595091, 1 
1720014765094.00, 0, -595091, 1 
1720014765116.00, 0, -595090, 1 
1720014765136.00, 0, -595091, 1 
1720014765158.00, 0, -595091, 1 
1720014765179.00, -25, -595091, 1 
1720014765200.00, 8, -595089, 1 
1720014765221.00, 0, -595091, 1 
1720014765242.00, -56, -595090, 1 
1720014765263.00, 0, -595091, 1 
1720014765285.00, 0, -595091, 1 
1720014765305.00, 0, -595091, 1 
1720014765326.00, 0, -595091, 1 
1720014765347.00, 0, -595091, 1 
1720014765368.00, 0, -595091, 1 
1720014765389.00, 0, -595091, 1 
1720014765411.00, 0, -595090, 1 
1720014765432.00, 0, -595091, 1 
1720014765452.00, 0, -595090, 1 
1720014765477.00, 0, -595090, 1 
1720014765494.00, 0, -595091, 1 
1720014765515.00, 0, -595090, 1 
1720014765536.00, 0, -595091, 1 
1720014765558.00, 0, -595090, 1 
1720014765579.00, 0, -595091, 1 
1720014765600.00, 0, -595091, 1 
1720014765621.00, 0, -595090, 1 
1720014765642.00, 0, -595091, 1 
1720014765662.00, 0, -595091, 1 
1720014765684.00, 8, -595091, 1 
1720014765705.00, 0, -595091, 1 
1720014765726.00, 4, -595091, 1 
1720014765747.00, 5, -595090, 1 
1720014765768.00, 0, -595091, 1 
1720014765789.00, 0, -595091, 1 
1720014765810.00, 0, -595091, 1 
1720014765831.00, 0, -595091, 1 
1720014765852.00, 0, -595090, 1 
1720014765873.00, 0, -595091, 1 
1720014765895.00, 0, -595091, 1 
1720014765920.00, 0, -595090, 1 
1720014765936.00, 0, -595091, 1 
1720014765958.00, 0, -595091, 1 
1720014765978.00, 0, -595090, 1 
1720014766000.00, 0, -595091, 1 
1720014766020.00, 0, -595091, 1 
1720014766041.00, 0, -595091, 1 
1720014766063.00, 0, -595090, 1 
1720014766083.00, 0, -595091, 1 
1720014766104.00, 0, -595091, 1 
1720014766125.00, 0, -595091, 1 
1720014766147.00, 0, -595091, 1 
1720014766168.00, 0, -595091, 1 
1720014766189.00, 0, -595092, 1 
1720014766210.00, 0, -595090, 1 
1720014766231.00, 0, -595091, 1 
1720014766252.00, 0, -595092, 1 
1720014766273.00, 0, -595091, 1 
1720014766293.00, 0, -595092, 1 
1720014766314.00, 0, -595090, 1 
1720014766336.00, 0, -595090, 1 
1720014766356.00, 0, -595091, 1 
1720014766378.00, 60, -595091, 1 
1720014766399.00, 0, -595091, 1 
1720014766420.00, 0, -595090, 1 
1720014766441.00, 6, -595091, 1 
1720014766467.00, 63, -595091, 1 
1720014766483.00, 0, -595090, 1 
1720014766504.00, 0, -595090, 1 
1720014766525.00, 0, -595091, 1 
1720014766547.00, 0, -595091, 1 
1720014766568.00, 0, -595090, 1 
1720014766589.00, 0, -595091, 1 
1720014766610.00, 0, -595091, 1 
1720014766630.00, 0, -595092, 1 
1720014766652.00, 63, -595090, 1 
1720014766673.00, 0, -595091, 1 
1720014766694.00, 0, -595091, 1 
1720014766715.00, 0, -595090, 1 
1720014766736.00, 0, -595091, 1 
1720014766757.00, 0, -595091, 1 
1720014766778.00, 0, -595091, 1 
1720014766799.00, 0, -595091, 1 
1720014766819.00, 0, -595091, 1 
1720014766840.00, 0, -595090, 1 
1720014766862.00, 0, -595091, 1 
1720014766888.00, 0, -595091, 1 
1720014766905.00, 0, -595091, 1 
1720014766926.00, 0, -595091, 1 
1720014766946.00, 0, -595090, 1 
1720014766967.00, 0, -595091, 1 
1720014766988.00, 0, -595090, 1 
1720014767010.00, 0, -595090, 1 
1720014767030.00, 28, -595090, 1 
1720014767051.00, 0, -595090, 1 
1720014767072.00, 38, -595090, 1 
1720014767093.00, -1, -595091, 1 
1720014767115.00, 0, -595090, 1 
1720014767136.00, 62, -595091, 1 
1720014767157.00, 0, -595090, 1 
1720014767178.00, 0, -595091, 1 
1720014767199.00, 0, -595091, 1 
1720014767220.00, 0, -595091, 1 
1720014767240.00, 0, -595090, 1 
1720014767262.00, -9, -595091, 1 
1720014767283.00, 0, -595091, 1 
1720014767304.00, 0, -595090, 1 
1720014767325.00, 0, -595089, 1 
1720014767347.00, 0, -595091, 1 
1720014767368.00, 0, -595090, 1 
1720014767388.00, 0, -595090, 1 
1720014767409.00, 0, -595090, 1 
1720014767430.00, 0, -595090, 1 
1720014767456.00, 0, -595090, 1 
1720014767473.00, 0, -595090, 1 
1720014767493.00, 0, -595091, 1 
1720014767514.00, 0, -595090, 1 
1720014767536.00, 0, -595091, 1 
1720014767561.00, 0, -595090, 1 
1720014767578.00, 0, -595090, 1 
1720014767599.00, 0, -595090, 1 
1720014767619.00, 0, -595090, 1 
1720014767640.00, 0, -595090, 1 
1720014767666.00, 0, -595090, 1 
1720014767683.00, 0, -595090, 1 
1720014767704.00, 0, -595090, 1 
1720014767725.00, 0, -595090, 1 
1720014767745.00, 5, -595090, 1 
1720014767769.00, 0, -595090, 1 
1720014767788.00, 0, -595090, 1 
1720014767809.00, 0, -595090, 1 
1720014767830.00, 0, -595090, 1 
1720014767851.00, 0, -595090, 1 
1720014767871.00, 0, -595090, 1 
1720014767893.00, 0, -595090, 1 
1720014767914.00, 0, -595089, 1 
1720014767935.00, 0, -595090, 1 
1720014767956.00, 0, -595090, 1 
1720014767977.00, 46, -595090, 1 
1720014767998.00, 0, -595090, 1 
1720014768019.00, 0, -595090, 1 
1720014768040.00, 0, -595090, 1 
1720014768061.00, 0, -595089, 1 
1720014768082.00, 0, -595090, 1 
1720014768103.00, 0, -595089, 1 
1720014768124.00, 0, -595090, 1 
1720014768146.00, 0, -595090, 1 
1720014768167.00, 0, -595090, 1 
1720014768188.00, 0, -595090, 1 
1720014768209.00, 0, -595090, 1 
1720014768230.00, 60, -595090, 1 
1720014768251.00, 0, -595090, 1 
1720014768272.00, 0, -595089, 1 
1720014768293.00, -48, -595089, 1 
1720014768314.00, 0, -595090, 1 
1720014768335.00, 0, -595089, 1 
1720014768357.00, 0, -595090, 1 
1720014768377.00, 0, -595089, 1 
1720014768398.00, 0, -595089, 1 
1720014768419.00, 0, -595089, 1 
1720014768442.00, 0, -595089, 1 
1720014768462.00, 0, -595089, 1 
1720014768482.00, 8, -595090, 1 
1720014768503.00, 0, -595089, 1 
1720014768524.00, 0, -595090, 1 
1720014768547.00, 0, -595089, 1 
1720014768567.00, 0, -595089, 1 
1720014768587.00, 28, -595089, 1 
1720014768609.00, 5, -595090, 1 
1720014768630.00, 0, -595088, 1 
1720014768651.00, 0, -595089, 1 
1720014768672.00, 0, -595089, 1 
1720014768693.00, 0, -595089, 1 
1720014768713.00, 0, -595089, 1 
1720014768736.00, 0, -595089, 1 
1720014768756.00, 0, -595089, 1 
1720014768777.00, 0, -595089, 1 
1720014768798.00, 0, -595089, 1 
1720014768819.00, 0, -595089, 1 
1720014768840.00, 0, -595089, 1 
1720014768861.00, 0, -595089, 1 
1720014768882.00, 0, -595089, 1 
1720014768903.00, 0, -595089, 1 
1720014768925.00, 0, -595089, 1 
1720014768945.00, 0, -595089, 1 
1720014768966.00, 0, -595090, 1 
1720014768987.00, 0, -595089, 1 
1720014769008.00, 0, -595089, 1 
1720014769030.00, 11, -595088, 1 
1720014769050.00, 0, -595089, 1 
1720014769071.00, 0, -595089, 1 
1720014769099.00, 0, -595089, 1 
1720014769114.00, 0, -595089, 1 
1720014769135.00, 0, -595090, 1 
1720014769155.00, 0, -595089, 1 
1720014769177.00, 0, -595089, 1 
1720014769202.00, 0, -595089, 1 
1720014769218.00, 6, -595089, 1 
1720014769240.00, 0, -595089, 1 
1720014769261.00, 0, -595089, 1 
1720014769281.00, 0, -595089, 1 
1720014769310.00, 0, -595089, 1 
1720014769324.00, 0, -595089, 1 
1720014769345.00, 13, -595088, 1 
1720014769366.00, 0, -595089, 1 
1720014769387.00, 0, -595090, 1 
1720014769408.00, 0, -595088, 1 
1720014769429.00, 0, -595089, 1 
1720014769450.00, 0, -595088, 1 
1720014769471.00, 0, -595089, 1 
1720014769493.00, 0, -595088, 1 
1720014769513.00, 0, -595088, 1 
1720014769541.00, -15, -595088, 1 
1720014769555.00, 0, -595090, 1 
1720014769577.00, 0, -595088, 1 
1720014769597.00, 0, -595089, 1 
1720014769618.00, 0, -595088, 1 
1720014769640.00, -1, -595090, 1 
1720014769660.00, 0, -595088, 1 
1720014769681.00, 0, -595088, 1 
1720014769703.00, 0, -595089, 1 
1720014769724.00, -3, -595087, 1 
1720014769748.00, 0, -595089, 1 
1720014769766.00, 0, -595087, 1 
1720014769787.00, 0, -595089, 1 
1720014769808.00, 0, -595089, 1 
1720014769829.00, -52, -595088, 1 
1720014769850.00, 0, -595088, 1 
1720014769871.00, 0, -595087, 1 
1720014769892.00, 0, -595088, 1 
1720014769913.00, 0, -595089, 1 
1720014769934.00, 0, -595089, 1 
1720014769955.00, -4, -595088, 1 
1720014769977.00, 34, -595089, 1 
1720014769997.00, 0, -595088, 1 
1720014770018.00, 0, -595088, 1 
1720014770040.00, 0, -595088, 1 
1720014770060.00, 0, -595088, 1 
1720014770081.00, 0, -595088, 1 
1720014770102.00, 0, -595088, 1 
1720014770124.00, 0, -595089, 1 
1720014770144.00, 0, -595089, 1 
1720014770166.00, 0, -595088, 1 
1720014770190.00, 0, -595088, 1 
1720014770207.00, 0, -595088, 1 
1720014770229.00, -38, -595087, 1 
1720014770250.00, 0, -595089, 1 
1720014770270.00, 0, -595088, 1 
1720014770298.00, 3, -595088, 1 
1720014770313.00, 0, -595089, 1 
1720014770334.00, 0, -595088, 1 
1720014770355.00, 0, -595089, 1 
1720014770376.00, 0, -595089, 1 
1720014770397.00, 0, -595089, 1 
1720014770418.00, 0, -595088, 1 
1720014770439.00, 0, -595088, 1 
1720014770460.00, 0, -595089, 1 
1720014770481.00, 0, -595088, 1 
1720014770505.00, 0, -595088, 1 
1720014770523.00, 0, -595088, 1 
1720014770544.00, 0, -595089, 1 
1720014770565.00, 0, -595088, 1 
1720014770586.00, 0, -595088, 1 
1720014770608.00, -1, -595089, 1 
1720014770628.00, 17, -595089, 1 
1720014770650.00, 0, -595089, 1 
1720014770670.00, 0, -595088, 1 
1720014770692.00, 0, -595089, 1 
1720014770713.00, 0, -595088, 1 
1720014770740.00, 0, -595088, 1 
1720014770755.00, 0, -595089, 1 
1720014770776.00, 0, -595088, 1 
1720014770797.00, 0, -595088, 1 
1720014770818.00, -8, -595088, 1 
1720014770839.00, 27, -595088, 1 
1720014770860.00, 0, -595088, 1 
1720014770881.00, 0, -595088, 1 
1720014770902.00, 0, -595088, 1 
1720014770923.00, 0, -595089, 1 
1720014770944.00, 0, -595087, 1 
1720014770965.00, 0, -595088, 1 
1720014770986.00, 0, -595089, 1 
1720014771007.00, 0, -595088, 1 
1720014771028.00, 0, -595088, 1 
1720014771050.00, 0, -595088, 1 
1720014771070.00, 0, -595088, 1 
1720014771091.00, 0, -595088, 1 
1720014771112.00, 1, -595089, 1 
1720014771133.00, 0, -595088, 1 
1720014771155.00, 0, -595089, 1 
1720014771175.00, 0, -595089, 1 
1720014771196.00, 0, -595088, 1 
1720014771217.00, 0, -595088, 1 
1720014771238.00, 0, -595089, 1 
1720014771259.00, 0, -595089, 1 
1720014771285.00, 0, -595089, 1 
1720014771302.00, 0, -595088, 1 
1720014771322.00, -21, -595089, 1 
1720014771344.00, 0, -595089, 1 
1720014771365.00, 0, -595087, 1 
1720014771391.00, 0, -595089, 1 
1720014771407.00, 0, -595088, 1 
1720014771427.00, 33, -595088, 1 
1720014771449.00, 0, -595087, 1 
1720014771470.00, 0, -595088, 1 
1720014771496.00, 0, -595088, 1 
1720014771512.00, 0, -595088, 1 
1720014771533.00, 60, -595088, 1 
1720014771554.00, -4, -595087, 1 
1720014771575.00, 0, -595087, 1 
1720014771596.00, 0, -595088, 1 
1720014771617.00, 0, -595088, 1 
1720014771639.00, 44, -595088, 1 
1720014771660.00, -3, -595088, 1 
1720014771681.00, 0, -595088, 1 
1720014771702.00, 0, -595088, 1 
1720014771723.00, 20, -595087, 1 
1720014771743.00, 0, -595088, 1 
1720014771764.00, 57, -595087, 1 
1720014771785.00, 0, -595088, 1 
1720014771807.00, 0, -595088, 1 
1720014771836.00, 0, -595088, 1 
1720014771849.00, 34, -595088, 1 
1720014771870.00, 0, -595087, 1 
1720014771892.00, 0, -595088, 1 
1720014771912.00, 0, -595088, 1 
1720014771934.00, 5, -595088, 1 
1720014771954.00, 0, -595087, 1 
1720014771975.00, 0, -595089, 1 
1720014771997.00, 0, -595088, 1 
1720014772018.00, 0, -595088, 1 
1720014772042.00, 0, -595087, 1 
1720014772060.00, 0, -595087, 1 
1720014772081.00, 0, -595087, 1 
1720014772102.00, 0, -595086, 1 
1720014772122.00, 0, -595088, 1 
1720014772144.00, 0, -595088, 1 
1720014772165.00, 0, -595088, 1 
1720014772186.00, 0, -595088, 1 
1720014772207.00, 0, -595087, 1 
1720014772228.00, 0, -595088, 1 
1720014772248.00, 0, -595087, 1 
1720014772270.00, -23, -595087, 1 
1720014772291.00, 0, -595088, 1 
1720014772312.00, 0, -595087, 1 
1720014772332.00, 0, -595087, 1 
1720014772355.00, -38, -595087, 1 
1720014772376.00, 0, -595087, 1 
1720014772396.00, 0, -595088, 1 
1720014772418.00, 0, -595088, 1 
1720014772439.00, 0, -595087, 1 
1720014772460.00, 0, -595088, 1 
1720014772481.00, 23, -595088, 1 
1720014772502.00, 0, -595086, 1 
1720014772523.00, 0, -595087, 1 
1720014772544.00, 0, -595087, 1 
1720014772564.00, 0, -595087, 1 
1720014772586.00, 0, -595087, 1 
1720014772607.00, 0, -595087, 1 
1720014772628.00, 0, -595087, 1 
1720014772648.00, 0, -595087, 1 
1720014772670.00, 0, -595088, 1 
1720014772691.00, 0, -595088, 1 
1720014772712.00, -2, -595087, 1 
1720014772735.00, 0, -595087, 1 
1720014772754.00, 0, -595087, 1 
1720014772775.00, 0, -595088, 1 
1720014772796.00, 0, -595088, 1 
1720014772818.00, 0, -595087, 1 
1720014772838.00, 0, -595086, 1 
1720014772859.00, 0, -595088, 1 
1720014772880.00, 0, -595086, 1 
1720014772900.00, 49, -595086, 1 
1720014772922.00, 1, -595087, 1 
1720014772944.00, 0, -595086, 1 
1720014772965.00, 0, -595087, 1 
1720014772985.00, 1, -595086, 1 
1720014773006.00, 0, -595087, 1 
1720014773033.00, 0, -595087, 1 
1720014773049.00, 3, -595087, 1 
1720014773070.00, 0, -595086, 1 
1720014773091.00, 0, -595086, -3 
1720014773112.00, 0, -595086, -6 
1720014773135.00, 0, -595087, -6 
1720014773154.00, 0, -595087, -5 
1720014773175.00, 0, -595086, -3 
1720014773197.00, 3, -595087, -1 
1720014773218.00, 0, -595087, 0 
1720014773243.00, 0, -595086, 0 
1720014773260.00, 0, -595086, 0 
1720014773281.00, 0, -595087, 0 
1720014773302.00, 0, -595087, 1 
1720014773323.00, 0, -595087, 1 
1720014773344.00, -22, -595087, 1 
1720014773365.00, 0, -595086, 1 
1720014773386.00, 0, -595087, 1 
1720014773407.00, 0, -595086, 1 
1720014773428.00, 0, -595087, 1 
1720014773448.00, 0, -595087, 1 
1720014773470.00, 0, -595087, 1 
1720014773491.00, 49, -595087, 1 
1720014773512.00, -1, -595086, 1 
1720014773533.00, 0, -595087, 1 
1720014773554.00, 0, -595087, 1 
1720014773583.00, -2, -595087, 1 
1720014773596.00, 0, -595087, 1 
1720014773617.00, 0, -595086, 1 
1720014773638.00, 56, -595085, 1 
1720014773660.00, 0, -595087, 1 
1720014773682.00, 0, -595086, 1 
1720014773702.00, 0, -595087, 1 
1720014773723.00, 0, -595086, 1 
1720014773744.00, 0, -595086, 1 
1720014773765.00, 0, -595086, 1 
1720014773791.00, 7, -595086, 1 
1720014773807.00, 0, -595087, 1 
1720014773828.00, 0, -595087, 1 
1720014773849.00, 0, -595086, 1 
1720014773870.00, 0, -595087, 1 
1720014773891.00, -3, -595086, 1 
1720014773912.00, 0, -595085, 1 
1720014773933.00, 0, -595087, 1 
1720014773954.00, 0, -595086, 1 
1720014773974.00, 0, -595086, 1 
1720014773996.00, 0, -595086, 1 
1720014774017.00, 0, -595085, 1 
1720014774037.00, 0, -595086, 1 
1720014774059.00, 32, -595086, 1 
1720014774080.00, -17, -595086, 1 
1720014774101.00, 0, -595086, 1 
1720014774122.00, 0, -595086, 1 
1720014774143.00, 0, -595086, 1 
1720014774165.00, 0, -595086, 1 
1720014774186.00, 0, -595086, 1 
1720014774207.00, 0, -595086, 1 
1720014774229.00, -18, -595086, 1 
1720014774248.00, 0, -595087, 1 
1720014774269.00, 0, -595086, 1 
1720014774290.00, 0, -595086, 1 
1720014774311.00, 0, -595086, 1 
1720014774333.00, 0, -595087, 1 
1720014774354.00, 0, -595086, 1 
1720014774375.00, 2, -595086, 1 
1720014774396.00, 0, -595086, 1 
1720014774417.00, 0, -595086, 1 
1720014774438.00, 0, -595086, 1 
1720014774460.00, 0, -595085, 1 
1720014774480.00, 0, -595086, 1 
1720014774501.00, 0, -595086, 1 
1720014774522.00, 0, -595087, 1 
1720014774543.00, 16, -595086, 1 
1720014774564.00, 0, -595086, 1 
1720014774586.00, 0, -595086, 1 
1720014774607.00, 41, -595085, 1 
1720014774627.00, 1, -595085, 1 
1720014774648.00, 0, -595086, 1 
1720014774670.00, 0, -595086, 1 
1720014774691.00, 0, -595086, 1 
1720014774712.00, 0, -595087, 1 
1720014774733.00, 0, -595085, 1 
1720014774754.00, 0, -595086, 1 
1720014774778.00, 0, -595085, 1 
1720014774796.00, 0, -595085, 1 
1720014774817.00, 0, -595086, 1 
1720014774838.00, 0, -595086, 1 
1720014774859.00, 0, -595086, 1 
1720014774880.00, 0, -595085, 1 
1720014774901.00, 0, -595085, 1 
1720014774922.00, 0, -595085, 0 
1720014774943.00, 6, -595086, -3 
1720014774964.00, 0, -595085, -3 
1720014774986.00, 0, -595085, -1 
1720014775007.00, 0, -595086, 0 
1720014775028.00, 0, -595086, 1 
1720014775048.00, 0, -595087, 0 
1720014775069.00, 0, -595086, -3 
1720014775091.00, 0, -595086, -3 
1720014775112.00, 0, -595086, -2 
1720014775133.00, 0, -595086, -2 
1720014775154.00, -1, -595086, -3 
1720014775175.00, 0, -595086, -4 
1720014775196.00, 0, -595085, -5 
1720014775217.00, 0, -595086, -6 
1720014775238.00, 1, -595086, -7 
1720014775259.00, 12, -595086, -7 
1720014775281.00, 0, -595086, -8 
1720014775302.00, 0, -595086, -9 
1720014775330.00, 0, -595086, -10 
1720014775344.00, 0, -595086, -10 
1720014775366.00, 0, -595086, -10 
1720014775387.00, 0, -595085, -11 
1720014775408.00, 0, -595086, -11 
1720014775430.00, 0, -595086, -11 
1720014775451.00, -46, -595086, -12 
1720014775472.00, 0, -595086, -13 
1720014775493.00, 0, -595085, -14 
1720014775514.00, -60, -595085, -15 
1720014775535.00, 0, -595085, -15 
1720014775557.00, 0, -595085, -15 
1720014775581.00, 0, -595085, -14 
1720014775599.00, 0, -595085, -14 
1720014775620.00, 0, -595085, -14 
1720014775642.00, 0, -595085, -15 
1720014775663.00, 0, -595087, -15 
1720014775684.00, 0, -595085, -16 
1720014775705.00, 0, -595086, -17 
1720014775726.00, 0, -595086, -18 
1720014775747.00, 0, -595086, -18 
1720014775769.00, 0, -595086, -17 
1720014775790.00, 0, -595086, -16 
1720014775811.00, 0, -595085, -16 
1720014775832.00, 0, -595086, -16 
1720014775853.00, -4, -595086, -15 
1720014775874.00, 9, -595086, -14 
1720014775896.00, -15, -595086, -13 
1720014775917.00, 32, -595086, -13 
1720014775938.00, 0, -595086, -13 
1720014775960.00, 0, -595086, -15 
1720014775983.00, 0, -595086, -16 
1720014776002.00, 0, -595085, -17 
1720014776023.00, 0, -595086, -17 
1720014776043.00, 0, -595086, -17 
1720014776066.00, 0, -595086, -18 
1720014776090.00, 0, -595086, -18 
1720014776108.00, 0, -595087, -17 
1720014776130.00, 0, -595086, -17 
1720014776150.00, 0, -595086, -17 
1720014776171.00, 0, -595086, -18 
1720014776195.00, 21, -595085, -19 
1720014776214.00, 0, -595086, -19 
1720014776235.00, 0, -595085, -19 
1720014776256.00, 0, -595086, -20 
1720014776278.00, 0, -595086, -20 
1720014776299.00, 0, -595086, -20 
1720014776320.00, 0, -595086, -20 
1720014776342.00, 0, -595085, -20 
1720014776363.00, 0, -595085, -21 
1720014776384.00, 0, -595086, -21 
1720014776405.00, 0, -595086, -21 
1720014776426.00, 0, -595085, -22 
1720014776447.00, 0, -595086, -22 
1720014776469.00, 0, -595086, -23 
1720014776490.00, -60, -595086, -23 
1720014776511.00, 0, -595086, -23 
1720014776533.00, 0, -595087, -24 
1720014776553.00, 0, -595086, -25 
1720014776574.00, 0, -595086, -26 
1720014776596.00, 0, -595086, -26 
1720014776617.00, 0, -595086, -25 
1720014776642.00, 0, -595086, -25 
1720014776660.00, 0, -595086, -26 
1720014776681.00, 0, -595086, -28 
1720014776702.00, 0, -595087, -30 
1720014776723.00, 0, -595086, -31 
1720014776751.00, 0, -595086, -30 
1720014776766.00, 0, -595087, -29 
1720014776787.00, 0, -595086, -29 
1720014776808.00, 0, -595086, -29 
1720014776829.00, 0, -595085, -29 
1720014776852.00, 0, -595087, -30 
1720014776872.00, 0, -595086, -30 
1720014776894.00, 0, -595086, -30 
1720014776914.00, 0, -595086, -29 
1720014776935.00, 0, -595086, -28 
1720014776959.00, 0, -595086, -27 
1720014776978.00, 0, -595086, -27 
1720014776999.00, 0, -595087, -27 
1720014777020.00, 0, -595087, -27 
1720014777041.00, 0, -595086, -27 
1720014777062.00, 0, -595086, -27 
1720014777083.00, 0, -595086, -28 
1720014777105.00, 0, -595086, -30 
1720014777126.00, 0, -595086, -31 
1720014777147.00, 0, -595086, -30 
1720014777169.00, 0, -595086, -30 
1720014777192.00, 0, -595086, -31 
1720014777211.00, 0, -595086, -32 
1720014777232.00, 0, -595086, -32 
1720014777253.00, 0, -595086, -32 
1720014777274.00, 0, -595085, -33 
1720014777295.00, 0, -595086, -34 
1720014777318.00, 0, -595086, -35 
1720014777338.00, 0, -595086, -35 
1720014777359.00, 0, -595087, -35 
1720014777381.00, 0, -595086, -35 
1720014777402.00, 0, -595087, -36 
1720014777425.00, 0, -595087, -36 
1720014777444.00, 0, -595086, -37 
1720014777465.00, 0, -595086, -37 
1720014777487.00, 0, -595087, -37 
1720014777508.00, 0, -595086, -38 
1720014777529.00, 0, -595086, -39 
1720014777550.00, 0, -595086, -39 
1720014777571.00, 0, -595086, -38 
1720014777592.00, 0, -595086, -37 
1720014777614.00, 0, -595086, -37 
1720014777636.00, 0, -595086, -40 
1720014777656.00, 0, -595086, -44 
1720014777678.00, 57, -595087, -47 
1720014777699.00, 17, -595086, -31 
1720014777720.00, 0, -595083, 4 
1720014777741.00, 0, -595081, 55 
1720014777762.00, 3475, -595079, 75 
1720014777784.00, 6656, -595010, 104 
1720014777806.00, 10217, -594865, 133 
1720014777827.00, 14031, -594647, 149 
1720014777850.00, 17422, -594344, 150 
1720014777870.00, 19478, -593968, 151 
1720014777892.00, 20556, -593550, 152 
1720014777914.00, 21276, -593107, 156 
1720014777935.00, 21966, -592647, 166 
1720014777960.00, 22801, -592172, 167 
1720014777979.00, 23306, -591681, 153 
1720014778001.00, 23033, -591167, 143 
1720014778022.00, 22342, -590663, 144 
1720014778043.00, 21811, -590182, 147 
1720014778065.00, 21543, -589712, 148 
1720014778087.00, 21539, -589248, 136 
1720014778108.00, 20803, -588786, 116 
1720014778130.00, 19140, -588336, 81 
1720014778152.00, 16121, -587928, 32 
1720014778177.00, 11153, -587579, -19 
1720014778194.00, 5088, -587331, -73 
1720014778215.00, -1047, -587215, -125 
1720014778238.00, -8032, -587232, -179 
1720014778259.00, -15738, -587402, -227 
1720014778281.00, -23420, -587737, -281 
1720014778309.00, -30961, -588234, -309 
1720014778325.00, -37034, -588899, -316 
1720014778346.00, -41272, -589688, -321 
1720014778368.00, -43751, -590574, -328 
1720014778393.00, -45766, -591526, -346 
1720014778411.00, -47973, -592519, -350 
1720014778432.00, -49503, -593556, -352 
1720014778454.00, -29340, -594628, -355 
1720014778476.00, -17208, -595293, -356 
1720014778498.00, -9918, -595684, -374 
1720014778523.00, -5866, -595908, -383 
1720014778540.00, -3418, -596035, -383 
1720014778561.00, -1911, -596113, -393 
1720014778583.00, -1045, -596155, -391 
1720014778605.00, -544, -596178, -390 
1720014778633.00, -239, -596190, -395 
1720014778648.00, -83, -596196, -408 
1720014778668.00, 0, -596198, -419 
1720014778690.00, 0, -596199, -426 
1720014778712.00, 0, -596198, -428 
1720014778734.00, 0, -596198, -434 
1720014778754.00, 0, -596198, -427 
1720014778775.00, -41, -596199, -423 
1720014778797.00, 0, -596198, -420 
1720014778818.00, 0, -596198, -416 
1720014778844.00, 16, -596199, -409 
1720014778861.00, 0, -596198, -403 
1720014778882.00, 0, -596198, -397 
1720014778904.00, 0, -596198, -393 
1720014778925.00, 0, -596198, -387 
1720014778946.00, 0, -596198, -378 
1720014778968.00, 0, -596198, -371 
1720014778989.00, 0, -596198, -366 
1720014779010.00, 0, -596197, -360 
1720014779031.00, 0, -596198, -354 
1720014779052.00, 0, -596198, -348 
1720014779074.00, -44, -596197, -339 
1720014779095.00, 0, -596197, -333 
1720014779116.00, 0, -596197, -332 
1720014779137.00, 0, -596198, -332 
1720014779158.00, 0, -596197, -330 
1720014779181.00, -6, -596198, -433 
1720014779202.00, 0, -596197, -432 
1720014779223.00, -30, -596194, -428 
1720014779244.00, -11, -596196, -426 
1720014779264.00, 0, -596196, -424 
1720014779285.00, -5, -596196, -424 
1720014779307.00, 0, -596194, -422 
1720014779329.00, 0, -596195, -420 
1720014779350.00, -50, -596195, -419 
1720014779371.00, 0, -596194, -418 
1720014779392.00, -3, -596194, -416 
1720014779413.00, 0, -596195, -415 
1720014779434.00, 7, -596195, -413 
1720014779455.00, -20, -596194, -415 
1720014779476.00, -4, -596195, -414 
1720014779498.00, 0, -596195, -408 
1720014779518.00, 0, -596195, -404 
1720014779540.00, 0, -596194, -402 
1720014779561.00, 0, -596195, -397 
1720014779582.00, -42, -596194, -396 
1720014779607.00, 13, -596195, -396 
1720014779624.00, 0, -596194, -395 
1720014779646.00, 0, -596194, -395 
1720014779667.00, 23, -596195, -395 
1720014779688.00, 0, -596195, -397 
1720014779718.00, 0, -596194, -397 
1720014779731.00, 0, -596195, -399 
1720014779752.00, 6, -596195, -399 
1720014779772.00, -1, -596194, -397 
1720014779794.00, -29, -596195, -396 
1720014779815.00, 0, -596194, -396 
1720014779836.00, 1, -596194, -396 
1720014779857.00, 0, -596194, -395 
1720014779878.00, -9, -596195, -394 
1720014779900.00, -14, -596194, -393 
1720014779921.00, -25, -596195, -393 
1720014779947.00, 10, -596195, -393 
1720014779963.00, -9, -596194, -392 
1720014779984.00, 34, -596195, -391 
1720014780006.00, -26, -596193, -392 
1720014780027.00, 0, -596194, -390 
