1721135197663.00, 0, -595287, -302 
1721135197684.00, 0, -595286, -301 
1721135197706.00, 59, -595285, -299 
1721135197727.00, 0, -595286, -295 
1721135197749.00, 0, -595285, -292 
1721135197772.00, 0, -595285, -292 
1721135197791.00, 14, -595286, -295 
1721135197812.00, 0, -595285, -296 
1721135197834.00, 0, -595285, -295 
1721135197855.00, 0, -595285, -293 
1721135197876.00, 0, -595286, -292 
1721135197897.00, 0, -595285, -293 
1721135197919.00, -5, -595286, -293 
1721135197940.00, -32, -595286, -296 
1721135197962.00, 0, -595285, -299 
1721135197988.00, 0, -595287, -301 
1721135198004.00, 0, -595286, -302 
1721135198025.00, 0, -595285, -306 
1721135198046.00, 0, -595285, -310 
1721135198068.00, 0, -595287, -314 
1721135198093.00, 0, -595286, -316 
1721135198111.00, 0, -595286, -319 
1721135198132.00, 0, -595285, -324 
1721135198153.00, 0, -595286, -331 
1721135198174.00, 0, -595287, -338 
1721135198196.00, 3, -595287, -346 
1721135198217.00, 33, -595287, -350 
1721135198238.00, 0, -595287, -346 
1721135198259.00, 0, -595286, -341 
1721135198281.00, 0, -595286, -331 
1721135198302.00, 0, -595287, -323 
1721135198324.00, 0, -595285, -312 
1721135198345.00, 0, -595286, -298 
1721135198366.00, 0, -595284, -279 
1721135198387.00, 0, -595284, -258 
1721135198409.00, 0, -595283, -244 
1721135198430.00, 0, -595283, -241 
1721135198451.00, 0, -595283, -251 
1721135198472.00, 0, -595283, -246 
1721135198494.00, 0, -595282, -225 
1721135198515.00, 0, -595281, -204 
1721135198536.00, 0, -595280, -197 
1721135198558.00, 0, -595281, -206 
1721135198579.00, 0, -595281, -212 
1721135198600.00, 0, -595281, -212 
1721135198622.00, 0, -595281, -218 
1721135198643.00, 0, -595281, -227 
1721135198664.00, 0, -595281, -235 
1721135198685.00, 0, -595281, -239 
1721135198706.00, 0, -595281, -244 
1721135198728.00, 0, -595282, -245 
1721135198750.00, 0, -595282, -245 
1721135198771.00, 0, -595282, -242 
1721135198791.00, 0, -595282, -240 
1721135198813.00, 0, -595283, -227 
1721135198834.00, 0, -595281, -212 
1721135198859.00, 0, -595281, -204 
1721135198877.00, 0, -595281, -211 
1721135198898.00, 21, -595282, -220 
1721135198919.00, 57, -595282, -216 
1721135198942.00, -5, -595282, -205 
1721135198962.00, 0, -595281, -193 
1721135198984.00, 0, -595280, -176 
1721135199005.00, 49, -595280, -160 
1721135199027.00, 0, -595279, -151 
1721135199048.00, 0, -595277, -130 
1721135199069.00, 0, -595277, -118 
1721135199090.00, 1, -595277, -111 
1721135199112.00, -4, -595278, -118 
1721135199133.00, 0, -595277, -131 
1721135199155.00, 0, -595277, -142 
1721135199176.00, 0, -595278, -158 
1721135199197.00, -9, -595278, -173 
1721135199218.00, 0, -595278, -185 
1721135199239.00, 0, -595278, -184 
1721135199261.00, 0, -595279, -176 
1721135199282.00, 0, -595278, -167 
1721135199303.00, 0, -595277, -156 
1721135199325.00, 0, -595277, -146 
1721135199346.00, 0, -595278, -139 
1721135199367.00, 0, -595277, -137 
1721135199388.00, 0, -595276, -137 
1721135199410.00, 0, -595277, -137 
1721135199431.00, 0, -595276, -134 
1721135199452.00, 0, -595277, -129 
1721135199474.00, 0, -595277, -115 
1721135199495.00, 1, -595275, -88 
1721135199517.00, 50, -595272, -52 
1721135199538.00, 114, -595267, -6 
1721135199558.00, 174, -595263, 45 
1721135199580.00, 2857, -595255, 90 
1721135199602.00, 7335, -595195, 112 
1721135199624.00, 11129, -595045, 123 
1721135199645.00, 13927, -594803, 129 
1721135199667.00, 16053, -594500, 134 
1721135199688.00, 17587, -594156, 130 
1721135199710.00, 18219, -593776, 129 
1721135199734.00, 18635, -593380, 133 
1721135199753.00, 18914, -592979, 142 
1721135199775.00, 19900, -592568, 150 
1721135199797.00, 20668, -592141, 155 
1721135199818.00, 21691, -591696, 154 
1721135199840.00, 21982, -591226, 161 
1721135199862.00, 22814, -590746, 161 
1721135199883.00, 23452, -590256, 168 
1721135199905.00, 24083, -589755, 170 
1721135199927.00, 24208, -589241, 169 
1721135199952.00, 24651, -588718, 166 
1721135199970.00, 24422, -588184, 158 
1721135199991.00, 23652, -587655, 158 
1721135200013.00, 23331, -587132, 162 
1721135200035.00, 23271, -586622, 169 
1721135200056.00, 24013, -586117, 173 
1721135200078.00, 24440, -585608, 172 
1721135200100.00, 24753, -585079, 174 
1721135200123.00, 24969, -584537, 185 
1721135200143.00, 25672, -583986, 197 
1721135200164.00, 26989, -583432, 206 
1721135200187.00, 28236, -582857, 212 
1721135200207.00, 29309, -582250, 213 
1721135200230.00, 30093, -581612, 213 
1721135200251.00, 30567, -580954, 219 
1721135200272.00, 30908, -580292, 217 
1721135200295.00, 30928, -579625, 228 
1721135200316.00, 31928, -578955, 230 
1721135200338.00, 32816, -578263, 230 
1721135200359.00, 33051, -577558, 233 
1721135200381.00, 33122, -576844, 229 
1721135200403.00, 32857, -576138, 213 
1721135200424.00, 31723, -575428, 199 
1721135200446.00, 30332, -574728, 192 
1721135200467.00, 29288, -574061, 188 
1721135200489.00, 28489, -573429, 191 
1721135200511.00, 27996, -572816, 189 
1721135200532.00, 27698, -572214, 194 
1721135200554.00, 27913, -571606, 200 
1721135200576.00, 28323, -571002, 193 
1721135200598.00, 28037, -570393, 194 
1721135200619.00, 27998, -569798, 196 
1721135200640.00, 28071, -569194, 208 
1721135200662.00, 28899, -568587, 209 
1721135200683.00, 29061, -567957, 207 
1721135200705.00, 29310, -567318, 209 
1721135200727.00, 29332, -566689, 205 
1721135200748.00, 29405, -566061, 194 
1721135200771.00, 28435, -565428, 178 
1721135200792.00, 26937, -564804, 171 
1721135200814.00, 25620, -564212, 162 
1721135200835.00, 24606, -563652, 152 
1721135200857.00, 23286, -563126, 145 
1721135200879.00, 22032, -562626, 144 
1721135200900.00, 21172, -562146, 140 
1721135200922.00, 20355, -561684, 136 
1721135200944.00, 19713, -561236, 139 
1721135200965.00, 19416, -560807, 134 
1721135200986.00, 18920, -560380, 137 
1721135201009.00, 18706, -559969, 133 
1721135201030.00, 18485, -559562, 134 
1721135201055.00, 18403, -559166, 130 
1721135201074.00, 18200, -558761, 126 
1721135201095.00, 18007, -558363, 116 
1721135201120.00, 17130, -557973, 115 
1721135201139.00, 16407, -557598, 112 
1721135201160.00, 15889, -557236, 109 
1721135201181.00, 15599, -556893, 100 
1721135201203.00, 14613, -556556, 99 
1721135201225.00, 14055, -556240, 94 
1721135201246.00, 13402, -555938, 89 
1721135201270.00, 12954, -555642, 86 
1721135201289.00, 12436, -555361, 80 
1721135201310.00, 11613, -555093, 77 
1721135201332.00, 11158, -554837, 75 
1721135201354.00, 10617, -554597, 74 
1721135201377.00, 10627, -554365, 70 
1721135201397.00, 9999, -554138, 65 
1721135201419.00, 9332, -553920, 66 
1721135201440.00, 8917, -553717, 70 
1721135201462.00, 9143, -553522, 70 
1721135201483.00, 9283, -553329, 67 
1721135201505.00, 9340, -553135, 66 
1721135201526.00, 9161, -552942, 65 
1721135201547.00, 9027, -552749, 67 
1721135201569.00, 9015, -552554, 64 
1721135201590.00, 8742, -552359, 66 
1721135201612.00, 8992, -552170, 64 
1721135201633.00, 8871, -551981, 65 
1721135201655.00, 8687, -551788, 64 
1721135201676.00, 8736, -551596, 63 
1721135201702.00, 8515, -551411, 60 
1721135201719.00, 8216, -551226, 58 
1721135201740.00, 8009, -551050, 57 
1721135201764.00, 7885, -550870, 61 
1721135201783.00, 7937, -550705, 59 
1721135201805.00, 7925, -550535, 59 
1721135201827.00, 8020, -550365, 57 
1721135201848.00, 7884, -550193, 68 
1721135201869.00, 8630, -550024, 69 
1721135201891.00, 9065, -549846, 71 
1721135201912.00, 9355, -549655, 102 
1721135201934.00, 11173, -549454, 96 
1721135201955.00, 11958, -549211, 79 
1721135201976.00, 11492, -548950, 94 
1721135201998.00, 12179, -548698, 100 
1721135202020.00, 12710, -548429, 100 
1721135202042.00, 13377, -548148, 109 
1721135202063.00, 14329, -547856, 133 
1721135202085.00, 15983, -547542, 149 
1721135202106.00, 18192, -547193, 152 
1721135202128.00, 19456, -546804, 163 
1721135202150.00, 20822, -546386, 177 
1721135202171.00, 22686, -545933, 189 
1721135202193.00, 24417, -545435, 197 
1721135202215.00, 26202, -544896, 213 
1721135202236.00, 27960, -544331, 215 
1721135202258.00, 29437, -543732, 221 
1721135202280.00, 30524, -543106, 230 
1721135202301.00, 31501, -542441, 237 
1721135202323.00, 32557, -541747, 249 
1721135202346.00, 34249, -541035, 259 
1721135202374.00, 35775, -540309, 269 
1721135202388.00, 37163, -539546, 271 
1721135202409.00, 38134, -538734, 274 
1721135202431.00, 38860, -537908, 272 
1721135202453.00, 39160, -537077, 280 
1721135202476.00, 39791, -536236, 278 
1721135202496.00, 39850, -535365, 283 
1721135202517.00, 40108, -534499, 280 
1721135202539.00, 40085, -533636, 282 
1721135202561.00, 40392, -532765, 282 
1721135202583.00, 40494, -531880, 287 
1721135202604.00, 40692, -531004, 285 
1721135202626.00, 40876, -530134, 280 
1721135202648.00, 40524, -529244, 277 
1721135202669.00, 40148, -528359, 278 
1721135202691.00, 40092, -527488, 288 
1721135202712.00, 40854, -526637, 281 
1721135202734.00, 40630, -525748, 281 
1721135202755.00, 40614, -524861, 279 
1721135202778.00, 40423, -523989, 283 
1721135202800.00, 40244, -523123, 274 
1721135202821.00, 39517, -522235, 279 
1721135202842.00, 39351, -521372, 277 
1721135202863.00, 39384, -520525, 276 
1721135202886.00, 39322, -519676, 268 
1721135202907.00, 38802, -518815, 269 
1721135202928.00, 38462, -517968, 269 
1721135202950.00, 38352, -517144, 266 
1721135202972.00, 38296, -516308, 258 
1721135202993.00, 37592, -515469, 255 
1721135203015.00, 37067, -514650, 256 
1721135203037.00, 36814, -513863, 255 
1721135203059.00, 36257, -513067, 253 
1721135203081.00, 36117, -512268, 251 
1721135203102.00, 35736, -511486, 252 
1721135203123.00, 35651, -510721, 250 
1721135203145.00, 35582, -509951, 242 
1721135203167.00, 34957, -509167, 237 
1721135203189.00, 34013, -508406, 231 
1721135203210.00, 33488, -507666, 235 
1721135203231.00, 33582, -506952, 228 
1721135203253.00, 33073, -506220, 225 
1721135203275.00, 32377, -505499, 219 
1721135203297.00, 31721, -504797, 223 
1721135203318.00, 31351, -504124, 219 
1721135203344.00, 31077, -503446, 216 
1721135203361.00, 30752, -502759, 207 
1721135203384.00, 29988, -502091, 197 
1721135203405.00, 29025, -501445, 189 
1721135203427.00, 27880, -500825, 178 
1721135203448.00, 26364, -500228, 165 
1721135203469.00, 24785, -499643, 161 
1721135203492.00, 23458, -499098, 147 
1721135203513.00, 22231, -498581, 149 
1721135203535.00, 21391, -498097, 149 
1721135203556.00, 20820, -497641, 143 
1721135203578.00, 20460, -497192, 141 
1721135203599.00, 19936, -496756, 133 
1721135203621.00, 19133, -496314, 131 
1721135203643.00, 18365, -495895, 129 
1721135203665.00, 17967, -495494, 136 
1721135203686.00, 18129, -495100, 133 
1721135203707.00, 18473, -494709, 134 
1721135203729.00, 18459, -494323, 131 
1721135203752.00, 17959, -493931, 131 
1721135203772.00, 17709, -493540, 127 
1721135203794.00, 17558, -493149, 130 
1721135203816.00, 17535, -492764, 126 
1721135203838.00, 17404, -492378, 127 
1721135203860.00, 17309, -492000, 122 
1721135203881.00, 16922, -491622, 123 
1721135203903.00, 16957, -491256, 122 
1721135203925.00, 16981, -490892, 124 
1721135203946.00, 16951, -490534, 115 
1721135203968.00, 16132, -490165, 117 
1721135203989.00, 16092, -489806, 117 
1721135204011.00, 16208, -489456, 111 
1721135204032.00, 15590, -489106, 115 
1721135204054.00, 15587, -488766, 113 
1721135204076.00, 15673, -488423, 112 
1721135204097.00, 15439, -488095, 108 
1721135204119.00, 14916, -487760, 105 
1721135204140.00, 14555, -487442, 106 
1721135204163.00, 14315, -487127, 103 
1721135204184.00, 14015, -486810, 104 
1721135204205.00, 13903, -486502, 106 
1721135204227.00, 13915, -486194, 104 
1721135204249.00, 13843, -485885, 103 
1721135204271.00, 13852, -485584, 102 
1721135204292.00, 13636, -485278, 102 
1721135204314.00, 13725, -484977, 102 
1721135204336.00, 13723, -484685, 101 
1721135204356.00, 13677, -484385, 99 
1721135204379.00, 13703, -484097, 100 
1721135204400.00, 13823, -483801, 100 
1721135204422.00, 13993, -483498, 99 
1721135204443.00, 13866, -483198, 102 
1721135204465.00, 13589, -482895, 103 
1721135204487.00, 13660, -482592, 103 
1721135204508.00, 13792, -482293, 101 
1721135204530.00, 13681, -481987, 97 
1721135204553.00, 13485, -481688, 100 
1721135204573.00, 13821, -481403, 101 
1721135204594.00, 14058, -481112, 98 
1721135204616.00, 13905, -480823, 95 
1721135204637.00, 13235, -480525, 92 
1721135204660.00, 12837, -480230, 93 
1721135204681.00, 12781, -479949, 93 
1721135204702.00, 12805, -479671, 88 
1721135204724.00, 12362, -479394, 85 
1721135204745.00, 12104, -479123, 85 
1721135204767.00, 11719, -478863, 85 
1721135204789.00, 11609, -478605, 82 
1721135204810.00, 11386, -478357, 82 
1721135204832.00, 11145, -478112, 78 
1721135204854.00, 11139, -477872, 75 
1721135204876.00, 10692, -477641, 75 
1721135204896.00, 10704, -477416, 71 
1721135204917.00, 10059, -477184, 70 
1721135204939.00, 9791, -476960, 73 
1721135204961.00, 9768, -476747, 75 
1721135204987.00, 10155, -476534, 78 
1721135205004.00, 10158, -476315, 75 
1721135205025.00, 9976, -476094, 62 
1721135205047.00, 9295, -475875, 64 
1721135205068.00, 9001, -475672, 67 
1721135205096.00, 8912, -475477, 64 
1721135205111.00, 8997, -475283, 61 
1721135205134.00, 8671, -475096, 66 
1721135205154.00, 8795, -474910, 69 
1721135205176.00, 8738, -474723, 70 
1721135205197.00, 9124, -474535, 63 
1721135205219.00, 8919, -474346, 48 
1721135205240.00, 7852, -474159, 40 
1721135205262.00, 6469, -473987, 42 
1721135205283.00, 6054, -473839, 44 
1721135205306.00, 5857, -473708, 48 
1721135205326.00, 6141, -473579, 56 
1721135205347.00, 6648, -473447, 57 
1721135205368.00, 7142, -473306, 51 
1721135205390.00, 6980, -473150, 39 
1721135205412.00, 6207, -473000, 31 
1721135205433.00, 5305, -472863, 44 
1721135205455.00, 5802, -472745, 47 
1721135205476.00, 6120, -472624, 43 
1721135205498.00, 5888, -472493, 37 
1721135205519.00, 5521, -472362, 28 
1721135205541.00, 4666, -472243, 20 
1721135205562.00, 3797, -472140, 17 
1721135205583.00, 3006, -472056, 20 
1721135205605.00, 2896, -471989, 21 
1721135205626.00, 2799, -471931, 15 
1721135205648.00, 2356, -471871, 11 
1721135205669.00, 1911, -471818, 9 
1721135205691.00, 997, -471777, 10 
1721135205712.00, 0, -471755, 20 
1721135205733.00, 1013, -471751, 26 
1721135205755.00, 2091, -471732, 15 
1721135205776.00, 1920, -471691, 4 
1721135205798.00, 1060, -471649, 1 
1721135205819.00, 488, -471625, 2 
1721135205840.00, 140, -471613, 1 
1721135205866.00, 12, -471611, -5 
1721135205882.00, 0, -471611, -9 
1721135205904.00, -15, -471610, -4 
1721135205925.00, 2, -471610, -2 
1721135205946.00, -25, -471611, -9 
1721135205969.00, 0, -471610, -11 
1721135205989.00, -95, -471611, -15 
1721135206010.00, -887, -471615, -15 
1721135206031.00, -1456, -471628, -13 
1721135206053.00, -1628, -471656, -17 
1721135206074.00, -1969, -471688, -14 
1721135206096.00, -2099, -471730, -7 
1721135206117.00, -1314, -471772, 1 
1721135206137.00, -799, -471801, -2 
1721135206159.00, -422, -471820, -4 
1721135206181.00, -240, -471828, 1 
1721135206202.00, -122, -471833, 6 
1721135206223.00, -83, -471837, 0 
1721135206244.00, -18, -471838, -4 
1721135206265.00, 2, -471838, 5 
1721135206287.00, 2, -471839, 10 
1721135206308.00, -17, -471841, 9 
1721135206329.00, 4, -471840, 11 
1721135206350.00, 79, -471840, 12 
1721135206372.00, 567, -471837, -8 
1721135206392.00, 308, -471833, -24 
1721135206415.00, -666, -471829, -28 
1721135206436.00, -1944, -471837, -9 
1721135206457.00, -1206, -471874, 14 
1721135206478.00, 67, -471899, -6 
1721135206500.00, 0, -471902, -30 
1721135206521.00, -1750, -471903, -35 
1721135206542.00, -3140, -471934, -25 
1721135206564.00, -3369, -471999, -15 
1721135206584.00, -3004, -472067, 1 
1721135206606.00, -1785, -472127, 7 
1721135206628.00, -1032, -472167, 7 
1721135206649.00, -524, -472190, 2 
1721135206670.00, -262, -472202, 1 
1721135206691.00, -93, -472207, 10 
1721135206712.00, -25, -472208, 21 
1721135206737.00, 774, -472210, 14 
1721135206755.00, 1161, -472200, 11 
1721135206777.00, 1309, -472178, 18 
1721135206798.00, 1812, -472152, 27 
1721135206820.00, 2805, -472111, 35 
1721135206842.00, 3814, -472052, 41 
1721135206863.00, 4936, -471974, 46 
1721135206884.00, 5588, -471873, 45 
1721135206906.00, 6035, -471751, 43 
1721135206927.00, 6259, -471624, 38 
1721135206949.00, 6102, -471493, 31 
1721135206970.00, 5397, -471365, 41 
1721135206992.00, 5591, -471250, 57 
1721135207013.00, 6810, -471132, 48 
1721135207034.00, 7017, -470989, 53 
1721135207055.00, 7428, -470839, 54 
1721135207077.00, 7605, -470679, 53 
1721135207099.00, 7621, -470514, 51 
1721135207120.00, 7414, -470345, 75 
1721135207141.00, 9081, -470184, 69 
1721135207163.00, 9527, -469992, 42 
1721135207184.00, 8097, -469785, 34 
1721135207206.00, 6699, -469611, 40 
1721135207227.00, 6170, -469461, 40 
1721135207251.00, 6164, -469325, 34 
1721135207271.00, 5449, -469198, 28 
1721135207292.00, 4774, -469072, 29 
1721135207313.00, 4381, -468967, 25 
1721135207335.00, 4025, -468869, 26 
1721135207356.00, 3872, -468783, 28 
1721135207377.00, 3994, -468700, 30 
1721135207403.00, 4138, -468614, 24 
1721135207421.00, 3819, -468527, 23 
1721135207443.00, 3662, -468444, 20 
1721135207464.00, 3366, -468368, 15 
1721135207484.00, 2821, -468295, 21 
1721135207507.00, 2772, -468233, 26 
1721135207528.00, 3111, -468174, 24 
1721135207550.00, 3284, -468106, 22 
1721135207572.00, 3111, -468041, 18 
1721135207592.00, 2941, -467972, 20 
1721135207631.00, 2845, -467911, 27 
1721135207636.00, 3249, -467849, 25 
1721135207657.00, 3333, -467780, 25 
1721135207678.00, 3539, -467708, 20 
1721135207700.00, 3418, -467636, 6 
1721135207724.00, 2042, -467564, 0 
1721135207743.00, 1138, -467518, 23 
1721135207764.00, 1974, -467494, 3 
1721135207785.00, 1115, -467453, 2 
1721135207807.00, 548, -467427, 13 
1721135207838.00, 1009, -467416, 15 
1721135207850.00, 1449, -467395, 0 
1721135207871.00, 812, -467365, -13 
1721135207892.00, -65, -467346, -3 
1721135207914.00, 6, -467346, -10 
1721135207935.00, 3, -467347, -16 
1721135207956.00, -731, -467346, -12 
1721135207978.00, -1159, -467356, -4 
1721135207998.00, -656, -467379, -5 
1721135208020.00, -381, -467392, -4 
1721135208041.00, -256, -467400, 6 
1721135208062.00, -195, -467406, 13 
1721135208083.00, 58, -467409, 16 
1721135208105.00, 660, -467407, 15 
1721135208127.00, 1158, -467396, 15 
1721135208148.00, 1454, -467374, 10 
1721135208169.00, 0, -467347, 2 
1721135208190.00, 0, -467343, 7 
1721135208211.00, 24, -467343, 0 
1721135208232.00, 0, -467343, 0 
1721135208253.00, 0, -467343, 3 
1721135208274.00, 0, -467343, 1 
1721135208296.00, 0, -467343, 1 
1721135208316.00, 0, -467343, -1 
1721135208338.00, -18, -467343, -4 
1721135208358.00, 0, -467344, -6 
1721135208380.00, 0, -467344, -10 
1721135208401.00, 0, -467344, -12 
1721135208423.00, -112, -467345, -16 
1721135208444.00, -884, -467350, -21 
1721135208465.00, -1688, -467364, -19 
1721135208487.00, -2152, -467398, -17 
1721135208508.00, -2352, -467441, -20 
1721135208530.00, -2570, -467492, -22 
1721135208551.00, -2886, -467548, -22 
1721135208572.00, -3116, -467608, -22 
1721135208594.00, -3205, -467676, -24 
1721135208616.00, -3361, -467746, -26 
1721135208637.00, -3626, -467816, -25 
1721135208658.00, -3720, -467892, -21 
1721135208680.00, -3523, -467967, 4 
1721135208701.00, -2155, -468039, 0 
1721135208723.00, -1198, -468086, -15 
1721135208744.00, -1568, -468112, -15 
1721135208765.00, -1867, -468144, -1 
1721135208786.00, -1103, -468184, -11 
1721135208808.00, -1285, -468208, -12 
1721135208830.00, -1463, -468234, -6 
1721135208851.00, -822, -468264, -7 
1721135208872.00, -405, -468282, -4 
1721135208893.00, -185, -468290, 6 
1721135208915.00, -89, -468294, 13 
1721135208936.00, 89, -468296, 12 
1721135208957.00, 606, -468292, 14 
1721135208979.00, 1156, -468284, 13 
1721135209000.00, 1463, -468263, 9 
1721135209021.00, 836, -468233, 6 
1721135209046.00, 456, -468216, 4 
1721135209065.00, 276, -468205, -1 
1721135209085.00, 181, -468201, -2 
1721135209107.00, 124, -468196, 1 
1721135209128.00, 83, -468192, 2 
1721135209153.00, 67, -468192, 2 
1721135209170.00, 59, -468189, 3 
1721135209191.00, 48, -468189, 0 
1721135209213.00, 65, -468189, -6 
1721135209235.00, 34, -468188, -10 
1721135209258.00, -5, -468187, -13 
1721135209277.00, -95, -468186, -13 
1721135209298.00, -710, -468191, -17 
1721135209320.00, -1361, -468198, -19 
1721135209341.00, -1917, -468226, -17 
1721135209369.00, -2189, -468263, -16 
1721135209384.00, -2316, -468306, -16 
1721135209405.00, -2377, -468356, -14 
1721135209427.00, -2211, -468405, -9 
1721135209450.00, -1320, -468452, -5 
1721135209470.00, -731, -468482, -7 
1721135209491.00, -422, -468497, -10 
1721135209512.00, 0, -468506, -14 
1721135209533.00, -878, -468507, -15 
1721135209555.00, -1511, -468523, -8 
1721135209577.00, -950, -468555, -11 
1721135209597.00, -1192, -468576, -19 
1721135209619.00, -1763, -468600, -7 
1721135209640.00, -1100, -468639, -4 
1721135209662.00, -681, -468664, -27 
1721135209683.00, -2062, -468678, -30 
1721135209705.00, -2961, -468721, -24 
1721135209726.00, -3125, -468783, -10 
1721135209747.00, 50, -468849, -5 
1721135209768.00, 0, -468856, -17 
1721135209790.00, -987, -468857, -15 
1721135209811.00, -1578, -468874, -8 
1721135209833.00, -1007, -468907, -9 
1721135209854.00, -621, -468929, -13 
1721135209876.00, -1186, -468943, -16 
1721135209897.00, -1652, -468969, -15 
1721135209918.00, -1939, -469006, -16 
1721135209940.00, -2230, -469049, -22 
1721135209961.00, -2625, -469096, -20 
1721135209983.00, -2690, -469153, -9 
1721135210004.00, -1668, -469214, -7 
1721135210026.00, -1048, -469252, -14 
1721135210047.00, -1471, -469275, -20 
1721135210068.00, -2136, -469304, -12 
1721135210090.00, -2144, -469348, -13 
1721135210112.00, -2167, -469393, -18 
1721135210133.00, -2462, -469439, -19 
1721135210154.00, -2676, -469492, -21 
1721135210176.00, -2808, -469551, -29 
1721135210197.00, -3455, -469610, -29 
1721135210218.00, -3727, -469683, -26 
1721135210240.00, -3714, -469764, -23 
1721135210262.00, -3495, -469848, -23 
1721135210283.00, -3484, -469926, -25 
1721135210305.00, -3553, -470003, -25 
1721135210326.00, -3766, -470082, -25 
1721135210348.00, -3811, -470161, -20 
1721135210369.00, -3528, -470244, -16 
1721135210390.00, -3138, -470319, -19 
1721135210412.00, -2952, -470385, -19 
1721135210433.00, -2891, -470448, -9 
1721135210455.00, -1750, -470511, -10 
1721135210476.00, 1, -470552, -14 
1721135210497.00, -795, -470556, -15 
1721135210519.00, -1349, -470569, -5 
1721135210540.00, -802, -470597, -7 
1721135210562.00, -422, -470617, -12 
1721135210583.00, -997, -470626, -3 
1721135210604.00, -641, -470647, 0 
1721135210626.00, -400, -470661, -6 
1721135210645.00, -295, -470671, -9 
1721135210668.00, -208, -470677, -11 
1721135210690.00, -865, -470681, -13 
1721135210711.00, -1365, -470699, -12 
1721135210731.00, -1574, -470728, -8 
1721135210753.00, -926, -470761, -9 
1721135210775.00, -514, -470780, -8 
1721135210796.00, -316, -470793, -2 
1721135210817.00, -206, -470801, -1 
1721135210838.00, -148, -470804, 0 
1721135210860.00, -112, -470807, 2 
1721135210881.00, -97, -470810, 0 
1721135210902.00, -82, -470812, -1 
1721135210923.00, -67, -470814, 0 
1721135210944.00, -48, -470816, -5 
1721135210966.00, -63, -470815, -2 
1721135210988.00, -32, -470818, -5 
1721135211011.00, -39, -470819, 5 
1721135211029.00, -36, -470820, 4 
1721135211050.00, -2, -470821, 6 
1721135211071.00, 6, -470822, 18 
1721135211092.00, 228, -470823, 21 
1721135211114.00, 1324, -470818, 17 
1721135211135.00, 1739, -470793, 24 
1721135211158.00, 2470, -470757, 38 
1721135211179.00, 3787, -470705, 48 
1721135211199.00, 5203, -470623, 54 
1721135211222.00, 6394, -470513, 60 
1721135211243.00, 7331, -470376, 59 
1721135211264.00, 8121, -470217, 53 
1721135211286.00, 8063, -470048, 40 
1721135211307.00, 7141, -469870, 35 
1721135211332.00, 6244, -469713, 40 
1721135211349.00, 5980, -469578, 46 
1721135211372.00, 6338, -469445, 45 
1721135211393.00, 6431, -469310, 63 
1721135211414.00, 7494, -469176, 31 
1721135211442.00, 6305, -469011, 14 
1721135211457.00, 4358, -468871, 44 
1721135211478.00, 5002, -468774, 26 
1721135211500.00, 4311, -468670, -19 
1721135211522.00, 1426, -468574, -35 
1721135211545.00, -746, -468540, -23 
1721135211565.00, -1760, -468550, -28 
1721135211586.00, -2710, -468584, -32 
1721135211607.00, -3562, -468639, -25 
1721135211629.00, -3636, -468714, -19 
1721135211652.00, -3325, -468792, -23 
1721135211672.00, -3301, -468862, -33 
1721135211694.00, -3985, -468936, -44 
1721135211715.00, -5156, -469020, -54 
1721135211736.00, -6513, -469129, -52 
1721135211758.00, -7216, -469264, -51 
1721135211780.00, -7258, -469411, -48 
1721135211801.00, -7025, -469572, -41 
1721135211822.00, -6729, -469726, -48 
1721135211844.00, -7115, -469869, -50 
1721135211870.00, -7464, -470019, -33 
1721135211886.00, -6395, -470175, -27 
1721135211908.00, -5321, -470319, -37 
1721135211929.00, -5355, -470434, -34 
1721135211951.00, -5171, -470550, -26 
1721135211972.00, -4640, -470663, -35 
1721135212001.00, -4803, -470762, -36 
1721135212015.00, -4969, -470864, -28 
1721135212036.00, -4625, -470971, -21 
1721135212058.00, -4032, -471071, -24 
1721135212080.00, -3798, -471156, -33 
1721135212106.00, -4063, -471234, -22 
1721135212123.00, -3642, -471321, -14 
1721135212144.00, -2958, -471400, -19 
1721135212166.00, -2895, -471462, -25 
1721135212187.00, -3123, -471523, -21 
1721135212209.00, -3132, -471589, -20 
1721135212230.00, -2972, -471655, -19 
1721135212251.00, -2953, -471718, -19 
1721135212273.00, -2763, -471779, -20 
1721135212294.00, -2819, -471841, -12 
1721135212317.00, -2409, -471901, -8 
1721135212337.00, -1301, -471952, -14 
1721135212359.00, -1498, -471982, -20 
1721135212380.00, -1979, -472015, -17 
1721135212402.00, -2130, -472057, -14 
1721135212423.00, -2133, -472103, -15 
1721135212444.00, -2054, -472147, -14 
1721135212466.00, -1911, -472193, -15 
1721135212488.00, -2007, -472237, -11 
1721135212509.00, -1827, -472279, -12 
1721135212530.00, -1792, -472319, -17 
1721135212552.00, -1975, -472356, -20 
1721135212573.00, -2245, -472401, -20 
1721135212594.00, -2541, -472451, -17 
1721135212616.00, -2545, -472504, -15 
1721135212638.00, -2476, -472558, -13 
1721135212659.00, -2249, -472610, -10 
1721135212681.00, 56, -472659, -9 
1721135212702.00, 0, -472664, -15 
1721135212723.00, -764, -472664, -12 
1721135212749.00, -1159, -472678, -4 
1721135212765.00, -722, -472700, 0 
1721135212787.00, -384, -472718, -1 
1721135212809.00, -205, -472725, 7 
1721135212829.00, -111, -472730, 15 
1721135212851.00, 109, -472733, 14 
1721135212872.00, 749, -472726, 23 
1721135212894.00, 1790, -472716, 27 
1721135212915.00, 2714, -472681, 29 
1721135212936.00, 3408, -472624, 34 
1721135212958.00, 4002, -472550, 43 
1721135212980.00, 4966, -472462, 37 
1721135213001.00, 5145, -472355, 22 
1721135213022.00, 4451, -472245, 12 
1721135213044.00, 3469, -472148, 18 
1721135213065.00, 3059, -472073, 24 
1721135213088.00, 3315, -472006, 31 
1721135213108.00, 3696, -471938, 29 
1721135213131.00, 4074, -471856, 28 
1721135213151.00, 4140, -471771, 28 
1721135213173.00, 4286, -471683, 29 
1721135213194.00, 4157, -471595, 30 
1721135213215.00, 4220, -471503, 33 
1721135213237.00, 4545, -471414, 34 
1721135213259.00, 4849, -471321, 33 
1721135213280.00, 5002, -471224, 32 
1721135213306.00, 4956, -471121, 39 
1721135213328.00, 4959, -471016, 41 
1721135213344.00, 5531, -470904, 47 
1721135213366.00, 6138, -470785, 50 
1721135213387.00, 6546, -470654, 53 
1721135213411.00, 7039, -470512, 53 
1721135213430.00, 7445, -470362, 55 
1721135213452.00, 7663, -470203, 54 
1721135213473.00, 7752, -470036, 53 
1721135213495.00, 7609, -469863, 54 
1721135213516.00, 7892, -469697, 49 
1721135213537.00, 7490, -469532, 61 
1721135213559.00, 8158, -469367, 68 
1721135213580.00, 8833, -469195, 77 
1721135213602.00, 9789, -469001, 86 
1721135213623.00, 11127, -468791, 85 
1721135213645.00, 12025, -468558, 81 
1721135213667.00, 11995, -468307, 78 
1721135213689.00, 11903, -468053, 71 
1721135213710.00, 11416, -467809, 47 
1721135213731.00, 9589, -467567, 42 
1721135213751.00, 8083, -467361, 34 
1721135213773.00, 6745, -467185, 28 
1721135213795.00, 5612, -467038, 34 
1721135213817.00, 5264, -466917, 33 
1721135213838.00, 4971, -466801, 20 
1721135213860.00, 4016, -466692, 11 
1721135213881.00, 2874, -466603, 14 
1721135213903.00, 2456, -466539, 19 
1721135213924.00, 2424, -466484, 27 
1721135213945.00, 2909, -466432, 30 
1721135213966.00, 3409, -466369, 26 
1721135213988.00, 3426, -466297, 17 
1721135214010.00, 2898, -466224, 7 
1721135214031.00, 1604, -466161, 2 
1721135214053.00, 780, -466125, 0 
1721135214074.00, 303, -466108, -5 
1721135214095.00, 67, -466102, -16 
1721135214116.00, -222, -466102, -23 
1721135214138.00, -1535, -466105, -29 
1721135214159.00, -2816, -466135, -34 
1721135214181.00, -3688, -466191, -38 
1721135214203.00, -4520, -466275, -45 
1721135214224.00, -5474, -466371, -49 
1721135214245.00, -6411, -466490, -56 
1721135214267.00, -7456, -466627, -61 
1721135214288.00, -8322, -466785, -64 
1721135214309.00, -8687, -466965, -66 
1721135214331.00, -9267, -467157, -72 
1721135214353.00, -9656, -467358, -75 
1721135214374.00, -10306, -467567, -76 
1721135214396.00, -10618, -467792, -73 
1721135214417.00, -10829, -468019, -70 
1721135214439.00, -10522, -468246, -68 
1721135214461.00, -10473, -468476, -68 
1721135214482.00, -10160, -468700, -64 
1721135214504.00, -9910, -468923, -64 
1721135214525.00, -9762, -469140, -65 
1721135214546.00, -9748, -469348, -59 
1721135214568.00, -9270, -469560, -58 
1721135214590.00, -8979, -469758, -57 
1721135214611.00, -8631, -469955, -55 
1721135214633.00, -8674, -470148, -53 
1721135214653.00, -8323, -470332, -57 
1721135214675.00, -8397, -470512, -55 
1721135214697.00, -8301, -470694, -56 
1721135214718.00, -8288, -470871, -55 
1721135214739.00, -8217, -471052, -58 
1721135214761.00, -8239, -471225, -60 
1721135214783.00, -8377, -471399, -62 
1721135214803.00, -8626, -471578, -64 
1721135214826.00, -8808, -471761, -68 
1721135214847.00, -9340, -471954, -69 
1721135214869.00, -9577, -472152, -68 
1721135214890.00, -9666, -472361, -73 
1721135214911.00, -10087, -472570, -77 
1721135214933.00, -10702, -472792, -81 
1721135214955.00, -11206, -473021, -83 
1721135214976.00, -11477, -473263, -85 
1721135214998.00, -11795, -473514, -87 
1721135215020.00, -12372, -473772, -92 
1721135215040.00, -12838, -474037, -99 
1721135215063.00, -13536, -474314, -98 
1721135215084.00, -14154, -474600, -105 
1721135215105.00, -14579, -474896, -110 
1721135215127.00, -15031, -475213, -119 
1721135215149.00, -15971, -475542, -125 
1721135215170.00, -16706, -475889, -130 
1721135215192.00, -17542, -476257, -135 
1721135215214.00, -18669, -476643, -137 
1721135215236.00, -19269, -477047, -142 
1721135215257.00, -19737, -477467, -144 
1721135215279.00, -20111, -477891, -152 
1721135215300.00, -20749, -478324, -152 
1721135215322.00, -21285, -478776, -156 
1721135215343.00, -21675, -479241, -159 
1721135215364.00, -22249, -479717, -164 
1721135215388.00, -23212, -480204, -170 
1721135215409.00, -23718, -480698, -172 
1721135215430.00, -24245, -481208, -174 
1721135215452.00, -24840, -481724, -173 
1721135215473.00, -24846, -482263, -174 
1721135215496.00, -24948, -482804, -179 
1721135215517.00, -25146, -483356, -180 
1721135215538.00, -25493, -483911, -182 
1721135215560.00, -25892, -484459, -187 
1721135215582.00, -26306, -485015, -182 
1721135215606.00, -26251, -485589, -184 
1721135215625.00, -26486, -486162, -190 
1721135215646.00, -26933, -486737, -191 
1721135215668.00, -27255, -487324, -190 
1721135215690.00, -27474, -487904, -192 
1721135215711.00, -27523, -488492, -193 
1721135215733.00, -27585, -489092, -193 
1721135215755.00, -27655, -489695, -196 
1721135215776.00, -27685, -490302, -202 
1721135215798.00, -28189, -490903, -201 
1721135215819.00, -28433, -491509, -193 
1721135215841.00, -27959, -492129, -194 
1721135215863.00, -27800, -492742, -195 
1721135215884.00, -27792, -493355, -199 
1721135215906.00, -28092, -493959, -200 
1721135215930.00, -28274, -494561, -196 
1721135215949.00, -28252, -495170, -193 
1721135215971.00, -28133, -495785, -191 
1721135215993.00, -27814, -496396, -188 
1721135216014.00, -27242, -497004, -181 
1721135216036.00, -26855, -497591, -176 
1721135216057.00, -26258, -498162, -169 
1721135216079.00, -25405, -498730, -158 
1721135216101.00, -24021, -499285, -151 
1721135216123.00, -22759, -499818, -141 
1721135216144.00, -21344, -500319, -125 
1721135216166.00, -19801, -500779, -103 
1721135216189.00, -17610, -501201, -83 
1721135216209.00, -15064, -501579, -63 
1721135216230.00, -12194, -501909, -49 
1721135216252.00, -9809, -502172, -32 
1721135216273.00, -7152, -502385, -19 
1721135216294.00, -4963, -502545, -4 
1721135216316.00, -2436, -502654, 9 
1721135216337.00, -979, -502709, 25 
1721135216359.00, 834, -502730, 39 
1721135216380.00, 3130, -502717, 53 
1721135216402.00, 5324, -502656, 69 
1721135216423.00, 7764, -502541, 83 
1721135216444.00, 9946, -502372, 101 
1721135216467.00, 12252, -502155, 123 
1721135216488.00, 15331, -501891, 137 
1721135216509.00, 17743, -501563, 156 
1721135216531.00, 20374, -501178, 173 
1721135216552.00, 22712, -500746, 188 
1721135216574.00, 25127, -500257, 187 
1721135216596.00, 26559, -499703, 202 
1721135216618.00, 27934, -499119, 232 
1721135216640.00, 30661, -498510, 230 
1721135216661.00, 32311, -497849, 252 
1721135216683.00, 34642, -497158, 248 
1721135216704.00, 35783, -496407, 257 
1721135216726.00, 36922, -495628, 265 
1721135216748.00, 38153, -494831, 269 
1721135216769.00, 38771, -494025, 265 
1721135216791.00, 38970, -493174, 268 
1721135216813.00, 39399, -492320, 274 
1721135216834.00, 39941, -491469, 279 
1721135216855.00, 40404, -490616, 273 
1721135216877.00, 40341, -489728, 278 
1721135216899.00, 40703, -488848, 276 
1721135216920.00, 40529, -487976, 280 
1721135216942.00, 40930, -487102, 272 
1721135216964.00, 40468, -486208, 276 
1721135216985.00, 40588, -485326, 272 
1721135217007.00, 40488, -484456, 272 
1721135217029.00, 40404, -483583, 268 
1721135217050.00, 40061, -482695, 265 
1721135217072.00, 39706, -481830, 259 
1721135217094.00, 38829, -480992, 251 
1721135217115.00, 37878, -480148, 250 
1721135217137.00, 37313, -479318, 249 
1721135217159.00, 36908, -478510, 251 
1721135217180.00, 36562, -477725, 242 
1721135217202.00, 36044, -476925, 241 
1721135217223.00, 35657, -476136, 231 
1721135217248.00, 34973, -475364, 218 
1721135217267.00, 33502, -474625, 203 
1721135217288.00, 31873, -473902, 185 
1721135217310.00, 29837, -473206, 171 
1721135217332.00, 27672, -472566, 154 
1721135217354.00, 25452, -471970, 132 
1721135217375.00, 22474, -471426, 108 
1721135217397.00, 19301, -470946, 91 
1721135217418.00, 16414, -470524, 68 
1721135217440.00, 13445, -470165, 41 
1721135217461.00, 9768, -469868, 18 
1721135217482.00, 6426, -469652, 2 
1721135217504.00, 3278, -469513, -13 
1721135217525.00, 422, -469440, -29 
1721135217547.00, -1476, -469430, -104 
1721135217573.00, -7397, -469454, -89 
1721135217590.00, -10185, -469606, -114 
1721135217613.00, -13130, -469822, -134 
1721135217633.00, -16268, -470116, -147 
1721135217655.00, -18977, -470469, -163 
1721135217684.00, -21573, -470880, -184 
1721135217698.00, -24207, -471340, -207 
1721135217719.00, -27355, -471856, -216 
1721135217741.00, -29436, -472442, -227 
1721135217763.00, -31447, -473083, -237 
1721135217794.00, -33495, -473768, -243 
1721135217807.00, -34732, -474484, -247 
1721135217828.00, -35834, -475227, -248 
1721135217850.00, -36258, -476005, -254 
1721135217871.00, -36981, -476802, -264 
1721135217899.00, -37985, -477607, -273 
1721135217915.00, -39252, -478415, -271 
1721135217937.00, -39955, -479265, -275 
1721135217958.00, -40328, -480132, -279 
1721135217980.00, -40810, -481005, -282 
1721135218007.00, -41096, -481875, -275 
1721135218023.00, -40914, -482769, -281 
1721135218045.00, -40919, -483671, -280 
1721135218066.00, -41150, -484561, -286 
1721135218088.00, -41650, -485444, -273 
1721135218118.00, -40997, -486350, -280 
1721135218131.00, -41176, -487246, -279 
1721135218153.00, -41080, -488124, -278 
1721135218174.00, -41264, -489015, -274 
1721135218196.00, -40733, -489906, -274 
1721135218224.00, -40445, -490794, -279 
1721135218239.00, -40543, -491663, -267 
1721135218261.00, -39868, -492548, -267 
1721135218283.00, -39268, -493421, -267 
1721135218304.00, -39111, -494273, -271 
1721135218331.00, -39179, -495110, -261 
1721135218347.00, -38639, -495963, -266 
1721135218370.00, -38670, -496812, -268 
1721135218391.00, -38570, -497640, -274 
1721135218413.00, -38973, -498475, -266 
1721135218434.00, -38886, -499326, -268 
1721135218456.00, -38701, -500180, -274 
1721135218478.00, -39136, -501011, -276 
1721135218499.00, -39624, -501857, -275 
1721135218521.00, -39800, -502714, -271 
1721135218543.00, -39663, -503582, -275 
1721135218564.00, -39825, -504429, -277 
1721135218585.00, -39940, -505283, -272 
1721135218607.00, -39708, -506154, -272 
1721135218632.00, -39405, -507018, -276 
1721135218651.00, -39532, -507863, -275 
1721135218672.00, -39515, -508719, -268 
1721135218694.00, -38915, -509585, -268 
1721135218715.00, -38735, -510434, -271 
1721135218737.00, -38546, -511262, -268 
1721135218759.00, -38503, -512104, -260 
1721135218781.00, -37712, -512941, -261 
1721135218802.00, -37279, -513765, -263 
1721135218824.00, -37153, -514565, -261 
1721135218845.00, -37118, -515381, -254 
1721135218867.00, -36786, -516197, -252 
1721135218888.00, -36361, -516998, -253 
1721135218910.00, -36249, -517779, -244 
1721135218931.00, -35466, -518567, -240 
1721135218953.00, -34572, -519344, -232 
1721135218975.00, -33892, -520101, -225 
1721135218997.00, -33047, -520821, -211 
1721135219018.00, -31826, -521538, -199 
1721135219041.00, -30496, -522229, -192 
1721135219062.00, -28845, -522891, -187 
1721135219083.00, -27579, -523521, -184 
1721135219105.00, -27031, -524115, -170 
1721135219128.00, -25859, -524697, -162 
1721135219148.00, -24278, -525257, -155 
1721135219170.00, -23064, -525791, -150 
1721135219191.00, -22251, -526300, -139 
1721135219219.00, -21060, -526771, -132 
1721135219235.00, -19738, -527220, -126 
1721135219257.00, -18597, -527649, -113 
1721135219278.00, -17396, -528053, -103 
1721135219300.00, -15980, -528429, -96 
1721135219321.00, -14628, -528776, -89 
1721135219343.00, -13697, -529091, -77 
1721135219364.00, -11973, -529384, -66 
1721135219386.00, -10359, -529650, -59 
1721135219408.00, -9010, -529872, -49 
1721135219430.00, -7703, -530068, -41 
1721135219450.00, -6523, -530231, -28 
1721135219472.00, -5047, -530368, -20 
1721135219493.00, -3509, -530475, -14 
1721135219515.00, -2259, -530553, -9 
1721135219541.00, -715, -530603, -2 
1721135219557.00, -5, -530621, 1 
1721135219579.00, 61, -530623, 3 
1721135219599.00, 215, -530620, 4 
1721135219621.00, 588, -530618, 1 
1721135219642.00, 807, -530608, 0 
1721135219663.00, 933, -530592, -2 
1721135219686.00, 994, -530573, -5 
1721135219706.00, 1045, -530552, -9 
1721135219727.00, 1045, -530529, -14 
1721135219748.00, 123, -530507, -22 
1721135219771.00, -112, -530505, -36 
1721135219792.00, -1659, -530512, -46 
1721135219813.00, -3327, -530540, -58 
1721135219835.00, -5075, -530609, -68 
1721135219856.00, -6772, -530713, -83 
1721135219877.00, -8926, -530855, -92 
1721135219900.00, -10366, -531043, -96 
1721135219921.00, -11435, -531267, -100 
1721135219943.00, -12543, -531520, -108 
1721135219964.00, -13411, -531790, -114 
1721135219986.00, -14372, -532088, -123 
1721135220008.00, -15774, -532404, -133 
1721135220029.00, -16768, -532748, -138 
1721135220050.00, -18202, -533115, -144 
1721135220072.00, -19138, -533501, -146 
1721135220094.00, -19914, -533908, -149 
1721135220116.00, -20188, -534339, -152 
1721135220137.00, -21050, -534782, -157 
1721135220159.00, -21497, -535237, -162 
1721135220181.00, -22284, -535706, -168 
1721135220202.00, -22891, -536192, -174 
1721135220224.00, -23558, -536688, -179 
1721135220245.00, -24464, -537193, -183 
1721135220267.00, -25301, -537721, -182 
1721135220289.00, -25577, -538264, -175 
1721135220310.00, -25267, -538824, -171 
1721135220332.00, -24838, -539376, -178 
1721135220353.00, -25190, -539915, -182 
1721135220375.00, -25666, -540452, -181 
1721135220397.00, -26065, -541003, -182 
1721135220418.00, -26193, -541566, -182 
1721135220440.00, -25969, -542136, -188 
1721135220462.00, -26229, -542708, -195 
1721135220483.00, -26976, -543274, -203 
1721135220505.00, -27853, -543850, -211 
1721135220527.00, -28905, -544451, -213 
1721135220549.00, -29595, -545078, -223 
1721135220570.00, -30627, -545721, -230 
1721135220592.00, -31586, -546382, -240 
1721135220613.00, -32804, -547059, -246 
1721135220639.00, -33597, -547766, -255 
1721135220657.00, -34588, -548505, -273 
1721135220678.00, -36628, -549265, -290 
1721135220700.00, -38652, -550052, -299 
1721135220722.00, -40491, -550887, -304 
1721135220751.00, -41607, -551765, -314 
1721135220765.00, -43025, -552680, -324 
1721135220787.00, -44630, -553601, -323 
1721135220808.00, -45629, -554564, -323 
1721135220832.00, -46068, -555555, -330 
1721135220859.00, -46684, -556544, -327 
1721135220873.00, -46925, -557551, -318 
1721135220895.00, -46490, -558573, -323 
1721135220916.00, -46339, -559578, -320 
1721135220938.00, -46039, -560579, -315 
1721135220964.00, -45689, -561583, -318 
1721135220981.00, -45639, -562574, -322 
1721135221003.00, -45852, -563554, -321 
1721135221025.00, -45815, -564547, -321 
1721135221046.00, -45738, -565550, -329 
1721135221073.00, -46383, -566539, -329 
1721135221089.00, -46830, -567540, -326 
1721135221110.00, -46812, -568557, -337 
1721135221133.00, -47379, -569570, -337 
1721135221155.00, -47787, -570591, -338 
1721135221181.00, -47892, -571624, -345 
1721135221198.00, -48523, -572667, -350 
1721135221219.00, -49171, -573714, -352 
1721135221241.00, -49666, -574784, -360 
1721135221263.00, -50263, -575862, -364 
1721135221288.00, -50830, -576945, -360 
1721135221305.00, -50917, -578050, -356 
1721135221327.00, -50809, -579156, -358 
1721135221349.00, -50979, -580250, -358 
1721135221371.00, -50972, -581361, -350 
1721135221396.00, -50434, -582469, -343 
1721135221414.00, -49759, -583558, -334 
1721135221435.00, -48675, -584641, -328 
1721135221458.00, -47744, -585697, -326 
1721135221478.00, -46991, -586729, -317 
1721135221502.00, -46215, -587751, -301 
1721135221522.00, -44655, -588755, -298 
1721135221544.00, -43604, -589718, -297 
1721135221566.00, -42728, -590662, -287 
1721135221587.00, -41628, -591593, -289 
1721135221609.00, -41226, -592498, -280 
1721135221631.00, -40352, -593386, -275 
1721135221652.00, -22922, -594261, -273 
1721135221674.00, -12375, -594785, -291 
1721135221695.00, -6160, -595074, -288 
1721135221717.00, -2693, -595217, -283 
1721135221738.00, -565, -595281, -305 
1721135221760.00, 30, -595296, -294 
1721135221781.00, 542, -595296, -285 
1721135221802.00, 1119, -595291, -267 
1721135221824.00, 1407, -595270, -244 
1721135221846.00, 1649, -595239, -223 
1721135221867.00, 1722, -595201, -204 
1721135221889.00, 1708, -595163, -192 
1721135221911.00, 1832, -595125, -178 
1721135221932.00, 1813, -595084, -169 
1721135221955.00, 1784, -595045, -156 
1721135221976.00, 1752, -595006, -140 
1721135221997.00, 1767, -594966, -121 
1721135222019.00, 1740, -594927, -102 
1721135222040.00, 1728, -594887, -80 
1721135222062.00, 1651, -594848, -54 
1721135222084.00, 1596, -594809, -23 
1721135222105.00, 1556, -594773, 9 
1721135222127.00, 1552, -594738, 33 
1721135222148.00, 3524, -594702, 64 
1721135222170.00, 6654, -594626, 91 
1721135222192.00, 10220, -594488, 115 
1721135222213.00, 13275, -594275, 141 
1721135222235.00, 16553, -593980, 162 
1721135222256.00, 20302, -593610, 177 
1721135222278.00, 23082, -593182, 182 
1721135222299.00, 25147, -592685, 209 
1721135222321.00, 27975, -592144, 230 
1721135222343.00, 30881, -591540, 230 
1721135222364.00, 32616, -590870, 242 
1721135222386.00, 34141, -590162, 262 
1721135222408.00, 36491, -589427, 274 
1721135222429.00, 38362, -588648, 272 
1721135222450.00, 39389, -587809, 276 
1721135222472.00, 39989, -586951, 288 
1721135222496.00, 41248, -586088, 294 
1721135222516.00, 42481, -585197, 292 
1721135222538.00, 43039, -584276, 291 
1721135222560.00, 43353, -583343, 299 
1721135222581.00, 43664, -582416, 306 
1721135222602.00, 44425, -581457, 309 
1721135222623.00, 44906, -580491, 316 
1721135222646.00, 45597, -579520, 323 
1721135222668.00, 46816, -578536, 322 
1721135222689.00, 47112, -577525, 325 
1721135222710.00, 47355, -576509, 336 
1721135222732.00, 48276, -575489, 336 
1721135222754.00, 48854, -574435, 340 
1721135222775.00, 49267, -573376, 343 
1721135222797.00, 49674, -572315, 344 
1721135222819.00, 50022, -571228, 345 
1721135222840.00, 50216, -570151, 345 
1721135222862.00, 50221, -569077, 339 
1721135222884.00, 50036, -567974, 344 
1721135222905.00, 49872, -566888, 346 
1721135222927.00, 50018, -565812, 336 
1721135222949.00, 49612, -564716, 330 
1721135222970.00, 49015, -563643, 339 
1721135222991.00, 49169, -562591, 349 
1721135223013.00, 49848, -561517, 355 
1721135223045.00, 50499, -560434, 350 
1721135223056.00, 50619, -559359, 346 
1721135223078.00, 50307, -558248, 357 
1721135223100.00, 50846, -557153, 363 
1721135223122.00, 51687, -556067, 357 
1721135223143.00, 51776, -554938, 353 
1721135223164.00, 51486, -553813, 361 
1721135223187.00, 51957, -552715, 353 
1721135223208.00, 51419, -551580, 350 
1721135223229.00, 50993, -550467, 351 
1721135223251.00, 50993, -549367, 351 
1721135223272.00, 50711, -548251, 354 
1721135223295.00, 50627, -547151, 355 
1721135223316.00, 50773, -546064, 346 
1721135223338.00, 50181, -544953, 353 
1721135223360.00, 50379, -543864, 353 
1721135223381.00, 50432, -542787, 351 
1721135223403.00, 50191, -541679, 349 
1721135223425.00, 50205, -540587, 349 
1721135223446.00, 49851, -539513, 344 
1721135223468.00, 49539, -538417, 347 
1721135223489.00, 49637, -537339, 344 
1721135223511.00, 49468, -536280, 336 
1721135223533.00, 48733, -535194, 342 
1721135223554.00, 48741, -534136, 341 
1721135223576.00, 48676, -533093, 328 
1721135223598.00, 47821, -532023, 328 
1721135223619.00, 47262, -530984, 330 
1721135223642.00, 47253, -529970, 335 
1721135223663.00, 47442, -528936, 333 
1721135223684.00, 47317, -527908, 334 
1721135223706.00, 47260, -526896, 339 
1721135223728.00, 47801, -525863, 333 
1721135223749.00, 47423, -524824, 331 
1721135223771.00, 47151, -523799, 326 
1721135223792.00, 46874, -522778, 325 
1721135223814.00, 46669, -521753, 321 
1721135223836.00, 45914, -520750, 309 
1721135223857.00, 44980, -519764, 296 
1721135223879.00, 43564, -518779, 296 
1721135223901.00, 42818, -517829, 289 
1721135223922.00, 42004, -516912, 283 
1721135223944.00, 41053, -515991, 274 
1721135223965.00, 39913, -515094, 278 
1721135223986.00, 39550, -514229, 287 
1721135224009.00, 39602, -513382, 279 
1721135224031.00, 39196, -512511, 277 
1721135224052.00, 39014, -511655, 278 
1721135224074.00, 39091, -510817, 280 
1721135224096.00, 39089, -509979, 268 
1721135224119.00, 38540, -509115, 269 
1721135224139.00, 37913, -508277, 266 
1721135224160.00, 37489, -507457, 266 
1721135224182.00, 37364, -506647, 259 
1721135224203.00, 36668, -505827, 262 
1721135224225.00, 36651, -505023, 260 
1721135224248.00, 36510, -504239, 263 
1721135224268.00, 36375, -503453, 252 
1721135224290.00, 35995, -502645, 255 
1721135224312.00, 35732, -501868, 256 
1721135224333.00, 35481, -501095, 257 
1721135224358.00, 35675, -500330, 245 
1721135224376.00, 35224, -499544, 244 
1721135224398.00, 34860, -498777, 255 
1721135224420.00, 35324, -498023, 257 
1721135224442.00, 35850, -497276, 250 
1721135224467.00, 35741, -496499, 253 
1721135224485.00, 35618, -495721, 262 
1721135224507.00, 36216, -494949, 257 
1721135224528.00, 36078, -494185, 249 
1721135224549.00, 35613, -493406, 243 
1721135224574.00, 34794, -492624, 254 
1721135224593.00, 34892, -491865, 251 
1721135224614.00, 34814, -491111, 250 
1721135224636.00, 34682, -490360, 246 
1721135224658.00, 34452, -489590, 245 
1721135224681.00, 34379, -488839, 253 
1721135224701.00, 34703, -488098, 256 
1721135224722.00, 35179, -487358, 249 
1721135224745.00, 35197, -486590, 249 
1721135224766.00, 35244, -485822, 263 
1721135224791.00, 35918, -485057, 279 
1721135224810.00, 37480, -484291, 285 
1721135224831.00, 38390, -483482, 261 
1721135224853.00, 37722, -482638, 259 
1721135224874.00, 36961, -481816, 264 
1721135224896.00, 36809, -481024, 265 
1721135224918.00, 36778, -480227, 251 
1721135224939.00, 36074, -479420, 244 
1721135224960.00, 35475, -478639, 231 
1721135224983.00, 34067, -477886, 229 
1721135225004.00, 33165, -477153, 216 
1721135225026.00, 31810, -476420, 197 
1721135225047.00, 29682, -475723, 208 
1721135225069.00, 29246, -475077, 214 
1721135225091.00, 29330, -474452, 203 
1721135225113.00, 28836, -473818, 187 
1721135225134.00, 27302, -473188, 177 
1721135225156.00, 26014, -472594, 171 
1721135225178.00, 24926, -472029, 159 
1721135225198.00, 23353, -471493, 149 
1721135225221.00, 21888, -470995, 146 
1721135225242.00, 20973, -470512, 143 
1721135225264.00, 20411, -470054, 148 
1721135225285.00, 20055, -469610, 141 
1721135225307.00, 19781, -469175, 125 
1721135225329.00, 18752, -468747, 125 
1721135225350.00, 17593, -468347, 135 
1721135225372.00, 17765, -467964, 127 
1721135225394.00, 17345, -467582, 124 
1721135225415.00, 17306, -467198, 155 
1721135225436.00, 18881, -466812, 194 
1721135225459.00, 21971, -466402, 186 
1721135225480.00, 23346, -465934, 150 
1721135225502.00, 22511, -465426, 134 
1721135225523.00, 20757, -464947, 132 
1721135225545.00, 19432, -464503, 152 
1721135225567.00, 19622, -464078, 148 
1721135225589.00, 19737, -463643, 135 
1721135225610.00, 19138, -463210, 119 
1721135225631.00, 17702, -462798, 98 
1721135225654.00, 15914, -462410, 83 
1721135225675.00, 14203, -462071, 81 
1721135225696.00, 12429, -461774, 71 
1721135225718.00, 10914, -461509, 58 
1721135225739.00, 9380, -461275, 41 
1721135225763.00, 7335, -461080, 33 
1721135225782.00, 5741, -460915, 39 
1721135225803.00, 4897, -460790, 53 
1721135225825.00, 5573, -460677, 64 
1721135225847.00, 6412, -460560, 60 
1721135225868.00, 6999, -460421, 54 
1721135225889.00, 6917, -460271, 51 
1721135225911.00, 6557, -460119, 52 
1721135225933.00, 6444, -459979, 54 
1721135225954.00, 6371, -459841, 46 
1721135225975.00, 6064, -459702, 37 
1721135225997.00, 5294, -459572, 28 
1721135226018.00, 4292, -459456, 20 
1721135226040.00, 3243, -459363, 14 
1721135226061.00, 2285, -459293, 10 
1721135226082.00, 0, -459243, 14 
1721135226108.00, 199, -459239, 19 
1721135226125.00, 728, -459237, 3 
1721135226147.00, 0, -459223, -8 
1721135226167.00, -52, -459221, -8 
1721135226189.00, 0, -459222, -10 
1721135226210.00, 0, -459221, -9 
1721135226231.00, 0, -459221, -8 
1721135226252.00, -7, -459222, -11 
1721135226273.00, -168, -459222, -19 
1721135226295.00, -1147, -459227, -28 
1721135226316.00, -2339, -459247, -28 
1721135226338.00, -3109, -459294, -24 
1721135226360.00, -3296, -459360, -18 
1721135226380.00, -3030, -459429, -14 
1721135226402.00, -2679, -459496, -14 
1721135226426.00, -2422, -459554, -23 
1721135226445.00, -2818, -459610, -22 
1721135226467.00, -3070, -459671, -23 
1721135226488.00, -3262, -459737, -28 
1721135226509.00, -3702, -459807, -29 
1721135226533.00, -4002, -459883, -30 
1721135226552.00, -4122, -459969, -35 
1721135226574.00, -4348, -460057, -45 
1721135226595.00, -5216, -460156, -47 
1721135226617.00, -5994, -460269, -38 
1721135226639.00, -5891, -460398, -33 
1721135226660.00, -5500, -460528, -42 
1721135226680.00, -5629, -460649, -59 
1721135226703.00, -6987, -460773, -58 
1721135226724.00, -7524, -460919, -43 
1721135226748.00, -6941, -461082, -46 
1721135226767.00, -6857, -461233, -64 
1721135226788.00, -7796, -461379, -63 
1721135226809.00, -8515, -461543, -49 
1721135226831.00, -7955, -461719, -56 
1721135226852.00, -8053, -461887, -57 
1721135226875.00, -8064, -462057, -34 
1721135226896.00, -6575, -462230, -14 
1721135226917.00, -4645, -462378, -24 
1721135226939.00, -4113, -462484, -38 
1721135226961.00, -4673, -462571, -32 
1721135226982.00, -4776, -462671, -24 
1721135227003.00, -4321, -462771, -24 
1721135227025.00, -4055, -462865, -25 
1721135227046.00, -3697, -462951, -25 
1721135227067.00, -3490, -463035, -25 
1721135227088.00, -3366, -463111, -26 
1721135227110.00, -3435, -463186, -24 
1721135227132.00, -3397, -463261, -17 
1721135227153.00, -2983, -463334, -15 
1721135227175.00, -2578, -463399, -18 
1721135227201.00, -2589, -463457, -21 
1721135227217.00, -2770, -463512, -21 
1721135227239.00, -2849, -463573, -21 
1721135227261.00, -3002, -463635, -21 
1721135227283.00, -2987, -463700, -19 
1721135227305.00, -2911, -463765, -18 
1721135227325.00, -2715, -463826, -18 
1721135227347.00, -2581, -463887, -21 
1721135227368.00, -2624, -463943, -21 
1721135227390.00, -2863, -464001, -21 
1721135227413.00, -2794, -464062, -17 
1721135227432.00, -2581, -464126, -15 
1721135227454.00, -2362, -464182, -15 
1721135227475.00, -2218, -464233, -20 
1721135227496.00, -2480, -464283, -26 
1721135227520.00, -3074, -464334, -27 
1721135227540.00, -3466, -464398, -24 
1721135227561.00, -3559, -464472, -29 
1721135227583.00, -3846, -464547, -30 
1721135227604.00, -3892, -464627, -25 
1721135227626.00, -3851, -464711, -23 
1721135227647.00, -3647, -464790, -24 
1721135227668.00, -3607, -464865, -27 
1721135227690.00, -3677, -464941, -28 
1721135227711.00, -3875, -465018, -21 
1721135227736.00, -3585, -465100, -20 
1721135227755.00, -3299, -465177, -29 
1721135227777.00, -3724, -465242, -32 
1721135227797.00, -3891, -465319, -27 
1721135227819.00, -3971, -465406, -21 
1721135227844.00, -3585, -465493, -27 
1721135227862.00, -3795, -465569, -42 
1721135227883.00, -4721, -465647, -38 
1721135227905.00, -5199, -465749, -23 
1721135227926.00, -4477, -465857, -26 
1721135227946.00, -4097, -465953, -30 
1721135227969.00, -4220, -466043, -25 
1721135227991.00, -3928, -466132, -13 
1721135228012.00, -2998, -466217, 4 
1721135228033.00, -1617, -466281, 14 
1721135228053.00, 53, -466318, 18 
1721135228075.00, 788, -466321, 14 
1721135228096.00, 1295, -466313, 5 
1721135228118.00, 770, -466287, 6 
1721135228140.00, 481, -466272, 6 
1721135228161.00, 328, -466261, 7 
1721135228189.00, 226, -466254, 10 
1721135228204.00, 0, -466250, -8 
1721135228225.00, 57, -466250, -16 
1721135228246.00, -191, -466250, -18 
1721135228268.00, -989, -466254, -15 
1721135228295.00, -1459, -466270, -10 
1721135228310.00, 68, -466299, -6 
1721135228331.00, 0, -466301, -1 
1721135228353.00, 0, -466301, 3 
1721135228373.00, 0, -466301, 0 
1721135228399.00, 0, -466301, -3 
1721135228416.00, -46, -466301, -6 
1721135228436.00, 1, -466301, -12 
1721135228458.00, -672, -466301, -11 
1721135228480.00, -983, -466312, -1 
1721135228503.00, -551, -466333, 7 
1721135228522.00, -280, -466344, 5 
1721135228543.00, -140, -466353, 0 
1721135228564.00, -87, -466356, -7 
1721135228586.00, -61, -466358, -8 
1721135228606.00, -39, -466359, -14 
1721135228628.00, -879, -466361, -22 
1721135228650.00, -1831, -466381, -21 
1721135228671.00, -2323, -466420, -23 
1721135228693.00, -2779, -466471, -27 
1721135228714.00, -3258, -466531, -21 
1721135228735.00, -3175, -466602, -25 
1721135228757.00, -3425, -466673, -33 
1721135228779.00, -3941, -466746, -35 
1721135228800.00, -4633, -466834, -20 
1721135228821.00, -3906, -466932, -29 
1721135228843.00, -4120, -467023, -34 
1721135228864.00, -4248, -467108, -23 
1721135228885.00, -3988, -467201, 9 
1721135228907.00, -2353, -467286, 3 
1721135228928.00, -1303, -467341, -17 
1721135228950.00, -1722, -467370, -17 
1721135228971.00, -1981, -467403, -1 
1721135228992.00, -1145, -467442, 23 
1721135229014.00, 91, -467469, 31 
1721135229036.00, 1723, -467468, 14 
1721135229057.00, 1842, -467438, 4 
1721135229078.00, 1095, -467402, 7 
1721135229099.00, 664, -467377, 16 
1721135229121.00, 1364, -467363, 16 
1721135229142.00, 1819, -467335, 9 
1721135229165.00, 1144, -467296, 34 
1721135229184.00, 2702, -467269, 41 
1721135229207.00, 4205, -467213, 30 
1721135229228.00, 4351, -467123, 23 
1721135229249.00, 3975, -467030, 16 
1721135229271.00, 3448, -466945, 4 
1721135229307.00, 2154, -466871, -3 
1721135229314.00, 1251, -466823, 5 
1721135229335.00, 717, -466795, 0 
1721135229357.00, 435, -466783, -6 
1721135229378.00, 275, -466770, -3 
1721135229400.00, 178, -466763, 4 
1721135229421.00, 108, -466759, 10 
1721135229442.00, 0, -466756, 10 
1721135229463.00, -1, -466756, 5 
1721135229484.00, -1, -466755, 1 
1721135229505.00, -4, -466755, 0 
1721135229526.00, -3, -466757, -3 
1721135229547.00, 0, -466756, -3 
1721135229568.00, 0, -466755, 11 
1721135229589.00, 647, -466755, 10 
1721135229610.00, 0, -466743, -7 
1721135229632.00, -2, -466742, -15 
1721135229653.00, -164, -466743, -17 
1721135229674.00, -1051, -466747, -16 
1721135229696.00, -1546, -466766, -9 
1721135229718.00, -883, -466797, -9 
1721135229738.00, -488, -466818, -19 
1721135229759.00, -1383, -466831, -20 
1721135229783.00, -2110, -466861, -21 
1721135229803.00, -2570, -466907, -26 
1721135229824.00, -3139, -466963, -24 
1721135229846.00, -3405, -467029, -22 
1721135229867.00, -3315, -467102, -22 
1721135229889.00, -3167, -467173, -18 
1721135229910.00, -3001, -467244, -11 
1721135229935.00, -2446, -467309, -7 
1721135229952.00, -1380, -467363, -3 
1721135229975.00, -746, -467393, -1 
1721135229996.00, -377, -467410, 0 
1721135230017.00, -211, -467418, 0 
1721135230041.00, -104, -467421, 6 
1721135230059.00, -60, -467425, 9 
1721135230080.00, -27, -467426, 8 
1721135230101.00, -35, -467426, 5 
1721135230123.00, -60, -467426, 5 
1721135230144.00, -11, -467426, 4 
1721135230165.00, -9, -467426, 7 
1721135230186.00, 1, -467428, 7 
1721135230206.00, -66, -467428, 9 
1721135230228.00, 0, -467427, 17 
1721135230252.00, 167, -467427, 24 
1721135230270.00, 1415, -467423, 20 
1721135230292.00, 2048, -467399, 9 
1721135230313.00, 1182, -467359, 5 
1721135230334.00, 653, -467334, 1 
1721135230356.00, 377, -467320, -2 
1721135230377.00, 226, -467311, -2 
1721135230399.00, 150, -467306, -1 
1721135230420.00, 107, -467304, -1 
1721135230442.00, 68, -467302, -1 
1721135230463.00, 36, -467301, -8 
1721135230484.00, 11, -467301, -6 
1721135230505.00, -2, -467301, -10 
1721135230526.00, 24, -467300, -14 
1721135230548.00, -102, -467300, -20 
1721135230569.00, -1088, -467303, -25 
1721135230591.00, -2061, -467320, -27 
1721135230613.00, -2757, -467362, -26 
1721135230634.00, -3279, -467422, -32 
1721135230655.00, -3871, -467489, -46 
1721135230677.00, -5143, -467570, -28 
1721135230701.00, -4752, -467676, -1 
1721135230719.00, -2861, -467779, 0 
1721135230740.00, -1689, -467839, 0 
1721135230762.00, -947, -467875, 2 
1721135230783.00, -483, -467896, 7 
1721135230805.00, -270, -467908, 11 
1721135230825.00, 27, -467912, 18 
1721135230847.00, 862, -467910, 21 
1721135230869.00, 1722, -467899, 9 
1721135230890.00, 988, -467866, 6 
1721135230916.00, 556, -467847, 2 
1721135230932.00, 319, -467835, 0 
1721135230953.00, 198, -467828, -4 
1721135230975.00, 147, -467823, -6 
1721135230996.00, 122, -467820, -5 
1721135231019.00, 108, -467817, 0 
1721135231039.00, 111, -467814, 5 
1721135231060.00, 89, -467812, 11 
1721135231082.00, 803, -467809, 10 
1721135231103.00, 0, -467797, 2 
1721135231124.00, 0, -467794, 1 
1721135231145.00, 0, -467793, -4 
1721135231166.00, -9, -467794, -10 
1721135231187.00, 1, -467794, -9 
1721135231208.00, 0, -467794, -6 
1721135231229.00, 0, -467793, 0 
1721135231250.00, 62, -467793, 6 
1721135231272.00, 17, -467792, 7 
1721135231293.00, 0, -467792, 11 
1721135231314.00, 664, -467791, 11 
1721135231335.00, 1086, -467780, 3 
1721135231357.00, 602, -467760, -11 
1721135231378.00, -65, -467747, -15 
1721135231400.00, -665, -467746, -14 
1721135231421.00, -1200, -467754, -12 
1721135231442.00, -1433, -467778, -29 
1721135231464.00, -2592, -467806, -33 
1721135231486.00, -3427, -467859, -20 
1721135231507.00, -3138, -467930, -8 
1721135231528.00, -1895, -467998, -5 
1721135231550.00, -1131, -468044, -24 
1721135231577.00, -2127, -468066, -28 
1721135231592.00, -2946, -468108, -18 
1721135231614.00, -2862, -468170, -12 
1721135231636.00, -2456, -468230, -7 
1721135231657.00, -1428, -468284, -24 
1721135231680.00, -2344, -468316, -35 
1721135231700.00, -3589, -468364, -20 
1721135231721.00, -3311, -468436, -13 
1721135231744.00, -2826, -468506, -10 
1721135231764.00, 1, -468566, 0 
1721135231785.00, 0, -468572, -15 
1721135231806.00, -816, -468573, -29 
1721135231828.00, -2215, -468589, -39 
1721135231850.00, -3776, -468631, -8 
1721135231871.00, -2303, -468710, -28 
1721135231892.00, -2976, -468762, -44 
1721135231914.00, -4489, -468828, -57 
1721135231935.00, -6211, -468924, -67 
1721135231957.00, -7800, -469054, -87 
1721135231978.00, -9897, -469224, -102 
1721135232004.00, -11955, -469432, -117 
1721135232021.00, -14215, -469693, -132 
1721135232042.00, -16711, -470001, -143 
1721135232064.00, -18313, -470359, -150 
1721135232086.00, -19948, -470761, -156 
1721135232108.00, -21089, -471190, -160 
1721135232130.00, -22010, -471636, -159 
1721135232152.00, -22496, -472113, -163 
1721135232173.00, -23284, -472600, -172 
1721135232195.00, -24130, -473104, -178 
1721135232216.00, -25130, -473631, -183 
1721135232238.00, -25945, -474178, -193 
1721135232260.00, -26902, -474729, -206 
1721135232281.00, -28105, -475304, -208 
1721135232302.00, -29142, -475920, -215 
1721135232324.00, -29924, -476553, -225 
1721135232346.00, -31272, -477213, -231 
1721135232367.00, -32456, -477882, -237 
1721135232389.00, -33590, -478572, -237 
1721135232411.00, -33975, -479299, -246 
1721135232433.00, -34724, -480040, -255 
1721135232454.00, -35555, -480793, -265 
1721135232476.00, -36907, -481554, -260 
1721135232497.00, -37349, -482350, -257 
1721135232519.00, -37417, -483166, -272 
1721135232540.00, -38135, -483983, -286 
1721135232563.00, -39522, -484805, -297 
1721135232584.00, -41047, -485660, -297 
1721135232606.00, -42036, -486554, -307 
1721135232627.00, -43125, -487463, -319 
1721135232649.00, -44417, -488385, -315 
1721135232670.00, -44993, -489349, -318 
1721135232692.00, -45335, -490335, -317 
1721135232713.00, -45731, -491307, -311 
1721135232736.00, -45226, -492295, -285 
1721135232757.00, -43273, -493288, -255 
1721135232779.00, -40471, -494225, -225 
1721135232800.00, -37047, -495093, -172 
1721135232821.00, -31811, -495897, -132 
1721135232844.00, -26246, -496598, -100 
1721135232865.00, -21044, -497173, -81 
1721135232887.00, -17094, -497623, -65 
1721135232908.00, -13806, -497987, -55 
1721135232930.00, -10952, -498278, -53 
1721135232952.00, -9230, -498521, -47 
1721135232973.00, -7679, -498722, -45 
1721135232994.00, -6844, -498890, -52 
1721135233016.00, -6813, -499037, -56 
1721135233037.00, -7055, -499184, -59 
1721135233059.00, -7453, -499335, -64 
1721135233080.00, -7635, -499493, -69 
1721135233102.00, -8140, -499661, -75 
1721135233123.00, -8728, -499840, -80 
1721135233145.00, -9439, -500032, -79 
1721135233165.00, -9855, -500239, -80 
1721135233187.00, -10364, -500451, -77 
1721135233209.00, -10165, -500669, -99 
1721135233231.00, -11552, -500892, -139 
1721135233252.00, -14617, -501145, -182 
1721135233274.00, -19102, -501462, -203 
1721135233296.00, -23350, -501880, -227 
1721135233320.00, -26882, -502379, -261 
1721135233339.00, -31270, -502972, -296 
1721135233360.00, -36134, -503654, -332 
1721135233382.00, -41185, -504419, -372 
1721135233404.00, -46425, -505302, -406 
1721135233426.00, -51526, -506312, -437 
1721135233447.00, -56471, -507431, -470 
1721135233469.00, -61631, -508653, -473 
1721135233490.00, -64530, -510007, -540 
1721135233512.00, -70341, -511392, -515 
1721135233534.00, -72381, -512923, -550 
1721135233555.00, -75653, -514474, -546 
1721135233577.00, -77247, -516127, -550 
1721135233599.00, -78435, -517803, -563 
1721135233620.00, -79732, -519510, -562 
1721135233644.00, -80415, -521226, -556 
1721135233664.00, -80400, -522980, -551 
1721135233685.00, -80290, -524714, -552 
1721135233707.00, -80224, -526470, -559 
1721135233728.00, -80440, -528189, -551 
1721135233751.00, -80150, -529938, -574 
1721135233771.00, -81319, -531665, -562 
1721135233793.00, -81186, -533440, -579 
1721135233815.00, -82136, -535193, -562 
1721135233836.00, -81696, -536981, -586 
1721135233858.00, -82871, -538740, -569 
1721135233882.00, -82583, -540537, -580 
1721135233902.00, -82936, -542334, -572 
1721135233923.00, -82734, -544126, -581 
1721135233945.00, -82972, -545922, -592 
1721135233968.00, -83732, -547706, -592 
1721135233988.00, -84159, -549542, -612 
1721135234009.00, -84424, -551356, -594 
1721135234031.00, -84498, -553186, -614 
1721135234053.00, -84588, -555010, -584 
1721135234076.00, -84304, -556843, -589 
1721135234096.00, -84456, -558670, -592 
1721135234118.00, -84509, -560493, -606 
1721135234139.00, -84380, -562330, -617 
1721135234161.00, -84585, -564146, -613 
1721135234184.00, -84312, -565992, -637 
1721135234204.00, -84446, -567819, -627 
1721135234226.00, -84287, -569652, -651 
1721135234248.00, -84392, -571469, -639 
1721135234269.00, -84493, -573297, -642 
1721135234295.00, -84450, -575139, -635 
1721135234312.00, -84484, -576956, -627 
1721135234334.00, -84336, -578781, -623 
1721135234355.00, -84294, -580604, -605 
1721135234377.00, -84291, -582443, -619 
1721135234401.00, -84295, -584270, -601 
1721135234421.00, -84218, -586097, -617 
1721135234441.00, -84271, -587914, -608 
1721135234464.00, -84367, -589745, -616 
1721135234485.00, -84532, -591578, -609 
1721135234507.00, -84399, -593396, -607 
1721135234529.00, -47950, -595219, -628 
1721135234550.00, -26108, -596269, -670 
1721135234572.00, -12840, -596859, -664 
1721135234594.00, -5387, -597159, -663 
1721135234615.00, -1078, -597286, -684 
1721135234640.00, 334, -597314, -677 
1721135234659.00, 1760, -597314, -669 
1721135234679.00, 2993, -597281, -653 
1721135234702.00, 3679, -597221, -628 
1721135234723.00, 3874, -597137, -601 
1721135234754.00, 4015, -597053, -586 
1721135234766.00, 4032, -596967, -568 
1721135234787.00, 3782, -596879, -544 
1721135234809.00, 4009, -596793, -521 
1721135234831.00, 3901, -596707, -503 
1721135234852.00, 3795, -596619, -484 
1721135234875.00, 3922, -596536, -469 
1721135234896.00, 3873, -596454, -463 
1721135234917.00, 3602, -596370, -456 
1721135234939.00, 3347, -596289, -440 
1721135234966.00, 3319, -596215, -425 
1721135234983.00, 3245, -596147, -412 
1721135235004.00, 3033, -596078, -407 
1721135235026.00, 3071, -596010, -393 
1721135235048.00, 2901, -595943, -384 
1721135235073.00, 2881, -595880, -378 
1721135235091.00, 2826, -595822, -376 
1721135235112.00, 2817, -595758, -366 
1721135235134.00, 2800, -595699, -359 
1721135235156.00, 2756, -595641, -354 
1721135235185.00, 2624, -595581, -350 
1721135235199.00, 2487, -595524, -348 
1721135235221.00, 2411, -595468, -346 
1721135235243.00, 2337, -595415, -342 
1721135235264.00, 2212, -595365, -343 
1721135235285.00, 2203, -595318, -348 
1721135235307.00, 2100, -595273, -352 
1721135235329.00, 1920, -595226, -352 
1721135235350.00, 1955, -595184, -354 
1721135235372.00, 1963, -595141, -356 
1721135235398.00, 1926, -595100, -357 
1721135235416.00, 1894, -595057, -354 
1721135235437.00, 1821, -595016, -349 
1721135235458.00, 1798, -594976, -347 
1721135235480.00, 1768, -594935, -345 
1721135235508.00, 1762, -594896, -340 
1721135235524.00, 1639, -594856, -337 
1721135235545.00, 1628, -594819, -333 
1721135235567.00, 1585, -594784, -334 
1721135235588.00, 1657, -594749, -324 
1721135235617.00, 1597, -594715, -306 
1721135235632.00, 1439, -594680, -299 
1721135235653.00, 1283, -594648, -298 
1721135235675.00, 1285, -594619, -300 
1721135235697.00, 1277, -594590, -291 
1721135235724.00, 1260, -594562, -283 
1721135235741.00, 1189, -594533, -276 
1721135235762.00, 1129, -594509, -284 
1721135235783.00, 1065, -594484, -298 
1721135235804.00, 1053, -594461, -298 
1721135235832.00, 1070, -594438, -290 
1721135235848.00, 1020, -594415, -285 
1721135235870.00, 1106, -594392, -284 
1721135235892.00, 1124, -594368, -277 
1721135235913.00, 1083, -594342, -267 
1721135235940.00, 1045, -594319, -264 
1721135235957.00, 1037, -594296, -266 
1721135235978.00, 987, -594274, -262 
1721135236000.00, 982, -594251, -254 
1721135236021.00, 920, -594231, -250 
1721135236043.00, 942, -594212, -256 
1721135236064.00, 946, -594193, -250 
1721135236086.00, 880, -594170, -238 
1721135236106.00, 871, -594150, -232 
1721135236129.00, 816, -594131, -232 
1721135236150.00, 806, -594112, -221 
1721135236171.00, 816, -594095, -207 
1721135236193.00, 794, -594077, -187 
1721135236215.00, 787, -594059, -179 
1721135236237.00, 748, -594043, -172 
1721135236260.00, 702, -594024, -156 
1721135236279.00, 680, -594009, -157 
1721135236301.00, 722, -593995, -158 
1721135236323.00, 700, -593979, -147 
1721135236344.00, 614, -593962, -145 
1721135236365.00, 575, -593949, -148 
1721135236388.00, 576, -593936, -154 
1721135236409.00, 544, -593924, -153 
1721135236431.00, 541, -593912, -148 
1721135236452.00, 511, -593902, -147 
1721135236474.00, 492, -593890, -152 
1721135236499.00, 469, -593880, -157 
1721135236517.00, 493, -593870, -156 
1721135236538.00, 516, -593859, -148 
1721135236560.00, 505, -593849, -144 
1721135236581.00, 456, -593838, -146 
1721135236607.00, 442, -593828, -149 
1721135236624.00, 428, -593820, -150 
1721135236646.00, 424, -593809, -150 
1721135236667.00, 399, -593801, -149 
1721135236689.00, 359, -593793, -157 
1721135236713.00, 340, -593786, -168 
1721135236732.00, 350, -593778, -167 
1721135236754.00, 349, -593771, -158 
1721135236775.00, 341, -593761, -154 
1721135236796.00, 345, -593755, -151 
1721135236824.00, 335, -593749, -152 
1721135236840.00, 307, -593742, -160 
1721135236861.00, 249, -593736, -172 
1721135236883.00, 218, -593732, -190 
1721135236904.00, 210, -593727, -203 
1721135236926.00, 220, -593724, -206 
1721135236947.00, 230, -593719, -204 
1721135236969.00, 220, -593714, -203 
1721135236991.00, 197, -593709, -211 
1721135237012.00, 174, -593706, -223 
1721135237037.00, 181, -593702, -235 
1721135237055.00, 178, -593699, -242 
1721135237077.00, 163, -593695, -252 
1721135237099.00, 154, -593691, -259 
1721135237120.00, 154, -593688, -272 
1721135237141.00, 193, -593686, -283 
1721135237163.00, 203, -593681, -285 
1721135237185.00, 194, -593677, -283 
1721135237206.00, 173, -593673, -285 
1721135237227.00, 186, -593670, -298 
1721135237251.00, 208, -593667, -301 
1721135237271.00, 226, -593661, -297 
1721135237292.00, 245, -593656, -293 
1721135237314.00, 233, -593652, -286 
1721135237336.00, 228, -593648, -286 
1721135237358.00, 207, -593640, -286 
1721135237378.00, 180, -593636, -282 
1721135237400.00, 181, -593633, -288 
1721135237421.00, 178, -593627, -286 
1721135237443.00, 189, -593624, -284 
1721135237465.00, 171, -593619, -275 
1721135237486.00, 166, -593615, -272 
1721135237507.00, 154, -593612, -269 
1721135237530.00, 148, -593609, -272 
1721135237550.00, 139, -593604, -272 
1721135237573.00, 143, -593602, -272 
1721135237594.00, 131, -593601, -274 
1721135237616.00, 140, -593598, -274 
1721135237637.00, 133, -593595, -269 
1721135237658.00, 123, -593591, -271 
1721135237681.00, 123, -593588, -271 
1721135237702.00, 120, -593586, -273 
1721135237723.00, 120, -593585, -277 
1721135237744.00, 112, -593582, -276 
1721135237766.00, 106, -593579, -274 
1721135237788.00, 120, -593576, -270 
1721135237809.00, 129, -593574, -266 
1721135237831.00, 129, -593570, -266 
1721135237853.00, 152, -593568, -264 
1721135237874.00, 143, -593564, -264 
1721135237895.00, 115, -593561, -262 
1721135237917.00, 100, -593559, -256 
1721135237939.00, 95, -593556, -256 
1721135237960.00, 71, -593553, -261 
1721135237981.00, 62, -593553, -265 
1721135238002.00, 60, -593551, -270 
1721135238024.00, 59, -593550, -273 
1721135238046.00, 69, -593549, -275 
1721135238068.00, 69, -593547, -274 
1721135238089.00, 75, -593546, -274 
1721135238110.00, 70, -593546, -279 
1721135238133.00, 81, -593543, -279 
1721135238153.00, 92, -593541, -277 
1721135238175.00, 77, -593541, -277 
1721135238196.00, 81, -593538, -281 
1721135238217.00, 63, -593537, -285 
1721135238239.00, 57, -593536, -288 
1721135238263.00, 58, -593535, -289 
1721135238282.00, 45, -593534, -287 
1721135238303.00, 44, -593532, -283 
1721135238324.00, 63, -593529, -280 
1721135238346.00, 56, -593529, -279 
1721135238368.00, 51, -593529, -283 
1721135238389.00, 61, -593527, -288 
1721135238411.00, 65, -593526, -290 
1721135238432.00, 60, -593525, -292 
1721135238459.00, 62, -593524, -287 
1721135238475.00, 62, -593523, -289 
1721135238496.00, 62, -593522, -291 
1721135238517.00, 67, -593520, -289 
1721135238539.00, 62, -593519, -288 
1721135238573.00, 53, -593518, -289 
1721135238582.00, 18, -593517, -288 
1721135238603.00, 64, -593516, -287 
1721135238625.00, 50, -593515, -288 
1721135238647.00, 59, -593515, -291 
1721135238668.00, 45, -593515, -293 
1721135238689.00, 65, -593512, -296 
1721135238711.00, 51, -593512, -295 
1721135238733.00, 20, -593511, -293 
1721135238754.00, 48, -593510, -291 
1721135238775.00, 0, -593509, -289 
1721135238797.00, 15, -593508, -289 
1721135238818.00, -1, -593507, -288 
1721135238840.00, 10, -593507, -288 
1721135238860.00, 0, -593507, -290 
1721135238882.00, 0, -593506, -288 
1721135238903.00, 1, -593506, -290 
1721135238925.00, 1, -593506, -289 
1721135238946.00, 0, -593506, -287 
1721135238968.00, 0, -593505, -287 
1721135238988.00, 0, -593506, -285 
1721135239010.00, 0, -593506, -285 
1721135239031.00, 15, -593505, -286 
1721135239053.00, 2, -593504, -286 
1721135239074.00, 0, -593505, -286 
1721135239096.00, 0, -593504, -286 
1721135239117.00, 0, -593504, -285 
1721135239138.00, 0, -593505, -284 
1721135239159.00, 0, -593504, -284 
1721135239180.00, 0, -593504, -283 
1721135239201.00, 0, -593504, -283 
1721135239223.00, 0, -593504, -282 
1721135239244.00, 42, -593503, -283 
1721135239266.00, 2, -593504, -284 
1721135239287.00, 0, -593503, -286 
1721135239308.00, 0, -593503, -286 
1721135239330.00, 32, -593504, -287 
1721135239351.00, 0, -593504, -287 
1721135239373.00, 1, -593504, -287 
1721135239394.00, 0, -593503, -287 
1721135239415.00, -4, -593504, -287 
1721135239436.00, 0, -593503, -287 
1721135239458.00, -44, -593503, -287 
1721135239479.00, 0, -593503, -289 
1721135239500.00, 0, -593503, -288 
1721135239522.00, 0, -593503, -287 
1721135239543.00, 0, -593503, -287 
1721135239565.00, 25, -593502, -285 
1721135239586.00, 0, -593503, -286 
1721135239608.00, 23, -593503, -286 
1721135239628.00, 0, -593503, -286 
1721135239657.00, 0, -593503, -286 
1721135239671.00, 6, -593503, -286 
1721135239692.00, 0, -593503, -287 
1721135239713.00, 0, -593503, -288 
1721135239735.00, 0, -593502, -287 
1721135239756.00, 0, -593503, -286 
1721135239778.00, -1, -593503, -285 
1721135239799.00, 0, -593502, -285 
1721135239819.00, 0, -593503, -285 
1721135239841.00, 39, -593502, -286 
1721135239863.00, 0, -593503, -286 
1721135239884.00, 0, -593503, -285 
1721135239906.00, 7, -593502, -283 
1721135239927.00, 1, -593502, -281 
1721135239948.00, 0, -593501, -280 
1721135239970.00, -33, -593502, -280 
1721135239993.00, 0, -593503, -280 
1721135240012.00, 0, -593501, -279 
1721135240033.00, 0, -593501, -279 
1721135240055.00, 0, -593501, -278 
1721135240076.00, 0, -593502, -278 
1721135240097.00, 0, -593502, -279 
1721135240118.00, 0, -593503, -281 
1721135240140.00, 0, -593502, -282 
1721135240161.00, 0, -593501, -282 
1721135240182.00, 41, -593502, -282 
1721135240204.00, 0, -593502, -280 
1721135240225.00, 0, -593501, -279 
1721135240246.00, 0, -593502, -277 
1721135240267.00, -6, -593501, -275 
1721135240289.00, 0, -593501, -275 
1721135240311.00, 0, -593500, -276 
1721135240332.00, 5, -593501, -276 
1721135240353.00, 0, -593501, -275 
1721135240374.00, 0, -593500, -274 
1721135240395.00, 0, -593500, -272 
1721135240417.00, -30, -593501, -270 
1721135240438.00, 0, -593500, -270 
1721135240459.00, 0, -593500, -270 
1721135240481.00, 0, -593500, -271 
1721135240502.00, 0, -593501, -272 
1721135240523.00, 0, -593501, -273 
1721135240544.00, 68, -593501, -273 
1721135240566.00, 56, -593500, -272 
1721135240587.00, 56, -593501, -271 
1721135240608.00, 0, -593500, -271 
1721135240630.00, 0, -593501, -271 
1721135240651.00, 0, -593500, -271 
1721135240673.00, 1, -593500, -270 
1721135240694.00, 0, -593499, -269 
1721135240715.00, 0, -593501, -268 
1721135240737.00, 6, -593501, -271 
1721135240758.00, 0, -593500, -270 
1721135240780.00, -5, -593499, -267 
1721135240801.00, 0, -593499, -263 
1721135240821.00, 0, -593498, -261 
1721135240843.00, 0, -593500, -260 
1721135240865.00, -51, -593500, -261 
1721135240886.00, 0, -593499, -260 
1721135240907.00, 0, -593499, -259 
1721135240929.00, 0, -593498, -259 
1721135240950.00, 0, -593499, -259 
1721135240971.00, 0, -593499, -256 
1721135240993.00, 0, -593499, -255 
1721135241014.00, 0, -593499, -253 
1721135241035.00, 0, -593498, -248 
1721135241056.00, 0, -593498, -244 
1721135241081.00, 0, -593498, -239 
1721135241099.00, 67, -593496, -229 
1721135241120.00, 2, -593495, -199 
1721135241142.00, 50, -593493, -172 
1721135241163.00, 67, -593490, -134 
1721135241190.00, 217, -593487, -91 
1721135241206.00, 298, -593479, -46 
1721135241227.00, 251, -593471, -10 
1721135241249.00, 173, -593463, 36 
1721135241270.00, 2288, -593457, 51 
1721135241291.00, 4401, -593407, 61 
1721135241314.00, 6454, -593316, 57 
1721135241335.00, 7406, -593179, 59 
1721135241356.00, 7865, -593022, 59 
1721135241377.00, 8391, -592852, 48 
1721135241399.00, 7758, -592679, 54 
1721135241420.00, 7889, -592510, 56 
1721135241442.00, 8313, -592344, 57 
1721135241463.00, 8229, -592167, 62 
1721135241485.00, 8677, -591997, 57 
1721135241507.00, 8456, -591812, 59 
1721135241528.00, 8586, -591628, 58 
1721135241549.00, 8852, -591442, 57 
1721135241571.00, 8557, -591258, 57 
1721135241592.00, 8341, -591074, 57 
1721135241613.00, 8210, -590893, 59 
1721135241635.00, 8231, -590713, 56 
1721135241657.00, 8080, -590530, 58 
1721135241678.00, 8019, -590356, 57 
1721135241699.00, 7993, -590179, 56 
1721135241720.00, 8281, -590006, 56 
1721135241742.00, 8162, -589832, 54 
1721135241764.00, 8168, -589655, 56 
1721135241786.00, 8040, -589485, 55 
1721135241807.00, 8110, -589313, 54 
1721135241829.00, 7747, -589141, 55 
1721135241849.00, 7695, -588971, 55 
1721135241871.00, 7730, -588805, 56 
1721135241893.00, 7857, -588637, 57 
1721135241915.00, 7952, -588468, 57 
1721135241936.00, 8258, -588296, 58 
1721135241958.00, 8097, -588117, 59 
1721135241979.00, 8427, -587947, 54 
1721135242000.00, 8073, -587768, 49 
1721135242021.00, 7684, -587593, 50 
1721135242043.00, 7591, -587425, 57 
1721135242064.00, 7723, -587262, 63 
1721135242086.00, 8229, -587096, 61 
1721135242107.00, 8348, -586918, 59 
1721135242128.00, 8608, -586736, 60 
1721135242150.00, 8520, -586553, 60 
1721135242171.00, 8729, -586369, 61 
1721135242193.00, 8688, -586188, 61 
1721135242215.00, 8862, -586004, 60 
1721135242236.00, 8592, -585817, 59 
1721135242258.00, 8442, -585630, 58 
1721135242279.00, 8266, -585451, 57 
1721135242300.00, 8298, -585270, 57 
1721135242322.00, 8229, -585092, 57 
1721135242343.00, 8095, -584916, 57 
1721135242365.00, 7931, -584741, 57 
1721135242386.00, 7983, -584566, 58 
1721135242408.00, 8416, -584395, 58 
1721135242429.00, 8307, -584219, 58 
1721135242451.00, 8339, -584036, 57 
1721135242472.00, 8322, -583864, 58 
1721135242494.00, 8498, -583681, 58 
1721135242515.00, 8432, -583504, 59 
1721135242537.00, 8174, -583322, 59 
1721135242558.00, 8182, -583143, 59 
1721135242580.00, 8156, -582967, 59 
1721135242601.00, 8241, -582794, 59 
1721135242623.00, 8146, -582615, 57 
1721135242644.00, 7969, -582437, 57 
1721135242665.00, 8189, -582263, 60 
1721135242686.00, 8298, -582092, 61 
1721135242708.00, 8457, -581912, 60 
1721135242730.00, 8512, -581728, 59 
1721135242751.00, 8338, -581546, 59 
1721135242772.00, 8545, -581364, 61 
1721135242794.00, 8593, -581184, 63 
1721135242816.00, 8565, -580997, 64 
1721135242842.00, 8952, -580808, 65 
1721135242859.00, 9128, -580621, 65 
1721135242880.00, 9057, -580426, 62 
1721135242902.00, 8925, -580227, 61 
1721135242923.00, 8546, -580032, 62 
1721135242944.00, 8780, -579843, 62 
1721135242966.00, 8739, -579662, 60 
1721135242988.00, 8654, -579476, 59 
1721135243009.00, 8666, -579291, 59 
1721135243030.00, 8374, -579109, 59 
1721135243055.00, 8485, -578927, 60 
1721135243073.00, 8417, -578748, 61 
1721135243095.00, 8387, -578566, 61 
1721135243115.00, 8505, -578381, 60 
1721135243138.00, 8424, -578201, 58 
1721135243162.00, 8510, -578019, 56 
1721135243181.00, 8264, -577840, 56 
1721135243202.00, 8227, -577661, 57 
1721135243223.00, 7971, -577487, 58 
1721135243245.00, 7998, -577312, 57 
1721135243268.00, 7938, -577140, 58 
1721135243288.00, 8035, -576966, 59 
1721135243309.00, 8139, -576792, 61 
1721135243331.00, 8205, -576620, 62 
1721135243352.00, 8432, -576442, 62 
1721135243373.00, 8701, -576266, 63 
1721135243395.00, 8718, -576082, 63 
1721135243417.00, 8612, -575893, 63 
1721135243438.00, 8865, -575708, 63 
1721135243459.00, 8719, -575523, 63 
1721135243482.00, 8636, -575328, 63 
1721135243502.00, 8626, -575138, 64 
1721135243523.00, 8918, -574950, 64 
1721135243545.00, 8806, -574762, 64 
1721135243567.00, 8897, -574569, 65 
1721135243589.00, 8731, -574375, 65 
1721135243609.00, 9075, -574180, 65 
1721135243631.00, 9337, -573989, 65 
1721135243652.00, 9596, -573793, 64 
1721135243674.00, 9408, -573587, 65 
1721135243695.00, 9322, -573388, 65 
1721135243717.00, 9138, -573189, 64 
1721135243738.00, 9035, -572991, 65 
1721135243766.00, 8886, -572794, 65 
1721135243781.00, 8779, -572601, 65 
1721135243803.00, 9082, -572411, 65 
1721135243824.00, 9422, -572219, 65 
1721135243847.00, 9538, -572020, 65 
1721135243868.00, 9557, -571818, 65 
1721135243889.00, 9546, -571619, 65 
1721135243910.00, 9634, -571416, 65 
1721135243931.00, 9488, -571212, 65 
1721135243953.00, 9253, -571009, 65 
1721135243974.00, 8960, -570809, 63 
1721135243997.00, 8981, -570611, 61 
1721135244017.00, 8527, -570418, 62 
1721135244039.00, 8677, -570228, 65 
1721135244061.00, 8737, -570047, 67 
1721135244082.00, 9005, -569858, 67 
1721135244103.00, 9057, -569669, 66 
1721135244125.00, 9008, -569472, 66 
1721135244145.00, 9256, -569277, 67 
1721135244168.00, 9639, -569084, 66 
1721135244189.00, 9653, -568883, 66 
1721135244211.00, 9507, -568674, 66 
1721135244232.00, 9554, -568473, 67 
1721135244253.00, 9655, -568270, 67 
1721135244275.00, 9484, -568066, 67 
1721135244297.00, 9331, -567857, 67 
1721135244318.00, 9364, -567653, 68 
1721135244339.00, 9419, -567456, 67 
1721135244362.00, 9208, -567248, 67 
1721135244382.00, 9283, -567041, 68 
1721135244403.00, 9482, -566846, 68 
1721135244425.00, 9670, -566645, 68 
1721135244447.00, 9609, -566443, 68 
1721135244468.00, 9452, -566236, 68 
1721135244490.00, 9411, -566035, 68 
1721135244511.00, 9453, -565832, 68 
1721135244532.00, 9402, -565626, 70 
1721135244554.00, 9425, -565421, 79 
1721135244576.00, 10006, -565216, 82 
1721135244597.00, 10852, -564997, 76 
1721135244619.00, 10816, -564764, 70 
1721135244640.00, 10232, -564528, 70 
1721135244661.00, 9981, -564303, 71 
1721135244683.00, 10116, -564085, 70 
1721135244705.00, 10047, -563865, 68 
1721135244726.00, 9658, -563652, 66 
1721135244748.00, 9352, -563444, 65 
1721135244769.00, 9166, -563240, 66 
1721135244791.00, 9053, -563043, 66 
1721135244812.00, 9355, -562847, 65 
1721135244834.00, 9565, -562653, 64 
1721135244855.00, 9620, -562455, 65 
1721135244876.00, 9566, -562253, 67 
1721135244898.00, 9651, -562049, 70 
1721135244919.00, 9833, -561845, 70 
1721135244941.00, 9703, -561635, 70 
1721135244962.00, 9596, -561422, 70 
1721135244984.00, 9662, -561213, 71 
1721135245005.00, 9722, -561003, 72 
1721135245026.00, 10004, -560792, 72 
1721135245048.00, 10138, -560576, 73 
1721135245070.00, 10048, -560361, 74 
1721135245091.00, 10246, -560144, 76 
1721135245113.00, 10252, -559925, 77 
1721135245135.00, 10224, -559701, 76 
1721135245156.00, 10560, -559477, 75 
1721135245178.00, 10543, -559260, 73 
1721135245199.00, 10435, -559028, 72 
1721135245221.00, 10205, -558802, 73 
1721135245242.00, 10273, -558580, 72 
1721135245264.00, 10188, -558358, 72 
1721135245286.00, 10055, -558137, 71 
1721135245307.00, 9964, -557917, 61 
1721135245328.00, 9263, -557703, 47 
1721135245350.00, 7870, -557499, 38 
1721135245371.00, 6436, -557321, 33 
1721135245393.00, 5515, -557176, 21 
1721135245414.00, 4197, -557059, 6 
1721135245436.00, 2196, -556970, -22 
1721135245457.00, -11, -556923, -58 
1721135245478.00, -3526, -556923, -95 
1721135245500.00, -8010, -556987, -128 
1721135245522.00, -12540, -557154, -159 
1721135245543.00, -17152, -557423, -193 
1721135245565.00, -22308, -557798, -224 
1721135245586.00, -27103, -558274, -255 
1721135245608.00, -31527, -558859, -279 
1721135245630.00, -35673, -559539, -295 
1721135245651.00, -39222, -560302, -308 
1721135245675.00, -42054, -561146, -329 
1721135245695.00, -44872, -562059, -345 
1721135245717.00, -47469, -563025, -348 
1721135245738.00, -49257, -564048, -350 
1721135245759.00, -50163, -565117, -357 
1721135245787.00, -51155, -566209, -369 
1721135245803.00, -52547, -567316, -376 
1721135245824.00, -53787, -568461, -384 
1721135245846.00, -55028, -569625, -388 
1721135245868.00, -55791, -570808, -393 
1721135245893.00, -56631, -572023, -407 
1721135245911.00, -57811, -573248, -408 
1721135245933.00, -58746, -574514, -409 
1721135245954.00, -59162, -575782, -416 
1721135245976.00, -59940, -577060, -413 
1721135246000.00, -60241, -578361, -418 
1721135246019.00, -60413, -579653, -413 
1721135246041.00, -60457, -580974, -408 
1721135246063.00, -60003, -582291, -409 
1721135246084.00, -59879, -583584, -399 
1721135246108.00, -59129, -584888, -400 
1721135246128.00, -58535, -586162, -398 
1721135246149.00, -58275, -587431, -392 
1721135246171.00, -57620, -588702, -391 
1721135246193.00, -57336, -589942, -381 
1721135246214.00, -56342, -591185, -376 
1721135246236.00, -55484, -592404, -371 
1721135246257.00, -54563, -593604, -360 
1721135246279.00, -31953, -594781, -356 
1721135246301.00, -18090, -595501, -366 
1721135246323.00, -9755, -595905, -368 
1721135246344.00, -4912, -596129, -378 
1721135246365.00, -2189, -596242, -392 
1721135246387.00, -595, -596289, -400 
1721135246407.00, -2, -596302, -390 
1721135246429.00, 87, -596302, -380 
1721135246451.00, 0, -596302, -370 
1721135246471.00, 0, -596301, -370 
1721135246493.00, 0, -596302, -374 
1721135246515.00, 0, -596301, -377 
1721135246536.00, 0, -596302, -378 
1721135246557.00, 32, -596302, -381 
1721135246579.00, 9, -596301, -384 
1721135246600.00, 0, -596302, -389 
1721135246621.00, -46, -596304, -393 
1721135246643.00, 0, -596304, -393 
1721135246664.00, 0, -596304, -385 
1721135246685.00, 25, -596302, -372 
1721135246706.00, 0, -596304, -367 
1721135246728.00, 0, -596302, -361 
1721135246749.00, 0, -596302, -359 
1721135246773.00, 0, -596302, -364 
1721135246792.00, -5, -596302, -365 
1721135246813.00, 0, -596301, -369 
1721135246834.00, 0, -596301, -371 
1721135246855.00, 0, -596302, -369 
1721135246877.00, 0, -596302, -363 
1721135246899.00, 0, -596302, -360 
1721135246920.00, 0, -596301, -363 
1721135246941.00, 0, -596302, -361 
1721135246962.00, 59, -596302, -361 
1721135246984.00, 0, -596302, -362 
1721135247004.00, 0, -596304, -369 
1721135247026.00, 0, -596302, -366 
1721135247048.00, 0, -596302, -364 
1721135247069.00, 0, -596301, -365 
1721135247090.00, 0, -596301, -365 
1721135247111.00, -31, -596304, -364 
1721135247132.00, -59, -596302, -364 
1721135247154.00, 0, -596304, -365 
1721135247175.00, 0, -596301, -467 
1721135247197.00, 0, -596302, -465 
1721135247218.00, 14, -596301, -466 
1721135247239.00, 0, -596302, -466 
1721135247260.00, 0, -596302, -468 
1721135247281.00, 0, -596302, -472 
1721135247302.00, 0, -596302, -477 
1721135247324.00, 0, -596302, -482 
1721135247344.00, 0, -596304, -479 
1721135247365.00, 0, -596302, -474 
1721135247387.00, 0, -596302, -471 
1721135247408.00, 0, -596301, -469 
1721135247430.00, 1, -596302, -468 
1721135247451.00, 5, -596301, -461 
1721135247471.00, -4, -596301, -454 
1721135247493.00, 25, -596300, -454 
1721135247514.00, 0, -596302, -452 
1721135247535.00, 3, -596302, -451 
1721135247557.00, 51, -596301, -448 
1721135247577.00, -50, -596301, -448 
1721135247598.00, 10, -596301, -448 
1721135247619.00, 0, -596301, -444 
1721135247644.00, 0, -596302, -440 
1721135247662.00, 0, -596300, -439 
1721135247683.00, -21, -596300, -438 
1721135247705.00, 0, -596300, -433 
1721135247726.00, 2, -596300, -433 
1721135247747.00, -1, -596302, -432 
1721135247768.00, -1, -596301, -429 
1721135247789.00, 39, -596300, -429 
1721135247811.00, -29, -596301, -430 
1721135247831.00, 0, -596301, -432 
1721135247853.00, 40, -596301, -430 
1721135247874.00, 10, -596301, -430 
1721135247895.00, 0, -596300, -431 
1721135247917.00, 0, -596301, -433 
1721135247937.00, 0, -596301, -429 
1721135247959.00, 0, -596301, -424 
1721135247980.00, -65, -596300, -419 
1721135248001.00, 0, -596300, -419 
1721135248022.00, 0, -596301, -426 
1721135248044.00, 0, -596301, -427 
1721135248065.00, -36, -596299, -422 
1721135248085.00, 20, -596300, -421 
1721135248107.00, 52, -596301, -426 
1721135248128.00, -25, -596300, -427 
1721135248149.00, -60, -596300, -415 
1721135248171.00, 53, -596300, -409 
1721135248192.00, -21, -596300, -411 
1721135248213.00, 4, -596300, -413 
