1721395259097.00, 0, -595575, -365 
1721395259118.00, 0, -595575, -368 
1721395259139.00, 0, -595576, -376 
1721395259160.00, 0, -595575, -378 
1721395259182.00, 0, -595576, -377 
1721395259203.00, 0, -595576, -375 
1721395259224.00, 0, -595576, -374 
1721395259245.00, 0, -595575, -375 
1721395259267.00, 0, -595576, -377 
1721395259287.00, 0, -595576, -379 
1721395259309.00, 0, -595578, -383 
1721395259331.00, 0, -595576, -385 
1721395259352.00, 0, -595576, -385 
1721395259374.00, 0, -595576, -385 
1721395259395.00, 0, -595576, -385 
1721395259416.00, 0, -595576, -387 
1721395259437.00, 0, -595576, -388 
1721395259459.00, 0, -595578, -389 
1721395259479.00, 0, -595578, -388 
1721395259501.00, 0, -595576, -386 
1721395259530.00, 0, -595578, -381 
1721395259543.00, 0, -595576, -375 
1721395259565.00, 0, -595576, -372 
1721395259586.00, 0, -595576, -370 
1721395259608.00, 0, -595575, -371 
1721395259628.00, 0, -595576, -370 
1721395259650.00, 0, -595576, -371 
1721395259671.00, -36, -595575, -371 
1721395259693.00, 0, -595576, -370 
1721395259714.00, 0, -595576, -369 
1721395259734.00, 0, -595578, -367 
1721395259756.00, 0, -595578, -367 
1721395259778.00, 0, -595576, -366 
1721395259799.00, 0, -595576, -366 
1721395259820.00, 0, -595576, -366 
1721395259843.00, 0, -595576, -364 
1721395259862.00, 0, -595578, -367 
1721395259884.00, 0, -595578, -367 
1721395259905.00, 0, -595576, -368 
1721395259926.00, 0, -595576, -366 
1721395259948.00, 0, -595576, -365 
1721395259970.00, 0, -595576, -362 
1721395259990.00, 1, -595576, -359 
1721395260012.00, 0, -595576, -357 
1721395260033.00, -58, -595576, -358 
1721395260054.00, 0, -595575, -361 
1721395260076.00, 0, -595576, -360 
1721395260097.00, 0, -595576, -358 
1721395260118.00, 0, -595576, -352 
1721395260139.00, 0, -595576, -349 
1721395260161.00, 0, -595578, -349 
1721395260182.00, 0, -595576, -350 
1721395260203.00, 0, -595576, -350 
1721395260224.00, 0, -595575, -350 
1721395260246.00, 0, -595576, -349 
1721395260268.00, 0, -595576, -349 
1721395260289.00, 0, -595578, -350 
1721395260309.00, 0, -595576, -351 
1721395260331.00, 0, -595576, -352 
1721395260352.00, 0, -595575, -349 
1721395260374.00, 0, -595575, -347 
1721395260395.00, 0, -595576, -349 
1721395260416.00, 0, -595576, -351 
1721395260438.00, 0, -595578, -352 
1721395260458.00, 0, -595576, -352 
1721395260481.00, 0, -595578, -351 
1721395260502.00, 0, -595578, -350 
1721395260523.00, 0, -595578, -350 
1721395260544.00, 0, -595576, -349 
1721395260566.00, 0, -595576, -349 
1721395260587.00, 0, -595576, -349 
1721395260608.00, 0, -595576, -350 
1721395260629.00, 0, -595576, -349 
1721395260651.00, 0, -595576, -349 
1721395260672.00, 0, -595575, -348 
1721395260693.00, 0, -595575, -344 
1721395260715.00, 0, -595575, -343 
1721395260736.00, 0, -595576, -344 
1721395260757.00, 0, -595576, -346 
1721395260779.00, 0, -595576, -348 
1721395260799.00, 0, -595576, -348 
1721395260821.00, 0, -595576, -348 
1721395260842.00, 0, -595575, -347 
1721395260863.00, 0, -595576, -348 
1721395260885.00, 0, -595575, -348 
1721395260906.00, 0, -595576, -348 
1721395260927.00, 0, -595575, -347 
1721395260948.00, 0, -595575, -346 
1721395260970.00, 0, -595576, -345 
1721395260991.00, 0, -595576, -346 
1721395261013.00, 0, -595576, -346 
1721395261033.00, 0, -595576, -345 
1721395261059.00, 0, -595575, -343 
1721395261076.00, 0, -595576, -342 
1721395261098.00, 0, -595576, -343 
1721395261119.00, 0, -595576, -342 
1721395261140.00, 0, -595576, -339 
1721395261162.00, 2, -595576, -337 
1721395261183.00, 0, -595576, -336 
1721395261204.00, 1, -595576, -335 
1721395261226.00, -2, -595576, -333 
1721395261247.00, 0, -595576, -331 
1721395261268.00, 0, -595575, -327 
1721395261289.00, 0, -595575, -324 
1721395261311.00, 0, -595576, -322 
1721395261332.00, 0, -595574, -320 
1721395261353.00, 0, -595575, -324 
1721395261374.00, 0, -595575, -334 
1721395261396.00, 0, -595576, -339 
1721395261417.00, 0, -595575, -339 
1721395261439.00, 0, -595575, -338 
1721395261459.00, 0, -595574, -340 
1721395261481.00, 0, -595576, -337 
1721395261502.00, 0, -595576, -337 
1721395261524.00, 0, -595576, -335 
1721395261545.00, 0, -595575, -334 
1721395261566.00, 0, -595576, -330 
1721395261587.00, 0, -595575, -328 
1721395261608.00, 0, -595578, -323 
1721395261630.00, 0, -595575, -323 
1721395261651.00, 0, -595576, -319 
1721395261673.00, 0, -595575, -314 
1721395261694.00, 0, -595574, -306 
1721395261715.00, 0, -595574, -299 
1721395261737.00, 5, -595574, -294 
1721395261758.00, 10, -595574, -295 
1721395261779.00, 0, -595575, -299 
1721395261801.00, 0, -595574, -302 
1721395261822.00, 0, -595574, -303 
1721395261843.00, 0, -595574, -305 
1721395261864.00, 0, -595574, -299 
1721395261885.00, 0, -595573, -288 
1721395261907.00, 0, -595573, -289 
1721395261928.00, 0, -595574, -296 
1721395261949.00, 0, -595574, -303 
1721395261971.00, 0, -595574, -302 
1721395261992.00, 0, -595573, -298 
1721395262013.00, 0, -595573, -294 
1721395262035.00, 0, -595573, -296 
1721395262056.00, 0, -595574, -302 
1721395262077.00, 0, -595574, -311 
1721395262099.00, 0, -595574, -314 
1721395262120.00, 0, -595574, -313 
1721395262144.00, 0, -595574, -312 
1721395262162.00, 0, -595574, -315 
1721395262184.00, 0, -595574, -326 
1721395262205.00, 0, -595575, -332 
1721395262226.00, -61, -595575, -324 
1721395262254.00, 0, -595575, -328 
1721395262269.00, 0, -595575, -327 
1721395262290.00, 0, -595575, -320 
1721395262312.00, 0, -595575, -318 
1721395262333.00, 0, -595576, -322 
1721395262354.00, 0, -595575, -324 
1721395262375.00, 0, -595575, -321 
1721395262397.00, 0, -595574, -318 
1721395262417.00, 0, -595574, -318 
1721395262439.00, 0, -595575, -315 
1721395262461.00, 0, -595574, -312 
1721395262482.00, 0, -595574, -314 
1721395262503.00, 0, -595575, -320 
1721395262524.00, 0, -595574, -320 
1721395262545.00, 0, -595574, -321 
1721395262567.00, 0, -595575, -327 
1721395262588.00, -1, -595574, -332 
1721395262609.00, 6, -595575, -336 
1721395262631.00, 46, -595574, -337 
1721395262652.00, 0, -595574, -337 
1721395262673.00, 0, -595575, -334 
1721395262695.00, 0, -595575, -333 
1721395262716.00, 0, -595576, -331 
1721395262737.00, 0, -595575, -326 
1721395262760.00, 0, -595574, -321 
1721395262780.00, 0, -595575, -320 
1721395262802.00, 0, -595574, -323 
1721395262823.00, 0, -595574, -324 
1721395262843.00, 0, -595576, -322 
1721395262865.00, 0, -595576, -319 
1721395262886.00, 1, -595575, -318 
1721395262908.00, 0, -595575, -316 
1721395262929.00, 0, -595575, -315 
1721395262951.00, 0, -595575, -315 
1721395262972.00, 0, -595575, -317 
1721395262992.00, 0, -595575, -323 
1721395263017.00, 0, -595576, -328 
1721395263036.00, 0, -595575, -325 
1721395263057.00, 0, -595574, -325 
1721395263078.00, 0, -595576, -326 
1721395263100.00, 1, -595575, -325 
1721395263125.00, 0, -595575, -321 
1721395263142.00, 68, -595574, -316 
1721395263164.00, 0, -595575, -313 
1721395263185.00, 0, -595575, -312 
1721395263206.00, 5, -595574, -312 
1721395263230.00, 0, -595575, -313 
1721395263249.00, 0, -595575, -312 
1721395263270.00, 0, -595575, -312 
1721395263291.00, 0, -595574, -312 
1721395263313.00, 0, -595575, -310 
1721395263334.00, 0, -595574, -307 
1721395263354.00, 0, -595575, -309 
1721395263377.00, 0, -595575, -309 
1721395263398.00, 0, -595574, -307 
1721395263419.00, 0, -595575, -306 
1721395263440.00, 0, -595575, -308 
1721395263462.00, 0, -595575, -309 
1721395263483.00, 0, -595575, -309 
1721395263504.00, 0, -595575, -307 
1721395263526.00, 0, -595575, -305 
1721395263547.00, 0, -595574, -303 
1721395263568.00, 0, -595575, -303 
1721395263590.00, 67, -595574, -302 
1721395263611.00, 0, -595574, -301 
1721395263634.00, 0, -595575, -301 
1721395263653.00, -3, -595574, -302 
1721395263675.00, -51, -595574, -304 
1721395263695.00, 0, -595575, -306 
1721395263717.00, 0, -595574, -305 
1721395263738.00, 0, -595574, -305 
1721395263760.00, 0, -595574, -306 
1721395263781.00, 0, -595574, -305 
1721395263802.00, 0, -595574, -301 
1721395263823.00, 0, -595574, -298 
1721395263844.00, 0, -595574, -300 
1721395263866.00, 0, -595573, -300 
1721395263889.00, 0, -595574, -299 
1721395263909.00, 0, -595575, -299 
1721395263930.00, -23, -595574, -298 
1721395263952.00, 0, -595574, -298 
1721395263973.00, 0, -595574, -298 
1721395263999.00, 0, -595574, -297 
1721395264015.00, -13, -595575, -293 
1721395264036.00, 0, -595575, -289 
1721395264058.00, 0, -595574, -290 
1721395264079.00, 0, -595574, -293 
1721395264100.00, 0, -595573, -294 
1721395264122.00, 0, -595574, -293 
1721395264143.00, 0, -595575, -293 
1721395264164.00, 0, -595574, -297 
1721395264186.00, 0, -595574, -299 
1721395264207.00, 0, -595573, -297 
1721395264227.00, 0, -595574, -294 
1721395264251.00, 0, -595574, -295 
1721395264271.00, 0, -595574, -295 
1721395264292.00, 0, -595574, -294 
1721395264314.00, 0, -595574, -295 
1721395264336.00, 0, -595575, -315 
1721395264357.00, 67, -595575, -329 
1721395264378.00, 0, -595574, -324 
1721395264399.00, 0, -595574, -310 
1721395264421.00, 0, -595574, -288 
1721395264442.00, 0, -595573, -269 
1721395264463.00, 0, -595571, -251 
1721395264485.00, 0, -595571, -235 
1721395264506.00, 0, -595571, -227 
1721395264527.00, 0, -595569, -215 
1721395264549.00, 0, -595569, -195 
1721395264570.00, 1, -595566, -161 
1721395264592.00, 33, -595564, -114 
1721395264613.00, 24, -595561, -73 
1721395264634.00, 0, -595558, -25 
1721395264655.00, 0, -595557, -7 
1721395264677.00, 0, -595556, -2 
1721395264697.00, 0, -595556, 1 
1721395264719.00, 0, -595556, -6 
1721395264740.00, 0, -595556, -1 
1721395264764.00, 0, -595557, -4 
1721395264782.00, 12, -595555, -4 
1721395264803.00, 0, -595555, -1 
1721395264824.00, 0, -595556, -2 
1721395264845.00, 0, -595556, -1 
1721395264866.00, 0, -595555, -3 
1721395264887.00, -1, -595555, -3 
1721395264909.00, 0, -595555, -2 
1721395264930.00, 0, -595555, -2 
1721395264950.00, 0, -595555, -3 
1721395264972.00, 8, -595554, -4 
1721395264993.00, 0, -595555, -5 
1721395265014.00, 0, -595555, -4 
1721395265036.00, 0, -595554, -5 
1721395265057.00, 66, -595554, -5 
1721395265078.00, 0, -595553, -5 
1721395265103.00, 51, -595554, -5 
1721395265120.00, 0, -595555, -5 
1721395265141.00, 0, -595554, -5 
1721395265163.00, 62, -595555, -4 
1721395265183.00, 0, -595553, -4 
1721395265205.00, 0, -595554, -4 
1721395265226.00, 0, -595554, -3 
1721395265247.00, 0, -595553, -3 
1721395265268.00, 0, -595553, -4 
1721395265289.00, 0, -595553, -3 
1721395265310.00, 0, -595553, -3 
1721395265331.00, 0, -595553, -3 
1721395265353.00, -4, -595553, -3 
1721395265374.00, 0, -595553, -3 
1721395265394.00, -1, -595553, -3 
1721395265416.00, 0, -595552, -5 
1721395265437.00, 0, -595553, -8 
1721395265458.00, 0, -595552, -8 
1721395265479.00, 0, -595553, -8 
1721395265500.00, 0, -595552, -7 
1721395265521.00, 0, -595552, -7 
1721395265543.00, 0, -595552, -6 
1721395265564.00, 0, -595552, -4 
1721395265585.00, 0, -595552, -2 
1721395265606.00, 0, -595551, 1 
1721395265627.00, 0, -595551, 9 
1721395265648.00, 0, -595551, 10 
1721395265669.00, 1, -595550, 12 
1721395265690.00, 749, -595550, 15 
1721395265712.00, 1298, -595537, 18 
1721395265733.00, 1859, -595511, 20 
1721395265755.00, 2363, -595472, 23 
1721395265776.00, 2684, -595420, 28 
1721395265798.00, 3298, -595361, 34 
1721395265819.00, 4098, -595290, 42 
1721395265841.00, 4910, -595205, 48 
1721395265864.00, 5868, -595098, 54 
1721395265883.00, 6800, -594973, 61 
1721395265905.00, 7855, -594825, 71 
1721395265926.00, 8830, -594661, 80 
1721395265947.00, 9977, -594468, 91 
1721395265969.00, 11264, -594254, 100 
1721395265991.00, 12510, -594008, 110 
1721395266013.00, 13910, -593726, 122 
1721395266035.00, 15527, -593418, 137 
1721395266056.00, 17336, -593083, 145 
1721395266079.00, 18927, -592710, 158 
1721395266099.00, 20543, -592302, 170 
1721395266121.00, 22642, -591853, 184 
1721395266143.00, 24446, -591360, 194 
1721395266164.00, 26162, -590833, 202 
1721395266186.00, 27904, -590261, 217 
1721395266207.00, 29463, -589667, 230 
1721395266230.00, 31233, -589036, 243 
1721395266251.00, 33046, -588359, 250 
1721395266272.00, 34258, -587641, 255 
1721395266294.00, 35532, -586888, 260 
1721395266316.00, 36530, -586125, 268 
1721395266337.00, 37436, -585334, 274 
1721395266359.00, 38549, -584511, 279 
1721395266381.00, 39377, -583677, 290 
1721395266402.00, 40711, -582830, 298 
1721395266424.00, 41951, -581953, 300 
1721395266446.00, 42895, -581035, 306 
1721395266467.00, 43775, -580102, 320 
1721395266488.00, 45063, -579167, 321 
1721395266511.00, 45539, -578191, 330 
1721395266532.00, 46400, -577193, 338 
1721395266553.00, 47576, -576195, 342 
1721395266576.00, 48506, -575171, 336 
1721395266597.00, 48698, -574111, 340 
1721395266619.00, 49027, -573060, 343 
1721395266641.00, 49451, -572001, 321 
1721395266662.00, 48234, -570925, 324 
1721395266684.00, 47625, -569886, 349 
1721395266705.00, 48855, -568856, 345 
1721395266727.00, 49253, -567795, 342 
1721395266748.00, 49265, -566721, 363 
1721395266770.00, 50823, -565659, 373 
1721395266791.00, 52072, -564551, 376 
1721395266813.00, 52930, -563427, 390 
1721395266835.00, 54285, -562284, 393 
1721395266857.00, 55366, -561098, 404 
1721395266879.00, 56707, -559902, 416 
1721395266900.00, 58187, -558673, 412 
1721395266921.00, 58600, -557407, 423 
1721395266943.00, 59629, -556147, 442 
1721395266965.00, 61234, -554847, 440 
1721395266987.00, 62183, -553516, 452 
1721395267009.00, 63611, -552176, 409 
1721395267030.00, 61563, -550794, 466 
1721395267052.00, 63764, -549470, 428 
1721395267073.00, 62872, -548069, 447 
1721395267095.00, 63357, -546713, 455 
1721395267117.00, 64117, -545341, 415 
1721395267138.00, 62445, -543947, 431 
1721395267159.00, 62206, -542607, 451 
1721395267181.00, 63115, -541245, 435 
1721395267203.00, 63087, -539889, 431 
1721395267225.00, 62506, -538519, 444 
1721395267246.00, 62900, -537164, 466 
1721395267268.00, 64552, -535805, 456 
1721395267290.00, 64823, -534399, 460 
1721395267311.00, 65169, -533000, 452 
1721395267333.00, 64795, -531578, 454 
1721395267354.00, 64954, -530182, 449 
1721395267376.00, 64490, -528769, 438 
1721395267398.00, 63560, -527370, 451 
1721395267419.00, 63809, -526000, 434 
1721395267442.00, 63080, -524607, 419 
1721395267462.00, 61554, -523256, 426 
1721395267484.00, 61041, -521907, 425 
1721395267505.00, 60793, -520582, 441 
1721395267528.00, 61575, -519265, 440 
1721395267549.00, 62041, -517926, 456 
1721395267571.00, 63349, -516590, 454 
1721395267593.00, 63755, -515203, 458 
1721395267614.00, 64218, -513827, 479 
1721395267635.00, 65921, -512427, 483 
1721395267657.00, 67176, -511001, 490 
1721395267679.00, 68235, -509556, 471 
1721395267700.00, 67724, -508061, 487 
1721395267726.00, 68379, -506608, 478 
1721395267744.00, 68347, -505113, 471 
1721395267766.00, 67762, -503649, 484 
1721395267787.00, 68082, -502169, 459 
1721395267809.00, 66383, -500704, 440 
1721395267831.00, 64221, -499254, 420 
1721395267853.00, 61881, -497867, 442 
1721395267874.00, 61547, -496530, 432 
1721395267896.00, 61332, -495186, 441 
1721395267917.00, 61648, -493879, 444 
1721395267940.00, 61818, -492528, 440 
1721395267961.00, 61862, -491191, 452 
1721395267982.00, 62331, -489857, 434 
1721395268003.00, 61736, -488495, 435 
1721395268025.00, 61489, -487170, 444 
1721395268048.00, 61606, -485830, 446 
1721395268069.00, 61877, -484497, 435 
1721395268090.00, 61625, -483150, 417 
1721395268112.00, 60190, -481813, 420 
1721395268133.00, 59449, -480523, 401 
1721395268156.00, 57955, -479229, 385 
1721395268177.00, 56229, -477976, 387 
1721395268199.00, 55117, -476761, 376 
1721395268220.00, 53804, -475558, 367 
1721395268242.00, 52538, -474402, 363 
1721395268264.00, 51702, -473258, 361 
1721395268285.00, 50990, -472139, 346 
1721395268307.00, 49633, -471050, 330 
1721395268328.00, 48031, -469962, 314 
1721395268350.00, 45784, -468925, 291 
1721395268374.00, 43292, -467944, 279 
1721395268393.00, 41026, -466999, 256 
1721395268415.00, 38135, -466099, 236 
1721395268436.00, 35305, -465266, 225 
1721395268458.00, 32925, -464510, 209 
1721395268480.00, 30638, -463787, 196 
1721395268501.00, 28661, -463114, 181 
1721395268523.00, 26531, -462492, 165 
1721395268545.00, 24209, -461924, 146 
1721395268566.00, 21925, -461405, 130 
1721395268588.00, 19575, -460934, 118 
1721395268609.00, 17489, -460502, 117 
1721395268630.00, 16078, -460111, 118 
1721395268652.00, 15688, -459768, 115 
1721395268674.00, 14829, -459435, 103 
1721395268696.00, 13672, -459109, 93 
1721395268718.00, 12670, -458811, 86 
1721395268739.00, 11273, -458541, 79 
1721395268761.00, 10197, -458295, 71 
1721395268782.00, 9191, -458079, 61 
1721395268803.00, 8043, -457880, 56 
1721395268825.00, 6842, -457704, 53 
1721395268846.00, 6174, -457552, 54 
1721395268868.00, 6046, -457416, 55 
1721395268889.00, 5918, -457287, 57 
1721395268910.00, 6141, -457160, 57 
1721395268933.00, 6123, -457032, 62 
1721395268954.00, 6220, -456895, 59 
1721395268975.00, 6483, -456756, 58 
1721395268996.00, 6345, -456622, 58 
1721395269018.00, 6292, -456485, 58 
1721395269040.00, 6493, -456348, 55 
1721395269061.00, 6327, -456208, 52 
1721395269082.00, 5910, -456072, 50 
1721395269104.00, 5719, -455941, 55 
1721395269126.00, 5843, -455817, 56 
1721395269147.00, 6151, -455691, 54 
1721395269169.00, 6151, -455561, 58 
1721395269190.00, 6399, -455429, 60 
1721395269211.00, 6852, -455291, 62 
1721395269233.00, 7278, -455150, 61 
1721395269255.00, 7486, -455002, 62 
1721395269276.00, 7271, -454849, 63 
1721395269297.00, 7429, -454691, 68 
1721395269319.00, 7662, -454531, 70 
1721395269340.00, 8149, -454362, 71 
1721395269365.00, 8354, -454189, 71 
1721395269383.00, 8549, -454007, 74 
1721395269404.00, 8905, -453819, 75 
1721395269426.00, 9334, -453623, 72 
1721395269447.00, 9324, -453427, 68 
1721395269468.00, 8964, -453232, 63 
1721395269490.00, 8549, -453031, 62 
1721395269511.00, 8354, -452851, 64 
1721395269533.00, 8122, -452671, 65 
1721395269555.00, 8325, -452495, 66 
1721395269579.00, 8391, -452318, 66 
1721395269598.00, 8535, -452140, 65 
1721395269619.00, 8289, -451958, 64 
1721395269641.00, 8362, -451782, 62 
1721395269662.00, 8076, -451609, 61 
1721395269683.00, 8200, -451434, 58 
1721395269705.00, 7599, -451262, 52 
1721395269726.00, 6962, -451094, 47 
1721395269748.00, 6417, -450940, 30 
1721395269769.00, 5098, -450802, 22 
1721395269791.00, 3835, -450688, 10 
1721395269812.00, -55, -450605, -2 
1721395269834.00, -62, -450599, -20 
1721395269854.00, -1398, -450602, -25 
1721395269876.00, -2614, -450627, -34 
1721395269898.00, -4042, -450681, -40 
1721395269919.00, -5344, -450769, -45 
1721395269940.00, -6156, -450883, -61 
1721395269962.00, -7572, -451017, -78 
1721395269984.00, -9460, -451180, -81 
1721395270005.00, -10754, -451381, -84 
1721395270027.00, -11718, -451613, -101 
1721395270048.00, -13175, -451865, -115 
1721395270070.00, -15210, -452150, -125 
1721395270092.00, -16649, -452473, -136 
1721395270113.00, -18650, -452841, -143 
1721395270135.00, -19938, -453235, -147 
1721395270156.00, -20954, -453664, -157 
1721395270178.00, -22005, -454122, -159 
1721395270200.00, -22795, -454600, -162 
1721395270221.00, -23400, -455088, -168 
1721395270242.00, -24026, -455589, -167 
1721395270264.00, -24512, -456113, -169 
1721395270286.00, -24725, -456646, -166 
1721395270307.00, -24505, -457185, -163 
1721395270330.00, -24620, -457728, -160 
1721395270351.00, -24140, -458254, -150 
1721395270373.00, -23294, -458774, -142 
1721395270395.00, -22702, -459283, -136 
1721395270416.00, -21505, -459773, -130 
1721395270438.00, -20587, -460244, -122 
1721395270459.00, -19378, -460698, -122 
1721395270481.00, -18789, -461122, -116 
1721395270503.00, -18038, -461526, -107 
1721395270524.00, -17462, -461909, -87 
1721395270546.00, -15486, -462277, -72 
1721395270568.00, -13474, -462613, -56 
1721395270589.00, -11122, -462907, -39 
1721395270610.00, -8718, -463151, -19 
1721395270632.00, -6204, -463342, -3 
1721395270653.00, -3538, -463479, 7 
1721395270674.00, -1978, -463558, 7 
1721395270696.00, -1048, -463605, 7 
1721395270717.00, -494, -463627, 10 
1721395270738.00, 20, -463639, 14 
1721395270759.00, 123, -463642, 6 
1721395270781.00, 0, -463637, -10 
1721395270802.00, 0, -463638, -22 
1721395270823.00, -893, -463638, -19 
1721395270845.00, -1618, -463651, -13 
1721395270866.00, -1749, -463685, -29 
1721395270892.00, -2699, -463724, -41 
1721395270909.00, -4050, -463782, -41 
1721395270930.00, -4809, -463868, -41 
1721395270952.00, -5333, -463971, -49 
1721395270973.00, -5865, -464086, -52 
1721395270995.00, -6592, -464214, -53 
1721395271016.00, -7141, -464354, -56 
1721395271038.00, -7371, -464506, -58 
1721395271059.00, -7822, -464667, -56 
1721395271081.00, -7979, -464828, -52 
1721395271102.00, -7763, -464994, -50 
1721395271123.00, -7611, -465161, -52 
1721395271145.00, -7745, -465319, -55 
1721395271167.00, -7966, -465485, -53 
1721395271188.00, -7596, -465652, -47 
1721395271209.00, -7120, -465820, -42 
1721395271231.00, -6477, -465976, -36 
1721395271252.00, -6001, -466122, -33 
1721395271274.00, -5349, -466253, -36 
1721395271295.00, -5163, -466369, -36 
1721395271317.00, -5204, -466481, -34 
1721395271338.00, -5033, -466592, -33 
1721395271360.00, -4818, -466703, -38 
1721395271381.00, -5245, -466809, -42 
1721395271403.00, -5341, -466920, -42 
1721395271424.00, -5631, -467042, -43 
1721395271446.00, -5890, -467164, -43 
1721395271467.00, -5976, -467290, -46 
1721395271488.00, -6007, -467418, -46 
1721395271509.00, -6361, -467550, -41 
1721395271531.00, -6198, -467683, -33 
1721395271553.00, -5705, -467816, -30 
1721395271574.00, -5209, -467937, -28 
1721395271596.00, -4624, -468046, -45 
1721395271618.00, -5182, -468142, -37 
1721395271638.00, -5282, -468255, -43 
1721395271662.00, -5706, -468367, -34 
1721395271682.00, -5237, -468485, -29 
1721395271702.00, -4703, -468600, -23 
1721395271724.00, -4105, -468703, -25 
1721395271746.00, -3809, -468791, -26 
1721395271770.00, -3628, -468873, -38 
1721395271789.00, -4343, -468953, -37 
1721395271810.00, -4766, -469045, -25 
1721395271832.00, -4190, -469145, -15 
1721395271854.00, -3258, -469239, -16 
1721395271879.00, -2856, -469308, -19 
1721395271896.00, -2773, -469367, -20 
1721395271918.00, -2738, -469427, -23 
1721395271939.00, -2910, -469488, -26 
1721395271961.00, -3064, -469553, -39 
1721395271983.00, -4109, -469619, -46 
1721395272003.00, -5288, -469702, -44 
1721395272025.00, -5590, -469811, -40 
1721395272047.00, -5594, -469933, -40 
1721395272068.00, -5651, -470058, -38 
1721395272089.00, -5480, -470181, -38 
1721395272111.00, -5415, -470302, -39 
1721395272132.00, -5438, -470419, -41 
1721395272153.00, -5554, -470537, -44 
1721395272175.00, -5910, -470657, -43 
1721395272197.00, -6156, -470781, -38 
1721395272219.00, -5928, -470911, -37 
1721395272239.00, -5575, -471036, -40 
1721395272261.00, -5523, -471156, -44 
1721395272283.00, -5682, -471273, -47 
1721395272304.00, -5967, -471395, -46 
1721395272326.00, -6171, -471521, -44 
1721395272347.00, -6401, -471651, -37 
1721395272368.00, -6020, -471784, -33 
1721395272390.00, -5417, -471912, -35 
1721395272411.00, -5300, -472029, -37 
1721395272433.00, -5053, -472139, -38 
1721395272454.00, -5228, -472253, -36 
1721395272476.00, -5131, -472362, -33 
1721395272497.00, -4845, -472472, -32 
1721395272517.00, -4631, -472578, -31 
1721395272539.00, -4438, -472681, -35 
1721395272562.00, -4612, -472780, -35 
1721395272583.00, -4677, -472877, -33 
1721395272605.00, -4655, -472976, -29 
1721395272626.00, -4395, -473076, -25 
1721395272652.00, -3996, -473171, -31 
1721395272669.00, -4134, -473260, -31 
1721395272690.00, -4283, -473348, -21 
1721395272712.00, -3489, -473440, -22 
1721395272733.00, -3271, -473518, -29 
1721395272760.00, -3386, -473588, -17 
1721395272776.00, -2935, -473661, -2 
1721395272797.00, -1649, -473725, 9 
1721395272819.00, -880, -473763, 4 
1721395272840.00, -373, -473785, -12 
1721395272861.00, -773, -473794, -25 
1721395272883.00, -1871, -473809, -23 
1721395272904.00, -2344, -473847, -10 
1721395272926.00, -4, -473897, -1 
1721395272947.00, 31, -473903, -11 
1721395272970.00, -451, -473903, -8 
1721395272989.00, -227, -473910, 1 
1721395273010.00, -96, -473914, 5 
1721395273032.00, -71, -473917, 6 
1721395273053.00, -49, -473919, -6 
1721395273074.00, 3, -473919, -3 
1721395273095.00, 0, -473921, 0 
1721395273116.00, -64, -473921, 8 
1721395273137.00, -66, -473922, -6 
1721395273158.00, -41, -473923, -12 
1721395273180.00, -804, -473922, 1 
1721395273201.00, -483, -473938, 4 
1721395273222.00, -282, -473950, -1 
1721395273243.00, -136, -473955, 1 
1721395273265.00, -64, -473957, 1 
1721395273286.00, -41, -473960, -3 
1721395273309.00, 6, -473960, -3 
1721395273328.00, -2, -473961, -4 
1721395273349.00, 0, -473961, 3 
1721395273369.00, -6, -473960, 7 
1721395273391.00, 0, -473960, 14 
1721395273416.00, 107, -473961, 2 
1721395273434.00, 0, -473956, -2 
1721395273454.00, 1, -473957, 7 
1721395273475.00, 0, -473956, 14 
1721395273497.00, 739, -473956, 15 
1721395273518.00, 1358, -473947, 5 
1721395273540.00, 789, -473921, -5 
1721395273562.00, 422, -473905, -1 
1721395273583.00, 208, -473894, 3 
1721395273603.00, 108, -473892, 2 
1721395273626.00, 66, -473889, -5 
1721395273647.00, 23, -473889, -3 
1721395273668.00, 5, -473887, -4 
1721395273688.00, 1, -473887, -14 
1721395273710.00, -101, -473885, -12 
1721395273731.00, -695, -473889, 1 
1721395273752.00, -404, -473896, 5 
1721395273774.00, -231, -473903, -2 
1721395273795.00, -122, -473908, -12 
1721395273817.00, -830, -473911, -11 
1721395273838.00, -1197, -473928, -1 
1721395273859.00, -729, -473951, 0 
1721395273881.00, -433, -473968, -8 
1721395273902.00, -281, -473979, -20 
1721395273924.00, -1359, -473985, -26 
1721395273945.00, -2404, -474013, -23 
1721395273966.00, -2859, -474062, -8 
1721395273987.00, -1774, -474122, -1 
1721395274009.00, -1065, -474164, -25 
1721395274031.00, -2132, -474190, -26 
1721395274052.00, -2871, -474232, -18 
1721395274073.00, -2759, -474291, -19 
1721395274095.00, -2834, -474350, -15 
1721395274116.00, -2535, -474409, -16 
1721395274138.00, -2463, -474466, -29 
1721395274160.00, -3218, -474520, -35 
1721395274180.00, -4074, -474586, -35 
1721395274202.00, -4550, -474668, -26 
1721395274224.00, -4245, -474763, -8 
1721395274244.00, -2550, -474853, -11 
1721395274267.00, -2103, -474912, -41 
1721395274287.00, -3739, -474957, -30 
1721395274309.00, -4076, -475032, -9 
1721395274330.00, -2457, -475118, -16 
1721395274352.00, -2381, -475176, -34 
1721395274373.00, -3330, -475227, -17 
1721395274395.00, -3000, -475294, -1 
1721395274417.00, -1758, -475357, 5 
1721395274438.00, -987, -475398, 3 
1721395274459.00, -490, -475420, 5 
1721395274480.00, -262, -475430, 8 
1721395274504.00, -123, -475436, 0 
1721395274522.00, -41, -475439, -14 
1721395274543.00, -864, -475439, -17 
1721395274565.00, -1462, -475459, -10 
1721395274586.00, 0, -475488, -8 
1721395274609.00, 0, -475491, -5 
1721395274629.00, 13, -475490, 7 
1721395274650.00, 0, -475490, 19 
1721395274671.00, 788, -475490, 21 
1721395274693.00, 1591, -475483, 7 
1721395274714.00, 891, -475453, 1 
1721395274735.00, 482, -475434, -5 
1721395274757.00, 292, -475424, -9 
1721395274778.00, 153, -475418, 0 
1721395274799.00, 71, -475416, -1 
1721395274820.00, 33, -475414, -10 
1721395274842.00, 32, -475414, -13 
1721395274863.00, -82, -475411, -1 
1721395274884.00, 0, -475415, 12 
1721395274905.00, 179, -475414, 18 
1721395274927.00, 1143, -475409, 8 
1721395274948.00, 726, -475387, 6 
1721395274969.00, 405, -475368, 21 
1721395274991.00, 1521, -475360, 19 
1721395275012.00, 2086, -475330, 1 
1721395275034.00, 1225, -475287, -3 
1721395275056.00, 702, -475258, 3 
1721395275077.00, 383, -475242, 2 
1721395275098.00, 206, -475234, 9 
1721395275119.00, 112, -475231, 8 
1721395275140.00, 62, -475230, 9 
1721395275162.00, 3, -475229, -1 
1721395275183.00, 4, -475228, -6 
1721395275204.00, 33, -475227, 3 
1721395275225.00, 0, -475227, 3 
1721395275246.00, 67, -475226, 0 
1721395275271.00, 50, -475225, 20 
1721395275289.00, 1202, -475227, -7 
1721395275311.00, 724, -475205, -43 
1721395275332.00, -1690, -475188, -38 
1721395275353.00, -3027, -475213, -25 
1721395275376.00, -3341, -475272, -21 
1721395275396.00, -3322, -475342, -16 
1721395275418.00, -2848, -475412, -6 
1721395275439.00, -1702, -475473, 0 
1721395275460.00, -1055, -475509, 2 
1721395275485.00, -609, -475533, 4 
1721395275502.00, -385, -475544, 9 
1721395275523.00, -247, -475553, 5 
1721395275544.00, -121, -475556, 5 
1721395275565.00, -61, -475559, 7 
1721395275586.00, -3, -475561, 9 
1721395275609.00, 2, -475560, 17 
1721395275630.00, 219, -475560, 24 
1721395275651.00, 1500, -475555, 27 
1721395275673.00, 2443, -475530, 23 
1721395275694.00, 2787, -475481, 18 
1721395275715.00, 2762, -475420, 19 
1721395275736.00, 2804, -475358, 20 
1721395275759.00, 2831, -475297, 20 
1721395275779.00, 2791, -475236, 19 
1721395275801.00, 2753, -475178, 21 
1721395275822.00, 2875, -475117, 22 
1721395275844.00, 2995, -475058, 14 
1721395275866.00, 2509, -474994, 11 
1721395275886.00, 2046, -474939, 11 
1721395275908.00, 1849, -474894, 16 
1721395275930.00, 2063, -474857, 21 
1721395275951.00, 2494, -474812, 23 
1721395275973.00, 2796, -474761, 23 
1721395275995.00, 2871, -474700, 23 
1721395276016.00, 3006, -474640, 20 
1721395276038.00, 2800, -474577, 15 
1721395276058.00, 2513, -474518, 8 
1721395276080.00, 1417, -474465, 7 
1721395276101.00, 748, -474433, 7 
1721395276122.00, 336, -474416, 7 
1721395276144.00, 113, -474408, 11 
1721395276165.00, 703, -474405, 11 
1721395276186.00, 1047, -474392, 8 
1721395276208.00, 518, -474371, 5 
1721395276229.00, 221, -474359, 0 
1721395276252.00, 48, -474355, -7 
1721395276271.00, 0, -474354, -7 
1721395276292.00, 0, -474353, -1 
1721395276314.00, 0, -474353, 3 
1721395276335.00, 0, -474353, 4 
1721395276356.00, 0, -474352, 3 
1721395276377.00, 0, -474352, 2 
1721395276398.00, 0, -474352, 4 
1721395276419.00, 0, -474352, 7 
1721395276440.00, -19, -474352, 4 
1721395276461.00, 0, -474353, -4 
1721395276482.00, -2, -474353, -13 
1721395276503.00, -122, -474354, -20 
1721395276525.00, -1194, -474358, -15 
1721395276547.00, -1586, -474376, -2 
1721395276568.00, -924, -474405, 10 
1721395276589.00, 57, -474422, 25 
1721395276611.00, 1135, -474424, 33 
1721395276632.00, 2524, -474409, 30 
1721395276654.00, 3212, -474363, 11 
1721395276675.00, 2546, -474299, -6 
1721395276696.00, 1525, -474242, 4 
1721395276717.00, 822, -474208, 26 
1721395276739.00, 1909, -474190, 31 
1721395276761.00, 3069, -474149, 10 
1721395276782.00, 6, -474086, -1 
1721395276803.00, 0, -474079, 18 
1721395276825.00, 1002, -474078, 31 
1721395276846.00, 2581, -474059, 22 
1721395276868.00, 2719, -474008, 12 
1721395276889.00, 2489, -473951, -41 
1721395276910.00, -554, -473896, -29 
1721395276932.00, -1889, -473901, -26 
1721395276953.00, -2624, -473935, 7 
1721395276974.00, -1492, -473984, 8 
1721395276996.00, -762, -474017, 14 
1721395277017.00, -4, -474033, 31 
1721395277038.00, 1596, -474036, 5 
1721395277059.00, 882, -474013, -39 
1721395277081.00, -1292, -473997, -48 
1721395277102.00, -3597, -474016, -27 
1721395277124.00, -3808, -474081, -6 
1721395277145.00, -2244, -474162, 6 
1721395277166.00, -1305, -474212, 9 
1721395277188.00, -668, -474240, 8 
1721395277209.00, -343, -474257, 14 
1721395277230.00, 48, -474263, 17 
1721395277251.00, 929, -474259, 25 
1721395277273.00, 2061, -474245, 33 
1721395277295.00, 3079, -474206, 33 
1721395277316.00, 3982, -474140, 28 
1721395277338.00, 4137, -474056, 22 
1721395277359.00, 3647, -473966, 20 
1721395277380.00, 3322, -473886, 16 
1721395277401.00, 2965, -473811, 15 
1721395277422.00, 2713, -473747, 18 
1721395277445.00, 2649, -473690, 22 
1721395277467.00, 2961, -473629, 30 
1721395277487.00, 3650, -473565, 36 
1721395277509.00, 4278, -473487, 37 
1721395277530.00, 4783, -473397, 34 
1721395277552.00, 5119, -473294, 27 
1721395277574.00, 4730, -473185, 24 
1721395277595.00, 4217, -473083, 23 
1721395277617.00, 3838, -472993, 15 
1721395277637.00, 3093, -472908, 4 
1721395277659.00, 1834, -472842, 0 
1721395277680.00, 1041, -472802, 5 
1721395277702.00, 556, -472776, 9 
1721395277723.00, 327, -472764, 9 
1721395277745.00, 194, -472758, 11 
1721395277765.00, 836, -472754, 11 
1721395277788.00, 1146, -472736, 16 
1721395277809.00, 1683, -472714, -10 
1721395277830.00, 50, -472677, -2 
1721395277851.00, 0, -472675, 5 
1721395277872.00, 0, -472675, -1 
1721395277899.00, 0, -472674, -6 
1721395277915.00, 0, -472675, -7 
1721395277935.00, 0, -472674, -6 
1721395277957.00, 0, -472674, -10 
1721395277978.00, 0, -472675, -15 
1721395278003.00, -150, -472676, -18 
1721395278020.00, -1113, -472680, -19 
1721395278042.00, -1768, -472700, -16 
1721395278064.00, -2040, -472736, -8 
1721395278085.00, -1207, -472776, -2 
1721395278106.00, -823, -472804, -2 
1721395278128.00, -490, -472819, -12 
1721395278149.00, -1052, -472830, -26 
1721395278171.00, -2190, -472853, -24 
1721395278192.00, -2709, -472898, -15 
1721395278215.00, -2569, -472956, 0 
1721395278234.00, -1619, -473008, 9 
1721395278256.00, -923, -473046, -15 
1721395278278.00, -1371, -473069, -38 
1721395278299.00, -3125, -473097, -24 
1721395278321.00, -3245, -473159, -11 
1721395278342.00, -2657, -473233, -7 
1721395278363.00, -1602, -473293, -11 
1721395278385.00, -1667, -473329, -10 
1721395278406.00, 1, -473361, -6 
1721395278427.00, 0, -473365, -1 
1721395278448.00, 0, -473366, -5 
1721395278469.00, 0, -473366, -3 
1721395278494.00, 0, -473366, -14 
1721395278512.00, -809, -473367, -18 
1721395278533.00, -1635, -473382, -12 
1721395278554.00, -1697, -473415, -8 
1721395278576.00, -970, -473450, -5 
1721395278597.00, -522, -473472, -5 
1721395278618.00, -240, -473483, -13 
1721395278640.00, -946, -473490, -17 
1721395278662.00, -1616, -473511, -17 
1721395278682.00, -2009, -473544, -9 
1721395278704.00, -1166, -473584, 1 
1721395278725.00, -762, -473611, 2 
1721395278747.00, -436, -473626, -2 
1721395278768.00, -199, -473634, -1 
1721395278789.00, -86, -473639, 0 
1721395278810.00, -30, -473641, -2 
1721395278832.00, -45, -473643, -3 
1721395278853.00, -66, -473642, -1 
1721395278875.00, -23, -473643, -6 
1721395278895.00, 0, -473644, -4 
1721395278916.00, 0, -473644, -3 
1721395278937.00, 0, -473644, 0 
1721395278958.00, 0, -473644, 0 
1721395278979.00, 0, -473643, 2 
1721395279000.00, 0, -473644, 2 
1721395279021.00, 0, -473645, -1 
1721395279042.00, 0, -473645, -6 
1721395279064.00, -39, -473645, -9 
1721395279085.00, 1, -473646, -11 
1721395279107.00, -645, -473646, -13 
1721395279127.00, -1179, -473659, -14 
1721395279149.00, -1636, -473686, -16 
1721395279171.00, -1970, -473720, -16 
1721395279192.00, -2117, -473762, -17 
1721395279213.00, -2182, -473808, -10 
1721395279235.00, 12, -473857, -4 
1721395279255.00, 0, -473860, 0 
1721395279277.00, 0, -473862, -13 
1721395279298.00, -712, -473860, -9 
1721395279320.00, -385, -473873, -9 
1721395279341.00, -219, -473881, -14 
1721395279362.00, -987, -473887, -17 
1721395279384.00, -1591, -473906, -9 
1721395279405.00, -886, -473940, 2 
1721395279428.00, -493, -473960, 10 
1721395279447.00, 0, -473972, 2 
1721395279469.00, 0, -473974, -6 
1721395279490.00, 0, -473975, -9 
1721395279511.00, 0, -473974, -6 
1721395279533.00, 0, -473974, -4 
1721395279553.00, 0, -473974, -3 
1721395279574.00, -3, -473974, -4 
1721395279595.00, 0, -473974, -6 
1721395279616.00, 0, -473974, -6 
1721395279638.00, 0, -473974, -7 
1721395279658.00, -29, -473974, -6 
1721395279680.00, 0, -473974, -3 
1721395279701.00, 0, -473973, 0 
1721395279721.00, 0, -473974, 2 
1721395279742.00, 0, -473973, 1 
1721395279764.00, 0, -473975, -6 
1721395279785.00, 0, -473974, -14 
1721395279806.00, -799, -473974, -11 
1721395279828.00, -1143, -473990, -3 
1721395279849.00, -649, -474013, -3 
1721395279870.00, -343, -474029, -5 
1721395279892.00, -174, -474037, -6 
1721395279913.00, -79, -474041, -6 
1721395279934.00, -63, -474043, -5 
1721395279955.00, -64, -474043, -2 
1721395279976.00, 4, -474045, -6 
1721395279997.00, -23, -474045, -7 
1721395280019.00, 5, -474047, -10 
1721395280040.00, 6, -474047, -15 
1721395280061.00, -936, -474047, -12 
1721395280083.00, -1310, -474066, -10 
1721395280104.00, -40, -474093, -11 
1721395280126.00, -699, -474096, -14 
1721395280147.00, -1308, -474110, -13 
1721395280168.00, -1530, -474138, -10 
1721395280190.00, 0, -474172, -11 
1721395280210.00, -665, -474175, -9 
1721395280232.00, -391, -474188, -1 
1721395280253.00, -281, -474196, 3 
1721395280275.00, -232, -474202, 2 
1721395280296.00, -197, -474206, 1 
1721395280317.00, -184, -474209, -1 
1721395280339.00, -157, -474214, -2 
1721395280359.00, -151, -474217, 0 
1721395280380.00, -139, -474218, 0 
1721395280403.00, -143, -474221, 4 
1721395280423.00, -135, -474225, 2 
1721395280444.00, -122, -474227, 2 
1721395280466.00, -109, -474229, 6 
1721395280487.00, -102, -474232, 14 
1721395280508.00, 87, -474234, 19 
1721395280530.00, 1000, -474230, 18 
1721395280551.00, 1645, -474216, 16 
1721395280573.00, 1844, -474185, 26 
1721395280594.00, 2603, -474144, 39 
1721395280615.00, 4016, -474085, 47 
1721395280637.00, 5380, -474002, 46 
1721395280659.00, 5877, -473891, 45 
1721395280679.00, 6302, -473762, 47 
1721395280701.00, 6626, -473629, 49 
1721395280723.00, 6775, -473489, 47 
1721395280744.00, 6945, -473347, 34 
1721395280766.00, 5850, -473195, 26 
1721395280787.00, 5014, -473061, 25 
1721395280809.00, 4347, -472952, 21 
1721395280830.00, 3887, -472859, 19 
1721395280851.00, 3369, -472777, 14 
1721395280873.00, 2805, -472702, 10 
1721395280894.00, -50, -472642, 9 
1721395280915.00, 0, -472637, 15 
1721395280937.00, 784, -472637, 14 
1721395280958.00, 1297, -472625, 12 
1721395280980.00, 1479, -472597, 11 
1721395281001.00, 1579, -472565, 6 
1721395281023.00, 928, -472534, -2 
1721395281044.00, 556, -472512, -1 
1721395281068.00, 332, -472499, 3 
1721395281086.00, 230, -472493, 7 
1721395281107.00, 149, -472488, 12 
1721395281129.00, 854, -472484, 15 
1721395281151.00, 1491, -472465, 21 
1721395281174.00, 2150, -472433, 36 
1721395281193.00, 3409, -472387, 35 
1721395281215.00, 4059, -472315, 27 
1721395281236.00, 3968, -472228, 23 
1721395281258.00, 3735, -472144, 14 
1721395281281.00, 3007, -472063, 5 
1721395281300.00, 1717, -471999, -7 
1721395281322.00, 987, -471962, -13 
1721395281343.00, 0, -471940, -13 
1721395281365.00, -407, -471939, -12 
1721395281386.00, -989, -471945, -15 
1721395281408.00, -1514, -471963, -21 
1721395281429.00, -2047, -471990, -24 
1721395281450.00, -2593, -472034, -25 
1721395281472.00, -3147, -472089, -27 
1721395281493.00, -3519, -472155, -29 
1721395281514.00, -3923, -472229, -31 
1721395281536.00, -4187, -472310, -23 
1721395281557.00, -3999, -472401, -22 
1721395281579.00, -3734, -472486, -38 
1721395281600.00, -4568, -472567, -42 
1721395281622.00, -5279, -472665, -37 
1721395281644.00, -5414, -472777, -31 
1721395281665.00, -5141, -472891, -30 
1721395281686.00, -4758, -473001, -34 
1721395281708.00, -4751, -473105, -35 
1721395281729.00, -4629, -473208, -30 
1721395281751.00, -4510, -473315, -21 
1721395281773.00, -3833, -473412, -24 
1721395281794.00, -3682, -473493, -32 
1721395281815.00, -3924, -473572, -33 
1721395281837.00, -4200, -473659, -33 
1721395281858.00, -4357, -473748, -31 
1721395281880.00, -4354, -473844, -32 
1721395281901.00, -4313, -473938, -30 
1721395281922.00, -4267, -474032, -30 
1721395281944.00, -4328, -474124, -28 
1721395281966.00, -4104, -474217, -29 
1721395281987.00, -4160, -474306, -33 
1721395282008.00, -4256, -474393, -33 
1721395282030.00, -4250, -474484, -28 
1721395282052.00, -4135, -474575, -24 
1721395282073.00, -3776, -474661, -23 
1721395282094.00, -3579, -474742, -23 
1721395282116.00, -3459, -474816, -24 
1721395282138.00, -3475, -474892, -25 
1721395282159.00, -3631, -474962, -23 
1721395282180.00, -3513, -475035, -20 
1721395282201.00, -3172, -475109, -18 
1721395282223.00, -2777, -475179, -18 
1721395282244.00, -2557, -475240, -17 
1721395282266.00, -2459, -475294, -15 
1721395282288.00, -2231, -475347, -11 
1721395282308.00, -1894, -475396, -6 
1721395282330.00, -987, -475436, -6 
1721395282351.00, -382, -475460, -10 
1721395282376.00, 0, -475470, -12 
1721395282394.00, -603, -475472, -13 
1721395282415.00, -1080, -475483, -12 
1721395282437.00, -1365, -475505, -11 
1721395282459.00, -1432, -475533, -13 
1721395282480.00, -1545, -475563, -16 
1721395282502.00, -1801, -475598, -18 
1721395282523.00, -2053, -475637, -21 
1721395282545.00, -2420, -475681, -25 
1721395282566.00, -2975, -475733, -27 
1721395282587.00, -3317, -475797, -29 
1721395282609.00, -3706, -475869, -32 
1721395282630.00, -4053, -475949, -35 
1721395282652.00, -4430, -476038, -37 
1721395282673.00, -4823, -476131, -36 
1721395282695.00, -5083, -476231, -34 
1721395282716.00, -5025, -476339, -30 
1721395282737.00, -4738, -476446, -26 
1721395282759.00, -4445, -476550, -23 
1721395282780.00, -3887, -476644, -22 
1721395282802.00, -3477, -476731, -23 
1721395282823.00, -3248, -476809, -22 
1721395282845.00, -3198, -476881, -22 
1721395282866.00, -3111, -476947, -19 
1721395282887.00, -2890, -477016, -16 
1721395282909.00, -2517, -477079, -13 
1721395282931.00, -2169, -477134, -12 
1721395282952.00, -1907, -477182, -16 
1721395282974.00, -1967, -477225, -16 
1721395282994.00, -1984, -477266, -14 
1721395283017.00, -2084, -477311, -16 
1721395283038.00, -2190, -477356, -20 
1721395283059.00, -2473, -477405, -23 
1721395283081.00, -2791, -477457, -27 
1721395283102.00, -3285, -477513, -30 
1721395283124.00, -3767, -477580, -36 
1721395283146.00, -4309, -477659, -44 
1721395283167.00, -5079, -477751, -39 
1721395283188.00, -5352, -477856, -32 
1721395283210.00, -5009, -477966, -31 
1721395283231.00, -4559, -478072, -36 
1721395283253.00, -4725, -478176, -37 
1721395283274.00, -4857, -478277, -36 
1721395283296.00, -5170, -478384, -43 
1721395283317.00, -5489, -478491, -44 
1721395283339.00, -5542, -478605, -34 
1721395283361.00, -5345, -478729, -17 
1721395283381.00, -4012, -478843, -17 
1721395283403.00, -3281, -478933, -24 
1721395283424.00, -3256, -479005, -20 
1721395283446.00, -3111, -479078, -15 
1721395283467.00, -2712, -479144, -9 
1721395283489.00, -1504, -479202, -6 
1721395283510.00, -777, -479236, -9 
1721395283531.00, -306, -479253, -8 
1721395283552.00, -47, -479262, -9 
1721395283574.00, 0, -479263, -4 
1721395283595.00, -4, -479263, 1 
1721395283616.00, 42, -479262, 8 
1721395283636.00, 2, -479262, 9 
1721395283658.00, 0, -479263, 0 
1721395283679.00, 0, -479263, 0 
1721395283699.00, 0, -479262, 9 
1721395283721.00, 0, -479263, 10 
1721395283742.00, 0, -479263, 10 
1721395283763.00, 0, -479263, 10 
1721395283783.00, 0, -479264, 1 
1721395283806.00, 0, -479264, -18 
1721395283827.00, -1100, -479264, -23 
1721395283848.00, -1947, -479282, -23 
1721395283869.00, -2457, -479323, -9 
1721395283891.00, -1487, -479375, 0 
1721395283915.00, -848, -479408, 0 
1721395283933.00, -445, -479429, -7 
1721395283954.00, -260, -479439, -5 
1721395283976.00, -134, -479444, -5 
1721395283997.00, -66, -479446, -2 
1721395284018.00, -66, -479448, -4 
1721395284039.00, -12, -479450, -6 
1721395284061.00, -66, -479450, -6 
1721395284082.00, 6, -479450, -2 
1721395284103.00, -6, -479451, 0 
1721395284124.00, -41, -479451, 0 
1721395284145.00, -66, -479450, 4 
1721395284166.00, -31, -479451, 7 
1721395284188.00, -50, -479452, 5 
1721395284208.00, -8, -479452, 1 
1721395284232.00, -62, -479453, -1 
1721395284251.00, 5, -479454, -3 
1721395284272.00, 0, -479454, -4 
1721395284292.00, 0, -479453, 0 
1721395284314.00, 0, -479454, 1 
1721395284335.00, 0, -479454, 0 
1721395284356.00, 0, -479454, 0 
1721395284377.00, 15, -479454, -1 
1721395284398.00, 0, -479453, -1 
1721395284420.00, -18, -479454, 0 
1721395284441.00, 0, -479454, 2 
1721395284462.00, 0, -479454, 4 
1721395284483.00, -12, -479454, 5 
1721395284504.00, 0, -479454, 4 
1721395284525.00, 0, -479454, 3 
1721395284546.00, 0, -479454, 0 
1721395284570.00, 4, -479454, 0 
1721395284588.00, 0, -479454, 4 
1721395284609.00, 0, -479454, 9 
1721395284630.00, 0, -479454, 18 
1721395284652.00, 187, -479453, 31 
1721395284678.00, 1855, -479447, 28 
1721395284694.00, 2756, -479413, 17 
1721395284716.00, 2650, -479358, 8 
1721395284737.00, 1566, -479301, 3 
1721395284758.00, 953, -479265, 0 
1721395284780.00, 549, -479244, 5 
1721395284801.00, 311, -479231, 8 
1721395284822.00, 164, -479225, 7 
1721395284844.00, 104, -479222, -2 
1721395284865.00, 80, -479219, 0 
1721395284887.00, 64, -479218, 3 
1721395284907.00, 62, -479216, 5 
1721395284929.00, 64, -479214, 3 
1721395284950.00, 64, -479213, 2 
1721395284971.00, 60, -479213, 0 
1721395284992.00, 57, -479212, 0 
1721395285014.00, 58, -479210, -2 
1721395285035.00, 36, -479210, -3 
1721395285056.00, 34, -479210, -7 
1721395285077.00, 67, -479209, -4 
1721395285099.00, 30, -479207, -1 
1721395285120.00, 65, -479206, 0 
1721395285141.00, 67, -479206, -2 
1721395285162.00, 43, -479206, -8 
1721395285183.00, 28, -479203, -2 
1721395285205.00, 48, -479202, 1 
1721395285225.00, 50, -479202, 2 
1721395285247.00, 64, -479201, 1 
1721395285268.00, 3, -479199, 2 
1721395285290.00, 16, -479199, -1 
1721395285310.00, 1, -479199, -4 
1721395285332.00, -1, -479198, 0 
1721395285353.00, 18, -479198, 0 
1721395285374.00, 0, -479198, -1 
1721395285395.00, 0, -479197, 0 
1721395285416.00, 0, -479198, -2 
1721395285437.00, 0, -479197, -7 
1721395285458.00, 0, -479198, -8 
1721395285480.00, 0, -479196, -2 
1721395285500.00, 0, -479198, 0 
1721395285522.00, 0, -479197, -6 
1721395285547.00, 24, -479197, -12 
1721395285564.00, -88, -479198, -10 
1721395285585.00, 0, -479201, -8 
1721395285607.00, 0, -479200, -5 
1721395285628.00, 0, -479200, -5 
1721395285649.00, 68, -479200, -6 
1721395285670.00, 0, -479200, -2 
1721395285692.00, 0, -479200, -1 
1721395285712.00, 0, -479200, -2 
1721395285733.00, 0, -479200, 1 
1721395285754.00, 0, -479200, 2 
1721395285775.00, 0, -479200, 5 
1721395285797.00, 0, -479201, 8 
1721395285817.00, 0, -479200, 7 
1721395285838.00, 0, -479199, 3 
1721395285860.00, 3, -479200, -2 
1721395285886.00, 18, -479199, -5 
1721395285902.00, 0, -479199, -7 
1721395285924.00, 0, -479199, -7 
1721395285945.00, 0, -479199, -5 
1721395285965.00, 0, -479199, -2 
1721395285987.00, 0, -479200, -1 
1721395286008.00, -3, -479200, -3 
1721395286029.00, 8, -479200, -4 
1721395286050.00, 1, -479200, -6 
1721395286072.00, -16, -479199, -7 
1721395286092.00, 0, -479198, -2 
1721395286113.00, 0, -479197, 10 
1721395286134.00, -2, -479198, 31 
1721395286156.00, 1751, -479195, 45 
1721395286178.00, 3807, -479167, 40 
1721395286204.00, 4475, -479087, 39 
1721395286221.00, 5158, -478985, 37 
1721395286242.00, 5280, -478877, 36 
1721395286264.00, 5308, -478763, 37 
1721395286284.00, 5369, -478649, 28 
1721395286306.00, 4681, -478535, 21 
1721395286328.00, 4110, -478432, 29 
1721395286349.00, 4114, -478344, 29 
1721395286371.00, 4223, -478256, 32 
1721395286392.00, 4549, -478166, 36 
1721395286414.00, 4889, -478071, 40 
1721395286435.00, 5195, -477966, 43 
1721395286457.00, 5684, -477860, 19 
1721395286478.00, 4610, -477743, 23 
1721395286500.00, 3978, -477646, 15 
1721395286521.00, 3206, -477561, 7 
1721395286542.00, 1842, -477494, 4 
1721395286564.00, 1011, -477455, -3 
1721395286585.00, 495, -477434, -9 
1721395286606.00, 247, -477422, 0 
1721395286628.00, 93, -477418, 4 
1721395286653.00, 67, -477417, 5 
1721395286670.00, 0, -477415, 3 
1721395286691.00, 0, -477416, -10 
1721395286712.00, -2, -477416, -20 
1721395286733.00, -536, -477417, -23 
1721395286755.00, -1634, -477426, -17 
1721395286776.00, -1961, -477455, -9 
1721395286797.00, -1185, -477494, -18 
1721395286819.00, -1818, -477521, -34 
1721395286841.00, -3070, -477556, -25 
1721395286863.00, -3341, -477620, -17 
1721395286883.00, -3120, -477691, -32 
1721395286905.00, -3772, -477757, -41 
1721395286927.00, -4654, -477834, -35 
1721395286948.00, -4892, -477930, -25 
1721395286971.00, -4385, -478033, -30 
1721395286991.00, -4267, -478129, -26 
1721395287012.00, -4276, -478223, -20 
1721395287034.00, -3799, -478313, -30 
1721395287055.00, -3968, -478393, -31 
1721395287078.00, -4155, -478478, -12 
1721395287098.00, -3285, -478564, -4 
1721395287120.00, -1962, -478633, 3 
1721395287141.00, -1117, -478674, 8 
1721395287162.00, -597, -478700, 5 
1721395287195.00, -322, -478712, 0 
1721395287204.00, -122, -478717, 14 
1721395287226.00, 105, -478716, 29 
1721395287248.00, 1664, -478708, 52 
1721395287269.00, 4053, -478682, 53 
1721395287290.00, 5592, -478601, 52 
1721395287311.00, 6590, -478483, 53 
1721395287333.00, 7251, -478345, 53 
1721395287355.00, 7830, -478193, 52 
1721395287376.00, 7656, -478033, 49 
1721395287398.00, 7359, -477869, 49 
1721395287419.00, 7221, -477713, 45 
1721395287441.00, 6948, -477558, 40 
1721395287462.00, 6645, -477413, 32 
1721395287483.00, 5967, -477268, 14 
1721395287504.00, 4391, -477143, -3 
1721395287527.00, 2517, -477050, -23 
1721395287547.00, 62, -476995, -46 
1721395287569.00, -2356, -476993, -64 
1721395287591.00, -5120, -477036, -79 
1721395287611.00, -7734, -477142, -89 
1721395287633.00, -9980, -477308, -93 
1721395287655.00, -11592, -477521, -98 
1721395287676.00, -12959, -477765, -107 
1721395287699.00, -14558, -478035, -112 
1721395287720.00, -15387, -478341, -127 
1721395287741.00, -16718, -478673, -135 
1721395287763.00, -17819, -479035, -138 
1721395287785.00, -18611, -479425, -138 
1721395287806.00, -19185, -479835, -139 
1721395287828.00, -20085, -480256, -148 
1721395287850.00, -20824, -480685, -160 
1721395287871.00, -22075, -481130, -172 
1721395287893.00, -23548, -481595, -173 
1721395287914.00, -24271, -482102, -176 
1721395287937.00, -25114, -482632, -178 
1721395287957.00, -25513, -483177, -175 
1721395287980.00, -25725, -483737, -170 
1721395288002.00, -25458, -484288, -167 
1721395288023.00, -24935, -484832, -163 
1721395288044.00, -24618, -485374, -163 
1721395288066.00, -24163, -485905, -162 
1721395288087.00, -23709, -486437, -156 
1721395288109.00, -23270, -486958, -158 
1721395288131.00, -23033, -487460, -161 
1721395288153.00, -23061, -487955, -167 
1721395288175.00, -23630, -488455, -177 
1721395288195.00, -24555, -488968, -187 
1721395288217.00, -25727, -489499, -192 
1721395288240.00, -26749, -490059, -196 
1721395288260.00, -27472, -490635, -196 
1721395288286.00, -27837, -491221, -199 
1721395288321.00, -28268, -491824, -206 
1721395288326.00, -29088, -492440, -214 
1721395288348.00, -30115, -493075, -223 
1721395288369.00, -31123, -493727, -239 
1721395288396.00, -32610, -494387, -253 
1721395288412.00, -34203, -495088, -262 
1721395288434.00, -35789, -495831, -275 
1721395288456.00, -37345, -496614, -289 
1721395288478.00, -39096, -497424, -303 
1721395288507.00, -41102, -498262, -305 
1721395288521.00, -42394, -499154, -316 
1721395288542.00, -43745, -500084, -320 
1721395288563.00, -44997, -501024, -325 
1721395288586.00, -45664, -501996, -320 
1721395288607.00, -45974, -502997, -326 
1721395288628.00, -46474, -503993, -336 
1721395288651.00, -47581, -504991, -332 
1721395288672.00, -47757, -506019, -343 
1721395288694.00, -48414, -507059, -351 
1721395288715.00, -49308, -508102, -354 
1721395288737.00, -50139, -509178, -367 
1721395288759.00, -51376, -510272, -377 
1721395288780.00, -52776, -511371, -381 
1721395288801.00, -53588, -512519, -398 
1721395288823.00, -55201, -513684, -410 
1721395288845.00, -56860, -514871, -409 
1721395288867.00, -57853, -516117, -422 
1721395288889.00, -59082, -517369, -434 
1721395288910.00, -60609, -518652, -430 
1721395288933.00, -61209, -519967, -434 
1721395288954.00, -61696, -521284, -440 
1721395288975.00, -62512, -522629, -449 
1721395288996.00, -63359, -523977, -456 
1721395289018.00, -64223, -525359, -450 
1721395289042.00, -64578, -526752, -460 
1721395289062.00, -65292, -528143, -453 
1721395289084.00, -65144, -529562, -466 
1721395289105.00, -65926, -530970, -463 
1721395289127.00, -66189, -532408, -468 
1721395289148.00, -66510, -533838, -479 
1721395289170.00, -67447, -535286, -474 
1721395289191.00, -67474, -536750, -481 
1721395289213.00, -67932, -538208, -474 
1721395289235.00, -67946, -539690, -491 
1721395289256.00, -69105, -541158, -483 
1721395289278.00, -69265, -542668, -499 
1721395289299.00, -70242, -544156, -510 
1721395289321.00, -71318, -545681, -521 
1721395289342.00, -72787, -547214, -523 
1721395289365.00, -73546, -548809, -526 
1721395289386.00, -74185, -550402, -528 
1721395289408.00, -74656, -552015, -519 
1721395289432.00, -74544, -553629, -523 
1721395289452.00, -74575, -555242, -530 
1721395289473.00, -74906, -556862, -542 
1721395289494.00, -75833, -558497, -550 
1721395289516.00, -77048, -560137, -570 
1721395289537.00, -78982, -561812, -575 
1721395289559.00, -80385, -563512, -587 
1721395289581.00, -82068, -565265, -594 
1721395289603.00, -83275, -567038, -605 
1721395289624.00, -84576, -568852, -615 
1721395289646.00, -86118, -570676, -615 
1721395289667.00, -87054, -572545, -625 
1721395289692.00, -88028, -574430, -609 
1721395289711.00, -87602, -576339, -617 
1721395289732.00, -87851, -578229, -602 
1721395289754.00, -87117, -580127, -598 
1721395289776.00, -86305, -582026, -595 
1721395289797.00, -85801, -583886, -581 
1721395289819.00, -84372, -585745, -579 
1721395289841.00, -83560, -587574, -556 
1721395289862.00, -81733, -589381, -553 
1721395289884.00, -80456, -591153, -536 
1721395289905.00, -78775, -592886, -527 
1721395289930.00, -45445, -594576, -517 
1721395289949.00, -25250, -595575, -555 
1721395289970.00, -13115, -596141, -555 
1721395289992.00, -6091, -596438, -558 
1721395290013.00, -2031, -596581, -589 
1721395290035.00, 0, -596631, -606 
1721395290056.00, 853, -596635, -598 
1721395290078.00, 329, -596624, -582 
1721395290099.00, 157, -596615, -545 
1721395290120.00, 98, -596609, -499 
1721395290142.00, 89, -596606, -464 
1721395290163.00, 108, -596604, -437 
1721395290186.00, 135, -596600, -401 
1721395290207.00, 119, -596596, -366 
1721395290228.00, 99, -596592, -346 
1721395290250.00, 66, -596589, -325 
1721395290271.00, 55, -596588, -312 
1721395290293.00, 21, -596585, -299 
1721395290314.00, 39, -596584, -293 
1721395290335.00, 0, -596583, -285 
1721395290357.00, 0, -596583, -273 
1721395290378.00, 60, -596582, -265 
1721395290399.00, -5, -596581, -270 
1721395290421.00, 32, -596581, -266 
1721395290443.00, 18, -596579, -246 
1721395290464.00, 9, -596578, -228 
1721395290485.00, 1, -596578, -227 
1721395290507.00, 12, -596577, -225 
1721395290528.00, 33, -596577, -214 
1721395290549.00, 0, -596576, -206 
1721395290571.00, 46, -596574, -204 
1721395290592.00, 46, -596574, -203 
1721395290614.00, 65, -596574, -195 
1721395290635.00, 12, -596572, -196 
1721395290657.00, -5, -596572, -199 
1721395290678.00, 0, -596572, -197 
1721395290699.00, 0, -596572, -200 
1721395290721.00, 0, -596572, -222 
1721395290742.00, -3, -596572, -214 
1721395290763.00, 0, -596570, -182 
1721395290784.00, 50, -596569, -173 
1721395290807.00, 0, -596569, -183 
1721395290827.00, 0, -596569, -184 
1721395290848.00, 0, -596569, -177 
1721395290869.00, 0, -596567, -185 
1721395290891.00, 0, -596570, -200 
1721395290913.00, -43, -596570, -213 
1721395290934.00, 0, -596572, -257 
1721395290954.00, 0, -596571, -265 
1721395290976.00, 0, -596573, -257 
1721395290997.00, 0, -596572, -253 
1721395291019.00, 0, -596571, -241 
1721395291040.00, 0, -596572, -254 
1721395291061.00, 0, -596572, -252 
1721395291083.00, 0, -596572, -254 
1721395291103.00, 0, -596571, -263 
1721395291125.00, 0, -596573, -284 
1721395291146.00, 0, -596572, -293 
1721395291168.00, 0, -596573, -293 
1721395291189.00, 0, -596574, -287 
1721395291210.00, -17, -596573, -308 
1721395291232.00, 0, -596574, -321 
1721395291253.00, 0, -596574, -326 
1721395291274.00, 0, -596576, -339 
1721395291295.00, 0, -596576, -351 
1721395291317.00, 0, -596576, -339 
1721395291338.00, 67, -596576, -317 
1721395291359.00, 0, -596574, -298 
1721395291381.00, 0, -596575, -291 
1721395291402.00, 0, -596574, -295 
1721395291423.00, 0, -596576, -292 
1721395291445.00, 0, -596574, -276 
1721395291466.00, 0, -596573, -261 
1721395291487.00, 0, -596574, -255 
1721395291509.00, 0, -596572, -259 
1721395291529.00, -56, -596573, -279 
1721395291551.00, 0, -596573, -300 
1721395291573.00, 0, -596574, -299 
1721395291594.00, 0, -596573, -288 
1721395291614.00, 0, -596574, -282 
1721395291636.00, 0, -596575, -280 
1721395291657.00, 6, -596574, -279 
1721395291679.00, -3, -596574, -269 
1721395291700.00, 0, -596573, -273 
1721395291721.00, 2, -596574, -289 
1721395291743.00, 0, -596575, -293 
1721395291764.00, 0, -596574, -299 
1721395291787.00, 0, -596574, -302 
1721395291806.00, 0, -596574, -303 
1721395291828.00, 0, -596575, -308 
1721395291849.00, 0, -596574, -315 
1721395291870.00, 0, -596575, -315 
1721395291891.00, 0, -596575, -313 
1721395291913.00, 0, -596575, -316 
1721395291935.00, 0, -596574, -320 
1721395291956.00, -4, -596575, -326 
1721395291977.00, 0, -596575, -337 
1721395292004.00, 0, -596576, -340 
1721395292020.00, 0, -596576, -340 
1721395292041.00, 0, -596575, -335 
1721395292061.00, 0, -596575, -335 
1721395292083.00, 0, -596575, -339 
1721395292109.00, 0, -596576, -342 
1721395292126.00, 0, -596577, -345 
1721395292147.00, 0, -596576, -345 
1721395292169.00, 0, -596576, -346 
1721395292190.00, 0, -596575, -349 
1721395292211.00, -2, -596576, -351 
1721395292233.00, 1, -596576, -351 
1721395292254.00, 0, -596575, -348 
1721395292275.00, 0, -596576, -344 
1721395292296.00, 0, -596576, -344 
1721395292318.00, 0, -596576, -342 
1721395292339.00, 1, -596576, -346 
1721395292365.00, -14, -596576, -351 
1721395292382.00, 0, -596575, -350 
1721395292402.00, 0, -596576, -346 
1721395292427.00, 0, -596576, -349 
1721395292445.00, 0, -596576, -350 
1721395292467.00, 0, -596576, -348 
1721395292488.00, 6, -596577, -343 
1721395292510.00, -41, -596576, -344 
1721395292531.00, 0, -596576, -344 
1721395292552.00, 0, -596576, -343 
1721395292574.00, 0, -596576, -341 
1721395292595.00, 0, -596576, -340 
1721395292616.00, 0, -596576, -340 
1721395292637.00, 0, -596576, -338 
1721395292659.00, 0, -596575, -341 
1721395292680.00, 0, -596576, -346 
1721395292700.00, 0, -596576, -348 
1721395292722.00, 0, -596576, -350 
1721395292744.00, 0, -596576, -352 
1721395292765.00, 0, -596577, -350 
1721395292787.00, 1, -596577, -350 
1721395292807.00, 0, -596575, -351 
1721395292829.00, 0, -596576, -350 
1721395292850.00, 0, -596576, -348 
1721395292871.00, 0, -596576, -348 
1721395292893.00, 0, -596576, -350 
1721395292914.00, 0, -596576, -352 
1721395292935.00, 0, -596577, -352 
1721395292957.00, 0, -596577, -354 
1721395292978.00, 0, -596576, -355 
1721395292999.00, 0, -596577, -364 
1721395293021.00, 0, -596577, -362 
1721395293042.00, 0, -596578, -362 
1721395293063.00, 0, -596576, -371 
1721395293085.00, 0, -596578, -367 
1721395293106.00, 0, -596577, -362 
1721395293127.00, 0, -596577, -360 
1721395293148.00, 0, -596578, -361 
1721395293170.00, 0, -596576, -370 
1721395293190.00, 0, -596577, -373 
1721395293212.00, 0, -596578, -373 
1721395293233.00, 0, -596577, -372 
1721395293255.00, 0, -596577, -372 
1721395293275.00, 0, -596578, -370 
1721395293297.00, 0, -596577, -371 
1721395293319.00, 0, -596577, -370 
1721395293340.00, 0, -596578, -368 
1721395293361.00, 0, -596577, -367 
1721395293382.00, 0, -596577, -365 
1721395293404.00, 0, -596577, -367 
1721395293425.00, 0, -596577, -367 
1721395293446.00, 0, -596577, -371 
1721395293468.00, 0, -596578, -421 
1721395293489.00, 0, -596576, -420 
1721395293510.00, 0, -596577, -418 
1721395293531.00, 0, -596576, -418 
1721395293552.00, 0, -596577, -420 
1721395293574.00, 0, -596577, -421 
1721395293595.00, -62, -596576, -424 
1721395293616.00, 0, -596577, -427 
1721395293640.00, 0, -596577, -425 
1721395293658.00, 0, -596577, -425 
1721395293679.00, 0, -596577, -425 
1721395293701.00, 1, -596577, -421 
1721395293722.00, 0, -596577, -420 
1721395293744.00, -68, -596577, -420 
1721395293764.00, 0, -596577, -420 
1721395293785.00, 0, -596576, -417 
1721395293805.00, 0, -596577, -415 
1721395293826.00, 0, -596576, -415 
1721395293848.00, 0, -596577, -417 
1721395293870.00, 0, -596577, -418 
1721395293890.00, 0, -596577, -418 
1721395293911.00, 0, -596576, -419 
1721395293933.00, 0, -596577, -417 
1721395293954.00, 0, -596576, -416 
1721395293975.00, 0, -596577, -415 
1721395293996.00, 0, -596577, -415 
1721395294017.00, 0, -596577, -415 
1721395294038.00, 0, -596577, -415 
1721395294059.00, 0, -596577, -418 
1721395294080.00, 0, -596577, -418 
1721395294101.00, 0, -596577, -416 
1721395294122.00, 0, -596576, -413 
1721395294144.00, 0, -596577, -410 
1721395294164.00, 0, -596577, -408 
1721395294190.00, 0, -596576, -408 
1721395294207.00, 0, -596578, -409 
1721395294228.00, 0, -596577, -410 
1721395294249.00, 0, -596577, -410 
1721395294271.00, 0, -596577, -410 
1721395294292.00, 0, -596578, -409 
1721395294313.00, 0, -596577, -408 
1721395294334.00, 0, -596577, -407 
1721395294355.00, 0, -596577, -408 
1721395294376.00, 0, -596576, -409 
1721395294397.00, 0, -596576, -409 
1721395294418.00, 0, -596577, -407 
1721395294439.00, 0, -596576, -407 
1721395294461.00, 0, -596578, -405 
1721395294481.00, 0, -596576, -405 
