1721990096001.00, 755, -600382, 0 
1721990096022.00, 736, -600366, 0 
1721990096044.00, 699, -600350, 0 
1721990096065.00, 679, -600336, 0 
1721990096086.00, 673, -600321, 0 
1721990096113.00, 669, -600307, 0 
1721990096128.00, 623, -600293, 0 
1721990096150.00, 594, -600281, 0 
1721990096172.00, 572, -600270, 0 
1721990096193.00, 553, -600256, 0 
1721990096215.00, 548, -600245, 0 
1721990096235.00, 548, -600234, 0 
1721990096257.00, 554, -600224, 0 
1721990096278.00, 507, -600212, 0 
1721990096299.00, 490, -600200, 0 
1721990096320.00, 470, -600190, 0 
1721990096342.00, 438, -600179, 0 
1721990096363.00, 463, -600169, 0 
1721990096384.00, 444, -600159, 0 
1721990096405.00, 452, -600150, 0 
1721990096427.00, 468, -600141, 0 
1721990096448.00, 466, -600129, 0 
1721990096469.00, 471, -600118, 0 
1721990096491.00, 462, -600109, 0 
1721990096511.00, 459, -600099, 0 
1721990096535.00, 417, -600089, 0 
1721990096554.00, 396, -600080, 0 
1721990096576.00, 394, -600071, 0 
1721990096597.00, 371, -600062, 0 
1721990096619.00, 348, -600053, 0 
1721990096640.00, 338, -600046, 0 
1721990096661.00, 331, -600039, 0 
1721990096682.00, 325, -600032, 0 
1721990096704.00, 310, -600027, 0 
1721990096725.00, 297, -600019, 0 
1721990096745.00, 303, -600012, 0 
1721990096768.00, 286, -600006, 0 
1721990096789.00, 280, -600000, 0 
1721990096810.00, 281, -599993, 0 
1721990096831.00, 283, -599987, 0 
1721990096853.00, 268, -599981, 0 
1721990096874.00, 265, -599976, 0 
1721990096895.00, 266, -599971, 0 
1721990096916.00, 261, -599965, 0 
1721990096938.00, 261, -599959, 0 
1721990096959.00, 263, -599954, 0 
1721990096989.00, 274, -599948, 0 
1721990097002.00, 251, -599943, 0 
1721990097023.00, 247, -599938, 0 
1721990097044.00, 233, -599932, 0 
1721990097066.00, 211, -599927, 0 
1721990097087.00, 204, -599921, 0 
1721990097107.00, 211, -599918, 0 
1721990097130.00, 212, -599914, 0 
1721990097151.00, 212, -599909, 0 
1721990097171.00, 194, -599905, 0 
1721990097194.00, 169, -599901, 0 
1721990097215.00, 167, -599898, 0 
1721990097236.00, 155, -599894, 0 
1721990097257.00, 140, -599890, 0 
1721990097279.00, 141, -599887, 0 
1721990097300.00, 148, -599884, 0 
1721990097320.00, 147, -599879, 0 
1721990097342.00, 144, -599877, 0 
1721990097363.00, 140, -599873, 0 
1721990097385.00, 132, -599871, 0 
1721990097406.00, 135, -599868, 0 
1721990097428.00, 129, -599865, 0 
1721990097449.00, 132, -599863, 0 
1721990097470.00, 126, -599860, 0 
1721990097491.00, 118, -599857, 0 
1721990097513.00, 112, -599855, 0 
1721990097534.00, 111, -599852, 0 
1721990097555.00, 116, -599850, 0 
1721990097576.00, 112, -599847, 0 
1721990097598.00, 94, -599845, 0 
1721990097619.00, 83, -599843, 0 
1721990097640.00, 82, -599841, 0 
1721990097662.00, 91, -599839, 0 
1721990097683.00, 95, -599837, 0 
1721990097704.00, 89, -599837, 0 
1721990097725.00, 99, -599833, 0 
1721990097751.00, 86, -599832, 0 
1721990097767.00, 82, -599829, 0 
1721990097788.00, 75, -599827, 0 
1721990097810.00, 70, -599826, 0 
1721990097831.00, 74, -599824, 0 
1721990097852.00, 67, -599823, 0 
1721990097873.00, 74, -599822, 0 
1721990097895.00, 71, -599820, 0 
1721990097916.00, 81, -599819, 0 
1721990097937.00, 82, -599817, 0 
1721990097958.00, 65, -599815, 0 
1721990097978.00, 71, -599813, 0 
1721990098000.00, 89, -599811, 0 
1721990098022.00, 75, -599810, 0 
1721990098043.00, 90, -599809, 0 
1721990098064.00, 82, -599806, 0 
1721990098085.00, 81, -599804, 0 
1721990098106.00, 83, -599803, 0 
1721990098128.00, 83, -599801, 0 
1721990098148.00, 78, -599800, 0 
1721990098170.00, 70, -599798, 0 
1721990098191.00, 61, -599795, 0 
1721990098212.00, 43, -599795, 0 
1721990098234.00, 61, -599794, 0 
1721990098255.00, 60, -599792, 0 
1721990098276.00, 60, -599792, 0 
1721990098297.00, 51, -599791, 0 
1721990098319.00, 63, -599789, 0 
1721990098340.00, 59, -599788, 0 
1721990098361.00, 42, -599787, 0 
1721990098382.00, 58, -599786, 0 
1721990098406.00, 48, -599785, 0 
1721990098424.00, 26, -599784, 0 
1721990098446.00, 63, -599783, 0 
1721990098467.00, 58, -599783, 0 
1721990098489.00, 55, -599782, 0 
1721990098512.00, 59, -599781, 0 
1721990098530.00, 62, -599781, 0 
1721990098552.00, 58, -599780, 0 
1721990098572.00, 62, -599778, 0 
1721990098594.00, 42, -599777, 0 
1721990098615.00, 7, -599776, 0 
1721990098636.00, 61, -599776, 0 
1721990098658.00, 7, -599775, 0 
1721990098678.00, 39, -599774, 0 
1721990098700.00, 16, -599774, 0 
1721990098721.00, 24, -599773, 0 
1721990098742.00, 56, -599773, 0 
1721990098764.00, 50, -599772, 0 
1721990098784.00, -6, -599773, 0 
1721990098806.00, 56, -599772, 0 
1721990098827.00, -5, -599771, 0 
1721990098848.00, 1, -599771, 0 
1721990098869.00, 57, -599770, 0 
1721990098890.00, 63, -599769, 0 
1721990098912.00, 67, -599769, 0 
1721990098932.00, 67, -599769, 0 
1721990098953.00, 63, -599768, 0 
1721990098975.00, 26, -599768, 0 
1721990098997.00, 32, -599767, 0 
1721990099017.00, -3, -599766, 0 
1721990099038.00, -5, -599765, 0 
1721990099059.00, -5, -599765, 0 
1721990099080.00, 57, -599765, 0 
1721990099102.00, 1, -599764, 0 
1721990099123.00, 56, -599764, 0 
1721990099144.00, 68, -599764, 0 
1721990099165.00, 24, -599764, 0 
1721990099187.00, 0, -599763, 0 
1721990099206.00, 0, -599762, 0 
1721990099229.00, 0, -599763, 0 
1721990099249.00, -3, -599762, 0 
1721990099270.00, 60, -599762, 0 
1721990099293.00, 0, -599761, 0 
1721990099313.00, 0, -599761, 0 
1721990099334.00, 13, -599761, 0 
1721990099355.00, 60, -599761, 0 
1721990099376.00, 46, -599760, 0 
1721990099400.00, -5, -599761, 0 
1721990099418.00, 1, -599760, 0 
1721990099439.00, 0, -599760, 0 
1721990099461.00, 0, -599760, 0 
1721990099482.00, 0, -599760, 0 
1721990099503.00, -5, -599758, 0 
1721990099523.00, 0, -599759, 0 
1721990099544.00, 0, -599758, 0 
1721990099566.00, 0, -599759, 0 
1721990099587.00, 3, -599758, 0 
1721990099614.00, 0, -599759, 0 
1721990099628.00, 11, -599759, 0 
1721990099650.00, -40, -599759, 0 
1721990099671.00, 0, -599759, 0 
1721990099692.00, 0, -599758, 0 
1721990099713.00, 0, -599759, 0 
1721990099734.00, 0, -599758, 0 
1721990099755.00, 1, -599758, 0 
1721990099776.00, 0, -599758, 0 
1721990099796.00, 0, -599758, 0 
1721990099818.00, 0, -599758, 0 
1721990099839.00, -14, -599757, 0 
1721990099861.00, 0, -599757, 0 
1721990099882.00, -40, -599759, 0 
1721990099903.00, 0, -599757, 0 
1721990099923.00, 0, -599758, 0 
1721990099945.00, 0, -599758, 0 
1721990099966.00, 0, -599757, 0 
1721990099986.00, -70, -599758, 0 
1721990100008.00, 0, -599758, 0 
1721990100028.00, 0, -599758, 0 
1721990100051.00, 0, -599758, 0 
1721990100071.00, 0, -599758, 0 
1721990100092.00, 0, -599758, 0 
1721990100113.00, 0, -599758, 0 
1721990100134.00, 0, -599759, 0 
1721990100156.00, 0, -599758, 0 
1721990100176.00, 5, -599758, 0 
1721990100197.00, 31, -599758, 0 
1721990100218.00, 0, -599758, 0 
1721990100239.00, 0, -599758, 0 
1721990100263.00, 0, -599757, 0 
1721990100282.00, 1, -599757, 0 
1721990100303.00, -5, -599758, 0 
1721990100324.00, 0, -599757, 0 
1721990100345.00, 0, -599758, 0 
1721990100366.00, 0, -599757, 0 
1721990100387.00, 0, -599758, 0 
1721990100407.00, 0, -599758, 0 
1721990100429.00, 0, -599758, 0 
1721990100449.00, 0, -599759, 0 
1721990100471.00, 0, -599756, 0 
1721990100492.00, 18, -599758, 0 
1721990100513.00, 0, -599758, 0 
1721990100534.00, 0, -599758, 0 
1721990100555.00, 0, -599757, 0 
1721990100576.00, -2, -599757, 0 
1721990100597.00, 0, -599757, 0 
1721990100618.00, 0, -599758, 0 
1721990100639.00, 0, -599757, 0 
1721990100660.00, 0, -599757, 0 
1721990100681.00, 16, -599757, 0 
1721990100708.00, 0, -599757, 0 
1721990100723.00, 0, -599758, 0 
1721990100745.00, 0, -599757, 0 
1721990100765.00, -3, -599757, 0 
1721990100786.00, 15, -599757, 0 
1721990100813.00, 0, -599758, 0 
1721990100829.00, 0, -599758, 0 
1721990100850.00, 0, -599758, 0 
1721990100871.00, 0, -599757, 0 
1721990100892.00, 0, -599757, 0 
1721990100913.00, 0, -599758, 0 
1721990100934.00, 0, -599757, 0 
1721990100955.00, 7, -599757, 0 
1721990100976.00, 0, -599758, 0 
1721990100997.00, 0, -599757, 0 
1721990101017.00, 0, -599757, 0 
1721990101039.00, 0, -599757, 0 
1721990101061.00, 36, -599759, 0 
1721990101081.00, 0, -599757, 0 
1721990101103.00, 0, -599757, 0 
1721990101123.00, 0, -599757, 0 
1721990101144.00, 0, -599759, 0 
1721990101165.00, 67, -599758, 0 
1721990101187.00, 51, -599757, 0 
1721990101208.00, 0, -599757, 0 
1721990101229.00, 0, -599757, 0 
1721990101250.00, 0, -599757, 0 
1721990101271.00, 0, -599757, 0 
1721990101291.00, 0, -599757, 0 
1721990101313.00, 0, -599757, 0 
1721990101334.00, 0, -599757, 0 
1721990101363.00, 0, -599758, 0 
1721990101376.00, 0, -599757, 0 
1721990101397.00, 0, -599756, 0 
1721990101418.00, 0, -599757, 0 
1721990101439.00, 0, -599757, 0 
1721990101461.00, 0, -599757, 0 
1721990101481.00, 0, -599757, 0 
1721990101502.00, -24, -599756, 0 
1721990101523.00, 6, -599757, 0 
1721990101544.00, 0, -599756, 0 
1721990101566.00, -2, -599757, 0 
1721990101586.00, 0, -599756, 0 
1721990101607.00, 0, -599757, 0 
1721990101628.00, 1, -599757, 0 
1721990101650.00, 0, -599756, 0 
1721990101670.00, 0, -599756, 0 
1721990101692.00, 0, -599757, 0 
1721990101713.00, 0, -599757, 0 
1721990101733.00, 0, -599757, 0 
1721990101755.00, 0, -599757, 0 
1721990101776.00, 0, -599757, 0 
1721990101799.00, 19, -599756, 0 
1721990101818.00, 0, -599757, 0 
1721990101839.00, 3, -599758, 0 
1721990101860.00, 0, -599756, 0 
1721990101881.00, 2, -599757, 0 
1721990101904.00, 0, -599757, 0 
1721990101924.00, 0, -599757, 0 
1721990101946.00, -12, -599756, 0 
1721990101966.00, 0, -599757, 0 
1721990101987.00, 0, -599757, 0 
1721990102008.00, 0, -599757, 0 
1721990102030.00, 1, -599756, 0 
1721990102050.00, 0, -599756, 0 
1721990102072.00, 0, -599756, 0 
1721990102092.00, 0, -599757, 0 
1721990102113.00, 0, -599756, 0 
1721990102134.00, 0, -599757, 0 
1721990102155.00, 0, -599757, 0 
1721990102177.00, -36, -599757, 0 
1721990102198.00, 0, -599757, 0 
1721990102218.00, 0, -599757, 0 
1721990102246.00, 0, -599757, 0 
1721990102261.00, 0, -599757, 0 
1721990102282.00, 0, -599757, 0 
1721990102303.00, 0, -599757, 0 
1721990102324.00, 0, -599756, 0 
1721990102347.00, 0, -599755, 0 
1721990102366.00, 41, -599757, 0 
1721990102387.00, 0, -599757, 0 
1721990102408.00, 0, -599757, 0 
1721990102429.00, 0, -599756, 0 
1721990102450.00, 0, -599756, 0 
1721990102471.00, 0, -599756, 0 
1721990102492.00, 0, -599757, 0 
1721990102513.00, 0, -599756, 0 
1721990102534.00, 0, -599757, 0 
1721990102555.00, 0, -599757, 0 
1721990102577.00, -36, -599756, 0 
1721990102597.00, 0, -599756, 0 
1721990102618.00, 63, -599756, 0 
1721990102639.00, 4, -599757, 0 
1721990102661.00, 0, -599756, 0 
1721990102682.00, -5, -599757, 0 
1721990102703.00, 0, -599756, 0 
1721990102723.00, 0, -599757, 0 
1721990102745.00, 0, -599757, 0 
1721990102766.00, 0, -599756, 0 
1721990102787.00, 0, -599756, 0 
1721990102808.00, 0, -599756, 0 
1721990102829.00, 49, -599756, 0 
1721990102850.00, 60, -599756, 0 
1721990102872.00, -62, -599756, 0 
1721990102893.00, -56, -599756, 0 
1721990102913.00, 0, -599755, 0 
1721990102934.00, 0, -599755, 0 
1721990102956.00, 2, -599757, 0 
1721990102977.00, 0, -599756, 0 
1721990102999.00, 0, -599756, 0 
1721990103019.00, 0, -599756, 0 
1721990103040.00, 0, -599755, 0 
1721990103061.00, 0, -599756, 0 
1721990103082.00, 0, -599755, 0 
1721990103103.00, 0, -599755, 0 
1721990103124.00, 0, -599756, 0 
1721990103145.00, 0, -599755, 0 
1721990103166.00, 0, -599755, 0 
1721990103187.00, 0, -599756, 0 
1721990103208.00, 0, -599756, 0 
1721990103229.00, -16, -599756, 0 
1721990103250.00, 0, -599756, 0 
1721990103271.00, 0, -599756, 0 
1721990103292.00, 0, -599755, 0 
1721990103313.00, 0, -599756, 0 
1721990103333.00, 0, -599755, 0 
1721990103355.00, 0, -599755, 0 
1721990103376.00, 0, -599756, 0 
1721990103398.00, 61, -599755, 0 
1721990103418.00, 0, -599755, 0 
1721990103439.00, 0, -599756, 0 
1721990103460.00, 0, -599757, 0 
1721990103481.00, 0, -599755, 0 
1721990103503.00, 0, -599756, 0 
1721990103524.00, 0, -599755, 0 
1721990103549.00, 0, -599755, 0 
1721990103566.00, 0, -599754, 0 
1721990103587.00, 0, -599755, 0 
1721990103608.00, 0, -599756, 0 
1721990103628.00, 16, -599756, 0 
1721990103650.00, 0, -599755, 0 
1721990103671.00, 0, -599755, 0 
1721990103692.00, 59, -599755, 0 
1721990103713.00, 0, -599756, 0 
1721990103734.00, 0, -599755, 0 
1721990103755.00, 0, -599756, 0 
1721990103776.00, 0, -599754, 0 
1721990103798.00, 7, -599755, 0 
1721990103819.00, 0, -599755, 0 
1721990103839.00, -2, -599756, 0 
1721990103860.00, 0, -599755, 0 
1721990103882.00, 0, -599755, 0 
1721990103903.00, 0, -599756, 0 
1721990103923.00, 0, -599755, 0 
1721990103945.00, 9, -599755, 0 
1721990103966.00, 0, -599755, 0 
1721990103986.00, 0, -599754, 0 
1721990104008.00, 0, -599756, 0 
1721990104029.00, 0, -599755, 0 
1721990104050.00, -2, -599755, 0 
1721990104071.00, 0, -599755, 0 
1721990104092.00, 0, -599754, 0 
1721990104113.00, -68, -599755, 0 
1721990104134.00, 0, -599755, 0 
1721990104155.00, 0, -599755, 0 
1721990104176.00, 0, -599755, 0 
1721990104198.00, 0, -599754, 0 
1721990104218.00, -4, -599755, 0 
1721990104239.00, 0, -599754, 0 
1721990104261.00, 0, -599755, 0 
1721990104281.00, 0, -599755, 0 
1721990104302.00, 0, -599755, 0 
1721990104324.00, 0, -599754, 0 
1721990104344.00, 0, -599755, 0 
1721990104365.00, 0, -599755, 0 
1721990104386.00, 0, -599755, 0 
1721990104408.00, 0, -599755, 0 
1721990104429.00, 35, -599755, 0 
1721990104450.00, 0, -599754, 0 
1721990104471.00, 0, -599755, 0 
1721990104492.00, 1, -599755, 0 
1721990104512.00, 0, -599755, 0 
1721990104534.00, 0, -599755, 0 
1721990104555.00, 0, -599754, 0 
1721990104576.00, 0, -599755, 0 
1721990104597.00, 23, -599756, 0 
1721990104618.00, 0, -599753, 0 
1721990104641.00, 0, -599755, 0 
1721990104660.00, 0, -599755, 0 
1721990104681.00, 0, -599755, 0 
1721990104702.00, 0, -599755, 0 
1721990104723.00, 0, -599755, 0 
1721990104748.00, 38, -599754, 0 
1721990104765.00, 3, -599755, 0 
1721990104787.00, 0, -599755, 0 
1721990104808.00, 0, -599755, 0 
1721990104828.00, 0, -599755, 0 
1721990104850.00, 0, -599753, 0 
1721990104872.00, 0, -599754, 0 
1721990104891.00, 1, -599755, 0 
1721990104913.00, 0, -599755, 0 
1721990104934.00, 0, -599754, 0 
1721990104955.00, 0, -599754, 0 
1721990104976.00, 0, -599755, 0 
1721990104997.00, 0, -599755, 0 
1721990105018.00, 0, -599754, 0 
1721990105039.00, -31, -599755, 0 
1721990105060.00, 0, -599755, 0 
1721990105081.00, -9, -599755, 0 
1721990105102.00, -4, -599754, 0 
1721990105123.00, -6, -599754, 0 
1721990105144.00, 0, -599754, 0 
1721990105165.00, 0, -599754, 0 
1721990105187.00, 0, -599753, 0 
1721990105207.00, 0, -599754, 0 
1721990105228.00, 0, -599754, 0 
1721990105250.00, 0, -599755, 0 
1721990105270.00, 0, -599755, 0 
1721990105294.00, 0, -599754, 0 
1721990105312.00, 3, -599755, 0 
1721990105334.00, 0, -599754, 0 
1721990105354.00, 0, -599754, 0 
1721990105376.00, 0, -599755, 0 
1721990105399.00, 0, -599755, 0 
1721990105417.00, 0, -599755, 0 
1721990105438.00, 0, -599754, 0 
1721990105460.00, 0, -599754, 0 
1721990105480.00, 0, -599754, 0 
1721990105501.00, 3, -599754, 0 
1721990105523.00, -5, -599755, 0 
1721990105544.00, 0, -599755, 0 
1721990105565.00, 0, -599754, 0 
1721990105586.00, 0, -599754, 0 
1721990105607.00, 0, -599755, 0 
1721990105628.00, 0, -599754, 0 
1721990105649.00, 0, -599754, 0 
1721990105670.00, -22, -599754, 0 
1721990105691.00, 0, -599754, 0 
1721990105713.00, 63, -599754, 0 
1721990105733.00, -8, -599754, 0 
1721990105754.00, 0, -599754, 0 
1721990105775.00, 0, -599754, 0 
1721990105797.00, 0, -599755, 0 
1721990105817.00, 0, -599755, 0 
1721990105839.00, 0, -599754, 0 
1721990105860.00, 46, -599755, 0 
1721990105882.00, 32, -599754, 0 
1721990105902.00, 0, -599753, 0 
1721990105923.00, 0, -599754, 0 
1721990105944.00, 0, -599755, 0 
1721990105965.00, 0, -599754, 0 
1721990105986.00, 0, -599754, 0 
1721990106007.00, 14, -599754, 0 
1721990106028.00, 0, -599754, 0 
1721990106049.00, 0, -599754, 0 
1721990106070.00, 0, -599754, 0 
1721990106092.00, 0, -599754, 0 
1721990106112.00, -49, -599755, 0 
1721990106134.00, 13, -599754, 0 
1721990106155.00, 0, -599753, 0 
1721990106175.00, 0, -599754, 0 
1721990106197.00, 0, -599753, 0 
1721990106218.00, 0, -599754, 0 
1721990106239.00, 0, -599753, 0 
1721990106260.00, 0, -599754, 0 
1721990106281.00, 0, -599754, 0 
1721990106302.00, 0, -599754, 0 
1721990106323.00, 0, -599754, 0 
1721990106344.00, -1, -599753, 0 
1721990106365.00, 0, -599754, 0 
1721990106386.00, 0, -599753, 0 
1721990106407.00, 0, -599754, 0 
1721990106427.00, -28, -599755, 0 
1721990106449.00, -30, -599753, 0 
1721990106470.00, 0, -599754, 0 
1721990106491.00, 0, -599753, 0 
1721990106513.00, 42, -599754, 0 
1721990106533.00, 0, -599754, 0 
1721990106554.00, 0, -599754, 0 
1721990106576.00, 0, -599754, 0 
1721990106597.00, 1, -599754, 0 
1721990106617.00, -48, -599754, 0 
1721990106639.00, 0, -599754, 0 
1721990106660.00, 0, -599754, 0 
1721990106680.00, 0, -599753, 0 
1721990106702.00, 0, -599753, 0 
1721990106723.00, -19, -599754, 0 
1721990106744.00, 0, -599754, 0 
1721990106764.00, 0, -599754, 0 
1721990106786.00, 0, -599754, 0 
1721990106807.00, 69, -599753, 0 
1721990106829.00, 0, -599754, 0 
1721990106850.00, 13, -599754, 0 
1721990106870.00, 0, -599754, 0 
1721990106892.00, 0, -599753, 0 
1721990106913.00, 0, -599755, 0 
1721990106936.00, 0, -599754, 0 
1721990106954.00, -19, -599753, 0 
1721990106975.00, 25, -599753, 0 
1721990106997.00, 0, -599753, 0 
1721990107017.00, 0, -599754, 0 
1721990107039.00, 0, -599753, 0 
1721990107060.00, -27, -599753, 0 
1721990107081.00, -17, -599753, 0 
1721990107102.00, 60, -599753, 0 
1721990107123.00, 0, -599753, 0 
1721990107144.00, 0, -599754, 0 
1721990107165.00, 0, -599754, 0 
1721990107187.00, 0, -599753, 0 
1721990107208.00, 0, -599754, 0 
1721990107228.00, 10, -599753, 0 
1721990107250.00, 0, -599753, 0 
1721990107271.00, 0, -599753, 0 
1721990107292.00, 0, -599753, 0 
1721990107313.00, 0, -599753, 0 
1721990107334.00, 49, -599754, 0 
1721990107355.00, 28, -599753, 0 
1721990107376.00, -46, -599754, 0 
1721990107397.00, 0, -599753, 0 
1721990107419.00, -5, -599753, 0 
1721990107440.00, 0, -599753, 0 
1721990107461.00, 0, -599753, 0 
1721990107486.00, 0, -599753, 0 
1721990107502.00, 0, -599753, 0 
1721990107523.00, 1, -599754, 0 
1721990107544.00, 0, -599754, 0 
1721990107566.00, 0, -599753, 0 
1721990107587.00, -36, -599752, 0 
1721990107608.00, 0, -599752, 0 
1721990107629.00, 0, -599753, 0 
1721990107650.00, 58, -599754, 0 
1721990107671.00, 10, -599753, 0 
1721990107692.00, 0, -599753, 0 
1721990107713.00, 0, -599753, 0 
1721990107735.00, 63, -599753, 0 
1721990107755.00, 0, -599752, 0 
1721990107776.00, 0, -599753, 0 
1721990107798.00, 0, -599753, 0 
1721990107819.00, 0, -599753, 0 
1721990107839.00, 0, -599753, 0 
1721990107861.00, 4, -599754, 0 
1721990107881.00, 0, -599754, 0 
1721990107903.00, 0, -599752, 0 
1721990107927.00, 0, -599753, 0 
1721990107944.00, 0, -599753, 0 
1721990107966.00, 20, -599753, 0 
1721990107988.00, 16, -599754, 0 
1721990108008.00, 0, -599753, 0 
1721990108030.00, 0, -599753, 0 
1721990108050.00, 0, -599752, 0 
1721990108072.00, 0, -599754, 0 
1721990108092.00, 0, -599753, 0 
1721990108113.00, 0, -599752, 0 
1721990108140.00, 0, -599753, 0 
1721990108156.00, 0, -599753, 0 
1721990108177.00, 0, -599754, 0 
1721990108197.00, 0, -599752, 0 
1721990108219.00, 0, -599752, 0 
1721990108239.00, 0, -599753, 0 
1721990108261.00, 0, -599752, 0 
1721990108281.00, 0, -599753, 0 
1721990108302.00, 0, -599753, 0 
1721990108324.00, 0, -599752, 0 
1721990108344.00, -1, -599752, 0 
1721990108366.00, 0, -599753, 0 
1721990108387.00, 0, -599752, 0 
1721990108407.00, 0, -599753, 0 
1721990108429.00, 0, -599753, 0 
1721990108449.00, 0, -599753, 0 
1721990108472.00, 0, -599752, 0 
1721990108492.00, 0, -599752, 0 
1721990108513.00, 0, -599752, 0 
1721990108534.00, 0, -599751, 0 
1721990108555.00, 0, -599753, 0 
1721990108576.00, 0, -599751, 0 
1721990108597.00, 0, -599752, 0 
1721990108618.00, 2, -599752, 0 
1721990108639.00, 0, -599752, 0 
1721990108660.00, 0, -599752, 0 
1721990108683.00, -65, -599751, 0 
1721990108702.00, 0, -599752, 0 
1721990108723.00, 0, -599752, 0 
1721990108744.00, 0, -599752, 0 
1721990108765.00, 0, -599753, 0 
1721990108786.00, 0, -599752, 0 
1721990108808.00, -40, -599752, 0 
1721990108828.00, 0, -599752, 0 
1721990108850.00, 0, -599752, 0 
1721990108871.00, 0, -599753, 0 
1721990108892.00, 0, -599752, 0 
1721990108913.00, 0, -599753, 0 
1721990108933.00, 0, -599753, 0 
1721990108955.00, 0, -599752, 0 
1721990108976.00, 2, -599752, 0 
1721990108996.00, -3, -599753, 0 
1721990109020.00, -25, -599752, 0 
1721990109039.00, 0, -599753, 0 
1721990109060.00, 0, -599752, 0 
1721990109081.00, 0, -599752, 0 
1721990109102.00, 0, -599753, 0 
1721990109123.00, -5, -599752, 0 
1721990109144.00, -62, -599752, 0 
1721990109165.00, -30, -599753, 0 
1721990109186.00, -1, -599753, 0 
1721990109207.00, -28, -599751, 0 
1721990109228.00, 0, -599751, 0 
1721990109260.00, 0, -599752, 0 
1721990109271.00, 0, -599753, 0 
1721990109291.00, 0, -599752, 0 
1721990109313.00, 0, -599752, 0 
1721990109333.00, 0, -599753, 0 
1721990109355.00, 0, -599752, 0 
1721990109375.00, 0, -599753, 0 
1721990109397.00, 0, -599753, 0 
1721990109417.00, 0, -599751, 0 
1721990109438.00, 0, -599752, 0 
1721990109460.00, 0, -599753, 0 
1721990109480.00, 0, -599752, 0 
1721990109502.00, 0, -599752, 0 
1721990109522.00, 0, -599753, 0 
1721990109544.00, 0, -599752, 0 
1721990109565.00, 0, -599753, 0 
1721990109586.00, 0, -599752, 0 
1721990109606.00, 0, -599752, 0 
1721990109628.00, 0, -599752, 0 
1721990109649.00, 0, -599752, 0 
1721990109675.00, 0, -599752, 0 
1721990109691.00, 0, -599751, 0 
1721990109712.00, 0, -599752, 0 
1721990109733.00, 0, -599753, 0 
1721990109754.00, 0, -599752, 0 
1721990109775.00, 0, -599752, 0 
1721990109796.00, 0, -599752, 0 
1721990109817.00, 0, -599753, 0 
1721990109838.00, 0, -599752, 0 
1721990109859.00, 0, -599753, 0 
1721990109880.00, 0, -599752, 0 
1721990109901.00, 0, -599753, 0 
1721990109922.00, 0, -599754, 0 
1721990109943.00, 0, -599753, 0 
1721990109965.00, 0, -599753, 0 
1721990109985.00, 0, -599753, 0 
1721990110007.00, 0, -599752, 0 
1721990110027.00, 0, -599751, 0 
1721990110049.00, 0, -599752, 0 
1721990110070.00, 0, -599753, 0 
1721990110090.00, 0, -599752, 0 
1721990110111.00, 0, -599752, 0 
1721990110133.00, 0, -599752, 0 
1721990110154.00, 0, -599753, 0 
1721990110175.00, 0, -599753, 0 
1721990110196.00, 0, -599753, 0 
1721990110222.00, 0, -599753, 0 
1721990110237.00, 0, -599751, 0 
1721990110259.00, 0, -599753, 0 
1721990110280.00, 0, -599753, 0 
1721990110301.00, 0, -599752, 0 
1721990110322.00, 0, -599752, 0 
1721990110342.00, 0, -599753, 0 
1721990110364.00, 0, -599752, 0 
1721990110385.00, 0, -599753, 0 
1721990110406.00, 0, -599753, 0 
1721990110427.00, 0, -599753, 0 
1721990110448.00, 0, -599752, 0 
1721990110469.00, 0, -599752, 0 
1721990110490.00, 0, -599752, 0 
1721990110511.00, 0, -599752, 0 
1721990110532.00, 0, -599753, 0 
1721990110553.00, 0, -599752, 0 
1721990110574.00, 0, -599752, 0 
1721990110595.00, 0, -599753, 0 
1721990110616.00, 0, -599753, 0 
1721990110637.00, 0, -599752, 0 
1721990110658.00, 0, -599752, 0 
1721990110679.00, 0, -599752, 0 
1721990110700.00, 0, -599753, 0 
1721990110721.00, 0, -599752, 0 
1721990110744.00, 0, -599751, 0 
1721990110763.00, 0, -599753, 0 
1721990110784.00, 0, -599752, 0 
1721990110805.00, 0, -599751, 0 
1721990110827.00, 0, -599752, 0 
1721990110848.00, 0, -599752, 0 
1721990110873.00, 0, -599752, 0 
1721990110889.00, 0, -599752, 0 
1721990110910.00, 0, -599753, 0 
1721990110931.00, 0, -599753, 0 
1721990110953.00, 0, -599752, 0 
1721990110973.00, 0, -599753, 0 
1721990110995.00, 0, -599752, 0 
1721990111015.00, 0, -599753, 0 
1721990111036.00, 0, -599752, 0 
1721990111057.00, 0, -599752, 0 
1721990111079.00, 0, -599753, 0 
1721990111100.00, 0, -599752, 0 
1721990111121.00, 0, -599752, 0 
1721990111141.00, 0, -599752, 0 
1721990111163.00, 0, -599752, 0 
1721990111184.00, 0, -599752, 0 
1721990111207.00, 0, -599752, 0 
1721990111226.00, 0, -599752, 0 
1721990111247.00, 0, -599753, 0 
1721990111268.00, 0, -599752, 0 
1721990111289.00, 0, -599752, 0 
1721990111310.00, 0, -599753, 0 
1721990111331.00, 0, -599753, 0 
1721990111352.00, 0, -599752, 0 
1721990111373.00, 0, -599752, 0 
1721990111394.00, 0, -599752, 0 
1721990111415.00, 0, -599752, 0 
1721990111436.00, 0, -599752, 0 
1721990111457.00, 0, -599752, 0 
1721990111478.00, 0, -599753, 0 
1721990111499.00, 0, -599753, 0 
1721990111521.00, 0, -599751, 0 
1721990111541.00, 0, -599752, 0 
1721990111562.00, 0, -599753, 0 
1721990111583.00, 0, -599752, 0 
1721990111604.00, 0, -599752, 0 
1721990111625.00, 0, -599753, 0 
1721990111647.00, 0, -599752, 0 
1721990111668.00, 0, -599751, 0 
1721990111688.00, 0, -599752, 0 
1721990111709.00, 0, -599753, 0 
1721990111730.00, 0, -599753, 0 
1721990111755.00, 0, -599752, 0 
1721990111772.00, 0, -599752, 0 
1721990111793.00, 0, -599752, 0 
1721990111814.00, 0, -599752, 0 
1721990111835.00, 0, -599751, 0 
1721990111857.00, 0, -599753, 0 
1721990111878.00, 0, -599752, 0 
1721990111899.00, 0, -599752, 0 
1721990111920.00, 0, -599752, 0 
1721990111940.00, 0, -599752, 0 
1721990111963.00, 0, -599752, 0 
1721990111983.00, 0, -599751, 0 
1721990112004.00, 0, -599752, 0 
1721990112025.00, 0, -599753, 0 
1721990112045.00, 0, -599752, 0 
1721990112066.00, 0, -599752, 0 
1721990112088.00, 0, -599752, 0 
1721990112109.00, 0, -599752, 0 
1721990112130.00, 0, -599752, 0 
1721990112151.00, 0, -599753, 0 
1721990112172.00, 0, -599751, 0 
1721990112193.00, 0, -599752, 0 
1721990112214.00, 0, -599753, 0 
1721990112235.00, 0, -599752, 0 
1721990112256.00, 0, -599753, 0 
1721990112278.00, 0, -599754, 0 
1721990112302.00, 0, -599752, 0 
1721990112318.00, 0, -599752, 0 
1721990112340.00, 0, -599752, 0 
1721990112361.00, 0, -599752, 0 
1721990112382.00, 0, -599753, 0 
1721990112404.00, 0, -599752, 0 
1721990112425.00, 0, -599752, 0 
1721990112445.00, 0, -599752, 0 
1721990112466.00, 0, -599752, 0 
1721990112487.00, 0, -599751, 0 
1721990112510.00, 0, -599753, 0 
1721990112530.00, 0, -599753, 0 
1721990112551.00, 0, -599752, 0 
1721990112571.00, 0, -599751, 0 
1721990112592.00, 0, -599751, 0 
1721990112613.00, 0, -599753, 0 
1721990112634.00, 0, -599752, 0 
1721990112656.00, 0, -599752, 0 
1721990112676.00, 0, -599752, 0 
1721990112697.00, 0, -599752, 0 
1721990112718.00, 0, -599752, 0 
1721990112745.00, 0, -599752, 0 
1721990112761.00, 0, -599752, 0 
1721990112781.00, 0, -599752, 0 
1721990112803.00, 0, -599753, 0 
1721990112823.00, 0, -599753, 0 
1721990112845.00, 0, -599753, 0 
1721990112866.00, 0, -599753, 0 
1721990112887.00, 0, -599753, 0 
1721990112907.00, 0, -599753, 0 
1721990112929.00, 0, -599753, 0 
1721990112953.00, 0, -599752, 0 
1721990112971.00, 0, -599752, 0 
1721990112991.00, 0, -599752, 0 
1721990113013.00, 0, -599751, 0 
1721990113034.00, 0, -599752, 0 
1721990113055.00, 0, -599752, 0 
1721990113076.00, 0, -599752, 0 
1721990113097.00, 0, -599752, 0 
1721990113118.00, 0, -599753, 0 
1721990113139.00, 0, -599752, 0 
1721990113160.00, 0, -599752, 0 
1721990113181.00, 0, -599752, 0 
1721990113202.00, 0, -599753, 0 
1721990113223.00, 0, -599753, 0 
1721990113244.00, 0, -599753, 0 
1721990113265.00, 0, -599752, 0 
1721990113286.00, 0, -599752, 0 
1721990113307.00, 0, -599751, 0 
1721990113328.00, 0, -599752, 0 
1721990113349.00, 0, -599752, 0 
1721990113371.00, 0, -599752, 0 
1721990113392.00, 0, -599752, 0 
1721990113412.00, 0, -599752, 0 
1721990113434.00, 0, -599753, 0 
1721990113455.00, 0, -599752, 0 
1721990113476.00, 0, -599752, 0 
1721990113500.00, 0, -599752, 0 
1721990113518.00, 0, -599752, 0 
1721990113539.00, 0, -599752, 0 
1721990113560.00, 0, -599753, 0 
1721990113581.00, 0, -599752, 0 
1721990113602.00, 0, -599753, 0 
1721990113623.00, 0, -599752, 0 
1721990113644.00, 0, -599753, 0 
1721990113665.00, 0, -599752, 0 
1721990113685.00, 0, -599752, 0 
1721990113706.00, 0, -599752, 0 
1721990113728.00, 0, -599752, 0 
1721990113749.00, 0, -599752, 0 
1721990113770.00, 0, -599752, 0 
1721990113791.00, 0, -599752, 0 
1721990113812.00, 0, -599752, 0 
1721990113833.00, 0, -599752, 0 
1721990113854.00, 0, -599752, 0 
1721990113875.00, 0, -599752, 0 
1721990113896.00, 0, -599751, 0 
1721990113917.00, 0, -599752, 0 
1721990113938.00, 0, -599752, 0 
1721990113959.00, 0, -599752, 0 
1721990113980.00, 0, -599753, 0 
1721990114001.00, 0, -599752, 0 
1721990114023.00, 0, -599752, 0 
1721990114051.00, 0, -599752, 0 
1721990114064.00, 0, -599752, 0 
1721990114085.00, 0, -599752, 0 
1721990114106.00, 0, -599752, 0 
1721990114127.00, 0, -599751, 0 
1721990114148.00, 0, -599752, 0 
1721990114169.00, 0, -599752, 0 
1721990114190.00, 0, -599752, 0 
1721990114212.00, 0, -599752, 0 
1721990114233.00, 0, -599752, 0 
1721990114254.00, 0, -599752, 0 
1721990114275.00, 0, -599753, 0 
1721990114296.00, 0, -599753, 0 
1721990114317.00, 0, -599753, 0 
1721990114338.00, 0, -599752, 0 
1721990114359.00, 0, -599753, 0 
1721990114380.00, 0, -599753, 0 
1721990114401.00, 0, -599753, 0 
1721990114422.00, 0, -599751, 0 
1721990114443.00, 0, -599752, 0 
1721990114464.00, 0, -599752, 0 
1721990114489.00, 0, -599751, 0 
1721990114506.00, 0, -599753, 0 
1721990114527.00, 0, -599752, 0 
1721990114548.00, 0, -599752, 0 
1721990114569.00, 0, -599753, 0 
1721990114591.00, 0, -599752, 0 
1721990114611.00, 0, -599752, 0 
1721990114632.00, 0, -599753, 0 
1721990114653.00, 0, -599752, 0 
1721990114674.00, 0, -599752, 0 
1721990114695.00, 0, -599752, 0 
1721990114716.00, 0, -599753, 0 
1721990114738.00, 0, -599752, 0 
1721990114758.00, 0, -599751, 0 
1721990114778.00, 0, -599752, 0 
1721990114801.00, 0, -599751, 0 
1721990114821.00, 0, -599752, 0 
1721990114842.00, 0, -599752, 0 
1721990114863.00, 0, -599753, 0 
1721990114885.00, 0, -599752, 0 
1721990114906.00, 0, -599752, 0 
1721990114927.00, 0, -599753, 0 
1721990114947.00, 0, -599753, 0 
1721990114968.00, 0, -599751, 0 
1721990114990.00, 0, -599752, 0 
1721990115011.00, 0, -599753, 0 
1721990115035.00, 0, -599753, 0 
1721990115053.00, 0, -599751, 0 
1721990115074.00, 0, -599752, 0 
1721990115095.00, 0, -599752, 0 
1721990115116.00, 0, -599752, 0 
1721990115136.00, 0, -599753, 0 
1721990115157.00, 0, -599752, 0 
1721990115179.00, 0, -599752, 0 
1721990115199.00, 0, -599752, 0 
1721990115221.00, 0, -599752, 0 
1721990115242.00, 0, -599753, 0 
1721990115263.00, 0, -599752, 0 
1721990115284.00, 0, -599752, 0 
1721990115305.00, 0, -599752, 0 
1721990115326.00, 0, -599752, 0 
1721990115347.00, 0, -599751, 0 
1721990115368.00, 0, -599752, 0 
1721990115389.00, 0, -599752, 0 
1721990115410.00, 0, -599752, 0 
1721990115431.00, 0, -599752, 0 
1721990115452.00, 0, -599752, 0 
1721990115473.00, 0, -599753, 0 
1721990115494.00, 0, -599752, 0 
1721990115514.00, 0, -599752, 0 
1721990115536.00, 0, -599753, 0 
1721990115557.00, 0, -599752, 0 
1721990115583.00, 0, -599753, 0 
1721990115599.00, 0, -599752, 0 
1721990115620.00, 0, -599752, 0 
1721990115641.00, 0, -599753, 0 
1721990115662.00, 0, -599752, 0 
1721990115686.00, 0, -599753, 0 
1721990115705.00, 0, -599753, 0 
1721990115726.00, 0, -599753, 0 
1721990115746.00, 0, -599752, 0 
1721990115767.00, 0, -599752, 0 
1721990115788.00, 0, -599752, 0 
1721990115810.00, 0, -599752, 0 
1721990115830.00, 0, -599752, 0 
1721990115851.00, 0, -599753, 0 
1721990115873.00, 0, -599752, 0 
1721990115894.00, 0, -599752, 0 
1721990115914.00, 0, -599752, 0 
1721990115936.00, 0, -599752, 0 
1721990115956.00, 0, -599753, 0 
1721990115978.00, 0, -599752, 0 
1721990115999.00, 0, -599752, 0 
1721990116020.00, 0, -599752, 0 
1721990116041.00, 0, -599752, 0 
1721990116062.00, 0, -599752, 0 
1721990116083.00, 0, -599754, 0 
1721990116104.00, 0, -599753, 0 
1721990116125.00, 0, -599752, 0 
1721990116145.00, 0, -599752, 0 
1721990116166.00, 0, -599751, 0 
1721990116188.00, 0, -599752, 0 
1721990116209.00, 0, -599752, 0 
1721990116232.00, 0, -599752, 0 
1721990116251.00, 0, -599753, 0 
1721990116272.00, 0, -599752, 0 
1721990116293.00, 0, -599751, 0 
1721990116314.00, 0, -599753, 0 
1721990116335.00, 0, -599752, 0 
1721990116356.00, 0, -599753, 0 
1721990116377.00, 0, -599753, 0 
1721990116397.00, 0, -599752, 0 
1721990116419.00, 0, -599752, 0 
1721990116440.00, 0, -599752, 0 
1721990116462.00, 0, -599752, 0 
1721990116482.00, 0, -599752, 0 
1721990116503.00, 0, -599753, 0 
1721990116524.00, 0, -599752, 0 
1721990116545.00, 0, -599753, 0 
1721990116569.00, 0, -599753, 0 
1721990116587.00, 0, -599752, 0 
1721990116607.00, 0, -599752, 0 
1721990116629.00, 0, -599753, 0 
1721990116650.00, 0, -599753, 0 
1721990116673.00, 0, -599752, 0 
1721990116693.00, 0, -599753, 0 
1721990116714.00, 0, -599752, 0 
1721990116734.00, 0, -599752, 0 
1721990116755.00, 0, -599752, 0 
1721990116782.00, 0, -599753, 0 
1721990116797.00, 0, -599752, 0 
1721990116818.00, 0, -599752, 0 
1721990116839.00, 0, -599752, 0 
1721990116861.00, 0, -599752, 0 
1721990116881.00, 0, -599752, 0 
1721990116903.00, 0, -599752, 0 
1721990116924.00, 0, -599752, 0 
1721990116945.00, 0, -599752, 0 
1721990116966.00, 0, -599752, 0 
1721990116987.00, 0, -599752, 0 
1721990117008.00, 0, -599752, 0 
1721990117029.00, 0, -599752, 0 
1721990117050.00, 0, -599752, 0 
1721990117071.00, 0, -599752, 0 
1721990117092.00, 0, -599752, 0 
1721990117120.00, 0, -599753, 0 
1721990117134.00, 0, -599753, 0 
1721990117155.00, 0, -599753, 0 
1721990117176.00, 0, -599752, 0 
1721990117197.00, 0, -599752, 0 
1721990117224.00, 0, -599752, 0 
1721990117239.00, 0, -599753, 0 
1721990117260.00, 0, -599752, 0 
1721990117281.00, 0, -599752, 0 
1721990117303.00, 0, -599752, 0 
1721990117324.00, 0, -599752, 0 
1721990117344.00, 0, -599753, 0 
1721990117365.00, 0, -599752, 0 
1721990117387.00, 0, -599753, 0 
1721990117408.00, 0, -599753, 0 
1721990117429.00, 0, -599753, 0 
1721990117449.00, 0, -599752, 0 
1721990117470.00, 0, -599752, 0 
1721990117492.00, 0, -599752, 0 
1721990117513.00, 0, -599752, 0 
1721990117533.00, 0, -599752, 0 
1721990117554.00, 0, -599752, 0 
1721990117576.00, 0, -599753, 0 
1721990117597.00, 0, -599752, 0 
1721990117617.00, 0, -599752, 0 
1721990117639.00, 0, -599752, 0 
1721990117659.00, 0, -599753, 0 
1721990117681.00, 0, -599752, 0 
1721990117702.00, 0, -599752, 0 
1721990117723.00, 0, -599751, 0 
1721990117744.00, 0, -599752, 0 
1721990117767.00, 0, -599752, 0 
1721990117786.00, 0, -599753, 0 
1721990117807.00, 0, -599752, 0 
1721990117828.00, 0, -599751, 0 
1721990117849.00, 0, -599752, 0 
1721990117870.00, 0, -599752, 0 
1721990117891.00, 0, -599752, 0 
1721990117912.00, 0, -599751, 0 
1721990117933.00, 0, -599753, 0 
1721990117954.00, 0, -599752, 0 
1721990117975.00, 0, -599753, 0 
1721990117996.00, 0, -599752, 0 
1721990118017.00, 0, -599752, 0 
1721990118038.00, 0, -599752, 0 
1721990118059.00, 0, -599752, 0 
1721990118080.00, 0, -599752, 0 
1721990118101.00, 0, -599752, 0 
1721990118122.00, 0, -599752, 0 
1721990118143.00, 0, -599752, 0 
1721990118165.00, 0, -599751, 0 
1721990118186.00, 0, -599752, 0 
1721990118206.00, 0, -599753, 0 
1721990118227.00, 0, -599753, 0 
1721990118248.00, 0, -599752, 0 
1721990118270.00, 0, -599752, 0 
1721990118290.00, 0, -599753, 0 
1721990118314.00, 0, -599752, 0 
1721990118333.00, 0, -599752, 0 
1721990118353.00, 0, -599753, 0 
1721990118375.00, 0, -599752, 0 
1721990118396.00, 0, -599752, 0 
1721990118417.00, 0, -599752, 0 
1721990118438.00, 0, -599752, 0 
1721990118459.00, 0, -599752, 0 
1721990118480.00, 0, -599752, 0 
1721990118500.00, 0, -599752, 0 
1721990118522.00, 0, -599752, 0 
1721990118542.00, 0, -599753, 0 
1721990118563.00, 0, -599752, 0 
1721990118585.00, 0, -599753, 0 
1721990118606.00, 0, -599752, 0 
1721990118627.00, 0, -599752, 0 
1721990118648.00, 0, -599752, 0 
1721990118668.00, 0, -599753, 0 
1721990118690.00, 0, -599752, 0 
1721990118711.00, 0, -599753, 0 
1721990118732.00, 0, -599752, 0 
1721990118753.00, 0, -599753, 0 
1721990118773.00, 0, -599752, 0 
1721990118795.00, 0, -599753, 0 
1721990118816.00, 0, -599752, 0 
1721990118837.00, 0, -599752, 0 
1721990118863.00, 0, -599752, 0 
1721990118879.00, 0, -599752, 0 
1721990118901.00, 0, -599752, 0 
1721990118921.00, 0, -599752, 0 
1721990118942.00, 0, -599752, 0 
1721990118969.00, 0, -599753, 0 
1721990118985.00, 0, -599752, 0 
1721990119005.00, 0, -599752, 0 
1721990119026.00, 0, -599752, 0 
1721990119047.00, 0, -599752, 0 
1721990119068.00, 0, -599753, 0 
1721990119089.00, 0, -599752, 0 
1721990119110.00, 0, -599753, 0 
1721990119131.00, 0, -599752, 0 
1721990119153.00, 0, -599751, 0 
1721990119173.00, 0, -599752, 0 
1721990119195.00, 0, -599752, 0 
1721990119216.00, 0, -599752, 0 
1721990119237.00, 0, -599752, 0 
1721990119258.00, 0, -599752, 0 
1721990119279.00, 0, -599751, 0 
1721990119301.00, 0, -599752, 0 
1721990119321.00, 0, -599752, 0 
1721990119342.00, 0, -599752, 0 
1721990119363.00, 0, -599752, 0 
1721990119383.00, 0, -599752, 0 
1721990119406.00, 0, -599752, 0 
1721990119426.00, 0, -599752, 0 
1721990119447.00, 0, -599751, 0 
1721990119468.00, 0, -599752, 0 
1721990119489.00, 0, -599752, 0 
1721990119510.00, 0, -599752, 0 
1721990119531.00, 0, -599752, 0 
1721990119552.00, 0, -599752, 0 
1721990119574.00, 0, -599752, 0 
1721990119594.00, 0, -599752, 0 
1721990119615.00, 0, -599753, 0 
1721990119636.00, 0, -599753, 0 
1721990119657.00, 0, -599752, 0 
1721990119678.00, 0, -599753, 0 
1721990119699.00, 0, -599752, 0 
1721990119720.00, 0, -599752, 0 
1721990119741.00, 0, -599752, 0 
1721990119762.00, 0, -599753, 0 
1721990119784.00, 0, -599752, 0 
1721990119805.00, 0, -599752, 0 
1721990119826.00, 0, -599752, 0 
1721990119846.00, 0, -599752, 0 
1721990119867.00, 0, -599751, 0 
1721990119888.00, 0, -599752, 0 
1721990119909.00, 0, -599752, 0 
1721990119930.00, 0, -599752, 0 
1721990119953.00, 0, -599752, 0 
1721990119973.00, 0, -599753, 0 
1721990119993.00, 0, -599752, 0 
1721990120015.00, 0, -599752, 0 
1721990120035.00, 0, -599752, 0 
1721990120061.00, 0, -599752, 0 
1721990120078.00, 0, -599751, 0 
1721990120099.00, 0, -599752, 0 
1721990120120.00, 0, -599752, 0 
1721990120140.00, 0, -599752, 0 
1721990120161.00, 0, -599752, 0 
1721990120182.00, 0, -599752, 0 
1721990120204.00, 0, -599753, 0 
1721990120224.00, 0, -599753, 0 
1721990120246.00, 0, -599753, 0 
1721990120267.00, 0, -599751, 0 
1721990120288.00, 0, -599753, 0 
1721990120309.00, 0, -599752, 0 
1721990120330.00, 0, -599751, 0 
1721990120351.00, 0, -599753, 0 
1721990120371.00, 0, -599752, 0 
1721990120393.00, 0, -599752, 0 
1721990120414.00, 0, -599752, 0 
1721990120435.00, 0, -599752, 0 
1721990120456.00, 0, -599752, 0 
1721990120477.00, 0, -599752, 0 
1721990120503.00, 0, -599753, 0 
1721990120519.00, 0, -599751, 0 
1721990120540.00, 0, -599751, 0 
1721990120561.00, 0, -599751, 0 
1721990120583.00, 0, -599753, 0 
1721990120604.00, 0, -599751, 0 
1721990120624.00, 0, -599751, 0 
1721990120645.00, 0, -599752, 0 
1721990120666.00, 0, -599752, 0 
1721990120688.00, 0, -599752, 0 
1721990120709.00, 0, -599753, 0 
1721990120730.00, 0, -599753, 0 
1721990120750.00, 0, -599753, 0 
1721990120772.00, 0, -599752, 0 
1721990120793.00, 0, -599752, 0 
1721990120813.00, 0, -599752, 0 
1721990120835.00, 0, -599752, 0 
1721990120856.00, 0, -599752, 0 
1721990120877.00, 0, -599752, 0 
1721990120898.00, 0, -599751, 0 
1721990120919.00, 0, -599753, 0 
1721990120940.00, 0, -599752, 0 
1721990120961.00, 0, -599753, 0 
1721990120982.00, 0, -599753, 0 
1721990121003.00, 0, -599753, 0 
1721990121024.00, 0, -599752, 0 
1721990121046.00, 0, -599752, 0 
1721990121068.00, 0, -599752, 0 
1721990121087.00, 0, -599752, 0 
1721990121108.00, 0, -599752, 0 
1721990121129.00, 0, -599752, 0 
1721990121156.00, 0, -599753, 0 
1721990121171.00, 0, -599751, 0 
1721990121192.00, 0, -599753, 0 
1721990121213.00, 0, -599752, 0 
1721990121234.00, 0, -599752, 0 
1721990121255.00, 0, -599751, 0 
1721990121276.00, 0, -599752, 0 
1721990121296.00, 0, -599752, 0 
1721990121318.00, 0, -599752, 0 
1721990121339.00, 0, -599752, 0 
1721990121361.00, 0, -599753, 0 
1721990121382.00, 0, -599752, 0 
1721990121402.00, 0, -599752, 0 
1721990121423.00, 0, -599753, 0 
1721990121445.00, 0, -599752, 0 
1721990121465.00, 0, -599752, 0 
1721990121487.00, 0, -599753, 0 
1721990121508.00, 0, -599753, 0 
1721990121528.00, 0, -599753, 0 
1721990121549.00, 0, -599752, 0 
1721990121571.00, 0, -599752, 0 
1721990121593.00, 0, -599751, 0 
1721990121612.00, 0, -599752, 0 
1721990121634.00, 0, -599752, 0 
1721990121655.00, 0, -599752, 0 
1721990121676.00, 0, -599753, 0 
1721990121697.00, 0, -599753, 0 
1721990121718.00, 0, -599752, 0 
1721990121739.00, 0, -599752, 0 
1721990121760.00, 0, -599752, 0 
1721990121781.00, 0, -599752, 0 
1721990121801.00, 0, -599752, 0 
1721990121823.00, 0, -599752, 0 
1721990121843.00, 0, -599753, 0 
1721990121865.00, 0, -599752, 0 
1721990121886.00, 0, -599751, 0 
1721990121907.00, 0, -599751, 0 
1721990121929.00, 0, -599752, 0 
1721990121949.00, 0, -599752, 0 
1721990121970.00, 0, -599753, 0 
1721990121991.00, 0, -599751, 0 
1721990122012.00, 0, -599752, 0 
1721990122032.00, 0, -599752, 0 
1721990122054.00, 0, -599752, 0 
1721990122075.00, 0, -599752, 0 
1721990122096.00, 0, -599752, 0 
1721990122118.00, 0, -599752, 0 
1721990122139.00, 0, -599752, 0 
1721990122159.00, 0, -599751, 0 
1721990122180.00, 0, -599753, 0 
1721990122202.00, 0, -599752, 0 
1721990122222.00, 0, -599752, 0 
1721990122243.00, 0, -599752, 0 
1721990122265.00, 0, -599752, 0 
1721990122286.00, 0, -599752, 0 
1721990122306.00, 0, -599752, 0 
1721990122328.00, 0, -599752, 0 
1721990122349.00, 0, -599752, 0 
1721990122370.00, 0, -599753, 0 
1721990122391.00, 0, -599753, 0 
1721990122411.00, 0, -599753, 0 
1721990122432.00, 0, -599752, 0 
1721990122454.00, 0, -599753, 0 
1721990122476.00, 0, -599752, 0 
1721990122496.00, 0, -599751, 0 
1721990122517.00, 0, -599752, 0 
1721990122538.00, 0, -599752, 0 
1721990122559.00, 0, -599752, 0 
1721990122580.00, 0, -599752, 0 
1721990122601.00, 0, -599752, 0 
1721990122622.00, 0, -599752, 0 
1721990122643.00, 0, -599752, 0 
1721990122664.00, 0, -599753, 0 
1721990122685.00, 0, -599752, 0 
1721990122706.00, 0, -599752, 0 
1721990122727.00, 0, -599752, 0 
1721990122748.00, 0, -599752, 0 
1721990122769.00, 0, -599752, 0 
1721990122792.00, 0, -599752, 0 
1721990122811.00, 0, -599753, 0 
1721990122832.00, 0, -599752, 0 
1721990122853.00, 0, -599752, 0 
1721990122874.00, 0, -599751, 0 
1721990122895.00, 0, -599753, 0 
1721990122917.00, 0, -599752, 0 
1721990122938.00, 0, -599753, 0 
1721990122959.00, 0, -599753, 0 
1721990122979.00, 0, -599752, 0 
1721990123001.00, 0, -599752, 0 
1721990123022.00, 0, -599753, 0 
1721990123042.00, 0, -599751, 0 
1721990123064.00, 0, -599752, 0 
1721990123085.00, 0, -599752, 0 
1721990123106.00, 0, -599753, 0 
1721990123130.00, 0, -599751, 0 
1721990123148.00, 0, -599752, 0 
1721990123169.00, 0, -599752, 0 
1721990123190.00, 0, -599751, 0 
1721990123210.00, 0, -599752, 0 
1721990123237.00, 0, -599752, 0 
1721990123253.00, 0, -599752, 0 
1721990123274.00, 0, -599752, 0 
1721990123295.00, 0, -599752, 0 
1721990123315.00, 0, -599753, 0 
1721990123337.00, 0, -599753, 0 
1721990123358.00, 0, -599752, 0 
1721990123379.00, 0, -599752, 0 
1721990123400.00, 0, -599752, 0 
1721990123420.00, 0, -599752, 0 
1721990123442.00, 0, -599752, 0 
1721990123463.00, 0, -599752, 0 
1721990123484.00, 0, -599752, 0 
1721990123505.00, 0, -599753, 0 
1721990123526.00, 0, -599753, 0 
1721990123547.00, 0, -599752, 0 
1721990123568.00, 0, -599752, 0 
1721990123589.00, 0, -599753, 0 
1721990123610.00, 0, -599752, 0 
1721990123631.00, 0, -599752, 0 
1721990123652.00, 0, -599753, 0 
1721990123678.00, 0, -599752, 0 
1721990123694.00, 0, -599752, 0 
1721990123715.00, 0, -599751, 0 
1721990123736.00, 0, -599752, 0 
1721990123757.00, 0, -599752, 0 
1721990123780.00, 0, -599752, 0 
1721990123799.00, 0, -599753, 0 
1721990123821.00, 0, -599752, 0 
1721990123841.00, 0, -599751, 0 
1721990123863.00, 0, -599752, 0 
1721990123889.00, 0, -599751, 0 
1721990123904.00, 0, -599753, 0 
1721990123926.00, 0, -599752, 0 
1721990123947.00, 0, -599753, 0 
1721990123968.00, 0, -599752, 0 
1721990123989.00, 0, -599752, 0 
1721990124010.00, 0, -599753, 0 
1721990124031.00, 0, -599752, 0 
1721990124052.00, 0, -599752, 0 
1721990124073.00, 0, -599752, 0 
1721990124093.00, 0, -599751, 0 
1721990124115.00, 0, -599753, 0 
1721990124136.00, 0, -599752, 0 
1721990124157.00, 0, -599752, 0 
1721990124178.00, 0, -599752, 0 
1721990124198.00, 0, -599751, 0 
1721990124222.00, 0, -599752, 0 
1721990124241.00, 0, -599753, 0 
1721990124262.00, 0, -599753, 0 
1721990124283.00, 0, -599753, 0 
1721990124305.00, 0, -599753, 0 
1721990124325.00, 0, -599753, 0 
1721990124346.00, 0, -599752, 0 
1721990124367.00, 0, -599753, 0 
1721990124388.00, 0, -599752, 0 
1721990124409.00, 0, -599752, 0 
1721990124430.00, 0, -599752, 0 
1721990124451.00, 0, -599752, 0 
1721990124472.00, 0, -599752, 0 
1721990124494.00, 0, -599752, 0 
1721990124514.00, 0, -599752, 0 
1721990124536.00, 0, -599752, 0 
1721990124556.00, 0, -599752, 0 
1721990124577.00, 0, -599752, 0 
1721990124598.00, 0, -599752, 0 
1721990124619.00, 0, -599753, 0 
1721990124640.00, 0, -599752, 0 
1721990124662.00, 0, -599752, 0 
1721990124683.00, 0, -599753, 0 
1721990124704.00, 0, -599751, 0 
1721990124725.00, 0, -599752, 0 
1721990124746.00, 0, -599752, 0 
1721990124767.00, 0, -599751, 0 
1721990124787.00, 0, -599752, 0 
1721990124808.00, 0, -599752, 0 
1721990124830.00, 0, -599753, 0 
1721990124851.00, 0, -599752, 0 
1721990124873.00, 0, -599752, 0 
1721990124893.00, 0, -599752, 0 
1721990124914.00, 0, -599752, 0 
1721990124934.00, 0, -599752, 0 
1721990124956.00, 0, -599753, 0 
1721990124980.00, 0, -599752, 0 
1721990124998.00, 0, -599752, 0 
1721990125019.00, 0, -599752, 0 
1721990125040.00, 0, -599753, 0 
1721990125061.00, 0, -599752, 0 
1721990125082.00, 0, -599753, 0 
1721990125102.00, 0, -599752, 0 
1721990125124.00, 0, -599751, 0 
1721990125145.00, 0, -599752, 0 
1721990125166.00, 0, -599752, 0 
1721990125187.00, 0, -599752, 0 
1721990125209.00, 0, -599752, 0 
1721990125229.00, 0, -599752, 0 
1721990125250.00, 0, -599752, 0 
1721990125272.00, 0, -599753, 0 
1721990125292.00, 0, -599752, 0 
1721990125313.00, 0, -599752, 0 
1721990125335.00, 0, -599754, 0 
1721990125356.00, 0, -599752, 0 
1721990125376.00, 0, -599751, 0 
1721990125398.00, 0, -599753, 0 
1721990125419.00, 0, -599752, 0 
1721990125439.00, 0, -599752, 0 
1721990125460.00, 0, -599753, 0 
1721990125482.00, 0, -599753, 0 
1721990125503.00, 0, -599752, 0 
1721990125524.00, 0, -599752, 0 
1721990125545.00, 0, -599752, 0 
1721990125566.00, 0, -599752, 0 
1721990125586.00, 0, -599752, 0 
1721990125608.00, 0, -599753, 0 
1721990125629.00, 0, -599752, 0 
1721990125652.00, 0, -599751, 0 
1721990125671.00, 0, -599753, 0 
1721990125692.00, 0, -599752, 0 
1721990125713.00, 0, -599753, 0 
1721990125734.00, 0, -599752, 0 
1721990125761.00, 0, -599753, 0 
1721990125776.00, 0, -599752, 0 
1721990125797.00, 0, -599752, 0 
1721990125818.00, 0, -599753, 0 
1721990125839.00, 0, -599752, 0 
1721990125867.00, 0, -599752, 0 
1721990125881.00, 0, -599751, 0 
1721990125902.00, 0, -599753, 0 
1721990125923.00, 0, -599752, 0 
1721990125943.00, 0, -599752, 0 
1721990125973.00, 0, -599752, 0 
1721990125986.00, 0, -599752, 0 
1721990126007.00, 0, -599752, 0 
1721990126028.00, 0, -599752, 0 
1721990126049.00, 0, -599752, 0 
1721990126072.00, 0, -599752, 0 
1721990126091.00, 0, -599753, 0 
1721990126112.00, 0, -599752, 0 
1721990126133.00, 0, -599753, 0 
1721990126154.00, 0, -599752, 0 
1721990126175.00, 0, -599753, 0 
1721990126197.00, 0, -599752, 0 
1721990126217.00, 0, -599752, 0 
1721990126239.00, 0, -599752, 0 
1721990126259.00, 0, -599752, 0 
1721990126280.00, 0, -599752, 0 
1721990126301.00, 0, -599752, 0 
1721990126322.00, 0, -599753, 0 
1721990126343.00, 0, -599752, 0 
1721990126365.00, 0, -599752, 0 
1721990126385.00, 0, -599753, 0 
1721990126407.00, 0, -599752, 0 
1721990126428.00, 0, -599752, 0 
1721990126449.00, 0, -599752, 0 
1721990126470.00, 0, -599752, 0 
1721990126491.00, 0, -599754, 0 
1721990126514.00, 0, -599753, 0 
1721990126533.00, 0, -599751, 0 
1721990126554.00, 0, -599752, 0 
1721990126575.00, 0, -599752, 0 
1721990126596.00, 0, -599752, 0 
1721990126616.00, 0, -599752, 0 
1721990126637.00, 0, -599753, 0 
1721990126659.00, 0, -599752, 0 
1721990126681.00, 0, -599752, 0 
1721990126700.00, 0, -599753, 0 
1721990126721.00, 0, -599752, 0 
1721990126743.00, 0, -599753, 0 
1721990126764.00, 0, -599751, 0 
1721990126785.00, 0, -599752, 0 
1721990126806.00, 0, -599752, 0 
1721990126827.00, 0, -599752, 0 
1721990126853.00, 0, -599750, 0 
1721990126869.00, 0, -599752, 0 
1721990126890.00, 0, -599753, 0 
1721990126911.00, 0, -599752, 0 
1721990126932.00, 0, -599751, 0 
1721990126956.00, 0, -599751, 0 
1721990126974.00, 0, -599752, 0 
1721990126995.00, 0, -599752, 0 
1721990127016.00, 0, -599752, 0 
1721990127037.00, 0, -599753, 0 
1721990127062.00, 0, -599750, 0 
1721990127083.00, 0, -599753, 0 
1721990127100.00, 0, -599752, 0 
1721990127121.00, 0, -599752, 0 
1721990127142.00, 0, -599752, 0 
1721990127169.00, 0, -599752, 0 
1721990127185.00, 0, -599752, 0 
1721990127206.00, 0, -599753, 0 
1721990127227.00, 0, -599752, 0 
1721990127248.00, 0, -599751, 0 
1721990127269.00, 0, -599752, 0 
1721990127297.00, 0, -599752, 0 
1721990127311.00, 0, -599752, 0 
1721990127332.00, 0, -599752, 0 
1721990127353.00, 0, -599752, 0 
1721990127373.00, 0, -599752, 0 
1721990127395.00, 0, -599752, 0 
1721990127416.00, 0, -599752, 0 
1721990127437.00, 0, -599752, 0 
1721990127457.00, 0, -599752, 0 
1721990127479.00, 0, -599752, 0 
1721990127501.00, 0, -599752, 0 
1721990127520.00, 0, -599753, 0 
1721990127542.00, 0, -599752, 0 
1721990127563.00, 0, -599753, 0 
1721990127584.00, 0, -599752, 0 
1721990127617.00, 0, -599752, 0 
1721990127626.00, 0, -599752, 0 
1721990127647.00, 0, -599752, 0 
1721990127668.00, 0, -599752, 0 
1721990127690.00, 0, -599751, 0 
1721990127710.00, 0, -599752, 0 
1721990127732.00, 0, -599753, 0 
1721990127752.00, 0, -599752, 0 
1721990127773.00, 0, -599753, 0 
1721990127794.00, 0, -599753, 0 
1721990127815.00, 0, -599751, 0 
1721990127837.00, 0, -599752, 0 
1721990127858.00, 0, -599752, 0 
1721990127878.00, 0, -599752, 0 
1721990127900.00, 0, -599752, 0 
1721990127921.00, 0, -599752, 0 
1721990127945.00, 0, -599752, 0 
1721990127962.00, 0, -599752, 0 
1721990127984.00, 0, -599752, 0 
1721990128004.00, 0, -599752, 0 
1721990128026.00, 0, -599753, 0 
1721990128049.00, 0, -599753, 0 
1721990128068.00, 0, -599752, 0 
1721990128088.00, 0, -599753, 0 
1721990128110.00, 0, -599752, 0 
1721990128130.00, 0, -599752, 0 
1721990128151.00, 0, -599752, 0 
1721990128173.00, 0, -599752, 0 
1721990128194.00, 0, -599752, 0 
1721990128215.00, 0, -599752, 0 
1721990128235.00, 0, -599752, 0 
1721990128257.00, 0, -599752, 0 
1721990128278.00, 0, -599752, 0 
1721990128299.00, 0, -599752, 0 
1721990128320.00, 0, -599751, 0 
1721990128341.00, 0, -599752, 0 
1721990128362.00, 0, -599752, 0 
1721990128383.00, 0, -599753, 0 
1721990128404.00, 0, -599753, 0 
1721990128425.00, 0, -599752, 0 
1721990128446.00, 0, -599752, 0 
1721990128467.00, 0, -599752, 0 
1721990128488.00, 0, -599753, 0 
1721990128509.00, 0, -599752, 0 
1721990128530.00, 0, -599752, 0 
1721990128551.00, 0, -599753, 0 
1721990128572.00, 0, -599752, 0 
1721990128593.00, 0, -599753, 0 
1721990128614.00, 0, -599753, 0 
1721990128635.00, 0, -599752, 0 
1721990128656.00, 0, -599752, 0 
1721990128678.00, 0, -599752, 0 
1721990128699.00, 0, -599752, 0 
1721990128720.00, 0, -599752, 0 
1721990128740.00, 0, -599752, 0 
1721990128762.00, 0, -599752, 0 
1721990128783.00, 0, -599752, 0 
1721990128804.00, 0, -599753, 0 
1721990128825.00, 0, -599752, 0 
1721990128846.00, 0, -599752, 0 
1721990128866.00, 0, -599753, 0 
1721990128887.00, 0, -599753, 0 
1721990128909.00, 0, -599753, 0 
1721990128931.00, 0, -599753, 0 
1721990128951.00, 0, -599752, 0 
1721990128971.00, 0, -599752, 0 
1721990128993.00, 0, -599752, 0 
1721990129013.00, 0, -599751, 0 
1721990129035.00, 0, -599752, 0 
1721990129056.00, 0, -599752, 0 
1721990129077.00, 0, -599753, 0 
1721990129098.00, 0, -599753, 0 
1721990129119.00, 0, -599752, 0 
1721990129143.00, 0, -599751, 0 
1721990129161.00, 0, -599752, 0 
1721990129182.00, 0, -599752, 0 
1721990129203.00, 0, -599752, 0 
1721990129224.00, 0, -599752, 0 
1721990129250.00, 0, -599752, 0 
1721990129266.00, 0, -599752, 0 
1721990129287.00, 0, -599752, 0 
1721990129308.00, 0, -599751, 0 
1721990129329.00, 0, -599752, 0 
1721990129350.00, 0, -599753, 0 
1721990129371.00, 0, -599752, 0 
1721990129392.00, 0, -599753, 0 
1721990129413.00, 0, -599752, 0 
1721990129434.00, 0, -599752, 0 
1721990129455.00, 0, -599753, 0 
1721990129477.00, 0, -599752, 0 
1721990129497.00, 0, -599754, 0 
1721990129518.00, 0, -599751, 0 
1721990129539.00, 0, -599752, 0 
1721990129560.00, 0, -599751, 0 
1721990129581.00, 0, -599752, 0 
1721990129603.00, 0, -599752, 0 
1721990129624.00, 0, -599752, 0 
1721990129645.00, 0, -599752, 0 
1721990129665.00, 0, -599752, 0 
1721990129688.00, 0, -599751, 0 
1721990129708.00, 0, -599752, 0 
1721990129729.00, 0, -599753, 0 
1721990129750.00, 0, -599752, 0 
1721990129770.00, 0, -599753, 0 
1721990129795.00, 0, -599752, 0 
1721990129813.00, 0, -599751, 0 
1721990129834.00, 0, -599752, 0 
1721990129857.00, 0, -599752, 0 
1721990129876.00, 0, -599752, 0 
1721990129897.00, 0, -599752, 0 
1721990129918.00, 0, -599752, 0 
1721990129938.00, 0, -599752, 0 
1721990129960.00, 0, -599752, 0 
1721990129981.00, 0, -599751, 0 
1721990130002.00, 0, -599753, 0 
1721990130023.00, 0, -599752, 0 
1721990130044.00, 0, -599751, 0 
1721990130065.00, 0, -599751, 0 
1721990130086.00, 0, -599752, 0 
1721990130107.00, 0, -599753, 0 
1721990130140.00, 0, -599753, 0 
1721990130149.00, 0, -599752, 0 
1721990130171.00, 0, -599753, 0 
1721990130191.00, 0, -599753, 0 
1721990130212.00, 0, -599751, 0 
1721990130239.00, 0, -599752, 0 
1721990130255.00, 0, -599752, 0 
1721990130275.00, 0, -599751, 0 
1721990130296.00, 0, -599752, 0 
1721990130317.00, 0, -599752, 0 
1721990130344.00, 0, -599753, 0 
1721990130359.00, 0, -599752, 0 
1721990130380.00, 0, -599752, 0 
1721990130401.00, 0, -599751, 0 
1721990130423.00, 0, -599752, 0 
1721990130444.00, 0, -599752, 0 
1721990130465.00, 0, -599753, 0 
1721990130486.00, 0, -599752, 0 
1721990130506.00, 0, -599753, 0 
1721990130528.00, 0, -599752, 0 
1721990130549.00, 0, -599752, 0 
1721990130569.00, 0, -599753, 0 
1721990130590.00, 0, -599753, 0 
1721990130612.00, 0, -599752, 0 
1721990130633.00, 0, -599752, 0 
1721990130653.00, 0, -599752, 0 
1721990130675.00, 0, -599752, 0 
1721990130695.00, 0, -599752, 0 
1721990130717.00, 0, -599753, 0 
1721990130738.00, 0, -599753, 0 
1721990130759.00, 0, -599752, 0 
1721990130787.00, 0, -599753, 0 
1721990130801.00, 0, -599753, 0 
1721990130822.00, 0, -599752, 0 
1721990130843.00, 0, -599751, 0 
1721990130864.00, 0, -599752, 0 
1721990130885.00, 0, -599752, 0 
1721990130906.00, 0, -599752, 0 
1721990130927.00, 0, -599752, 0 
1721990130948.00, 0, -599752, 0 
1721990130969.00, 0, -599752, 0 
1721990130990.00, 0, -599752, 0 
1721990131011.00, 0, -599752, 0 
1721990131032.00, 0, -599751, 0 
1721990131053.00, 0, -599752, 0 
1721990131074.00, 0, -599752, 0 
1721990131095.00, 0, -599752, 0 
1721990131123.00, 0, -599752, 0 
1721990131138.00, 0, -599753, 0 
1721990131160.00, 0, -599753, 0 
1721990131179.00, 0, -599752, 0 
1721990131201.00, 0, -599753, 0 
1721990131224.00, 0, -599752, 0 
1721990131243.00, 0, -599751, 0 
1721990131264.00, 0, -599752, 0 
1721990131285.00, 0, -599752, 0 
1721990131306.00, 0, -599752, 0 
1721990131331.00, 0, -599753, 0 
1721990131348.00, 0, -599752, 0 
1721990131369.00, 0, -599752, 0 
1721990131390.00, 0, -599752, 0 
1721990131411.00, 0, -599753, 0 
1721990131432.00, 0, -599753, 0 
1721990131453.00, 0, -599752, 0 
1721990131474.00, 0, -599753, 0 
1721990131495.00, 0, -599752, 0 
1721990131516.00, 0, -599752, 0 
1721990131537.00, 0, -599752, 0 
1721990131557.00, 0, -599752, 0 
1721990131579.00, 0, -599751, 0 
1721990131600.00, 0, -599752, 0 
1721990131621.00, 0, -599752, 0 
1721990131642.00, 0, -599752, 0 
1721990131664.00, 0, -599752, 0 
1721990131684.00, 0, -599752, 0 
1721990131705.00, 0, -599751, 0 
1721990131726.00, 0, -599752, 0 
1721990131747.00, 0, -599752, 0 
1721990131776.00, 0, -599753, 0 
1721990131789.00, 0, -599752, 0 
1721990131811.00, 0, -599752, 0 
1721990131831.00, 0, -599751, 0 
1721990131853.00, 0, -599751, 0 
1721990131876.00, 0, -599752, 0 
1721990131895.00, 0, -599752, 0 
1721990131916.00, 0, -599752, 0 
1721990131936.00, 0, -599752, 0 
1721990131957.00, 0, -599753, 0 
1721990131980.00, 0, -599752, 0 
1721990131999.00, 0, -599752, 0 
1721990132020.00, 0, -599752, 0 
1721990132041.00, 0, -599753, 0 
1721990132063.00, 0, -599753, 0 
1721990132083.00, 0, -599752, 0 
1721990132105.00, 0, -599752, 0 
1721990132125.00, 0, -599753, 0 
1721990132147.00, 0, -599752, 0 
1721990132168.00, 0, -599752, 0 
1721990132188.00, 0, -599752, 0 
1721990132210.00, 0, -599751, 0 
1721990132231.00, 0, -599752, 0 
1721990132252.00, 0, -599752, 0 
1721990132273.00, 0, -599751, 0 
1721990132294.00, 0, -599751, 0 
1721990132315.00, 0, -599753, 0 
1721990132335.00, 0, -599753, 0 
1721990132357.00, 0, -599752, 0 
1721990132378.00, 0, -599751, 0 
1721990132399.00, 0, -599752, 0 
1721990132420.00, 0, -599752, 0 
1721990132441.00, 0, -599752, 0 
1721990132462.00, 0, -599752, 0 
1721990132483.00, 0, -599753, 0 
1721990132504.00, 0, -599753, 0 
1721990132525.00, 0, -599752, 0 
1721990132546.00, 0, -599753, 0 
1721990132567.00, 0, -599753, 0 
1721990132587.00, 0, -599751, 0 
1721990132609.00, 0, -599752, 0 
1721990132630.00, 0, -599752, 0 
1721990132651.00, 0, -599753, 0 
1721990132673.00, 0, -599751, 0 
1721990132693.00, 0, -599753, 0 
1721990132714.00, 0, -599753, 0 
1721990132735.00, 0, -599752, 0 
1721990132756.00, 0, -599753, 0 
1721990132778.00, 0, -599752, 0 
1721990132799.00, 0, -599752, 0 
1721990132819.00, 0, -599753, 0 
1721990132841.00, 0, -599752, 0 
1721990132862.00, 0, -599752, 0 
1721990132882.00, 0, -599751, 0 
1721990132903.00, 0, -599751, 0 
1721990132925.00, 0, -599752, 0 
1721990132946.00, 0, -599752, 0 
1721990132966.00, 0, -599753, 0 
1721990132988.00, 0, -599752, 0 
1721990133009.00, 0, -599752, 0 
1721990133029.00, 0, -599752, 0 
1721990133051.00, 0, -599751, 0 
1721990133072.00, 0, -599753, 0 
1721990133092.00, 0, -599753, 0 
1721990133114.00, 0, -599752, 0 
1721990133135.00, 0, -599751, 0 
1721990133156.00, 0, -599752, 0 
1721990133177.00, 0, -599752, 0 
1721990133198.00, 0, -599753, 0 
1721990133219.00, 0, -599752, 0 
1721990133240.00, 0, -599753, 0 
1721990133261.00, 0, -599752, 0 
1721990133282.00, 0, -599752, 0 
1721990133303.00, 0, -599751, 0 
1721990133324.00, 0, -599753, 0 
1721990133345.00, 0, -599752, 0 
1721990133366.00, 0, -599753, 0 
1721990133387.00, 0, -599751, 0 
1721990133411.00, 0, -599753, 0 
1721990133429.00, 0, -599752, 0 
1721990133450.00, 0, -599752, 0 
1721990133472.00, 0, -599753, 0 
1721990133492.00, 0, -599753, 0 
1721990133520.00, 0, -599753, 0 
1721990133534.00, 0, -599752, 0 
1721990133556.00, 0, -599752, 0 
1721990133577.00, 0, -599753, 0 
1721990133598.00, 0, -599751, 0 
1721990133620.00, 0, -599751, 0 
1721990133640.00, 0, -599752, 0 
1721990133661.00, 0, -599751, 0 
1721990133682.00, 0, -599753, 0 
1721990133703.00, 0, -599752, 0 
1721990133724.00, 0, -599752, 0 
1721990133745.00, 0, -599752, 0 
1721990133766.00, 0, -599752, 0 
1721990133786.00, 0, -599752, 0 
1721990133807.00, 0, -599752, 0 
1721990133829.00, 0, -599753, 0 
1721990133850.00, 0, -599752, 0 
1721990133871.00, 0, -599752, 0 
1721990133892.00, 0, -599752, 0 
1721990133913.00, 0, -599753, 0 
1721990133934.00, 0, -599751, 0 
1721990133955.00, 0, -599751, 0 
1721990133976.00, 0, -599752, 0 
1721990133997.00, 0, -599752, 0 
1721990134018.00, 0, -599751, 0 
1721990134039.00, 0, -599752, 0 
1721990134060.00, 0, -599752, 0 
1721990134081.00, 0, -599752, 0 
1721990134102.00, 0, -599751, 0 
1721990134123.00, 0, -599753, 0 
1721990134144.00, 0, -599753, 0 
1721990134165.00, 0, -599753, 0 
1721990134186.00, 0, -599752, 0 
1721990134207.00, 0, -599752, 0 
1721990134228.00, 0, -599752, 0 
1721990134251.00, 0, -599752, 0 
1721990134270.00, 0, -599752, 0 
1721990134292.00, 0, -599752, 0 
1721990134312.00, 0, -599753, 0 
1721990134333.00, 0, -599752, 0 
1721990134354.00, 0, -599752, 0 
1721990134376.00, 0, -599752, 0 
1721990134396.00, 0, -599751, 0 
1721990134417.00, 0, -599752, 0 
1721990134438.00, 0, -599752, 0 
1721990134460.00, 0, -599753, 0 
1721990134481.00, 0, -599752, 0 
1721990134505.00, 0, -599753, 0 
1721990134523.00, 0, -599752, 0 
1721990134544.00, 0, -599751, 0 
1721990134565.00, 0, -599752, 0 
1721990134585.00, 0, -599753, 0 
1721990134608.00, 0, -599752, 0 
1721990134628.00, 0, -599753, 0 
1721990134648.00, 0, -599752, 0 
1721990134670.00, 0, -599752, 0 
1721990134690.00, 0, -599752, 0 
1721990134714.00, 0, -599752, 0 
1721990134733.00, 0, -599753, 0 
1721990134754.00, 0, -599752, 0 
1721990134775.00, 0, -599753, 0 
1721990134796.00, 0, -599752, 0 
1721990134817.00, 0, -599752, 0 
1721990134838.00, 0, -599753, 0 
1721990134859.00, 0, -599752, 0 
1721990134880.00, 0, -599752, 0 
1721990134901.00, 0, -599752, 0 
1721990134922.00, 0, -599752, 0 
1721990134943.00, 0, -599753, 0 
1721990134964.00, 0, -599752, 0 
1721990134985.00, 0, -599752, 0 
1721990135006.00, 0, -599752, 0 
1721990135027.00, 0, -599751, 0 
1721990135047.00, 0, -599752, 0 
1721990135069.00, 0, -599752, 0 
1721990135090.00, 0, -599752, 0 
1721990135112.00, 0, -599753, 0 
1721990135132.00, 0, -599751, 0 
1721990135153.00, 0, -599752, 0 
1721990135175.00, 0, -599752, 0 
1721990135196.00, 0, -599751, 0 
1721990135217.00, 0, -599753, 0 
1721990135237.00, 0, -599752, 0 
1721990135258.00, 0, -599752, 0 
1721990135279.00, 0, -599751, 0 
1721990135301.00, 0, -599752, 0 
1721990135321.00, 0, -599752, 0 
1721990135343.00, 0, -599753, 0 
1721990135364.00, 0, -599753, 0 
1721990135385.00, 0, -599752, 0 
1721990135406.00, 0, -599752, 0 
1721990135427.00, 0, -599752, 0 
1721990135448.00, 0, -599752, 0 
1721990135468.00, 0, -599752, 0 
1721990135490.00, 0, -599753, 0 
1721990135511.00, 0, -599752, 0 
1721990135532.00, 0, -599753, 0 
1721990135553.00, 0, -599753, 0 
1721990135574.00, 0, -599753, 0 
1721990135597.00, 0, -599752, 0 
1721990135616.00, 0, -599752, 0 
1721990135637.00, 0, -599751, 0 
1721990135658.00, 0, -599752, 0 
1721990135680.00, 0, -599752, 0 
1721990135705.00, 0, -599752, 0 
1721990135721.00, 0, -599752, 0 
1721990135742.00, 0, -599752, 0 
1721990135763.00, 0, -599751, 0 
1721990135784.00, 0, -599753, 0 
1721990135808.00, 0, -599752, 0 
1721990135832.00, 0, -599751, 0 
1721990135847.00, 0, -599752, 0 
1721990135869.00, 0, -599753, 0 
1721990135890.00, 0, -599752, 0 
1721990135911.00, 0, -599753, 0 
1721990135934.00, 0, -599752, 0 
1721990135952.00, 0, -599752, 0 
1721990135974.00, 0, -599752, 0 
1721990135994.00, 0, -599753, 0 
1721990136015.00, 0, -599752, 0 
1721990136036.00, 0, -599752, 0 
1721990136058.00, 0, -599752, 0 
1721990136079.00, 0, -599751, 0 
1721990136100.00, 0, -599752, 0 
1721990136120.00, 0, -599752, 0 
1721990136143.00, 0, -599753, 0 
1721990136162.00, 0, -599752, 0 
1721990136184.00, 0, -599752, 0 
1721990136204.00, 0, -599752, 0 
1721990136225.00, 0, -599753, 0 
1721990136255.00, 0, -599752, 0 
1721990136271.00, 0, -599753, 0 
1721990136289.00, 0, -599752, 0 
1721990136310.00, 0, -599752, 0 
1721990136331.00, 0, -599752, 0 
1721990136352.00, 0, -599752, 0 
1721990136373.00, 0, -599753, 0 
1721990136394.00, 0, -599753, 0 
1721990136414.00, 0, -599753, 0 
1721990136436.00, 0, -599751, 0 
1721990136457.00, 0, -599752, 0 
1721990136478.00, 0, -599752, 0 
1721990136498.00, 0, -599752, 0 
1721990136519.00, 0, -599753, 0 
1721990136541.00, 0, -599751, 0 
1721990136562.00, 0, -599753, 0 
1721990136583.00, 0, -599752, 0 
1721990136604.00, 0, -599751, 0 
1721990136625.00, 0, -599753, 0 
1721990136646.00, 0, -599751, 0 
1721990136667.00, 0, -599753, 0 
1721990136692.00, 0, -599752, 0 
1721990136709.00, 0, -599752, 0 
1721990136730.00, 0, -599751, 0 
1721990136751.00, 0, -599753, 0 
1721990136772.00, 0, -599751, 0 
1721990136794.00, 0, -599752, 0 
1721990136815.00, 0, -599752, 0 
1721990136836.00, 0, -599751, 0 
1721990136857.00, 0, -599752, 0 
1721990136878.00, 0, -599752, 0 
1721990136902.00, 0, -599751, 0 
1721990136919.00, 0, -599752, 0 
1721990136940.00, 0, -599752, 0 
1721990136962.00, 0, -599752, 0 
1721990136983.00, 0, -599752, 0 
1721990137004.00, 0, -599752, 0 
1721990137025.00, 0, -599752, 0 
1721990137046.00, 0, -599753, 0 
1721990137066.00, 0, -599752, 0 
1721990137088.00, 0, -599752, 0 
1721990137109.00, 0, -599752, 0 
1721990137134.00, 0, -599752, 0 
1721990137151.00, 0, -599753, 0 
1721990137172.00, 0, -599752, 0 
1721990137193.00, 0, -599752, 0 
1721990137214.00, 0, -599752, 0 
1721990137235.00, 0, -599752, 0 
1721990137256.00, 0, -599753, 0 
1721990137277.00, 0, -599752, 0 
1721990137298.00, 0, -599752, 0 
1721990137319.00, 0, -599752, 0 
1721990137340.00, 0, -599752, 0 
1721990137361.00, 0, -599752, 0 
1721990137383.00, 0, -599752, 0 
1721990137403.00, 0, -599752, 0 
1721990137424.00, 0, -599752, 0 
1721990137445.00, 0, -599751, 0 
1721990137466.00, 0, -599752, 0 
1721990137488.00, 0, -599752, 0 
1721990137509.00, 0, -599751, 0 
1721990137529.00, 0, -599753, 0 
1721990137550.00, 0, -599751, 0 
1721990137572.00, 0, -599751, 0 
1721990137592.00, 0, -599752, 0 
1721990137614.00, 0, -599752, 0 
1721990137634.00, 0, -599752, 0 
1721990137655.00, 0, -599751, 0 
1721990137677.00, 0, -599752, 0 
1721990137698.00, 0, -599752, 0 
1721990137719.00, 0, -599753, 0 
1721990137740.00, 0, -599752, 0 
1721990137760.00, 0, -599752, 0 
1721990137786.00, 0, -599753, 0 
1721990137803.00, 0, -599752, 0 
1721990137823.00, 0, -599752, 0 
1721990137844.00, 0, -599752, 0 
1721990137866.00, 0, -599752, 0 
1721990137887.00, 0, -599752, 0 
1721990137908.00, 0, -599752, 0 
1721990137929.00, 0, -599752, 0 
1721990137950.00, 0, -599752, 0 
1721990137971.00, 0, -599753, 0 
1721990137992.00, 0, -599753, 0 
1721990138013.00, 0, -599752, 0 
1721990138034.00, 0, -599753, 0 
1721990138055.00, 0, -599752, 0 
1721990138077.00, 0, -599752, 0 
1721990138097.00, 0, -599752, 0 
1721990138119.00, 0, -599752, 0 
1721990138139.00, 0, -599752, 0 
1721990138160.00, 0, -599752, 0 
1721990138182.00, 0, -599753, 0 
1721990138203.00, 0, -599753, 0 
1721990138224.00, 0, -599753, 0 
1721990138244.00, 0, -599753, 0 
1721990138265.00, 0, -599752, 0 
1721990138286.00, 0, -599752, 0 
1721990138307.00, 0, -599752, 0 
1721990138328.00, 0, -599752, 0 
1721990138350.00, 0, -599752, 0 
1721990138371.00, 0, -599752, 0 
1721990138392.00, 0, -599752, 0 
1721990138413.00, 0, -599752, 0 
1721990138434.00, 0, -599752, 0 
1721990138454.00, 0, -599751, 0 
1721990138476.00, 0, -599751, 0 
1721990138497.00, 0, -599751, 0 
1721990138518.00, 0, -599752, 0 
1721990138539.00, 0, -599751, 0 
1721990138559.00, 0, -599752, 0 
1721990138581.00, 0, -599752, 0 
1721990138602.00, 0, -599752, 0 
1721990138623.00, 0, -599751, 0 
1721990138644.00, 0, -599752, 0 
1721990138665.00, 0, -599753, 0 
1721990138686.00, 0, -599752, 0 
1721990138707.00, 0, -599751, 0 
1721990138728.00, 0, -599752, 0 
1721990138748.00, 0, -599752, 0 
1721990138770.00, 0, -599752, 0 
1721990138791.00, 0, -599752, 0 
1721990138812.00, 0, -599752, 0 
1721990138833.00, 0, -599751, 0 
1721990138854.00, 0, -599752, 0 
1721990138881.00, 0, -599753, 0 
1721990138896.00, 0, -599753, 0 
1721990138917.00, 0, -599752, 0 
1721990138938.00, 0, -599752, 0 
1721990138959.00, 0, -599752, 0 
1721990138983.00, 0, -599751, 0 
1721990139002.00, 0, -599752, 0 
1721990139022.00, 0, -599752, 0 
1721990139043.00, 0, -599752, 0 
1721990139064.00, 0, -599752, 0 
1721990139085.00, 0, -599752, 0 
1721990139106.00, 0, -599752, 0 
1721990139127.00, 0, -599752, 0 
1721990139149.00, 0, -599753, 0 
1721990139169.00, 0, -599751, 0 
1721990139190.00, 0, -599753, 0 
1721990139211.00, 0, -599751, 0 
1721990139232.00, 0, -599752, 0 
1721990139254.00, 0, -599752, 0 
1721990139275.00, 0, -599752, 0 
1721990139296.00, 0, -599752, 0 
1721990139317.00, 0, -599752, 0 
1721990139337.00, 0, -599752, 0 
1721990139359.00, 0, -599752, 0 
1721990139379.00, 0, -599752, 0 
1721990139401.00, 0, -599752, 0 
1721990139422.00, 0, -599752, 0 
1721990139443.00, 0, -599752, 0 
1721990139464.00, 0, -599752, 0 
1721990139485.00, 0, -599752, 0 
1721990139506.00, 0, -599752, 0 
1721990139527.00, 0, -599751, 0 
1721990139548.00, 0, -599752, 0 
1721990139569.00, 0, -599752, 0 
1721990139590.00, 0, -599752, 0 
1721990139611.00, 0, -599753, 0 
1721990139634.00, 0, -599752, 0 
1721990139653.00, 0, -599751, 0 
1721990139674.00, 0, -599750, 0 
1721990139695.00, 0, -599751, 0 
1721990139716.00, 0, -599752, 0 
1721990139737.00, 0, -599751, 0 
1721990139758.00, 0, -599752, 0 
1721990139779.00, 0, -599752, 0 
1721990139800.00, 0, -599752, 0 
1721990139821.00, 0, -599751, 0 
1721990139842.00, 0, -599752, 0 
1721990139869.00, 0, -599752, 0 
1721990139884.00, 0, -599752, 0 
1721990139905.00, 0, -599752, 0 
1721990139926.00, 0, -599753, 0 
1721990139947.00, 0, -599752, 0 
1721990139969.00, 0, -599752, 0 
1721990139990.00, 0, -599752, 0 
1721990140010.00, 0, -599752, 0 
1721990140031.00, 0, -599752, 0 
1721990140052.00, 0, -599752, 0 
1721990140073.00, 0, -599752, 0 
1721990140094.00, 0, -599752, 0 
1721990140116.00, 0, -599752, 0 
1721990140137.00, 0, -599752, 0 
1721990140157.00, 0, -599751, 0 
1721990140178.00, 0, -599752, 0 
1721990140200.00, 0, -599751, 0 
1721990140220.00, 0, -599752, 0 
1721990140242.00, 0, -599752, 0 
1721990140263.00, 0, -599752, 0 
1721990140283.00, 0, -599752, 0 
1721990140304.00, 0, -599752, 0 
1721990140325.00, 0, -599753, 0 
1721990140347.00, 0, -599752, 0 
1721990140368.00, 0, -599752, 0 
1721990140389.00, 0, -599752, 0 
1721990140411.00, 0, -599752, 0 
1721990140431.00, 0, -599752, 0 
1721990140452.00, 0, -599752, 0 
1721990140473.00, 0, -599753, 0 
1721990140494.00, 0, -599751, 0 
1721990140521.00, 0, -599752, 0 
1721990140536.00, 0, -599751, 0 
1721990140557.00, 0, -599752, 0 
1721990140578.00, 0, -599752, 0 
1721990140599.00, 0, -599751, 0 
1721990140632.00, 0, -599752, 0 
1721990140641.00, 0, -599752, 0 
1721990140662.00, 0, -599753, 0 
1721990140683.00, 0, -599752, 0 
1721990140705.00, 0, -599753, 0 
1721990140727.00, 0, -599752, 0 
1721990140747.00, 0, -599751, 0 
1721990140768.00, 0, -599753, 0 
1721990140788.00, 0, -599753, 0 
1721990140810.00, 0, -599752, 0 
1721990140831.00, 0, -599752, 0 
1721990140852.00, 0, -599752, 0 
1721990140873.00, 0, -599752, 0 
1721990140894.00, 0, -599752, 0 
1721990140915.00, 0, -599752, 0 
1721990140935.00, 0, -599752, 0 
1721990140961.00, 0, -599752, 0 
1721990140979.00, 0, -599751, 0 
1721990140999.00, 0, -599753, 0 
1721990141021.00, 0, -599751, 0 
1721990141041.00, 0, -599754, 0 
1721990141067.00, 0, -599752, 0 
1721990141083.00, 0, -599752, 0 
1721990141104.00, 0, -599752, 0 
1721990141125.00, 0, -599752, 0 
1721990141146.00, 0, -599753, 0 
1721990141167.00, 0, -599753, 0 
1721990141188.00, 0, -599752, 0 
1721990141209.00, 0, -599751, 0 
1721990141230.00, 0, -599751, 0 
1721990141251.00, 0, -599752, 0 
1721990141272.00, 0, -599753, 0 
1721990141293.00, 0, -599753, 0 
1721990141314.00, 0, -599752, 0 
1721990141335.00, 0, -599752, 0 
1721990141356.00, 0, -599752, 0 
1721990141377.00, 0, -599753, 0 
1721990141404.00, 0, -599752, 0 
1721990141419.00, 0, -599752, 0 
1721990141440.00, 0, -599751, 0 
1721990141461.00, 0, -599752, 0 
1721990141482.00, 0, -599752, 0 
1721990141508.00, 0, -599752, 0 
1721990141525.00, 0, -599751, 0 
1721990141545.00, 0, -599751, 0 
1721990141566.00, 0, -599751, 0 
1721990141588.00, 0, -599752, 0 
1721990141609.00, 0, -599752, 0 
1721990141630.00, 0, -599752, 0 
1721990141651.00, 0, -599751, 0 
1721990141672.00, 0, -599752, 0 
1721990141692.00, 0, -599752, 0 
1721990141713.00, 0, -599752, 0 
1721990141735.00, 0, -599753, 0 
1721990141755.00, 0, -599753, 0 
1721990141777.00, 0, -599752, 0 
1721990141797.00, 0, -599752, 0 
1721990141819.00, 0, -599752, 0 
1721990141840.00, 0, -599752, 0 
1721990141860.00, 0, -599752, 0 
1721990141881.00, 0, -599752, 0 
1721990141902.00, 0, -599753, 0 
1721990141924.00, 0, -599752, 0 
1721990141953.00, 0, -599752, 0 
1721990141966.00, 0, -599751, 0 
1721990141987.00, 0, -599752, 0 
1721990142008.00, 0, -599752, 0 
1721990142029.00, 0, -599752, 0 
1721990142050.00, 0, -599752, 0 
1721990142071.00, 0, -599752, 0 
1721990142092.00, 0, -599752, 0 
1721990142113.00, 0, -599751, 0 
1721990142134.00, 0, -599751, 0 
1721990142160.00, 0, -599753, 0 
1721990142176.00, 0, -599753, 0 
1721990142197.00, 0, -599752, 0 
1721990142219.00, 0, -599752, 0 
1721990142239.00, 0, -599752, 0 
1721990142260.00, 0, -599753, 0 
1721990142281.00, 0, -599753, 0 
1721990142302.00, 0, -599751, 0 
1721990142323.00, 0, -599753, 0 
1721990142345.00, 0, -599752, 0 
1721990142365.00, 0, -599752, 0 
1721990142387.00, 0, -599752, 0 
1721990142408.00, 0, -599752, 0 
1721990142428.00, 0, -599751, 0 
1721990142450.00, 0, -599752, 0 
1721990142471.00, 0, -599753, 0 
1721990142496.00, 0, -599752, 0 
1721990142513.00, 0, -599753, 0 
1721990142533.00, 0, -599752, 0 
1721990142555.00, 1, -599752, 0 
1721990142578.00, 0, -599753, 0 
1721990142603.00, 0, -599753, 0 
1721990142618.00, 0, -599753, 0 
1721990142639.00, 0, -599751, 0 
1721990142659.00, 0, -599752, 0 
1721990142681.00, 0, -599751, 0 
1721990142706.00, 0, -599752, 0 
1721990142723.00, 0, -599751, 0 
1721990142743.00, 0, -599751, 0 
1721990142764.00, 0, -599751, 0 
1721990142785.00, 0, -599752, 0 
1721990142809.00, 0, -599752, 0 
1721990142828.00, 0, -599752, 0 
1721990142849.00, 0, -599751, 0 
1721990142870.00, 0, -599753, 0 
1721990142891.00, 0, -599752, 0 
1721990142911.00, 0, -599752, 0 
1721990142933.00, 0, -599752, 0 
1721990142953.00, 0, -599752, 0 
1721990142976.00, 0, -599751, 0 
1721990142996.00, 0, -599752, 0 
1721990143017.00, 0, -599752, 0 
1721990143038.00, 0, -599752, 0 
1721990143059.00, 0, -599752, 0 
1721990143080.00, 0, -599752, 0 
1721990143101.00, 0, -599752, 0 
1721990143122.00, 0, -599751, 0 
1721990143145.00, 0, -599752, 0 
1721990143164.00, 0, -599752, 0 
1721990143185.00, 0, -599753, 0 
1721990143206.00, 0, -599753, 0 
1721990143226.00, 0, -599751, 0 
1721990143248.00, 0, -599753, 0 
1721990143270.00, 0, -599752, 0 
1721990143290.00, 0, -599752, 0 
1721990143311.00, 0, -599752, 0 
1721990143332.00, 0, -599753, 0 
1721990143355.00, 0, -599753, 0 
1721990143375.00, 0, -599752, 0 
1721990143396.00, 0, -599752, 0 
1721990143417.00, 0, -599752, 0 
1721990143438.00, 0, -599752, 0 
1721990143459.00, 0, -599751, 0 
1721990143479.00, 0, -599752, 0 
1721990143500.00, 0, -599753, 0 
1721990143522.00, 0, -599753, 0 
1721990143543.00, 0, -599752, 0 
1721990143564.00, 0, -599751, 0 
1721990143585.00, 0, -599751, 0 
1721990143605.00, 0, -599752, 0 
1721990143627.00, 0, -599753, 0 
1721990143647.00, 0, -599751, 0 
1721990143669.00, 0, -599751, 0 
1721990143690.00, 0, -599753, 0 
1721990143711.00, 0, -599752, 0 
1721990143732.00, 0, -599753, 0 
1721990143753.00, 0, -599751, 0 
1721990143774.00, 0, -599752, 0 
1721990143800.00, 0, -599752, 0 
1721990143816.00, 0, -599753, 0 
1721990143837.00, 0, -599753, 0 
1721990143858.00, 0, -599752, 0 
1721990143879.00, 0, -599752, 0 
1721990143911.00, 0, -599751, 0 
1721990143921.00, 0, -599753, 0 
1721990143942.00, 0, -599752, 0 
1721990143963.00, 0, -599753, 0 
1721990143984.00, 0, -599753, 0 
1721990144005.00, 0, -599752, 0 
1721990144027.00, 0, -599752, 0 
1721990144047.00, 0, -599753, 0 
1721990144068.00, 0, -599753, 0 
1721990144090.00, 0, -599752, 0 
1721990144110.00, 0, -599752, 0 
1721990144132.00, 0, -599751, 0 
1721990144153.00, 0, -599752, 0 
1721990144173.00, 0, -599754, 0 
1721990144194.00, 0, -599753, 0 
1721990144216.00, 0, -599751, 0 
1721990144245.00, 0, -599752, 0 
1721990144258.00, 0, -599751, 0 
1721990144278.00, 0, -599752, 0 
1721990144300.00, 0, -599753, 0 
1721990144321.00, 0, -599752, 0 
1721990144345.00, 0, -599751, 0 
1721990144363.00, 0, -599752, 0 
1721990144384.00, 0, -599751, 0 
1721990144404.00, 0, -599752, 0 
1721990144426.00, 0, -599751, 0 
1721990144450.00, 0, -599752, 0 
1721990144468.00, 0, -599751, 0 
1721990144489.00, 0, -599752, 0 
1721990144510.00, 0, -599752, 0 
1721990144531.00, 0, -599751, 0 
1721990144552.00, 0, -599752, 0 
1721990144572.00, 0, -599752, 0 
1721990144594.00, 0, -599752, 0 
1721990144615.00, 0, -599752, 0 
1721990144636.00, 0, -599752, 0 
1721990144657.00, 0, -599752, 0 
1721990144679.00, 0, -599753, 0 
1721990144699.00, 0, -599752, 0 
1721990144720.00, 0, -599751, 0 
1721990144741.00, 0, -599753, 0 
1721990144762.00, 0, -599751, 0 
1721990144794.00, 0, -599751, 0 
1721990144804.00, 0, -599752, 0 
1721990144825.00, 0, -599752, 0 
1721990144846.00, 0, -599752, 0 
1721990144867.00, 0, -599752, 0 
1721990144892.00, 0, -599752, 0 
1721990144909.00, 0, -599752, 0 
1721990144931.00, 0, -599753, 0 
1721990144951.00, 0, -599752, 0 
1721990144972.00, 0, -599753, 0 
1721990144994.00, 0, -599753, 0 
1721990145015.00, 0, -599752, 0 
1721990145036.00, 0, -599751, 0 
1721990145057.00, -9, -599753, 0 
1721990145077.00, 0, -599752, 0 
1721990145099.00, 0, -599753, 0 
1721990145121.00, 0, -599752, 0 
1721990145141.00, 0, -599752, 0 
1721990145162.00, 0, -599752, 0 
1721990145183.00, 0, -599752, 0 
1721990145204.00, 0, -599751, 0 
1721990145225.00, 0, -599752, 0 
1721990145247.00, 0, -599751, 0 
1721990145267.00, 0, -599752, 0 
1721990145288.00, 0, -599752, 0 
1721990145309.00, 0, -599752, 0 
1721990145333.00, 0, -599751, 0 
1721990145351.00, 0, -599751, 0 
1721990145372.00, 0, -599752, 0 
1721990145393.00, 0, -599751, 0 
1721990145414.00, 0, -599752, 0 
1721990145436.00, 0, -599752, 0 
1721990145456.00, 0, -599752, 0 
1721990145476.00, 0, -599752, 0 
1721990145498.00, 0, -599752, 0 
1721990145519.00, 0, -599752, 0 
1721990145540.00, 0, -599752, 0 
1721990145561.00, 0, -599751, 0 
1721990145582.00, 0, -599753, 0 
1721990145603.00, 0, -599751, 0 
1721990145624.00, 0, -599752, 0 
1721990145645.00, 0, -599752, 0 
1721990145666.00, 0, -599752, 0 
1721990145687.00, 0, -599752, 0 
1721990145709.00, 0, -599752, 0 
1721990145729.00, 0, -599752, 0 
1721990145750.00, 0, -599753, 0 
1721990145771.00, 0, -599753, 0 
1721990145792.00, 0, -599752, 0 
1721990145814.00, 0, -599751, 0 
1721990145835.00, 0, -599751, 0 
1721990145855.00, 0, -599752, 0 
1721990145878.00, 0, -599751, 0 
1721990145897.00, 0, -599753, 0 
1721990145919.00, 0, -599752, 0 
1721990145939.00, 0, -599752, 0 
1721990145961.00, 0, -599753, 0 
1721990145984.00, 0, -599752, 0 
1721990146003.00, 0, -599751, 0 
1721990146024.00, 0, -599751, 0 
1721990146049.00, 0, -599752, 0 
1721990146066.00, 0, -599751, 0 
1721990146092.00, 0, -599752, 0 
1721990146108.00, 0, -599752, 0 
1721990146129.00, 0, -599753, 0 
1721990146150.00, 0, -599752, 0 
1721990146171.00, 0, -599753, 0 
1721990146192.00, 0, -599753, 0 
1721990146213.00, 0, -599752, 0 
1721990146234.00, 0, -599752, 0 
1721990146255.00, 0, -599752, 0 
1721990146276.00, 0, -599752, 0 
1721990146297.00, 0, -599752, 0 
1721990146318.00, 0, -599752, 0 
1721990146339.00, 0, -599752, 0 
1721990146360.00, 0, -599752, 0 
1721990146380.00, 0, -599751, 0 
1721990146402.00, 0, -599751, 0 
1721990146424.00, 0, -599752, 0 
1721990146444.00, 0, -599750, 0 
1721990146465.00, 0, -599753, 0 
1721990146486.00, 0, -599752, 0 
1721990146507.00, 0, -599752, 0 
1721990146528.00, 0, -599752, 0 
1721990146550.00, 0, -599752, 0 
1721990146570.00, 0, -599752, 0 
1721990146592.00, 0, -599752, 0 
1721990146613.00, 0, -599752, 0 
1721990146634.00, 0, -599751, 0 
1721990146654.00, 0, -599753, 0 
1721990146676.00, 0, -599753, 0 
1721990146697.00, 0, -599751, 0 
1721990146717.00, 0, -599753, 0 
1721990146738.00, 0, -599752, 0 
1721990146760.00, 0, -599752, 0 
1721990146781.00, 0, -599752, 0 
1721990146801.00, 0, -599753, 0 
1721990146823.00, 0, -599752, 0 
1721990146844.00, 0, -599752, 0 
1721990146866.00, 0, -599753, 0 
1721990146886.00, 0, -599751, 0 
1721990146907.00, 0, -599752, 0 
1721990146928.00, 0, -599752, 0 
1721990146949.00, 0, -599752, 0 
1721990146975.00, 0, -599752, 0 
1721990146991.00, 0, -599752, 0 
1721990147057.00, 0, -599752, 0 
1721990147057.00, 0, -599752, 0 
1721990147058.00, 0, -599752, 0 
1721990147088.00, 0, -599752, 0 
1721990147096.00, 0, -599752, 0 
1721990147117.00, 0, -599753, 0 
1721990147139.00, 0, -599752, 0 
1721990147159.00, 0, -599752, 0 
1721990147185.00, 0, -599752, 0 
1721990147201.00, 0, -599752, 0 
1721990147222.00, 0, -599753, 0 
1721990147243.00, 0, -599751, 0 
1721990147264.00, 0, -599752, 0 
1721990147286.00, 0, -599752, 0 
1721990147306.00, 0, -599752, 0 
1721990147327.00, 0, -599752, 0 
1721990147348.00, 0, -599752, 0 
1721990147369.00, 0, -599752, 0 
1721990147390.00, 0, -599752, 0 
1721990147412.00, 0, -599751, 0 
1721990147433.00, 0, -599752, 0 
1721990147454.00, 0, -599752, 0 
1721990147475.00, 0, -599752, 0 
1721990147496.00, 0, -599753, 0 
1721990147527.00, 0, -599751, 0 
1721990147538.00, 0, -599752, 0 
1721990147559.00, 0, -599752, 0 
1721990147580.00, 0, -599752, 0 
1721990147601.00, 0, -599751, 0 
1721990147622.00, 0, -599751, 0 
1721990147642.00, 0, -599751, 0 
1721990147664.00, 0, -599751, 0 
1721990147684.00, 0, -599752, 0 
1721990147705.00, 0, -599751, 0 
1721990147727.00, 0, -599752, 0 
1721990147748.00, 0, -599751, 0 
1721990147769.00, 0, -599752, 0 
1721990147790.00, 0, -599752, 0 
1721990147811.00, 0, -599752, 0 
1721990147832.00, 0, -599752, 0 
1721990147856.00, 0, -599752, 0 
1721990147874.00, 0, -599752, 0 
1721990147895.00, 0, -599752, 0 
1721990147916.00, 0, -599752, 0 
1721990147937.00, 0, -599752, 0 
1721990147966.00, 0, -599752, 0 
1721990147979.00, 0, -599752, 0 
1721990148000.00, 0, -599751, 0 
1721990148021.00, 0, -599752, 0 
1721990148042.00, 0, -599752, 0 
1721990148063.00, 0, -599752, 0 
1721990148084.00, 0, -599753, 0 
1721990148105.00, 0, -599752, 0 
1721990148126.00, 0, -599752, 0 
1721990148149.00, 0, -599752, 0 
1721990148169.00, 0, -599752, 0 
1721990148190.00, 0, -599752, 0 
1721990148210.00, 0, -599752, 0 
1721990148232.00, 0, -599752, 0 
1721990148253.00, 0, -599752, 0 
1721990148274.00, 0, -599751, 0 
1721990148294.00, 0, -599752, 0 
1721990148316.00, 0, -599751, 0 
1721990148337.00, 0, -599752, 0 
1721990148358.00, 0, -599751, 0 
1721990148379.00, 0, -599752, 0 
1721990148400.00, 0, -599752, 0 
1721990148421.00, 0, -599752, 0 
1721990148442.00, 0, -599752, 0 
1721990148463.00, 0, -599752, 0 
1721990148484.00, 0, -599752, 0 
1721990148505.00, 0, -599752, 0 
1721990148526.00, 0, -599751, 0 
1721990148547.00, 0, -599752, 0 
1721990148568.00, 0, -599752, 0 
1721990148588.00, 0, -599752, 0 
1721990148612.00, 0, -599752, 0 
1721990148631.00, 0, -599752, 0 
1721990148652.00, 0, -599752, 0 
1721990148673.00, 0, -599752, 0 
1721990148694.00, 0, -599752, 0 
1721990148721.00, 0, -599751, 0 
1721990148737.00, 0, -599753, 0 
1721990148757.00, 0, -599751, 0 
1721990148778.00, 0, -599752, 0 
1721990148799.00, 0, -599752, 0 
1721990148822.00, 0, -599752, 0 
1721990148841.00, 0, -599752, 0 
1721990148862.00, 0, -599753, 0 
1721990148883.00, 0, -599751, 0 
1721990148905.00, 0, -599752, 0 
1721990148925.00, 0, -599752, 0 
1721990148946.00, 0, -599752, 0 
1721990148967.00, 0, -599752, 0 
1721990148988.00, 0, -599752, 0 
1721990149010.00, 0, -599752, 0 
1721990149030.00, 0, -599752, 0 
1721990149052.00, 0, -599752, 0 
1721990149072.00, 0, -599751, 0 
1721990149093.00, 0, -599752, 0 
1721990149115.00, 0, -599751, 0 
1721990149135.00, 0, -599752, 0 
1721990149160.00, 0, -599752, 0 
1721990149178.00, 0, -599752, 0 
1721990149199.00, 0, -599753, 0 
1721990149220.00, 0, -599752, 0 
1721990149241.00, 0, -599752, 0 
1721990149265.00, 0, -599752, 0 
1721990149283.00, 0, -599751, 0 
1721990149304.00, 0, -599752, 0 
1721990149325.00, 0, -599752, 0 
1721990149345.00, 0, -599753, 0 
1721990149367.00, 0, -599752, 0 
1721990149388.00, 0, -599753, 0 
1721990149409.00, 0, -599751, 0 
1721990149430.00, 0, -599752, 0 
1721990149451.00, 0, -599752, 0 
1721990149472.00, 0, -599752, 0 
1721990149493.00, 0, -599752, 0 
1721990149514.00, 0, -599752, 0 
1721990149535.00, 0, -599752, 0 
1721990149556.00, 0, -599753, 0 
1721990149577.00, 0, -599751, 0 
1721990149600.00, 0, -599752, 0 
1721990149620.00, 0, -599752, 0 
1721990149640.00, 0, -599752, 0 
1721990149662.00, 0, -599752, 0 
1721990149682.00, 0, -599752, 0 
1721990149705.00, 0, -599752, 0 
1721990149724.00, 0, -599752, 0 
1721990149745.00, 0, -599751, 0 
1721990149766.00, 0, -599752, 0 
1721990149787.00, 0, -599753, 0 
1721990149810.00, 0, -599751, 0 
1721990149829.00, 0, -599752, 0 
1721990149850.00, 0, -599752, 0 
1721990149872.00, 0, -599752, 0 
1721990149892.00, 0, -599751, 0 
1721990149915.00, 0, -599752, 0 
1721990149934.00, 0, -599752, 0 
1721990149955.00, 0, -599753, 0 
1721990149977.00, 0, -599752, 0 
1721990149998.00, 0, -599752, 0 
1721990150019.00, 0, -599753, 0 
1721990150039.00, 0, -599752, 0 
1721990150061.00, 0, -599752, 0 
1721990150082.00, 0, -599751, 0 
1721990150103.00, 0, -599752, 0 
1721990150124.00, 0, -599752, 0 
1721990150146.00, 0, -599752, 0 
1721990150166.00, 0, -599752, 0 
1721990150186.00, 0, -599752, 0 
1721990150208.00, 0, -599753, 0 
1721990150229.00, 0, -599752, 0 
1721990150250.00, 0, -599753, 0 
1721990150271.00, 0, -599753, 0 
1721990150292.00, 0, -599753, 0 
1721990150313.00, 0, -599753, 0 
1721990150334.00, 0, -599752, 0 
1721990150355.00, 0, -599752, 0 
1721990150376.00, 0, -599751, 0 
1721990150397.00, 0, -599753, 0 
1721990150418.00, 0, -599752, 0 
1721990150439.00, 0, -599752, 0 
1721990150460.00, 0, -599753, 0 
1721990150481.00, 0, -599753, 0 
1721990150502.00, 0, -599752, 0 
1721990150523.00, 0, -599752, 0 
1721990150544.00, 0, -599752, 0 
1721990150567.00, 0, -599752, 0 
1721990150586.00, 0, -599752, 0 
1721990150607.00, 0, -599752, 0 
1721990150628.00, 0, -599752, 0 
1721990150649.00, 0, -599752, 0 
1721990150671.00, 0, -599752, 0 
1721990150692.00, 0, -599753, 0 
1721990150713.00, 0, -599752, 0 
1721990150733.00, 0, -599752, 0 
1721990150757.00, 0, -599752, 0 
1721990150775.00, 0, -599751, 0 
1721990150797.00, 0, -599751, 0 
1721990150817.00, 0, -599753, 0 
1721990150838.00, 0, -599752, 0 
1721990150860.00, 0, -599752, 0 
1721990150881.00, 0, -599752, 0 
1721990150906.00, 0, -599752, 0 
1721990150923.00, 0, -599752, 0 
1721990150944.00, 0, -599752, 0 
1721990150965.00, 0, -599752, 0 
1721990150986.00, 0, -599752, 0 
1721990151007.00, 0, -599751, 0 
1721990151028.00, 0, -599752, 0 
1721990151049.00, 0, -599752, 0 
1721990151070.00, 0, -599752, 0 
1721990151092.00, 0, -599752, 0 
1721990151112.00, 0, -599752, 0 
1721990151134.00, 0, -599751, 0 
1721990151154.00, 0, -599752, 0 
1721990151175.00, 0, -599751, 0 
1721990151196.00, 0, -599752, 0 
1721990151216.00, 0, -599752, 0 
1721990151238.00, 0, -599751, 0 
1721990151259.00, 0, -599752, 0 
1721990151280.00, 0, -599753, 0 
1721990151301.00, 0, -599751, 0 
1721990151322.00, 0, -599752, 0 
1721990151348.00, 0, -599753, 0 
1721990151364.00, 0, -599752, 0 
1721990151385.00, 0, -599752, 0 
1721990151407.00, 0, -599752, 0 
1721990151427.00, 0, -599751, 0 
1721990151452.00, 0, -599752, 0 
1721990151469.00, 0, -599751, 0 
1721990151491.00, 0, -599751, 0 
1721990151512.00, 0, -599752, 0 
1721990151533.00, 0, -599752, 0 
1721990151553.00, 0, -599752, 0 
1721990151575.00, 0, -599752, 0 
1721990151596.00, 0, -599751, 0 
1721990151617.00, 0, -599752, 0 
1721990151638.00, 0, -599753, 0 
1721990151659.00, 0, -599751, 0 
1721990151680.00, 0, -599752, 0 
1721990151701.00, 0, -599752, 0 
1721990151721.00, 0, -599752, 0 
1721990151742.00, 0, -599753, 0 
1721990151764.00, 0, -599752, 0 
1721990151788.00, 0, -599752, 0 
1721990151806.00, 0, -599752, 0 
1721990151827.00, 0, -599751, 0 
1721990151848.00, 0, -599751, 0 
1721990151869.00, 0, -599751, 0 
1721990151890.00, 0, -599752, 0 
1721990151911.00, 0, -599752, 0 
1721990151932.00, 0, -599750, 0 
1721990151953.00, 0, -599752, 0 
1721990151974.00, 0, -599752, 0 
1721990152000.00, 0, -599753, 0 
1721990152016.00, 0, -599751, 0 
1721990152037.00, 0, -599751, 0 
1721990152058.00, 0, -599752, 0 
1721990152079.00, 0, -599751, 0 
1721990152100.00, 0, -599752, 0 
1721990152121.00, 0, -599751, 0 
1721990152142.00, 0, -599751, 0 
1721990152163.00, 0, -599753, 0 
1721990152184.00, 0, -599752, 0 
1721990152205.00, 0, -599752, 0 
1721990152226.00, 0, -599752, 0 
1721990152247.00, 0, -599752, 0 
1721990152268.00, 0, -599752, 0 
1721990152289.00, 0, -599752, 0 
1721990152310.00, 0, -599752, 0 
1721990152332.00, 0, -599751, 0 
1721990152353.00, 0, -599752, 0 
1721990152374.00, 0, -599752, 0 
1721990152395.00, 0, -599753, 0 
1721990152416.00, 0, -599752, 0 
1721990152440.00, 0, -599752, 0 
1721990152458.00, 0, -599752, 0 
1721990152479.00, 0, -599753, 0 
1721990152500.00, 0, -599751, 0 
1721990152521.00, 0, -599752, 0 
1721990152542.00, 0, -599753, 0 
1721990152563.00, 0, -599753, 0 
1721990152584.00, 0, -599753, 0 
1721990152605.00, 0, -599752, 0 
1721990152625.00, 0, -599752, 0 
1721990152647.00, 0, -599751, 0 
1721990152668.00, 0, -599752, 0 
1721990152689.00, 0, -599752, 0 
1721990152710.00, 0, -599751, 0 
1721990152731.00, 0, -599753, 0 
1721990152752.00, 0, -599751, 0 
1721990152773.00, 0, -599752, 0 
1721990152794.00, 0, -599752, 0 
1721990152815.00, 0, -599752, 0 
1721990152836.00, 0, -599752, 0 
1721990152857.00, 0, -599752, 0 
1721990152878.00, 0, -599752, 0 
1721990152899.00, 0, -599752, 0 
1721990152920.00, 0, -599752, 0 
1721990152941.00, 0, -599752, 0 
1721990152962.00, 0, -599752, 0 
1721990152986.00, 0, -599752, 0 
1721990153004.00, 0, -599752, 0 
1721990153025.00, 0, -599752, 0 
1721990153046.00, 0, -599752, 0 
1721990153067.00, 0, -599752, 0 
1721990153092.00, 0, -599751, 0 
1721990153110.00, 0, -599752, 0 
1721990153130.00, 0, -599751, 0 
1721990153151.00, 0, -599753, 0 
1721990153173.00, 0, -599752, 0 
1721990153194.00, 0, -599752, 0 
1721990153215.00, 0, -599752, 0 
1721990153235.00, 0, -599752, 0 
1721990153257.00, 0, -599752, 0 
1721990153278.00, 0, -599751, 0 
1721990153298.00, 0, -599752, 0 
1721990153319.00, 0, -599751, 0 
1721990153341.00, 0, -599752, 0 
1721990153362.00, 0, -599753, 0 
1721990153383.00, 0, -599752, 0 
1721990153404.00, 0, -599752, 0 
1721990153425.00, 0, -599753, 0 
1721990153446.00, 0, -599751, 0 
1721990153467.00, 0, -599751, 0 
1721990153488.00, 0, -599752, 0 
1721990153510.00, 0, -599752, 0 
1721990153530.00, 0, -599752, 0 
1721990153551.00, 0, -599752, 0 
1721990153571.00, 0, -599752, 0 
1721990153593.00, 0, -599752, 0 
1721990153614.00, 0, -599752, 0 
1721990153634.00, 0, -599753, 0 
1721990153656.00, 0, -599753, 0 
1721990153677.00, 0, -599752, 0 
1721990153698.00, 0, -599753, 0 
1721990153719.00, 0, -599752, 0 
1721990153740.00, 0, -599753, 0 
1721990153761.00, 0, -599752, 0 
1721990153782.00, 0, -599751, 0 
1721990153803.00, 0, -599752, 0 
1721990153824.00, 0, -599751, 0 
1721990153846.00, 0, -599751, 0 
1721990153866.00, 0, -599752, 0 
1721990153887.00, 0, -599753, 0 
1721990153908.00, 0, -599752, 0 
1721990153929.00, 0, -599752, 0 
1721990153950.00, 0, -599752, 0 
1721990153971.00, 0, -599751, 0 
1721990153992.00, 0, -599753, 0 
1721990154014.00, 0, -599752, 0 
1721990154035.00, 0, -599752, 0 
1721990154056.00, 0, -599752, 0 
1721990154078.00, 0, -599752, 0 
1721990154097.00, 0, -599752, 0 
1721990154119.00, 0, -599752, 0 
1721990154139.00, 0, -599752, 0 
1721990154161.00, 0, -599751, 0 
1721990154184.00, 0, -599752, 0 
1721990154203.00, 0, -599752, 0 
1721990154224.00, 0, -599751, 0 
1721990154245.00, 0, -599752, 0 
1721990154266.00, 0, -599752, 0 
1721990154287.00, 0, -599752, 0 
1721990154307.00, 0, -599751, 0 
1721990154329.00, 0, -599752, 0 
1721990154350.00, 0, -599751, 0 
1721990154371.00, 0, -599752, 0 
1721990154392.00, 0, -599752, 0 
1721990154413.00, 0, -599752, 0 
1721990154434.00, 0, -599752, 0 
1721990154455.00, 0, -599753, 0 
1721990154476.00, 0, -599751, 0 
1721990154497.00, 0, -599751, 0 
1721990154520.00, 0, -599752, 0 
1721990154539.00, 0, -599752, 0 
1721990154560.00, 0, -599752, 0 
1721990154581.00, 0, -599752, 0 
1721990154601.00, 0, -599752, 0 
1721990154623.00, 0, -599752, 0 
1721990154644.00, 0, -599752, 0 
1721990154665.00, 0, -599751, 0 
1721990154687.00, 0, -599752, 0 
1721990154707.00, 0, -599751, 0 
1721990154733.00, 0, -599752, 0 
1721990154749.00, 0, -599751, 0 
1721990154770.00, 0, -599752, 0 
1721990154792.00, 0, -599752, 0 
1721990154813.00, 0, -599752, 0 
1721990154833.00, 0, -599751, 0 
1721990154855.00, 0, -599751, 0 
1721990154875.00, 0, -599752, 0 
1721990154896.00, 0, -599751, 0 
1721990154918.00, 0, -599752, 0 
1721990154938.00, 0, -599752, 0 
1721990154960.00, 0, -599751, 0 
1721990154980.00, 0, -599752, 0 
1721990155001.00, 0, -599752, 0 
1721990155022.00, 0, -599752, 0 
1721990155043.00, 0, -599752, 0 
1721990155065.00, 0, -599751, 0 
1721990155086.00, 0, -599753, 0 
1721990155107.00, 0, -599753, 0 
1721990155128.00, 0, -599751, 0 
1721990155149.00, 0, -599752, 0 
1721990155171.00, 0, -599752, 0 
1721990155191.00, 0, -599752, 0 
1721990155212.00, 0, -599753, 0 
1721990155233.00, 0, -599753, 0 
1721990155254.00, 0, -599752, 0 
1721990155279.00, 0, -599751, 0 
1721990155296.00, 0, -599752, 0 
1721990155317.00, 0, -599751, 0 
1721990155338.00, 0, -599752, 0 
1721990155358.00, 0, -599752, 0 
1721990155379.00, 0, -599752, 0 
1721990155401.00, 0, -599751, 0 
1721990155422.00, 0, -599752, 0 
1721990155443.00, 0, -599751, 0 
1721990155464.00, 0, -599753, 0 
1721990155485.00, 0, -599751, 0 
1721990155506.00, 0, -599751, 0 
1721990155527.00, 0, -599752, 0 
1721990155548.00, 0, -599752, 0 
1721990155569.00, 0, -599752, 0 
1721990155590.00, 0, -599751, 0 
1721990155611.00, 0, -599752, 0 
1721990155633.00, 0, -599752, 0 
1721990155654.00, 0, -599752, 0 
1721990155674.00, 0, -599751, 0 
1721990155696.00, 0, -599752, 0 
1721990155719.00, 0, -599752, 0 
1721990155738.00, 0, -599751, 0 
1721990155758.00, 0, -599752, 0 
1721990155779.00, 0, -599752, 0 
1721990155801.00, 0, -599751, 0 
1721990155822.00, 0, -599752, 0 
1721990155843.00, 0, -599752, 0 
1721990155864.00, 0, -599753, 0 
1721990155884.00, 0, -599752, 0 
1721990155905.00, 0, -599753, 0 
1721990155927.00, 0, -599751, 0 
1721990155947.00, 0, -599751, 0 
1721990155969.00, 0, -599752, 0 
1721990155989.00, 0, -599752, 0 
1721990156011.00, 0, -599752, 0 
1721990156032.00, 0, -599751, 0 
1721990156053.00, 0, -599752, 0 
1721990156074.00, 0, -599752, 0 
1721990156095.00, 0, -599752, 0 
1721990156116.00, 0, -599751, 0 
1721990156137.00, 0, -599753, 0 
1721990156158.00, 0, -599752, 0 
1721990156179.00, 0, -599751, 0 
1721990156200.00, 0, -599752, 0 
1721990156221.00, 0, -599753, 0 
1721990156242.00, 0, -599752, 0 
1721990156265.00, 0, -599752, 0 
1721990156284.00, 0, -599751, 0 
1721990156305.00, 0, -599753, 0 
1721990156326.00, 0, -599752, 0 
1721990156347.00, 0, -599752, 0 
1721990156372.00, 0, -599752, 0 
1721990156389.00, 0, -599752, 0 
1721990156411.00, 0, -599752, 0 
1721990156431.00, 0, -599752, 0 
1721990156453.00, 0, -599752, 0 
1721990156474.00, 0, -599752, 0 
1721990156494.00, 0, -599752, 0 
1721990156515.00, 0, -599752, 0 
1721990156537.00, 0, -599752, 0 
1721990156558.00, 0, -599753, 0 
1721990156579.00, 0, -599752, 0 
1721990156599.00, 0, -599752, 0 
1721990156621.00, 0, -599751, 0 
1721990156644.00, 0, -599751, 0 
1721990156662.00, 0, -599751, 0 
1721990156683.00, 0, -599752, 0 
1721990156704.00, 0, -599751, 0 
1721990156730.00, 0, -599752, 0 
