1718879209114.00, 156, -592895, -186 
1718879209135.00, 166, -592892, -186 
1718879209157.00, 158, -592888, -186 
1718879209178.00, 151, -592884, -185 
1718879209200.00, 145, -592881, -185 
1718879209221.00, 133, -592879, -185 
1718879209242.00, 124, -592875, -186 
1718879209264.00, 123, -592872, -187 
1718879209286.00, 130, -592870, -187 
1718879209307.00, 130, -592867, -187 
1718879209330.00, 132, -592864, -186 
1718879209351.00, 124, -592861, -184 
1718879209373.00, 116, -592858, -183 
1718879209394.00, 123, -592855, -183 
1718879209416.00, 114, -592852, -183 
1718879209438.00, 123, -592850, -182 
1718879209459.00, 111, -592849, -180 
1718879209481.00, 99, -592847, -180 
1718879209502.00, 95, -592845, -180 
1718879209523.00, 98, -592842, -180 
1718879209545.00, 90, -592840, -180 
1718879209566.00, 94, -592837, -181 
1718879209588.00, 94, -592836, -183 
1718879209609.00, 86, -592835, -182 
1718879209631.00, 80, -592832, -182 
1718879209651.00, 96, -592830, -182 
1718879209674.00, 90, -592829, -181 
1718879209694.00, 105, -592827, -179 
1718879209716.00, 98, -592824, -177 
1718879209737.00, 132, -592822, -175 
1718879209759.00, 148, -592818, -171 
1718879209781.00, 137, -592816, -167 
1718879209802.00, 112, -592813, -160 
1718879209824.00, 105, -592809, -157 
1718879209845.00, 102, -592806, -151 
1718879209867.00, 91, -592804, -147 
1718879209889.00, 91, -592801, -144 
1718879209910.00, 69, -592800, -138 
1718879209931.00, 63, -592798, -134 
1718879209952.00, 64, -592797, -132 
1718879209978.00, 61, -592796, -128 
1718879209996.00, 62, -592794, -124 
1718879210018.00, 59, -592792, -123 
1718879210038.00, 55, -592791, -123 
1718879210060.00, 61, -592789, -121 
1718879210082.00, 62, -592788, -118 
1718879210103.00, 63, -592787, -114 
1718879210125.00, 46, -592786, -110 
1718879210146.00, 60, -592784, -107 
1718879210168.00, 55, -592783, -103 
1718879210189.00, 60, -592781, -100 
1718879210219.00, 62, -592780, -100 
1718879210232.00, 45, -592779, -98 
1718879210253.00, 60, -592777, -96 
1718879210275.00, 47, -592776, -94 
1718879210296.00, 57, -592775, -90 
1718879210317.00, 62, -592775, -87 
1718879210339.00, 61, -592773, -85 
1718879210360.00, 51, -592772, -82 
1718879210382.00, 65, -592770, -79 
1718879210403.00, 26, -592767, -77 
1718879210424.00, 67, -592768, -77 
1718879210445.00, 35, -592767, -75 
1718879210467.00, 46, -592766, -72 
1718879210488.00, 34, -592764, -70 
1718879210510.00, 12, -592763, -68 
1718879210530.00, 68, -592761, -65 
1718879210552.00, 67, -592762, -64 
1718879210573.00, 31, -592760, -63 
1718879210595.00, 60, -592760, -62 
1718879210617.00, 34, -592759, -59 
1718879210638.00, -2, -592757, -56 
1718879210658.00, 0, -592757, -52 
1718879210680.00, 0, -592757, -47 
1718879210702.00, 68, -592754, -41 
1718879210723.00, 26, -592755, -38 
1718879210744.00, -5, -592753, -34 
1718879210765.00, 46, -592754, -30 
1718879210787.00, -1, -592752, -26 
1718879210808.00, 0, -592751, -23 
1718879210829.00, -5, -592750, -19 
1718879210850.00, 0, -592751, -15 
1718879210871.00, -3, -592749, -13 
1718879210893.00, -4, -592750, -12 
1718879210914.00, 1, -592749, -10 
1718879210935.00, 0, -592749, -9 
1718879210959.00, 64, -592749, -7 
1718879210978.00, 1, -592749, -4 
1718879210999.00, 1, -592749, -2 
1718879211020.00, 0, -592748, 0 
1718879211041.00, 0, -592749, -1 
1718879211067.00, -5, -592748, 0 
1718879211083.00, 0, -592748, 0 
1718879211104.00, 0, -592747, 0 
1718879211127.00, 0, -592747, 2 
1718879211145.00, 0, -592748, 2 
1718879211167.00, 0, -592747, 1 
1718879211189.00, 39, -592747, 2 
1718879211209.00, 0, -592747, 2 
1718879211230.00, 0, -592746, 3 
1718879211251.00, 0, -592747, 3 
1718879211272.00, 0, -592746, 5 
1718879211293.00, 0, -592747, 6 
1718879211314.00, 0, -592746, 6 
1718879211335.00, 0, -592746, 5 
1718879211356.00, -6, -592746, 5 
1718879211377.00, 45, -592745, 6 
1718879211406.00, 0, -592745, 6 
1718879211419.00, 0, -592746, 6 
1718879211440.00, 0, -592746, 6 
1718879211462.00, 0, -592745, 7 
1718879211483.00, 0, -592745, 7 
1718879211504.00, 0, -592745, 7 
1718879211525.00, 0, -592745, 7 
1718879211546.00, 0, -592745, 6 
1718879211567.00, 0, -592745, 7 
1718879211588.00, 0, -592743, 7 
1718879211609.00, 0, -592745, 7 
1718879211629.00, 0, -592745, 7 
1718879211651.00, 0, -592745, 6 
1718879211672.00, -5, -592744, 6 
1718879211693.00, -3, -592745, 6 
1718879211714.00, 0, -592744, 6 
1718879211735.00, 0, -592745, 6 
1718879211757.00, -10, -592745, 6 
1718879211777.00, 0, -592745, 6 
1718879211798.00, 0, -592744, 5 
1718879211819.00, 0, -592745, 3 
1718879211840.00, 4, -592744, 2 
1718879211861.00, 0, -592744, 2 
1718879211883.00, 20, -592745, 3 
1718879211904.00, 1, -592744, 3 
1718879211925.00, 0, -592744, 4 
1718879211947.00, 5, -592745, 5 
1718879211967.00, 2, -592744, 5 
1718879211988.00, 0, -592744, 6 
1718879212008.00, 0, -592744, 6 
1718879212030.00, 0, -592743, 7 
1718879212055.00, 0, -592744, 7 
1718879212072.00, -3, -592744, 8 
1718879212093.00, 0, -592744, 9 
1718879212113.00, 0, -592744, 9 
1718879212136.00, 0, -592743, 9 
1718879212156.00, 0, -592744, 9 
1718879212177.00, 0, -592745, 9 
1718879212198.00, 0, -592743, 9 
1718879212219.00, 0, -592744, 9 
1718879212241.00, 20, -592744, 9 
1718879212261.00, 4, -592744, 9 
1718879212283.00, 0, -592743, 9 
1718879212304.00, 0, -592743, 9 
1718879212325.00, 0, -592742, 9 
1718879212346.00, 0, -592743, 9 
1718879212367.00, 0, -592743, 9 
1718879212388.00, 0, -592743, 9 
1718879212408.00, 0, -592744, 9 
1718879212430.00, 0, -592743, 9 
1718879212452.00, 0, -592743, 9 
1718879212471.00, 0, -592744, 9 
1718879212492.00, 1, -592742, 9 
1718879212514.00, 0, -592743, 9 
1718879212535.00, 0, -592743, 9 
1718879212556.00, 0, -592743, 9 
1718879212577.00, 0, -592743, 9 
1718879212598.00, -4, -592743, 9 
1718879212619.00, 0, -592743, 9 
1718879212640.00, 0, -592743, 9 
1718879212661.00, -5, -592743, 9 
1718879212683.00, 0, -592745, 9 
1718879212703.00, 0, -592743, 9 
1718879212724.00, 12, -592743, 9 
1718879212745.00, 0, -592743, 9 
1718879212766.00, 0, -592743, 9 
1718879212788.00, 0, -592744, 9 
1718879212809.00, 0, -592743, 9 
1718879212829.00, 0, -592742, 9 
1718879212850.00, 0, -592743, 9 
1718879212872.00, 0, -592743, 9 
1718879212893.00, 0, -592743, 9 
1718879212913.00, 0, -592742, 9 
1718879212935.00, -13, -592743, 9 
1718879212956.00, 0, -592743, 9 
1718879212977.00, 0, -592742, 9 
1718879212998.00, 0, -592743, 9 
1718879213019.00, 0, -592743, 9 
1718879213040.00, 0, -592743, 9 
1718879213060.00, 0, -592743, 9 
1718879213081.00, 0, -592743, 9 
1718879213103.00, 0, -592742, 9 
1718879213124.00, 0, -592743, 9 
1718879213144.00, 0, -592742, 9 
1718879213166.00, 0, -592743, 9 
1718879213187.00, 0, -592743, 9 
1718879213208.00, 13, -592743, 9 
1718879213230.00, 0, -592743, 9 
1718879213255.00, 0, -592742, 9 
1718879213272.00, 44, -592743, 9 
1718879213292.00, 0, -592742, 9 
1718879213314.00, 0, -592743, 9 
1718879213334.00, 0, -592742, 9 
1718879213356.00, 67, -592742, 9 
1718879213377.00, 0, -592743, 9 
1718879213398.00, 0, -592742, 9 
1718879213419.00, 0, -592742, 9 
1718879213440.00, 0, -592743, 9 
1718879213461.00, 35, -592742, 9 
1718879213482.00, 0, -592742, 9 
1718879213503.00, 0, -592743, 9 
1718879213524.00, 0, -592742, 9 
1718879213545.00, 0, -592743, 9 
1718879213567.00, 0, -592742, 9 
1718879213591.00, 0, -592742, 9 
1718879213608.00, 0, -592742, 9 
1718879213630.00, 0, -592742, 9 
1718879213651.00, -5, -592742, 9 
1718879213671.00, 0, -592742, 9 
1718879213692.00, -4, -592742, 9 
1718879213714.00, 0, -592742, 9 
1718879213735.00, 68, -592743, 9 
1718879213756.00, 56, -592742, 9 
1718879213777.00, 0, -592742, 9 
1718879213804.00, 0, -592742, 9 
1718879213819.00, 0, -592741, 9 
1718879213840.00, 31, -592741, 9 
1718879213861.00, 0, -592741, 9 
1718879213882.00, 0, -592742, 9 
1718879213903.00, 0, -592741, 9 
1718879213923.00, 0, -592741, 9 
1718879213944.00, 0, -592742, 9 
1718879213966.00, 0, -592741, 9 
1718879213987.00, 0, -592741, 9 
1718879214008.00, 0, -592742, 9 
1718879214029.00, 0, -592742, 9 
1718879214050.00, 0, -592741, 9 
1718879214071.00, 0, -592741, 9 
1718879214092.00, 1, -592742, 9 
1718879214113.00, 0, -592741, 9 
1718879214135.00, 0, -592741, 9 
1718879214156.00, 0, -592741, 9 
1718879214176.00, 0, -592741, 9 
1718879214198.00, 0, -592741, 9 
1718879214219.00, 0, -592740, 9 
1718879214240.00, -10, -592742, 9 
1718879214260.00, 0, -592741, 9 
1718879214281.00, -25, -592740, 9 
1718879214302.00, 0, -592740, 9 
1718879214324.00, 0, -592741, 9 
1718879214345.00, -3, -592741, 9 
1718879214366.00, 0, -592741, 9 
1718879214387.00, -14, -592740, 9 
1718879214408.00, 0, -592740, 9 
1718879214429.00, 0, -592741, 9 
1718879214452.00, 0, -592740, 9 
1718879214471.00, 0, -592740, 9 
1718879214492.00, 0, -592740, 9 
1718879214513.00, 0, -592741, 9 
1718879214534.00, 0, -592741, 9 
1718879214555.00, 0, -592741, 9 
1718879214577.00, 0, -592740, 9 
1718879214597.00, 0, -592741, 10 
1718879214618.00, 0, -592740, 10 
1718879214639.00, 0, -592740, 10 
1718879214661.00, -24, -592740, 9 
1718879214684.00, -46, -592740, 9 
1718879214703.00, 0, -592739, 10 
1718879214724.00, -47, -592740, 10 
1718879214746.00, 0, -592740, 10 
1718879214766.00, 0, -592740, 10 
1718879214794.00, 0, -592740, 10 
1718879214808.00, 0, -592740, 10 
1718879214830.00, 0, -592740, 10 
1718879214851.00, 0, -592739, 10 
1718879214872.00, 0, -592741, 10 
1718879214892.00, 0, -592740, 10 
1718879214914.00, 0, -592740, 10 
1718879214935.00, 0, -592740, 10 
1718879214956.00, -9, -592741, 10 
1718879214977.00, 0, -592740, 9 
1718879214998.00, 0, -592740, 9 
1718879215019.00, 0, -592740, 9 
1718879215040.00, 0, -592740, 9 
1718879215062.00, 0, -592740, 9 
1718879215083.00, 0, -592741, 9 
1718879215103.00, 0, -592740, 9 
1718879215125.00, 0, -592740, 9 
1718879215146.00, 0, -592739, 9 
1718879215167.00, 4, -592740, 9 
1718879215188.00, 0, -592740, 9 
1718879215209.00, 0, -592739, 9 
1718879215230.00, 0, -592740, 9 
1718879215251.00, 0, -592740, 9 
1718879215272.00, 0, -592739, 9 
1718879215292.00, 0, -592741, 9 
1718879215314.00, 0, -592741, 9 
1718879215335.00, 1, -592740, 9 
1718879215356.00, 0, -592739, 9 
1718879215377.00, 0, -592740, 9 
1718879215398.00, 0, -592739, 9 
1718879215419.00, 0, -592740, 9 
1718879215444.00, 0, -592740, 9 
1718879215462.00, 0, -592741, 9 
1718879215483.00, 0, -592741, 9 
1718879215504.00, 0, -592740, 9 
1718879215525.00, 0, -592740, 9 
1718879215546.00, 0, -592742, 9 
1718879215567.00, 0, -592740, 9 
1718879215588.00, 0, -592741, 9 
1718879215609.00, 0, -592740, 9 
1718879215630.00, 0, -592740, 9 
1718879215651.00, 0, -592740, 9 
1718879215672.00, 0, -592740, 9 
1718879215693.00, 0, -592740, 9 
1718879215714.00, 0, -592740, 9 
1718879215735.00, 0, -592740, 9 
1718879215756.00, 0, -592739, 9 
1718879215776.00, 6, -592740, 9 
1718879215799.00, 1, -592740, 9 
1718879215820.00, 0, -592740, 9 
1718879215841.00, 0, -592740, 9 
1718879215862.00, 0, -592740, 9 
1718879215883.00, 0, -592740, 9 
1718879215904.00, 0, -592740, 9 
1718879215925.00, 0, -592740, 9 
1718879215945.00, 0, -592740, 9 
1718879215967.00, 0, -592740, 9 
1718879215992.00, -2, -592739, 9 
1718879216009.00, 0, -592740, 9 
1718879216030.00, 0, -592740, 9 
1718879216051.00, 0, -592739, 9 
1718879216071.00, 0, -592739, 9 
1718879216093.00, 0, -592741, 9 
1718879216114.00, 0, -592740, 9 
1718879216135.00, 0, -592739, 9 
1718879216156.00, 0, -592739, 9 
1718879216176.00, 0, -592739, 9 
1718879216197.00, 0, -592739, 9 
1718879216219.00, 0, -592740, 9 
1718879216240.00, 0, -592739, 9 
1718879216261.00, 0, -592740, 9 
1718879216282.00, 0, -592740, 9 
1718879216303.00, 1, -592740, 9 
1718879216324.00, 0, -592740, 9 
1718879216345.00, 0, -592740, 9 
1718879216367.00, 0, -592739, 9 
1718879216388.00, 0, -592741, 9 
1718879216409.00, 0, -592740, 9 
1718879216430.00, 0, -592741, 9 
1718879216451.00, 0, -592740, 9 
1718879216471.00, 0, -592740, 9 
1718879216493.00, 0, -592740, 9 
1718879216514.00, 0, -592740, 9 
1718879216538.00, 0, -592740, 9 
1718879216556.00, 0, -592740, 9 
1718879216577.00, 0, -592740, 10 
1718879216597.00, 0, -592739, 13 
1718879216619.00, 994, -592740, 17 
1718879216640.00, 1647, -592728, 20 
1718879216662.00, 2166, -592693, 17 
1718879216684.00, 2377, -592647, 16 
1718879216705.00, 2415, -592597, 21 
1718879216727.00, 2642, -592545, 24 
1718879216748.00, 3056, -592487, 26 
1718879216769.00, 3583, -592421, 29 
1718879216791.00, 3929, -592347, 32 
1718879216812.00, 4265, -592261, 37 
1718879216834.00, 4582, -592168, 41 
1718879216855.00, 5235, -592073, 42 
1718879216877.00, 5564, -591963, 43 
1718879216898.00, 5769, -591840, 44 
1718879216919.00, 5986, -591713, 48 
1718879216941.00, 6593, -591581, 52 
1718879216963.00, 7276, -591441, 57 
1718879216984.00, 7538, -591291, 63 
1718879217005.00, 8132, -591127, 72 
1718879217027.00, 9166, -590950, 87 
1718879217049.00, 10875, -590751, 107 
1718879217070.00, 12883, -590518, 126 
1718879217092.00, 15047, -590237, 143 
1718879217114.00, 17596, -589908, 156 
1718879217135.00, 19851, -589528, 181 
1718879217157.00, 22757, -589099, 212 
1718879217178.00, 26471, -588606, 243 
1718879217200.00, 30495, -588036, 289 
1718879217222.00, 35579, -587380, 332 
1718879217243.00, 41266, -586614, 380 
1718879217265.00, 47380, -585730, 416 
1718879217287.00, 53058, -584709, 452 
1718879217308.00, 58725, -583556, 479 
1718879217330.00, 63508, -582282, 519 
1718879217351.00, 68714, -580906, 523 
1718879217373.00, 72005, -579416, 534 
1718879217395.00, 74621, -577852, 536 
1718879217416.00, 76103, -576238, 548 
1718879217438.00, 77701, -574586, 535 
1718879217460.00, 77914, -572900, 544 
1718879217481.00, 78620, -571210, 531 
1718879217503.00, 78350, -569509, 560 
1718879217525.00, 79950, -567812, 549 
1718879217546.00, 80059, -566084, 566 
1718879217568.00, 81017, -564347, 582 
1718879217589.00, 82319, -562593, 609 
1718879217611.00, 84753, -560798, 617 
1718879217633.00, 86852, -558967, 629 
1718879217655.00, 88672, -557080, 637 
1718879217676.00, 90334, -555162, 625 
1718879217698.00, 90484, -553203, 646 
1718879217719.00, 91820, -551239, 644 
1718879217741.00, 92433, -549250, 658 
1718879217764.00, 93529, -547246, 630 
1718879217784.00, 92659, -545216, 637 
1718879217806.00, 92398, -543212, 669 
1718879217828.00, 94437, -541199, 677 
1718879217853.00, 95904, -539169, 686 
1718879217871.00, 97274, -537088, 666 
1718879217893.00, 96856, -534986, 633 
1718879217914.00, 94430, -532893, 610 
1718879217935.00, 91606, -530843, 580 
1718879217958.00, 88079, -528860, 555 
1718879217978.00, 84328, -526956, 571 
1718879218001.00, 83048, -525124, 542 
1718879218022.00, 80788, -523330, 523 
1718879218044.00, 78412, -521577, 476 
1718879218066.00, 74098, -519892, 496 
1718879218087.00, 72612, -518283, 467 
1718879218109.00, 69874, -516717, 460 
1718879218130.00, 67914, -515195, 451 
1718879218152.00, 66141, -513732, 460 
1718879218173.00, 65640, -512293, 474 
1718879218195.00, 66170, -510871, 505 
1718879218217.00, 68318, -509439, 481 
1718879218239.00, 68239, -507952, 498 
1718879218261.00, 69136, -506481, 506 
1718879218281.00, 70154, -504971, 536 
1718879218304.00, 72573, -503457, 515 
1718879218325.00, 72914, -501883, 498 
1718879218347.00, 72040, -500306, 554 
1718879218368.00, 74807, -498737, 575 
1718879218395.00, 77652, -497124, 563 
1718879218412.00, 78618, -495438, 525 
1718879218434.00, 76839, -493745, 566 
1718879218455.00, 78226, -492067, 562 
1718879218477.00, 78753, -490376, 560 
1718879218498.00, 79089, -488663, 531 
1718879218520.00, 77421, -486953, 550 
1718879218542.00, 77742, -485273, 543 
1718879218563.00, 77360, -483587, 543 
1718879218585.00, 77316, -481909, 529 
1718879218606.00, 76306, -480240, 549 
1718879218628.00, 76826, -478587, 549 
1718879218649.00, 77146, -476922, 551 
1718879218671.00, 77395, -475248, 526 
1718879218693.00, 76006, -473579, 522 
1718879218715.00, 74972, -471923, 522 
1718879218736.00, 74272, -470301, 523 
1718879218758.00, 74049, -468692, 504 
1718879218780.00, 72707, -467087, 511 
1718879218801.00, 72465, -465506, 485 
1718879218823.00, 70794, -463939, 485 
1718879218844.00, 69628, -462407, 499 
1718879218866.00, 69776, -460912, 480 
1718879218888.00, 68709, -459393, 443 
1718879218910.00, 65769, -457907, 424 
1718879218931.00, 63162, -456481, 420 
1718879218953.00, 61134, -455117, 410 
1718879218974.00, 59211, -453796, 400 
1718879218996.00, 57627, -452505, 381 
1718879219018.00, 55475, -451261, 373 
1718879219039.00, 53776, -450051, 364 
1718879219061.00, 52238, -448886, 358 
1718879219083.00, 50929, -447756, 364 
1718879219104.00, 50754, -446646, 392 
1718879219126.00, 52289, -445547, 412 
1718879219147.00, 54216, -444423, 408 
1718879219169.00, 55222, -443242, 417 
1718879219191.00, 56538, -442044, 423 
1718879219213.00, 57450, -440824, 429 
1718879219234.00, 58587, -439577, 438 
1718879219255.00, 59668, -438306, 458 
1718879219277.00, 61660, -437011, 473 
1718879219299.00, 63688, -435678, 475 
1718879219321.00, 64924, -434303, 486 
1718879219342.00, 66293, -432895, 468 
1718879219364.00, 66178, -431459, 470 
1718879219385.00, 37890, -430034, 459 
1718879219407.00, 20643, -429199, 460 
1718879219428.00, 10691, -428731, 475 
1718879219450.00, 4649, -428485, 496 
1718879219471.00, 1280, -428380, 520 
1718879219496.00, -58, -428350, 528 
1718879219514.00, -1156, -428350, 533 
1718879219536.00, -1973, -428368, 552 
1718879219557.00, -2553, -428403, 553 
1718879219579.00, -2836, -428457, 520 
1718879219604.00, -2974, -428521, 486 
1718879219622.00, -3050, -428585, 472 
1718879219643.00, -2975, -428652, 455 
1718879219665.00, -3143, -428716, 456 
1718879219686.00, -3035, -428780, 440 
1718879219708.00, -2938, -428848, 431 
1718879219729.00, -2856, -428910, 433 
1718879219750.00, -2818, -428973, 422 
1718879219772.00, -2703, -429033, 411 
1718879219794.00, -2597, -429093, 390 
1718879219818.00, -2545, -429150, 368 
1718879219837.00, -2500, -429205, 356 
1718879219858.00, -2485, -429260, 329 
1718879219879.00, -2455, -429312, 308 
1718879219901.00, -2421, -429364, 284 
1718879219924.00, -2445, -429417, 259 
1718879219943.00, -2469, -429470, 227 
1718879219965.00, -2423, -429523, 194 
1718879219987.00, -2330, -429575, 154 
1718879220008.00, -2278, -429625, 126 
1718879220029.00, -2154, -429674, 105 
1718879220051.00, -1970, -429722, 84 
1718879220072.00, -1894, -429768, 62 
1718879220094.00, -1859, -429808, 44 
1718879220115.00, -1873, -429848, 21 
1718879220137.00, -1761, -429896, -21 
1718879220158.00, -2958, -429944, -61 
1718879220180.00, -6121, -430010, -112 
1718879220201.00, -10971, -430142, -174 
1718879220223.00, -17850, -430378, -225 
1718879220245.00, -24821, -430756, -248 
1718879220266.00, -30107, -431288, -272 
1718879220288.00, -34660, -431939, -293 
1718879220309.00, -38731, -432681, -284 
1718879220331.00, -40561, -433515, -275 
1718879220352.00, -40813, -434398, -283 
1718879220374.00, -41545, -435289, -268 
1718879220396.00, -41265, -436188, -250 
1718879220417.00, -39917, -437077, -243 
1718879220439.00, -38764, -437950, -241 
1718879220461.00, -38086, -438787, -256 
1718879220482.00, -38221, -439609, -275 
1718879220504.00, -39651, -440439, -307 
1718879220526.00, -42432, -441294, -310 
1718879220547.00, -44092, -442208, -332 
1718879220568.00, -46078, -443160, -349 
1718879220591.00, -48490, -444163, -360 
1718879220612.00, -50646, -445215, -347 
1718879220634.00, -50934, -446301, -347 
1718879220655.00, -51126, -447404, -345 
1718879220677.00, -51099, -448508, -331 
1718879220698.00, -50038, -449614, -329 
1718879220721.00, -49522, -450707, -347 
1718879220742.00, -50191, -451787, -354 
1718879220764.00, -50918, -452870, -353 
1718879220785.00, -51369, -453978, -372 
1718879220814.00, -52604, -455089, -387 
1718879220829.00, -54254, -456224, -365 
1718879220850.00, -54076, -457400, -382 
1718879220871.00, -54820, -458579, -397 
1718879220894.00, -56115, -459766, -389 
1718879220921.00, -56503, -460985, -376 
1718879220937.00, -55795, -462204, -401 
1718879220959.00, -56854, -463409, -413 
1718879220980.00, -58115, -464647, -403 
1718879221002.00, -58458, -465897, -377 
1718879221025.00, -56898, -467175, -410 
1718879221045.00, -58016, -468410, -409 
1718879221067.00, -58500, -469662, -390 
1718879221088.00, -57719, -470942, -395 
1718879221110.00, -57472, -472178, -398 
1718879221131.00, -57638, -473427, -397 
1718879221153.00, -57525, -474679, -395 
1718879221175.00, -57271, -475926, -394 
1718879221196.00, -57025, -477175, -397 
1718879221218.00, -57183, -478409, -394 
1718879221243.00, -57076, -479642, -395 
1718879221261.00, -56958, -480881, -397 
1718879221283.00, -57067, -482104, -381 
1718879221305.00, -56041, -483351, -386 
1718879221326.00, -55703, -484572, -403 
1718879221349.00, -56585, -485776, -386 
1718879221370.00, -56168, -487010, -382 
1718879221391.00, -55615, -488217, -384 
1718879221413.00, -55299, -489419, -399 
1718879221434.00, -55981, -490628, -396 
1718879221456.00, -56299, -491838, -388 
1718879221478.00, -55913, -493064, -392 
1718879221499.00, -55897, -494278, -393 
1718879221520.00, -55970, -495487, -386 
1718879221543.00, -55535, -496703, -394 
1718879221564.00, -55729, -497900, -403 
1718879221586.00, -56393, -499113, -396 
1718879221608.00, -56436, -500353, -398 
1718879221629.00, -56571, -501570, -401 
1718879221650.00, -56681, -502801, -408 
1718879221673.00, -57412, -504033, -405 
1718879221694.00, -57550, -505268, -414 
1718879221715.00, -58282, -506525, -437 
1718879221737.00, -59922, -507782, -435 
1718879221758.00, -60859, -509088, -428 
1718879221780.00, -60978, -510411, -450 
1718879221802.00, -62361, -511726, -444 
1718879221824.00, -62760, -513079, -459 
1718879221846.00, -63855, -514429, -456 
1718879221867.00, -64440, -515825, -449 
1718879221888.00, -64276, -517225, -455 
1718879221910.00, -64562, -518619, -446 
1718879221932.00, -64226, -520022, -455 
1718879221954.00, -64372, -521399, -439 
1718879221976.00, -63510, -522805, -457 
1718879221996.00, -64289, -524179, -455 
1718879222018.00, -64450, -525575, -445 
1718879222040.00, -63892, -526975, -439 
1718879222062.00, -63357, -528353, -435 
1718879222084.00, -62658, -529723, -420 
1718879222105.00, -61411, -531073, -381 
1718879222126.00, -58183, -532409, -377 
1718879222149.00, -56051, -533672, -366 
1718879222170.00, -54230, -534883, -356 
1718879222192.00, -52375, -536064, -336 
1718879222213.00, -50133, -537192, -348 
1718879222234.00, -49669, -538281, -354 
1718879222256.00, -49578, -539363, -393 
1718879222278.00, -51882, -540434, -394 
1718879222300.00, -53529, -541559, -378 
1718879222322.00, -53281, -542726, -398 
1718879222342.00, -54721, -543882, -423 
1718879222365.00, -56669, -545059, -445 
1718879222387.00, -59381, -546288, -436 
1718879222409.00, -60307, -547568, -440 
1718879222430.00, -61086, -548890, -466 
1718879222452.00, -63380, -550216, -455 
1718879222473.00, -63906, -551580, -420 
1718879222494.00, -62046, -552965, -467 
1718879222516.00, -63931, -554308, -468 
1718879222538.00, -64846, -555694, -465 
1718879222559.00, -65103, -557097, -455 
1718879222581.00, -64915, -558518, -486 
1718879222603.00, -66802, -559922, -492 
1718879222625.00, -68051, -561357, -460 
1718879222646.00, -66828, -562831, -455 
1718879222668.00, -65680, -564275, -455 
1718879222689.00, -65146, -565710, -468 
1718879222711.00, -65459, -567117, -457 
1718879222733.00, -65029, -568545, -441 
1718879222754.00, -63839, -569944, -429 
1718879222776.00, -62581, -571323, -423 
1718879222798.00, -61299, -572681, -415 
1718879222819.00, -60028, -574011, -402 
1718879222841.00, -58631, -575316, -431 
1718879222862.00, -59337, -576580, -427 
1718879222885.00, -59810, -577864, -420 
1718879222906.00, -59395, -579154, -431 
1718879222927.00, -59740, -580443, -425 
1718879222949.00, -59713, -581748, -433 
1718879222971.00, -60115, -583041, -426 
1718879222992.00, -60247, -584343, -434 
1718879223014.00, -60504, -585646, -455 
1718879223035.00, -61878, -586951, -461 
1718879223058.00, -63204, -588294, -431 
1718879223079.00, -62187, -589662, -415 
1718879223100.00, -60561, -591010, -418 
1718879223122.00, -59732, -592323, -421 
1718879223143.00, -59422, -593619, -425 
1718879223166.00, -33765, -594895, -434 
1718879223187.00, -18596, -595660, -458 
1718879223210.00, -9397, -596080, -453 
1718879223230.00, -4051, -596291, -438 
1718879223251.00, -1095, -596387, -453 
1718879223273.00, 52, -596411, -464 
1718879223295.00, 1133, -596413, -460 
1718879223316.00, 1967, -596397, -451 
1718879223338.00, 2420, -596356, -414 
1718879223359.00, 2560, -596300, -359 
1718879223382.00, 2832, -596243, -336 
1718879223403.00, 2797, -596185, -288 
1718879223425.00, 2783, -596121, -239 
1718879223447.00, 2836, -596058, -192 
1718879223468.00, 2788, -595993, -135 
1718879223490.00, 2749, -595927, -99 
1718879223511.00, 2756, -595871, -81 
1718879223533.00, 2622, -595811, -48 
1718879223554.00, 2441, -595753, -11 
1718879223576.00, 2374, -595695, 28 
1718879223597.00, 4199, -595641, 58 
1718879223619.00, 6799, -595552, 88 
1718879223640.00, 10080, -595406, 120 
1718879223662.00, 14120, -595186, 146 
1718879223684.00, 18336, -594881, 164 
1718879223705.00, 21760, -594490, 185 
1718879223727.00, 24746, -594024, 212 
1718879223748.00, 28082, -593484, 244 
1718879223769.00, 32295, -592877, 273 
1718879223792.00, 36529, -592189, 282 
1718879223813.00, 39590, -591404, 298 
1718879223835.00, 42185, -590553, 316 
1718879223856.00, 44473, -589645, 338 
1718879223878.00, 47091, -588683, 361 
1718879223900.00, 50191, -587656, 375 
1718879223921.00, 52666, -586569, 383 
1718879223943.00, 54693, -585434, 377 
1718879223965.00, 55510, -584240, 391 
1718879223986.00, 56790, -583045, 408 
1718879224008.00, 58420, -581814, 385 
1718879224029.00, 57970, -580537, 381 
1718879224051.00, 57379, -579285, 404 
1718879224072.00, 58651, -578035, 415 
1718879224095.00, 59856, -576762, 427 
1718879224116.00, 61478, -575475, 419 
1718879224138.00, 61656, -574137, 434 
1718879224159.00, 62679, -572800, 448 
1718879224181.00, 64090, -571441, 442 
1718879224202.00, 64702, -570051, 448 
1718879224224.00, 65324, -568654, 440 
1718879224246.00, 65022, -567238, 428 
1718879224268.00, 64265, -565830, 429 
1718879224289.00, 63680, -564431, 448 
1718879224310.00, 64436, -563054, 443 
1718879224332.00, 64628, -561656, 438 
1718879224354.00, 64582, -560258, 459 
1718879224376.00, 65713, -558860, 466 
1718879224398.00, 66642, -557430, 470 
1718879224419.00, 67488, -555997, 456 
1718879224440.00, 67292, -554530, 447 
1718879224462.00, 66419, -553083, 439 
1718879224484.00, 65341, -551638, 433 
1718879224506.00, 64270, -550224, 437 
1718879224528.00, 64090, -548833, 435 
1718879224549.00, 63661, -547436, 449 
1718879224570.00, 64194, -546062, 457 
1718879224592.00, 64909, -544664, 453 
1718879224614.00, 65191, -543267, 448 
1718879224636.00, 64929, -541846, 460 
1718879224657.00, 65460, -540437, 452 
1718879224679.00, 65330, -539024, 440 
1718879224700.00, 64702, -537601, 456 
1718879224721.00, 65240, -536213, 436 
1718879224744.00, 64164, -534798, 419 
1718879224765.00, 62682, -533404, 417 
1718879224787.00, 61537, -532044, 420 
1718879224809.00, 60921, -530712, 436 
1718879224830.00, 61775, -529393, 419 
1718879224852.00, 61111, -528057, 408 
1718879224874.00, 59920, -526744, 405 
1718879224895.00, 58915, -525437, 405 
1718879224917.00, 58466, -524160, 391 
1718879224938.00, 57466, -522900, 378 
1718879224963.00, 55880, -521647, 397 
1718879224982.00, 56308, -520438, 397 
1718879225003.00, 56312, -519224, 393 
1718879225025.00, 56280, -517998, 383 
1718879225046.00, 55300, -516789, 388 
1718879225069.00, 55252, -515576, 375 
1718879225089.00, 54260, -514382, 347 
1718879225112.00, 52245, -513213, 325 
1718879225133.00, 49547, -512082, 315 
1718879225154.00, 47442, -511008, 312 
1718879225178.00, 45921, -509988, 316 
1718879225198.00, 45195, -508982, 317 
1718879225220.00, 45054, -507999, 302 
1718879225241.00, 43847, -507033, 311 
1718879225263.00, 43775, -506073, 314 
1718879225286.00, 43844, -505125, 309 
1718879225306.00, 43474, -504180, 302 
1718879225328.00, 43046, -503237, 293 
1718879225350.00, 42462, -502299, 300 
1718879225371.00, 42466, -501383, 302 
1718879225394.00, 42359, -500473, 305 
1718879225414.00, 42288, -499544, 327 
1718879225436.00, 43824, -498620, 329 
1718879225457.00, 44897, -497675, 341 
1718879225479.00, 46345, -496709, 337 
1718879225505.00, 46762, -495703, 350 
1718879225523.00, 47811, -494691, 354 
1718879225544.00, 48761, -493666, 344 
1718879225566.00, 48678, -492602, 340 
1718879225588.00, 48336, -491546, 339 
1718879225611.00, 48174, -490503, 336 
1718879225631.00, 47858, -489454, 346 
1718879225652.00, 48053, -488418, 338 
1718879225674.00, 47684, -487385, 338 
1718879225696.00, 47561, -486345, 337 
1718879225718.00, 47350, -485313, 326 
1718879225739.00, 46605, -484287, 325 
1718879225760.00, 46035, -483268, 323 
1718879225783.00, 45773, -482265, 317 
1718879225804.00, 45474, -481275, 322 
1718879225826.00, 45231, -480301, 317 
1718879225847.00, 44790, -479315, 330 
1718879225869.00, 45387, -478344, 318 
1718879225891.00, 44948, -477367, 309 
1718879225912.00, 44298, -476382, 309 
1718879225934.00, 43654, -475421, 301 
1718879225955.00, 42869, -474478, 301 
1718879225977.00, 42523, -473540, 293 
1718879225999.00, 41902, -472619, 289 
1718879226020.00, 41007, -471711, 290 
1718879226042.00, 40792, -470826, 285 
1718879226064.00, 40309, -469933, 287 
1718879226085.00, 40217, -469060, 281 
1718879226107.00, 39789, -468193, 279 
1718879226129.00, 39209, -467334, 275 
1718879226150.00, 38877, -466472, 284 
1718879226171.00, 39289, -465626, 276 
1718879226193.00, 38599, -464784, 284 
1718879226215.00, 38850, -463939, 286 
1718879226237.00, 39297, -463094, 288 
1718879226259.00, 39745, -462242, 289 
1718879226279.00, 40041, -461391, 286 
1718879226302.00, 40050, -460525, 284 
1718879226323.00, 39882, -459657, 285 
1718879226345.00, 39753, -458788, 283 
1718879226367.00, 39559, -457928, 284 
1718879226388.00, 39441, -457065, 278 
1718879226409.00, 39390, -456204, 269 
1718879226432.00, 38655, -455358, 260 
1718879226453.00, 37720, -454527, 253 
1718879226474.00, 36563, -453706, 249 
1718879226496.00, 35864, -452914, 236 
1718879226518.00, 34555, -452132, 243 
1718879226539.00, 34073, -451389, 232 
1718879226561.00, 33160, -450643, 229 
1718879226583.00, 32442, -449917, 221 
1718879226604.00, 31367, -449207, 229 
1718879226626.00, 31548, -448527, 226 
1718879226648.00, 31458, -447848, 222 
1718879226670.00, 30992, -447165, 209 
1718879226691.00, 29814, -446494, 198 
1718879226713.00, 28780, -445837, 201 
1718879226734.00, 28403, -445220, 195 
1718879226755.00, 27947, -444611, 188 
1718879226778.00, 26901, -444004, 183 
1718879226799.00, 26080, -443418, 174 
1718879226821.00, 25045, -442848, 170 
1718879226843.00, 24390, -442305, 159 
1718879226864.00, 23372, -441786, 148 
1718879226886.00, 21910, -441284, 145 
1718879226908.00, 20821, -440802, 133 
1718879226930.00, 19686, -440353, 130 
1718879226951.00, 18737, -439926, 122 
1718879226972.00, 17764, -439523, 116 
1718879226994.00, 16518, -439137, 107 
1718879227016.00, 15450, -438780, 104 
1718879227039.00, 14363, -438447, 100 
1718879227059.00, 13535, -438134, 90 
1718879227080.00, 13019, -437835, 81 
1718879227102.00, 11729, -437557, 71 
1718879227124.00, 10243, -437301, 63 
1718879227148.00, 9039, -437081, 37 
1718879227167.00, 6711, -436887, 12 
1718879227188.00, 3964, -436737, -3 
1718879227210.00, 1595, -436649, -14 
1718879227231.00, -61, -436617, -41 
1718879227253.00, -2979, -436618, -68 
1718879227273.00, -6469, -436673, -89 
1718879227295.00, -9797, -436812, -117 
1718879227317.00, -13339, -437023, -142 
1718879227338.00, -17109, -437313, -157 
1718879227362.00, -20222, -437683, -158 
1718879227382.00, -22107, -438122, -181 
1718879227403.00, -24643, -438598, -184 
1718879227425.00, -26349, -439125, -190 
1718879227447.00, -27833, -439692, -186 
1718879227472.00, -28230, -440286, -193 
1718879227490.00, -28742, -440899, -194 
1718879227512.00, -29324, -441527, -199 
1718879227533.00, -29699, -442158, -216 
1718879227554.00, -30926, -442801, -225 
1718879227577.00, -31937, -443473, -239 
1718879227598.00, -33530, -444174, -245 
1718879227620.00, -34845, -444906, -258 
1718879227641.00, -36498, -445657, -254 
1718879227662.00, -37296, -446445, -256 
1718879227684.00, -37843, -447251, -257 
1718879227706.00, -37884, -448070, -251 
1718879227727.00, -37726, -448888, -248 
1718879227750.00, -37546, -449710, -252 
1718879227771.00, -37603, -450526, -261 
1718879227793.00, -38140, -451349, -271 
1718879227815.00, -39079, -452172, -269 
1718879227836.00, -39350, -453017, -269 
1718879227857.00, -39432, -453874, -279 
1718879227879.00, -40247, -454737, -289 
1718879227901.00, -41350, -455594, -275 
1718879227923.00, -41205, -456487, -271 
1718879227944.00, -40540, -457384, -278 
1718879227966.00, -40975, -458271, -293 
1718879227987.00, -42005, -459149, -289 
1718879228009.00, -42325, -460057, -296 
1718879228030.00, -42805, -460978, -309 
1718879228052.00, -43771, -461900, -327 
1718879228074.00, -45456, -462846, -324 
1718879228095.00, -46527, -463827, -324 
1718879228117.00, -46979, -464834, -333 
1718879228138.00, -47480, -465846, -325 
1718879228160.00, -47480, -466882, -327 
1718879228182.00, -47822, -467919, -335 
1718879228204.00, -48183, -468946, -347 
1718879228226.00, -48902, -469992, -360 
1718879228247.00, -50499, -471066, -349 
1718879228269.00, -50703, -472145, -354 
1718879228291.00, -51046, -473243, -365 
1718879228311.00, -52031, -474351, -359 
1718879228334.00, -52001, -475470, -354 
1718879228355.00, -51783, -476603, -368 
1718879228376.00, -52367, -477732, -374 
1718879228398.00, -52985, -478859, -372 
1718879228420.00, -53457, -480011, -378 
1718879228442.00, -53962, -481163, -379 
1718879228465.00, -54551, -482333, -379 
1718879228485.00, -54603, -483516, -384 
1718879228507.00, -55093, -484705, -397 
1718879228528.00, -55879, -485893, -405 
1718879228550.00, -57073, -487115, -404 
1718879228572.00, -57530, -488336, -409 
1718879228593.00, -58230, -489586, -420 
1718879228615.00, -59181, -490848, -416 
1718879228637.00, -59517, -492134, -400 
1718879228658.00, -58781, -493432, -427 
1718879228680.00, -59825, -494695, -436 
1718879228701.00, -61183, -495989, -413 
1718879228723.00, -60422, -497315, -413 
1718879228744.00, -59936, -498614, -385 
1718879228766.00, -57945, -499922, -375 
1718879228787.00, -56058, -501174, -341 
1718879228809.00, -52971, -502387, -291 
1718879228831.00, -48140, -503541, -278 
1718879228853.00, -44288, -504572, -225 
1718879228875.00, -38910, -505529, -162 
1718879228896.00, -31973, -506377, -119 
1718879228918.00, -25262, -507080, -111 
1718879228939.00, -20544, -507624, -85 
1718879228961.00, -16517, -508076, -85 
1718879228982.00, -13937, -508441, -98 
1718879229004.00, -13240, -508749, -137 
1718879229026.00, -15216, -509044, -162 
1718879229047.00, -17901, -509374, -163 
1718879229069.00, -19630, -509763, -173 
1718879229090.00, -21352, -510192, -173 
1718879229111.00, -22363, -510644, -165 
1718879229134.00, -22503, -511122, -154 
1718879229155.00, -21861, -511611, -161 
1718879229177.00, -21930, -512086, -168 
1718879229199.00, -22363, -512558, -163 
1718879229223.00, -22181, -513041, -149 
1718879229242.00, -21413, -513526, -145 
1718879229264.00, -20587, -513985, -130 
1718879229286.00, -19472, -514427, -124 
1718879229307.00, -18553, -514848, -111 
1718879229333.00, -16806, -515247, -106 
1718879229351.00, -15811, -515619, -107 
1718879229372.00, -15071, -515962, -126 
1718879229394.00, -15683, -516295, -131 
1718879229415.00, -16300, -516643, -140 
1718879229441.00, -17408, -516998, -142 
1718879229459.00, -18096, -517370, -146 
1718879229480.00, -18951, -517765, -147 
1718879229502.00, -19325, -518173, -144 
1718879229524.00, -19644, -518592, -142 
1718879229548.00, -19529, -519016, -136 
1718879229566.00, -19157, -519440, -134 
1718879229588.00, -18550, -519858, -127 
1718879229610.00, -18068, -520262, -124 
1718879229631.00, -17674, -520648, -118 
1718879229653.00, -17024, -521024, -115 
1718879229674.00, -16375, -521394, -108 
1718879229696.00, -15585, -521751, -104 
1718879229718.00, -14693, -522091, -104 
1718879229740.00, -14123, -522416, -95 
1718879229761.00, -13451, -522724, -83 
1718879229783.00, -12349, -523019, -68 
1718879229804.00, -10878, -523286, -54 
1718879229826.00, -9237, -523518, -38 
1718879229847.00, -7342, -523714, -31 
1718879229869.00, -5378, -523871, -24 
1718879229890.00, -4048, -523991, -18 
1718879229912.00, -2885, -524080, -11 
1718879229933.00, -1801, -524144, -8 
1718879229955.00, -461, -524186, -9 
1718879229976.00, 0, -524198, -8 
1718879229997.00, 67, -524197, -7 
1718879230018.00, 0, -524194, -5 
1718879230039.00, 0, -524195, -4 
1718879230060.00, 26, -524195, -3 
1718879230096.00, 46, -524195, -3 
1718879230103.00, 25, -524194, -3 
1718879230124.00, 0, -524195, -5 
1718879230145.00, 67, -524195, -7 
1718879230166.00, 0, -524195, -13 
1718879230187.00, -116, -524195, -15 
1718879230210.00, -987, -524200, -23 
1718879230231.00, -2011, -524218, -36 
1718879230252.00, -3433, -524263, -47 
1718879230274.00, -5064, -524334, -60 
1718879230295.00, -6708, -524438, -71 
1718879230319.00, -8239, -524583, -80 
1718879230338.00, -9762, -524760, -95 
1718879230360.00, -11755, -524969, -111 
1718879230381.00, -13697, -525216, -119 
1718879230403.00, -15190, -525513, -127 
1718879230424.00, -16697, -525847, -136 
1718879230446.00, -18206, -526209, -151 
1718879230468.00, -19887, -526601, -161 
1718879230489.00, -21200, -527027, -164 
1718879230511.00, -22592, -527485, -165 
1718879230535.00, -23289, -527970, -166 
1718879230555.00, -23949, -528473, -168 
1718879230575.00, -24175, -528986, -171 
1718879230598.00, -24517, -529513, -165 
1718879230620.00, -24346, -530046, -163 
1718879230642.00, -24238, -530571, -161 
1718879230663.00, -23888, -531091, -155 
1718879230684.00, -23504, -531610, -154 
1718879230706.00, -23107, -532121, -152 
1718879230727.00, -22594, -532622, -147 
1718879230755.00, -22373, -533118, -144 
1718879230770.00, -21577, -533595, -136 
1718879230793.00, -20622, -534062, -130 
1718879230814.00, -19877, -534518, -133 
1718879230836.00, -19236, -534947, -130 
1718879230863.00, -18773, -535374, -129 
1718879230879.00, -18550, -535788, -124 
1718879230901.00, -18090, -536194, -127 
1718879230922.00, -18283, -536590, -124 
1718879230944.00, -17934, -536980, -122 
1718879230966.00, -17591, -537368, -120 
1718879230987.00, -17524, -537755, -124 
1718879231009.00, -17627, -538130, -125 
1718879231031.00, -17936, -538515, -122 
1718879231052.00, -17815, -538900, -123 
1718879231074.00, -17621, -539286, -124 
1718879231096.00, -17627, -539671, -121 
1718879231117.00, -17262, -540050, -116 
1718879231139.00, -16978, -540427, -112 
1718879231160.00, -16393, -540798, -109 
1718879231182.00, -16006, -541156, -106 
1718879231204.00, -15335, -541505, -106 
1718879231225.00, -14991, -541846, -106 
1718879231247.00, -15033, -542176, -105 
1718879231269.00, -14835, -542505, -104 
1718879231290.00, -15080, -542833, -105 
1718879231312.00, -14808, -543150, -105 
1718879231333.00, -14744, -543473, -105 
1718879231355.00, -14978, -543792, -95 
1718879231377.00, -14296, -544111, -90 
1718879231398.00, -13684, -544419, -81 
1718879231420.00, -12671, -544713, -70 
1718879231441.00, -11374, -544987, -56 
1718879231463.00, -9838, -545235, -41 
1718879231484.00, -7844, -545447, -27 
1718879231505.00, -6087, -545621, -15 
1718879231526.00, -4292, -545752, 0 
1718879231548.00, -2230, -545843, 14 
1718879231569.00, -56, -545893, 25 
1718879231591.00, 1202, -545900, 30 
1718879231612.00, 2617, -545885, 29 
1718879231634.00, 3600, -545833, 35 
1718879231655.00, 4519, -545758, 34 
1718879231676.00, 5006, -545661, 32 
1718879231698.00, 4980, -545556, 26 
1718879231720.00, 4791, -545446, 5 
1718879231745.00, 2947, -545346, -19 
1718879231763.00, 663, -545280, -50 
1718879231784.00, -2037, -545266, -99 
1718879231806.00, -7060, -545304, -157 
1718879231827.00, -13694, -545448, -201 
1718879231850.00, -20229, -545733, -233 
1718879231870.00, -26028, -546164, -276 
1718879231892.00, -32141, -546717, -303 
1718879231914.00, -37186, -547401, -316 
1718879231936.00, -41170, -548203, -338 
1718879231959.00, -44566, -549099, -366 
1718879231979.00, -48271, -550058, -378 
1718879232000.00, -51298, -551101, -379 
1718879232022.00, -53031, -552216, -397 
1718879232044.00, -55030, -553363, -417 
1718879232065.00, -57499, -554553, -415 
1718879232087.00, -58691, -555800, -423 
1718879232108.00, -59831, -557073, -420 
1718879232130.00, -60538, -558372, -421 
1718879232152.00, -60905, -559679, -398 
1718879232179.00, -59605, -560996, -379 
1718879232195.00, -57610, -562287, -374 
1718879232217.00, -56170, -563528, -365 
1718879232238.00, -54808, -564749, -367 
1718879232260.00, -54060, -565948, -399 
1718879232283.00, -55479, -567122, -443 
1718879232303.00, -58995, -568328, -461 
1718879232325.00, -62250, -569607, -453 
1718879232347.00, -63662, -570941, -450 
1718879232368.00, -64258, -572332, -483 
1718879232389.00, -66787, -573725, -504 
1718879232412.00, -69497, -575175, -535 
1718879232433.00, -72855, -576674, -567 
1718879232455.00, -76788, -578256, -597 
1718879232477.00, -81013, -579909, -621 
1718879232498.00, -84773, -581672, -624 
1718879232520.00, -87131, -583505, -602 
1718879232541.00, -87140, -585394, -595 
1718879232563.00, -86697, -587276, -595 
1718879232584.00, -86284, -589155, -606 
1718879232606.00, -86755, -591025, -572 
1718879232628.00, -85077, -592904, -561 
1718879232650.00, -49519, -594734, -541 
1718879232671.00, -28073, -595815, -595 
1718879232693.00, -15230, -596443, -551 
1718879232714.00, -7948, -596788, -544 
1718879232736.00, -3594, -596966, -571 
1718879232757.00, -961, -597048, -564 
1718879232779.00, -1, -597069, -560 
1718879232800.00, 436, -597071, -562 
1718879232822.00, 61, -597069, -557 
1718879232843.00, -1, -597067, -553 
1718879232864.00, 0, -597066, -550 
1718879232886.00, 19, -597067, -541 
1718879232907.00, 0, -597066, -533 
1718879232928.00, 12, -597065, -530 
1718879232950.00, 0, -597065, -524 
1718879232971.00, 1, -597065, -515 
1718879232993.00, 0, -597064, -500 
1718879233014.00, -1, -597064, -483 
1718879233035.00, 67, -597062, -465 
1718879233056.00, 40, -597062, -453 
1718879233078.00, 50, -597060, -444 
1718879233099.00, 59, -597060, -431 
1718879233121.00, 60, -597059, -418 
1718879233142.00, 41, -597057, -404 
1718879233164.00, 45, -597055, -394 
1718879233186.00, 50, -597054, -381 
1718879233207.00, 34, -597052, -368 
1718879233228.00, 42, -597052, -359 
1718879233250.00, 34, -597049, -336 
1718879233271.00, 1, -597049, -339 
1718879233293.00, 0, -597048, -340 
1718879233314.00, -5, -597047, -328 
1718879233335.00, 10, -597048, -322 
1718879233356.00, -5, -597047, -314 
1718879233380.00, 0, -597046, -312 
1718879233399.00, 31, -597046, -312 
1718879233421.00, 25, -597045, -312 
1718879233442.00, 0, -597045, -314 
1718879233463.00, -2, -597045, -314 
1718879233488.00, 0, -597045, -318 
1718879233506.00, 1, -597045, -321 
1718879233527.00, 0, -597045, -323 
1718879233549.00, 0, -597045, -323 
1718879233569.00, 16, -597046, -321 
1718879233592.00, 12, -597044, -318 
1718879233613.00, 0, -597045, -319 
1718879233634.00, 19, -597045, -322 
1718879233656.00, 0, -597045, -324 
1718879233677.00, 56, -597045, -324 
1718879233698.00, 0, -597044, -326 
1718879233720.00, 0, -597046, -325 
1718879233741.00, 0, -597045, -323 
1718879233761.00, 0, -597045, -315 
1718879233783.00, 0, -597045, -313 
1718879233804.00, 1, -597044, -313 
1718879233826.00, 0, -597044, -315 
1718879233847.00, 0, -597044, -317 
1718879233869.00, 0, -597044, -502 
1718879233890.00, 0, -597041, -499 
1718879233911.00, 0, -597041, -500 
1718879233932.00, 0, -597041, -497 
1718879233953.00, 0, -597041, -494 
1718879233974.00, 0, -597042, -489 
1718879233995.00, 0, -597041, -493 
1718879234017.00, 0, -597041, -493 
1718879234038.00, 0, -597042, -495 
1718879234058.00, 0, -597041, -492 
1718879234080.00, 0, -597040, -486 
1718879234101.00, 0, -597041, -480 
1718879234122.00, 0, -597042, -479 
1718879234144.00, 0, -597041, -480 
1718879234165.00, 0, -597041, -478 
1718879234185.00, -1, -597041, -474 
1718879234207.00, 0, -597041, -471 
1718879234228.00, -1, -597041, -466 
1718879234249.00, 0, -597040, -459 
1718879234270.00, 0, -597041, -449 
1718879234291.00, 1, -597040, -439 
1718879234313.00, 21, -597039, -422 
1718879234334.00, 0, -597037, -401 
1718879234355.00, 11, -597036, -373 
1718879234376.00, 23, -597035, -340 
1718879234397.00, 0, -597033, -314 
1718879234418.00, 0, -597032, -289 
1718879234440.00, 1, -597029, -266 
1718879234461.00, 0, -597029, -238 
1718879234482.00, 0, -597026, -213 
1718879234503.00, 0, -597025, -190 
1718879234524.00, 0, -597023, -172 
1718879234545.00, 0, -597023, -166 
1718879234566.00, 0, -597023, -165 
1718879234587.00, 0, -597023, -167 
1718879234608.00, 0, -597023, -169 
1718879234629.00, 0, -597023, -171 
1718879234650.00, 0, -597023, -171 
1718879234671.00, 0, -597023, -170 
1718879234693.00, 0, -597022, -169 
1718879234714.00, 0, -597023, -168 
1718879234735.00, 0, -597022, -169 
1718879234756.00, 0, -597022, -168 
1718879234778.00, 0, -597023, -166 
1718879234798.00, 0, -597022, -163 
1718879234820.00, 0, -597022, -161 
1718879234840.00, 0, -597023, -161 
1718879234861.00, 0, -597022, -161 
1718879234882.00, 0, -597022, -159 
1718879234906.00, 0, -597022, -156 
1718879234925.00, 0, -597022, -155 
1718879234946.00, 0, -597022, -152 
1718879234967.00, 0, -597021, -150 
1718879234989.00, 0, -597021, -147 
1718879235010.00, 0, -597020, -143 
1718879235031.00, -24, -597021, -141 
1718879235052.00, 0, -597021, -141 
1718879235073.00, 0, -597020, -140 
1718879235094.00, 0, -597021, -139 
1718879235115.00, 0, -597021, -138 
1718879235136.00, 0, -597020, -136 
