1719562827562.00, 3134, -583589, 22 
1719562827584.00, 3230, -583523, 22 
1719562827606.00, 3261, -583455, 22 
1719562827628.00, 3226, -583386, 22 
1719562827648.00, 2988, -583318, 22 
1719562827676.00, 2987, -583251, 22 
1719562827691.00, 3015, -583185, 22 
1719562827712.00, 3063, -583120, 22 
1719562827734.00, 3147, -583055, 22 
1719562827756.00, 2999, -582989, 22 
1719562827778.00, 3126, -582924, 22 
1719562827799.00, 3104, -582860, 22 
1719562827820.00, 3057, -582792, 22 
1719562827841.00, 3140, -582726, 22 
1719562827863.00, 3109, -582658, 22 
1719562827890.00, 3070, -582590, 22 
1719562827905.00, 3128, -582523, 22 
1719562827927.00, 3010, -582457, 22 
1719562827948.00, 3037, -582391, 22 
1719562827970.00, 3058, -582326, 22 
1719562827991.00, 3020, -582260, 22 
1719562828013.00, 3216, -582196, 22 
1719562828035.00, 3061, -582130, 22 
1719562828056.00, 3124, -582061, 22 
1719562828077.00, 3165, -581993, 22 
1719562828098.00, 3033, -581926, 22 
1719562828120.00, 3123, -581857, 22 
1719562828151.00, 3140, -581791, 22 
1719562828163.00, 3039, -581722, 22 
1719562828185.00, 3186, -581657, 22 
1719562828206.00, 2921, -581591, 22 
1719562828228.00, 2961, -581526, 22 
1719562828249.00, 3032, -581461, 22 
1719562828270.00, 3068, -581397, 22 
1719562828291.00, 3098, -581330, 22 
1719562828313.00, 3035, -581264, 22 
1719562828335.00, 3070, -581199, 22 
1719562828356.00, 3098, -581132, 23 
1719562828378.00, 3172, -581067, 22 
1719562828400.00, 3169, -580996, 22 
1719562828421.00, 3094, -580928, 23 
1719562828442.00, 3130, -580862, 23 
1719562828463.00, 3140, -580794, 23 
1719562828485.00, 3201, -580727, 23 
1719562828507.00, 3206, -580658, 23 
1719562828528.00, 3226, -580589, 23 
1719562828549.00, 3250, -580520, 23 
1719562828571.00, 3228, -580449, 23 
1719562828592.00, 3279, -580380, 23 
1719562828614.00, 3213, -580310, 23 
1719562828636.00, 3367, -580238, 23 
1719562828658.00, 3365, -580167, 23 
1719562828679.00, 3174, -580096, 23 
1719562828699.00, 3150, -580026, 23 
1719562828721.00, 3173, -579956, 24 
1719562828743.00, 3317, -579888, 24 
1719562828770.00, 3246, -579821, 24 
1719562828786.00, 3221, -579749, 24 
1719562828807.00, 3328, -579680, 24 
1719562828829.00, 3411, -579611, 24 
1719562828850.00, 3546, -579539, 24 
1719562828874.00, 3681, -579465, 24 
1719562828893.00, 3632, -579389, 24 
1719562828914.00, 3541, -579312, 24 
1719562828936.00, 3530, -579237, 24 
1719562828957.00, 3469, -579163, 24 
1719562828980.00, 3364, -579090, 24 
1719562829001.00, 3233, -579016, 24 
1719562829021.00, 3316, -578946, 24 
1719562829043.00, 3368, -578874, 24 
1719562829064.00, 3447, -578802, 24 
1719562829089.00, 3515, -578729, 24 
1719562829108.00, 3581, -578655, 24 
1719562829129.00, 3647, -578581, 24 
1719562829150.00, 3508, -578504, 24 
1719562829171.00, 3490, -578427, 24 
1719562829193.00, 3286, -578355, 24 
1719562829215.00, 3254, -578283, 24 
1719562829237.00, 3313, -578213, 24 
1719562829258.00, 3352, -578142, 24 
1719562829279.00, 3464, -578070, 24 
1719562829300.00, 3393, -577998, 24 
1719562829322.00, 3300, -577925, 24 
1719562829344.00, 3379, -577853, 25 
1719562829365.00, 3413, -577780, 24 
1719562829387.00, 3327, -577704, 24 
1719562829408.00, 3310, -577632, 25 
1719562829430.00, 3381, -577562, 25 
1719562829451.00, 3507, -577491, 25 
1719562829472.00, 3549, -577418, 25 
1719562829494.00, 3630, -577342, 25 
1719562829515.00, 3574, -577266, 25 
1719562829536.00, 3576, -577187, 25 
1719562829558.00, 3681, -577112, 25 
1719562829579.00, 3759, -577035, 25 
1719562829601.00, 3763, -576958, 25 
1719562829622.00, 3570, -576876, 25 
1719562829644.00, 3556, -576800, 25 
1719562829665.00, 3472, -576725, 25 
1719562829687.00, 3539, -576652, 25 
1719562829708.00, 3557, -576578, 25 
1719562829730.00, 3549, -576503, 25 
1719562829752.00, 3583, -576429, 25 
1719562829773.00, 3619, -576354, 25 
1719562829795.00, 3683, -576279, 25 
1719562829816.00, 3671, -576201, 25 
1719562829837.00, 3580, -576123, 25 
1719562829859.00, 3525, -576048, 25 
1719562829881.00, 3461, -575972, 25 
1719562829902.00, 3558, -575898, 25 
1719562829923.00, 3493, -575822, 25 
1719562829944.00, 3584, -575750, 25 
1719562829967.00, 3562, -575677, 25 
1719562829987.00, 3591, -575602, 25 
1719562830009.00, 3611, -575525, 25 
1719562830030.00, 3580, -575447, 25 
1719562830052.00, 3666, -575370, 25 
1719562830074.00, 3614, -575294, 25 
1719562830095.00, 3589, -575216, 25 
1719562830117.00, 3509, -575142, 25 
1719562830137.00, 3468, -575067, 25 
1719562830159.00, 3519, -574993, 25 
1719562830184.00, 3463, -574918, 25 
1719562830202.00, 3402, -574843, 25 
1719562830224.00, 3272, -574770, 25 
1719562830244.00, 3297, -574697, 26 
1719562830266.00, 3486, -574626, 26 
1719562830288.00, 3561, -574551, 25 
1719562830309.00, 3432, -574473, 26 
1719562830331.00, 3438, -574397, 26 
1719562830352.00, 3480, -574324, 26 
1719562830374.00, 3565, -574250, 26 
1719562830396.00, 3563, -574174, 26 
1719562830417.00, 3618, -574096, 26 
1719562830438.00, 3557, -574020, 26 
1719562830460.00, 3566, -573941, 26 
1719562830481.00, 3528, -573864, 26 
1719562830503.00, 3601, -573785, 26 
1719562830524.00, 3522, -573708, 26 
1719562830545.00, 3351, -573628, 26 
1719562830566.00, 3369, -573552, 26 
1719562830588.00, 3384, -573477, 26 
1719562830609.00, 3461, -573405, 26 
1719562830631.00, 3509, -573331, 26 
1719562830653.00, 3517, -573255, 26 
1719562830674.00, 3583, -573179, 27 
1719562830695.00, 3541, -573102, 27 
1719562830717.00, 3619, -573023, 27 
1719562830739.00, 3703, -572943, 26 
1719562830760.00, 3756, -572864, 27 
1719562830782.00, 3789, -572785, 27 
1719562830803.00, 3763, -572706, 26 
1719562830825.00, 3637, -572625, 26 
1719562830846.00, 3513, -572543, 27 
1719562830867.00, 3578, -572467, 27 
1719562830888.00, 3660, -572388, 26 
1719562830910.00, 3776, -572307, 26 
1719562830932.00, 3782, -572229, 26 
1719562830954.00, 3843, -572149, 26 
1719562830976.00, 3727, -572067, 26 
1719562830996.00, 3559, -571982, 26 
1719562831017.00, 3492, -571905, 27 
1719562831039.00, 3455, -571828, 27 
1719562831060.00, 3582, -571751, 27 
1719562831083.00, 3670, -571674, 27 
1719562831103.00, 3857, -571598, 27 
1719562831125.00, 3802, -571518, 27 
1719562831146.00, 3779, -571434, 27 
1719562831170.00, 3876, -571352, 27 
1719562831189.00, 3951, -571268, 27 
1719562831212.00, 3781, -571184, 27 
1719562831232.00, 3637, -571101, 27 
1719562831254.00, 3595, -571023, 27 
1719562831276.00, 3554, -570943, 27 
1719562831297.00, 3697, -570864, 27 
1719562831318.00, 3794, -570785, 27 
1719562831339.00, 3877, -570705, 27 
1719562831361.00, 3851, -570625, 27 
1719562831382.00, 3915, -570540, 27 
1719562831404.00, 3894, -570457, 27 
1719562831425.00, 3761, -570372, 28 
1719562831447.00, 3755, -570291, 28 
1719562831469.00, 3764, -570210, 28 
1719562831490.00, 3938, -570130, 28 
1719562831511.00, 3858, -570047, 28 
1719562831532.00, 3780, -569963, 28 
1719562831554.00, 3916, -569881, 28 
1719562831575.00, 3994, -569799, 28 
1719562831597.00, 3915, -569714, 28 
1719562831618.00, 4052, -569629, 28 
1719562831640.00, 3955, -569544, 28 
1719562831661.00, 3831, -569459, 28 
1719562831686.00, 3950, -569375, 28 
1719562831704.00, 3890, -569292, 28 
1719562831726.00, 3839, -569211, 28 
1719562831747.00, 3957, -569126, 28 
1719562831768.00, 3918, -569043, 28 
1719562831790.00, 3913, -568957, 28 
1719562831811.00, 4076, -568872, 28 
1719562831833.00, 3959, -568785, 28 
1719562831855.00, 3804, -568701, 28 
1719562831876.00, 3893, -568616, 28 
1719562831898.00, 3964, -568537, 28 
1719562831919.00, 3820, -568453, 28 
1719562831940.00, 3937, -568369, 28 
1719562831963.00, 3959, -568284, 28 
1719562831983.00, 3888, -568200, 28 
1719562832005.00, 4104, -568116, 28 
1719562832026.00, 4061, -568031, 28 
1719562832047.00, 3848, -567943, 28 
1719562832069.00, 3880, -567857, 29 
1719562832090.00, 4004, -567777, 29 
1719562832112.00, 3936, -567690, 29 
1719562832133.00, 4074, -567601, 29 
1719562832157.00, 3995, -567520, 29 
1719562832177.00, 4128, -567434, 29 
1719562832199.00, 4142, -567345, 29 
1719562832220.00, 4307, -567256, 29 
1719562832241.00, 4022, -567163, 29 
1719562832264.00, 4085, -567074, 29 
1719562832284.00, 4006, -566987, 29 
1719562832305.00, 4108, -566902, 29 
1719562832326.00, 4035, -566817, 29 
1719562832348.00, 4003, -566728, 29 
1719562832371.00, 4110, -566642, 29 
1719562832392.00, 4055, -566556, 29 
1719562832413.00, 4063, -566467, 29 
1719562832434.00, 3967, -566380, 29 
1719562832455.00, 4074, -566292, 30 
1719562832481.00, 4111, -566207, 30 
1719562832498.00, 4105, -566119, 29 
1719562832520.00, 4110, -566031, 29 
1719562832542.00, 4181, -565945, 30 
1719562832563.00, 4242, -565854, 29 
1719562832585.00, 4194, -565764, 29 
1719562832605.00, 4103, -565672, 29 
1719562832627.00, 4141, -565581, 29 
1719562832649.00, 4058, -565492, 30 
1719562832671.00, 4112, -565405, 30 
1719562832692.00, 4102, -565317, 30 
1719562832713.00, 4286, -565229, 30 
1719562832734.00, 4246, -565138, 30 
1719562832756.00, 4196, -565047, 30 
1719562832778.00, 4150, -564954, 30 
1719562832799.00, 4236, -564864, 30 
1719562832821.00, 4326, -564771, 30 
1719562832842.00, 4147, -564680, 30 
1719562832863.00, 4195, -564587, 30 
1719562832884.00, 4033, -564500, 31 
1719562832906.00, 4210, -564409, 30 
1719562832927.00, 4170, -564319, 31 
1719562832949.00, 4266, -564228, 31 
1719562832971.00, 4372, -564137, 31 
1719562832993.00, 4403, -564044, 31 
1719562833014.00, 4236, -563947, 31 
1719562833036.00, 4432, -563852, 31 
1719562833056.00, 4456, -563762, 31 
1719562833078.00, 4360, -563668, 31 
1719562833099.00, 4285, -563572, 31 
1719562833121.00, 4337, -563479, 31 
1719562833141.00, 4259, -563390, 31 
1719562833165.00, 4318, -563292, 31 
1719562833186.00, 4415, -563199, 31 
1719562833208.00, 4383, -563106, 31 
1719562833229.00, 4245, -563013, 31 
1719562833250.00, 4281, -562921, 31 
1719562833272.00, 4199, -562830, 31 
1719562833293.00, 4248, -562738, 31 
1719562833315.00, 4390, -562645, 31 
1719562833336.00, 4343, -562555, 31 
1719562833358.00, 4430, -562460, 31 
1719562833379.00, 4430, -562365, 31 
1719562833400.00, 4386, -562269, 31 
1719562833422.00, 4117, -562178, 32 
1719562833443.00, 4309, -562084, 32 
1719562833465.00, 4446, -561994, 32 
1719562833487.00, 4374, -561899, 31 
1719562833508.00, 4296, -561803, 32 
1719562833530.00, 4444, -561709, 32 
1719562833552.00, 4575, -561615, 32 
1719562833574.00, 4506, -561518, 32 
1719562833593.00, 4215, -561419, 32 
1719562833615.00, 4427, -561324, 32 
1719562833637.00, 4470, -561231, 32 
1719562833660.00, 4600, -561137, 32 
1719562833680.00, 4405, -561040, 32 
1719562833702.00, 4464, -560944, 32 
1719562833723.00, 4565, -560847, 32 
1719562833744.00, 4612, -560748, 32 
1719562833765.00, 4586, -560650, 33 
1719562833793.00, 4584, -560552, 33 
1719562833809.00, 4525, -560456, 33 
1719562833830.00, 4388, -560358, 33 
1719562833852.00, 4480, -560260, 33 
1719562833873.00, 4505, -560164, 33 
1719562833894.00, 4675, -560066, 33 
1719562833916.00, 4706, -559967, 33 
1719562833937.00, 4655, -559867, 33 
1719562833959.00, 4669, -559768, 33 
1719562833980.00, 4681, -559668, 33 
1719562834002.00, 4792, -559568, 33 
1719562834023.00, 4875, -559468, 33 
1719562834045.00, 4998, -559367, 33 
1719562834066.00, 4979, -559270, 33 
1719562834087.00, 4907, -559162, 33 
1719562834109.00, 4666, -559056, 33 
1719562834130.00, 4577, -558953, 34 
1719562834152.00, 4682, -558853, 34 
1719562834173.00, 4759, -558756, 34 
1719562834195.00, 4799, -558654, 34 
1719562834216.00, 4790, -558550, 34 
1719562834238.00, 4893, -558448, 34 
1719562834259.00, 4726, -558343, 34 
1719562834280.00, 4515, -558238, 34 
1719562834302.00, 4462, -558137, 34 
1719562834324.00, 4557, -558038, 34 
1719562834345.00, 4722, -557938, 34 
1719562834367.00, 4738, -557838, 34 
1719562834388.00, 4869, -557738, 35 
1719562834410.00, 4904, -557636, 35 
1719562834431.00, 4854, -557528, 34 
1719562834452.00, 4759, -557417, 35 
1719562834474.00, 4791, -557317, 35 
1719562834495.00, 4855, -557215, 35 
1719562834517.00, 4826, -557112, 35 
1719562834539.00, 4910, -557008, 35 
1719562834564.00, 4919, -556904, 35 
1719562834582.00, 4925, -556795, 35 
1719562834605.00, 5020, -556689, 35 
1719562834624.00, 5017, -556584, 35 
1719562834645.00, 5034, -556476, 35 
1719562834672.00, 4933, -556373, 35 
1719562834689.00, 4775, -556268, 35 
1719562834711.00, 4701, -556160, 35 
1719562834732.00, 4759, -556058, 36 
1719562834753.00, 5000, -555954, 35 
1719562834775.00, 4992, -555849, 35 
1719562834796.00, 4922, -555740, 34 
1719562834817.00, 4798, -555633, 35 
1719562834839.00, 4775, -555530, 35 
1719562834860.00, 4789, -555424, 35 
1719562834882.00, 4749, -555322, 35 
1719562834903.00, 4981, -555220, 35 
1719562834925.00, 5127, -555117, 35 
1719562834947.00, 4987, -555007, 35 
1719562834968.00, 4784, -554901, 35 
1719562834989.00, 4604, -554794, 35 
1719562835011.00, 4610, -554691, 35 
1719562835033.00, 4531, -554588, 36 
1719562835053.00, 4704, -554487, 36 
1719562835075.00, 4971, -554386, 36 
1719562835096.00, 5068, -554280, 36 
1719562835118.00, 5075, -554170, 36 
1719562835139.00, 4990, -554062, 36 
1719562835160.00, 5150, -553954, 36 
1719562835182.00, 5145, -553846, 36 
1719562835203.00, 4997, -553739, 36 
1719562835225.00, 5124, -553627, 36 
1719562835247.00, 5148, -553518, 37 
1719562835268.00, 5170, -553409, 37 
1719562835290.00, 5259, -553300, 37 
1719562835311.00, 5102, -553188, 36 
1719562835332.00, 5066, -553077, 36 
1719562835354.00, 5122, -552969, 36 
1719562835375.00, 5077, -552861, 36 
1719562835397.00, 5183, -552751, 37 
1719562835418.00, 5232, -552642, 37 
1719562835440.00, 5035, -552528, 37 
1719562835461.00, 5035, -552416, 37 
1719562835483.00, 5096, -552308, 37 
1719562835505.00, 5130, -552198, 37 
1719562835525.00, 5239, -552088, 37 
1719562835548.00, 5340, -551977, 37 
1719562835569.00, 5359, -551865, 37 
1719562835589.00, 5237, -551746, 37 
1719562835611.00, 5241, -551634, 38 
1719562835633.00, 5323, -551522, 38 
1719562835656.00, 5284, -551410, 38 
1719562835676.00, 5309, -551292, 38 
1719562835697.00, 5379, -551180, 38 
1719562835719.00, 5380, -551069, 38 
1719562835741.00, 5329, -550948, 38 
1719562835763.00, 5246, -550833, 38 
1719562835783.00, 5428, -550721, 37 
1719562835805.00, 5217, -550609, 38 
1719562835826.00, 5254, -550495, 38 
1719562835848.00, 5371, -550383, 38 
1719562835872.00, 5499, -550268, 38 
1719562835890.00, 5182, -550151, 38 
1719562835911.00, 5222, -550034, 38 
1719562835933.00, 5171, -549922, 38 
1719562835955.00, 5383, -549811, 38 
1719562835976.00, 5371, -549701, 38 
1719562835998.00, 5322, -549585, 38 
1719562836019.00, 5422, -549469, 38 
1719562836041.00, 5429, -549353, 38 
1719562836062.00, 5126, -549235, 38 
1719562836084.00, 5254, -549122, 38 
1719562836105.00, 5211, -549011, 38 
1719562836126.00, 5398, -548898, 38 
1719562836147.00, 5297, -548783, 39 
1719562836170.00, 5489, -548668, 39 
1719562836192.00, 5547, -548549, 39 
1719562836213.00, 5362, -548432, 39 
1719562836233.00, 5385, -548314, 39 
1719562836255.00, 5376, -548195, 39 
1719562836277.00, 5488, -548079, 39 
1719562836298.00, 5459, -547964, 39 
1719562836320.00, 5496, -547844, 39 
1719562836341.00, 5439, -547723, 39 
1719562836362.00, 5335, -547605, 40 
1719562836384.00, 5435, -547488, 40 
1719562836405.00, 5590, -547370, 40 
1719562836428.00, 5611, -547253, 41 
1719562836448.00, 5646, -547133, 40 
1719562836470.00, 5570, -547013, 40 
1719562836492.00, 5562, -546889, 40 
1719562836513.00, 5720, -546770, 39 
1719562836535.00, 5409, -546651, 39 
1719562836556.00, 5445, -546532, 40 
1719562836577.00, 5653, -546416, 40 
1719562836599.00, 5639, -546298, 40 
1719562836620.00, 5544, -546177, 40 
1719562836642.00, 5626, -546053, 40 
1719562836664.00, 5596, -545936, 40 
1719562836684.00, 5636, -545816, 40 
1719562836706.00, 5481, -545695, 40 
1719562836728.00, 5508, -545574, 40 
1719562836753.00, 5880, -545455, 39 
1719562836771.00, 5798, -545331, 39 
1719562836792.00, 5646, -545202, 73 
1719562836813.00, 7848, -545078, 136 
1719562836835.00, 13132, -544904, 182 
1719562836857.00, 18639, -544629, 232 
1719562836879.00, 25171, -544227, 264 
1719562836901.00, 30702, -543699, 270 
1719562836921.00, 34109, -543039, 280 
1719562836943.00, 37184, -542301, 314 
1719562836977.00, 40822, -541492, 356 
1719562836986.00, 45379, -540610, 364 
1719562837008.00, 48912, -539635, 364 
1719562837030.00, 50698, -538573, 381 
1719562837052.00, 52895, -537471, 390 
1719562837078.00, 54679, -536340, 383 
1719562837094.00, 55133, -535150, 380 
1719562837116.00, 55205, -533954, 385 
1719562837138.00, 55704, -532758, 390 
1719562837160.00, 56075, -531545, 395 
1719562837182.00, 56682, -530326, 403 
1719562837203.00, 57465, -529101, 408 
1719562837225.00, 58221, -527853, 421 
1719562837246.00, 59555, -526600, 430 
1719562837268.00, 60814, -525303, 428 
1719562837294.00, 61363, -523984, 429 
1719562837311.00, 61654, -522658, 423 
1719562837333.00, 61630, -521317, 429 
1719562837354.00, 61742, -519988, 436 
1719562837376.00, 62195, -518644, 432 
1719562837400.00, 62297, -517296, 428 
1719562837420.00, 62145, -515946, 414 
1719562837441.00, 61026, -514591, 405 
1719562837462.00, 59948, -513277, 395 
1719562837484.00, 58494, -511974, 386 
1719562837506.00, 57191, -510710, 372 
1719562837528.00, 55462, -509475, 345 
1719562837549.00, 52929, -508266, 314 
1719562837571.00, 49245, -507130, 270 
1719562837593.00, 44526, -506056, 220 
1719562837614.00, 38758, -505082, 183 
1719562837636.00, 32920, -504248, 147 
1719562837657.00, 27302, -503530, 129 
1719562837679.00, 23019, -502927, 110 
1719562837701.00, 19291, -502425, 83 
1719562837722.00, 15771, -502008, 46 
1719562837744.00, 11317, -501665, 0 
1719562837765.00, 6205, -501416, -23 
1719562837787.00, 1541, -501283, -43 
1719562837808.00, -1880, -501254, -105 
1719562837830.00, -7937, -501287, -134 
1719562837851.00, -13715, -501454, -144 
1719562837873.00, -17479, -501739, -149 
1719562837894.00, -20090, -502116, -164 
1719562837916.00, -22409, -502551, -176 
1719562837938.00, -24538, -503040, -179 
1719562837960.00, -25959, -503570, -178 
1719562837981.00, -26836, -504127, -167 
1719562838003.00, -26541, -504696, -147 
1719562838025.00, -24828, -505267, -114 
1719562838046.00, -22249, -505809, -70 
1719562838067.00, -17739, -506283, -19 
1719562838089.00, -11859, -506670, 48 
1719562838110.00, -4417, -506932, 106 
1719562838132.00, 2910, -507031, 161 
1719562838154.00, 10932, -506981, 195 
1719562838179.00, 18029, -506754, 210 
1719562838197.00, 23176, -506368, 208 
1719562838219.00, 26138, -505873, 202 
1719562838241.00, 27455, -505312, 192 
1719562838262.00, 27345, -504725, 170 
1719562838288.00, 25898, -504143, 142 
1719562838305.00, 23612, -503583, 115 
1719562838327.00, 20268, -503073, 90 
1719562838348.00, 16792, -502629, 55 
1719562838369.00, 12884, -502258, 22 
1719562838391.00, 8504, -501986, -9 
1719562838413.00, 4715, -501796, -34 
1719562838434.00, 174, -501691, -55 
1719562838456.00, -3213, -501681, -65 
1719562838478.00, -6310, -501736, -64 
1719562838499.00, -7803, -501866, -64 
1719562838521.00, -8952, -502037, -69 
1719562838542.00, -9927, -502221, -71 
1719562838563.00, -10735, -502431, -71 
1719562838585.00, -11017, -502660, -74 
1719562838606.00, -11311, -502900, -70 
1719562838628.00, -11224, -503139, -50 
1719562838649.00, -10095, -503378, -3 
1719562838670.00, -6242, -503589, 56 
1719562838693.00, -292, -503718, 121 
1719562838713.00, 6487, -503731, 166 
1719562838736.00, 13677, -503607, 180 
1719562838757.00, 18567, -503323, 171 
1719562838780.00, 20994, -502925, 131 
1719562838800.00, 19824, -502477, 71 
1719562838822.00, 15501, -502049, 14 
1719562838843.00, 9840, -501705, -35 
1719562838864.00, 3300, -501488, -73 
1719562838886.00, -2171, -501408, -79 
1719562838907.00, -6353, -501440, -58 
1719562838929.00, -7575, -501564, -26 
1719562838951.00, -6478, -501720, 4 
1719562838972.00, -4025, -501857, 19 
1719562838993.00, -1368, -501949, 25 
1719562839015.00, 42, -501981, 33 
1719562839041.00, 1671, -501978, 55 
1719562839057.00, 4192, -501949, 69 
1719562839079.00, 6550, -501862, 73 
1719562839100.00, 8201, -501724, 72 
1719562839122.00, 8866, -501548, 69 
1719562839143.00, 9036, -501356, 70 
1719562839165.00, 9359, -501160, 63 
1719562839187.00, 9272, -500956, 63 
1719562839207.00, 9343, -500757, 60 
1719562839229.00, 9090, -500562, 62 
1719562839250.00, 8837, -500370, 62 
1719562839272.00, 8896, -500176, 62 
1719562839294.00, 8652, -499982, 61 
1719562839315.00, 8801, -499790, 64 
1719562839337.00, 8880, -499601, 63 
1719562839358.00, 8956, -499410, 65 
1719562839379.00, 8879, -499215, 64 
1719562839401.00, 8961, -499017, 67 
1719562839423.00, 9342, -498825, 66 
1719562839444.00, 9569, -498628, 67 
1719562839465.00, 9804, -498426, 67 
1719562839488.00, 9745, -498218, 70 
1719562839508.00, 9690, -498009, 72 
1719562839530.00, 9843, -497804, 75 
1719562839551.00, 10212, -497593, 79 
1719562839573.00, 10543, -497372, 79 
1719562839596.00, 10999, -497146, 75 
1719562839616.00, 10958, -496916, 70 
1719562839637.00, 10534, -496676, 67 
1719562839659.00, 10043, -496449, 61 
1719562839681.00, 9470, -496231, 58 
1719562839702.00, 8922, -496027, 55 
1719562839723.00, 8488, -495833, 52 
1719562839745.00, 7859, -495655, 48 
1719562839766.00, 7294, -495485, 47 
1719562839788.00, 7008, -495326, 46 
1719562839810.00, 6686, -495174, 46 
1719562839831.00, 6442, -495028, 45 
1719562839852.00, 6326, -494886, 43 
1719562839874.00, 6218, -494752, 41 
1719562839896.00, 6089, -494625, 39 
1719562839921.00, 5773, -494495, 36 
1719562839938.00, 5469, -494373, 30 
1719562839959.00, 4896, -494256, 22 
1719562839981.00, 3924, -494152, 17 
1719562840002.00, 3095, -494066, 12 
1719562840026.00, 2348, -493999, 8 
1719562840045.00, 1193, -493947, 5 
1719562840067.00, 434, -493922, 3 
1719562840088.00, 64, -493911, 4 
1719562840109.00, -66, -493909, 8 
1719562840129.00, 0, -493909, 9 
1719562840151.00, 0, -493911, -16 
1719562840172.00, -845, -493913, -45 
1719562840194.00, -3193, -493921, -32 
1719562840216.00, -3882, -493980, -14 
1719562840237.00, -3207, -494061, -3 
1719562840258.00, -1887, -494129, -6 
1719562840279.00, -1047, -494171, 1 
1719562840300.00, -546, -494194, -1 
1719562840322.00, -281, -494207, -17 
1719562840343.00, -1205, -494214, -24 
1719562840365.00, -2175, -494239, -22 
1719562840386.00, -2668, -494284, -17 
1719562840408.00, -2608, -494340, -14 
1719562840430.00, -2372, -494394, -17 
1719562840451.00, -2434, -494445, -21 
1719562840472.00, -2765, -494497, -26 
1719562840494.00, -3091, -494558, -29 
1719562840515.00, -3560, -494625, -24 
1719562840537.00, -3379, -494701, -20 
1719562840559.00, -3177, -494775, -21 
1719562840580.00, -3200, -494844, -28 
1719562840601.00, -3591, -494913, -39 
1719562840622.00, -4422, -494988, -45 
1719562840644.00, -5360, -495084, -46 
1719562840665.00, -6094, -495198, -51 
1719562840687.00, -6757, -495328, -62 
1719562840708.00, -7872, -495473, -67 
1719562840730.00, -8765, -495636, -66 
1719562840752.00, -9177, -495819, -59 
1719562840772.00, -8823, -496015, -52 
1719562840796.00, -8423, -496210, -60 
1719562840816.00, -8529, -496391, -83 
1719562840837.00, -9923, -496576, -85 
1719562840858.00, -10843, -496791, -84 
1719562840883.00, -11518, -497027, -84 
1719562840904.00, -11843, -497274, -97 
1719562840923.00, -12861, -497526, -108 
1719562840945.00, -13940, -497799, -102 
1719562840967.00, -14260, -498097, -98 
1719562840989.00, -14315, -498407, -104 
1719562841014.00, -14823, -498721, -114 
1719562841031.00, -15558, -499036, -103 
1719562841054.00, -15271, -499375, -100 
1719562841075.00, -14895, -499710, -97 
1719562841096.00, -14590, -500037, -99 
1719562841120.00, -14688, -500355, -89 
1719562841140.00, -14104, -500665, -69 
1719562841160.00, -12400, -500964, -63 
1719562841183.00, -10974, -501234, -60 
1719562841204.00, -9851, -501471, -55 
1719562841225.00, -8823, -501688, -49 
1719562841246.00, -7981, -501886, -49 
1719562841268.00, -7618, -502058, -59 
1719562841290.00, -7779, -502220, -67 
1719562841311.00, -8613, -502389, -68 
1719562841333.00, -8995, -502571, -61 
1719562841354.00, -8820, -502768, -54 
1719562841375.00, -8407, -502959, -54 
1719562841397.00, -8099, -503139, -62 
1719562841418.00, -8466, -503315, -61 
1719562841440.00, -8491, -503497, -62 
1719562841461.00, -8430, -503680, -59 
1719562841483.00, -8478, -503863, -60 
1719562841504.00, -8541, -504042, -60 
1719562841526.00, -8570, -504224, -71 
1719562841547.00, -9354, -504405, -73 
1719562841569.00, -9901, -504602, -75 
1719562841591.00, -10223, -504811, -78 
1719562841612.00, -10841, -505032, -78 
1719562841633.00, -10905, -505259, -70 
1719562841655.00, -10729, -505492, -65 
1719562841676.00, -10109, -505720, -62 
1719562841698.00, -9370, -505940, -53 
1719562841719.00, -8314, -506144, -32 
1719562841741.00, -6611, -506327, -12 
1719562841763.00, -4469, -506471, -10 
1719562841784.00, 2, -506571, -21 
1719562841805.00, -986, -506578, -22 
1719562841827.00, -1756, -506599, -21 
1719562841849.00, -2280, -506634, -16 
1719562841869.00, -2351, -506685, -23 
1719562841891.00, -2787, -506735, -33 
1719562841913.00, -3641, -506794, -30 
1719562841934.00, -3985, -506868, -25 
1719562841956.00, -3675, -506951, -19 
1719562841977.00, -3182, -507031, -17 
1719562842001.00, -2815, -507100, -5 
1719562842019.00, -1538, -507158, 16 
1719562842041.00, 0, -507194, 19 
1719562842062.00, 812, -507197, 18 
1719562842084.00, 1487, -507187, 3 
1719562842107.00, 908, -507158, -2 
1719562842127.00, 565, -507139, 0 
1719562842148.00, 358, -507127, 1 
1719562842169.00, 232, -507120, -5 
1719562842190.00, 171, -507115, -16 
1719562842212.00, -78, -507112, -22 
1719562842233.00, -1171, -507116, -21 
1719562842254.00, -1896, -507132, -23 
1719562842276.00, -2466, -507170, -30 
1719562842297.00, -3226, -507220, -37 
1719562842318.00, -4210, -507289, -46 
1719562842340.00, -5295, -507377, -55 
1719562842361.00, -6514, -507488, -56 
1719562842383.00, -7184, -507625, -59 
1719562842404.00, -7799, -507780, -62 
1719562842428.00, -8333, -507948, -70 
1719562842448.00, -9130, -508126, -82 
1719562842470.00, -10134, -508322, -90 
1719562842491.00, -11405, -508545, -96 
1719562842513.00, -12380, -508789, -100 
1719562842535.00, -13437, -509060, -101 
1719562842556.00, -13751, -509349, -101 
1719562842577.00, -14116, -509652, -104 
1719562842599.00, -14457, -509962, -100 
1719562842621.00, -14526, -510275, -97 
1719562842642.00, -14592, -510584, -96 
1719562842664.00, -14485, -510892, -88 
1719562842685.00, -14007, -511200, -88 
1719562842707.00, -13461, -511499, -79 
1719562842729.00, -12542, -511790, -75 
1719562842750.00, -11624, -512062, -69 
1719562842771.00, -11168, -512317, -69 
1719562842793.00, -10569, -512553, -73 
1719562842815.00, -10705, -512784, -69 
1719562842837.00, -10364, -513008, -65 
1719562842858.00, -9805, -513235, -60 
1719562842881.00, -9317, -513447, -52 
1719562842900.00, -8386, -513645, -30 
1719562842922.00, -6604, -513823, -9 
1719562842943.00, -3789, -513968, -13 
1719562842965.00, -2812, -514052, -14 
1719562842988.00, -2162, -514114, -15 
1719562843008.00, -1908, -514164, -19 
1719562843030.00, -2105, -514206, -16 
1719562843050.00, -2130, -514252, -16 
1719562843072.00, -2055, -514295, -15 
1719562843093.00, -1940, -514339, -19 
1719562843115.00, -2108, -514380, -12 
1719562843137.00, -1862, -514424, -7 
1719562843158.00, -947, -514463, -2 
1719562843179.00, -358, -514485, 2 
1719562843200.00, -15, -514495, -5 
1719562843221.00, 0, -514498, -9 
1719562843244.00, 0, -514496, -6 
1719562843263.00, -3, -514495, -7 
1719562843284.00, 0, -514496, -15 
1719562843309.00, -855, -514498, -19 
1719562843328.00, -1655, -514513, -21 
1719562843349.00, -2245, -514548, -19 
1719562843371.00, -2551, -514596, -12 
1719562843392.00, -2295, -514647, -4 
1719562843413.00, -1349, -514695, 0 
1719562843435.00, -810, -514727, 0 
1719562843455.00, -394, -514743, -3 
1719562843477.00, -213, -514753, -2 
1719562843500.00, -95, -514759, -2 
1719562843520.00, -50, -514761, -8 
1719562843541.00, -11, -514763, -14 
1719562843562.00, -905, -514765, -19 
1719562843583.00, -1701, -514783, -19 
1719562843605.00, -2169, -514819, -13 
1719562843627.00, -2088, -514867, -10 
1719562843647.00, 0, -514911, -9 
1719562843669.00, 0, -514916, -13 
1719562843690.00, -738, -514916, -13 
1719562843712.00, -1149, -514928, -12 
1719562843733.00, -1300, -514953, -13 
1719562843755.00, -1534, -514984, -10 
1719562843775.00, 0, -515015, -3 
1719562843797.00, -65, -515019, -9 
1719562843818.00, 0, -515019, -15 
1719562843839.00, -865, -515019, -12 
1719562843861.00, -1263, -515037, -8 
1719562843882.00, -735, -515063, -6 
1719562843904.00, -380, -515080, -13 
1719562843925.00, -985, -515089, -16 
1719562843949.00, -1555, -515110, -17 
1719562843969.00, -2039, -515142, -13 
1719562843989.00, -2018, -515184, -14 
1719562844012.00, -1985, -515228, -19 
1719562844032.00, -2239, -515270, -17 
1719562844053.00, -2349, -515319, -8 
1719562844078.00, -1365, -515366, 1 
1719562844097.00, -797, -515396, 23 
1719562844117.00, 254, -515413, 33 
1719562844139.00, 2009, -515407, 41 
1719562844161.00, 3692, -515369, 51 
1719562844181.00, 5152, -515292, 55 
1719562844204.00, 6482, -515182, 58 
1719562844224.00, 7593, -515046, 55 
1719562844246.00, 7817, -514887, 54 
1719562844268.00, 7967, -514718, 50 
1719562844290.00, 7881, -514546, 46 
1719562844311.00, 7402, -514377, 51 
1719562844332.00, 7383, -514221, 51 
1719562844354.00, 7485, -514061, 52 
1719562844374.00, 7581, -513904, 56 
1719562844401.00, 8005, -513741, 60 
1719562844418.00, 8256, -513571, 58 
1719562844439.00, 8553, -513397, 57 
1719562844460.00, 8417, -513217, 52 
1719562844483.00, 8127, -513033, 49 
1719562844504.00, 7532, -512858, 46 
1719562844525.00, 7133, -512693, 40 
1719562844546.00, 6507, -512537, 34 
1719562844568.00, 6002, -512398, 32 
1719562844590.00, 5332, -512271, 32 
1719562844611.00, 5078, -512152, 32 
1719562844633.00, 4885, -512043, 28 
1719562844654.00, 4557, -511941, 23 
1719562844675.00, 3985, -511843, 21 
1719562844697.00, 3513, -511756, 19 
1719562844718.00, 3136, -511680, 14 
1719562844740.00, 2641, -511614, 8 
1719562844762.00, 1499, -511557, 1 
1719562844782.00, 754, -511524, -9 
1719562844804.00, 301, -511508, -14 
1719562844825.00, -83, -511500, -15 
1719562844850.00, -903, -511506, -15 
1719562844869.00, -1493, -511517, -12 
1719562844890.00, -1676, -511546, -14 
1719562844911.00, -1995, -511580, -14 
1719562844932.00, -2160, -511622, -14 
1719562844953.00, -2117, -511667, -13 
1719562844975.00, -1998, -511714, -14 
1719562844997.00, -2084, -511758, -18 
1719562845019.00, -2370, -511804, -18 
1719562845040.00, -2503, -511853, -16 
1719562845062.00, -2472, -511906, -7 
1719562845083.00, -1537, -511959, -2 
1719562845104.00, -893, -511995, -3 
1719562845126.00, -501, -512013, -6 
1719562845147.00, -328, -512026, -7 
1719562845168.00, -218, -512032, -7 
1719562845189.00, -165, -512037, -9 
1719562845210.00, -129, -512042, -14 
1719562845232.00, -920, -512044, -18 
1719562845253.00, -1676, -512067, -22 
1719562845275.00, -2475, -512102, -22 
1719562845296.00, -2835, -512152, -23 
1719562845317.00, -3230, -512213, -26 
1719562845339.00, -3674, -512280, -27 
1719562845360.00, -3859, -512358, -29 
1719562845382.00, -4053, -512439, -25 
1719562845404.00, -3910, -512525, -24 
1719562845426.00, -3898, -512609, -25 
1719562845446.00, -3820, -512690, -26 
1719562845469.00, -3678, -512773, -26 
1719562845490.00, -3743, -512855, -24 
1719562845512.00, -3705, -512935, -22 
1719562845532.00, -3700, -513013, -28 
1719562845553.00, -3937, -513093, -30 
1719562845575.00, -4161, -513177, -30 
1719562845597.00, -4223, -513267, -29 
1719562845619.00, -4351, -513359, -33 
1719562845640.00, -4461, -513449, -31 
1719562845661.00, -4396, -513546, -32 
1719562845683.00, -4566, -513642, -37 
1719562845704.00, -4922, -513740, -48 
1719562845726.00, -5873, -513844, -50 
1719562845747.00, -6556, -513967, -43 
1719562845768.00, -6463, -514104, -34 
1719562845790.00, -5910, -514241, -26 
1719562845811.00, -4872, -514363, -22 
1719562845833.00, -4133, -514470, -15 
1719562845854.00, -3340, -514563, -7 
1719562845875.00, -1964, -514634, 2 
1719562845897.00, -1079, -514675, 9 
1719562845918.00, -488, -514699, 14 
1719562845939.00, 41, -514712, 17 
1719562845961.00, 926, -514710, 20 
1719562845983.00, 1763, -514696, 25 
1719562846004.00, 2598, -514664, 28 
1719562846025.00, 3290, -514610, 27 
1719562846053.00, 3610, -514535, 27 
1719562846068.00, 3654, -514458, 27 
1719562846089.00, 3838, -514376, 27 
1719562846111.00, 3982, -514297, 27 
1719562846133.00, 3885, -514213, 26 
1719562846156.00, 4015, -514129, 27 
1719562846175.00, 4045, -514043, 25 
1719562846197.00, 3928, -513957, 29 
1719562846218.00, 4160, -513872, 28 
1719562846240.00, 4358, -513785, 31 
1719562846261.00, 4330, -513694, 30 
1719562846283.00, 4390, -513598, 33 
1719562846304.00, 4609, -513504, 34 
1719562846326.00, 4887, -513408, 34 
1719562846348.00, 5002, -513305, 37 
1719562846369.00, 5134, -513199, 38 
1719562846390.00, 5555, -513085, 40 
1719562846411.00, 5775, -512968, 39 
1719562846433.00, 5818, -512845, 39 
1719562846455.00, 5806, -512722, 37 
1719562846481.00, 5606, -512599, 36 
1719562846497.00, 5398, -512477, 34 
1719562846519.00, 5221, -512361, 32 
1719562846541.00, 5206, -512250, 28 
1719562846562.00, 4787, -512140, 22 
1719562846583.00, 4006, -512037, 18 
1719562846604.00, 3340, -511950, 12 
1719562846626.00, 2630, -511877, 8 
1719562846648.00, 1465, -511820, 6 
1719562846668.00, 749, -511786, 6 
1719562846691.00, 347, -511768, 7 
1719562846712.00, 123, -511760, 7 
1719562846733.00, 68, -511758, 6 
1719562846754.00, 67, -511757, 7 
1719562846775.00, 0, -511756, 5 
1719562846796.00, 0, -511756, 5 
1719562846817.00, 0, -511756, 2 
1719562846838.00, 0, -511756, 0 
1719562846859.00, 0, -511757, -4 
1719562846880.00, 0, -511756, -6 
1719562846901.00, 0, -511756, -8 
1719562846926.00, 0, -511757, -9 
1719562846944.00, 0, -511757, -11 
1719562846965.00, -54, -511757, -16 
1719562846986.00, -786, -511761, -18 
1719562847008.00, -1519, -511771, -16 
1719562847031.00, -1843, -511803, -19 
1719562847051.00, -2205, -511841, -18 
1719562847073.00, -2402, -511891, -14 
1719562847094.00, -2283, -511940, -7 
1719562847117.00, -1407, -511990, -1 
1719562847139.00, -788, -512019, 5 
1719562847158.00, -407, -512036, 11 
1719562847181.00, 64, -512044, 14 
1719562847200.00, 639, -512043, 17 
1719562847222.00, 1247, -512034, 18 
1719562847247.00, 1775, -512009, 25 
1719562847267.00, 2590, -511974, 29 
1719562847286.00, 3243, -511920, 29 
1719562847307.00, 3713, -511850, 28 
1719562847329.00, 3995, -511771, 32 
1719562847350.00, 4214, -511687, 29 
1719562847372.00, 4249, -511598, 23 
1719562847394.00, 3946, -511504, 20 
1719562847415.00, 3715, -511418, 23 
1719562847436.00, 3585, -511339, 25 
1719562847457.00, 3677, -511262, 27 
1719562847479.00, 3767, -511185, 27 
1719562847500.00, 3835, -511106, 26 
1719562847522.00, 3666, -511025, 25 
1719562847544.00, 3645, -510942, 27 
1719562847565.00, 3760, -510865, 30 
1719562847588.00, 4072, -510784, 33 
1719562847608.00, 4539, -510699, 30 
1719562847629.00, 4550, -510606, 28 
1719562847651.00, 4320, -510509, 22 
1719562847671.00, 3822, -510415, 20 
1719562847694.00, 3362, -510334, 16 
1719562847715.00, 2811, -510262, 14 
1719562847736.00, 2441, -510203, 14 
1719562847758.00, 2214, -510153, 14 
1719562847779.00, 2082, -510103, 11 
1719562847801.00, 1853, -510056, 8 
1719562847822.00, 1080, -510018, 7 
1719562847844.00, 543, -509994, 6 
1719562847865.00, 249, -509980, 4 
1719562847886.00, 68, -509976, 0 
1719562847907.00, 1, -509975, -5 
1719562847928.00, 0, -509973, -8 
1719562847950.00, 0, -509975, -11 
1719562847971.00, -61, -509975, -10 
1719562847992.00, 0, -509978, -6 
1719562848017.00, 0, -509977, -8 
1719562848034.00, 0, -509977, -9 
1719562848055.00, 0, -509977, -14 
1719562848077.00, -857, -509978, -15 
1719562848099.00, -1401, -509987, -14 
1719562848119.00, -1663, -510018, -18 
1719562848141.00, -2068, -510051, -17 
1719562848162.00, -2151, -510098, -17 
1719562848184.00, -2374, -510147, -20 
1719562848206.00, -2646, -510192, -22 
1719562848227.00, -2829, -510247, -24 
1719562848249.00, -3111, -510305, -20 
1719562848271.00, -3074, -510371, -18 
1719562848292.00, -2871, -510436, -17 
1719562848313.00, -2701, -510498, -17 
1719562848334.00, -2676, -510558, -17 
1719562848356.00, -2611, -510616, -20 
1719562848377.00, -2776, -510673, -29 
1719562848398.00, -3430, -510732, -27 
1719562848420.00, -3704, -510801, -21 
1719562848441.00, -3384, -510878, -13 
1719562848463.00, -2690, -510951, -11 
1719562848485.00, -2175, -511008, -4 
1719562848506.00, -1265, -511056, 0 
1719562848528.00, -687, -511083, 0 
1719562848549.00, -312, -511099, 4 
1719562848570.00, -114, -511105, 16 
1719562848591.00, 131, -511106, 20 
1719562848612.00, 1169, -511100, 23 
1719562848634.00, 2070, -511080, 34 
1719562848655.00, 3239, -511042, 14 
1719562848677.00, 2825, -510972, 20 
1719562848699.00, 2965, -510912, 19 
1719562848720.00, 2969, -510849, 21 
1719562848741.00, 3004, -510788, 22 
1719562848763.00, 3207, -510722, 24 
1719562848784.00, 3402, -510653, 29 
1719562848806.00, 3915, -510580, 36 
1719562848827.00, 4644, -510497, 42 
1719562848849.00, 5243, -510399, 50 
1719562848870.00, 6039, -510287, 55 
1719562848891.00, 6929, -510165, 59 
1719562848913.00, 7607, -510014, 62 
1719562848935.00, 8162, -509847, 66 
1719562848956.00, 8983, -509665, 67 
1719562848978.00, 9535, -509475, 67 
1719562848999.00, 9882, -509276, 67 
1719562849021.00, 9952, -509068, 66 
1719562849042.00, 9714, -508852, 62 
1719562849063.00, 9426, -508643, 43 
1719562849085.00, 8335, -508442, 33 
1719562849106.00, 7121, -508266, 30 
1719562849127.00, 5909, -508114, 11 
1719562849149.00, 3972, -507989, -17 
1719562849170.00, 1117, -507903, -63 
1719562849192.00, -2682, -507877, -89 
1719562849216.00, -7017, -507924, -101 
1719562849236.00, -10482, -508071, -133 
1719562849258.00, -14313, -508296, -172 
1719562849278.00, -19067, -508606, -214 
1719562849300.00, -24360, -509016, -247 
1719562849323.00, -29689, -509542, -285 
1719562849343.00, -34957, -510183, -323 
1719562849365.00, -40437, -510924, -354 
1719562849387.00, -45275, -511787, -378 
1719562849408.00, -49479, -512768, -410 
1719562849430.00, -54183, -513839, -429 
1719562849452.00, -57841, -515004, -434 
1719562849474.00, -60546, -516270, -443 
1719562849495.00, -62450, -517581, -450 
1719562849516.00, -63858, -518936, -446 
1719562849538.00, -64728, -520322, -463 
1719562849560.00, -66062, -521717, -477 
1719562849582.00, -67636, -523159, -493 
1719562849603.00, -69362, -524624, -496 
1719562849625.00, -70558, -526141, -507 
1719562849647.00, -71965, -527662, -508 
1719562849668.00, -72858, -529230, -513 
1719562849689.00, -73729, -530797, -514 
1719562849712.00, -74332, -532407, -519 
1719562849733.00, -74927, -534018, -530 
1719562849761.00, -75844, -535645, -531 
1719562849776.00, -76511, -537282, -539 
1719562849798.00, -77187, -538940, -544 
1719562849820.00, -77944, -540618, -557 
1719562849842.00, -79137, -542314, -561 
1719562849863.00, -80183, -544030, -568 
1719562849885.00, -81134, -545767, -578 
1719562849906.00, -82408, -547519, -587 
1719562849928.00, -83575, -549317, -594 
1719562849950.00, -84623, -551122, -598 
1719562849971.00, -85277, -552956, -608 
1719562849993.00, -86355, -554804, -598 
1719562850014.00, -86265, -556675, -608 
1719562850036.00, -86900, -558558, -612 
1719562850058.00, -87603, -560433, -618 
1719562850080.00, -88164, -562336, -612 
1719562850103.00, -88185, -564237, -593 
1719562850125.00, -87149, -566162, -602 
1719562850144.00, -86772, -568045, -591 
1719562850165.00, -86129, -569923, -587 
1719562850188.00, -85532, -571783, -586 
1719562850214.00, -84885, -573640, -589 
1719562850231.00, -84621, -575489, -593 
1719562850253.00, -84794, -577310, -567 
1719562850274.00, -83340, -579144, -562 
1719562850296.00, -82131, -580951, -555 
1719562850324.00, -80821, -582740, -566 
1719562850339.00, -80896, -584490, -561 
1719562850361.00, -80589, -586242, -576 
1719562850382.00, -81354, -587980, -576 
1719562850404.00, -81944, -589748, -565 
1719562850425.00, -81360, -591519, -555 
1719562850447.00, -80342, -593275, -544 
1719562850469.00, -46677, -595005, -546 
1719562850491.00, -26037, -596024, -546 
1719562850513.00, -14265, -596611, -550 
1719562850533.00, -7031, -596924, -537 
1719562850555.00, -2801, -597083, -522 
1719562850576.00, -85, -597141, -473 
1719562850598.00, 739, -597146, -418 
1719562850620.00, 1679, -597132, -345 
1719562850645.00, 2299, -597099, -279 
1719562850664.00, 2548, -597049, -244 
1719562850685.00, 2746, -596992, -218 
1719562850706.00, 2850, -596931, -187 
1719562850728.00, 2842, -596867, -155 
1719562850750.00, 2859, -596803, -124 
1719562850771.00, 2775, -596739, -93 
1719562850793.00, 2713, -596675, -66 
1719562850815.00, 2636, -596616, -46 
1719562850835.00, 2579, -596558, -31 
1719562850857.00, 2492, -596504, -24 
1719562850879.00, 2440, -596450, -16 
1719562850900.00, 2382, -596395, -12 
1719562850923.00, 2185, -596342, -3 
1719562850944.00, 2072, -596292, 6 
1719562850965.00, 2035, -596247, 14 
1719562850986.00, 2864, -596206, 14 
1719562851008.00, 3296, -596147, 16 
1719562851029.00, 3681, -596078, 14 
1719562851050.00, 3737, -596000, 14 
1719562851073.00, 3655, -595918, 15 
1719562851094.00, 3879, -595840, 14 
1719562851116.00, 3889, -595758, 14 
1719562851136.00, 3868, -595676, 12 
1719562851158.00, 3523, -595593, 11 
1719562851182.00, 3335, -595513, 9 
1719562851201.00, 2578, -595442, 10 
1719562851222.00, 0, -595385, 12 
1719562851244.00, 1221, -595380, 10 
1719562851265.00, 3, -595357, 17 
1719562851286.00, 1537, -595355, 11 
1719562851307.00, 2264, -595324, 16 
1719562851329.00, 2263, -595277, 16 
1719562851350.00, 2215, -595227, 12 
1719562851372.00, 1974, -595180, 14 
1719562851393.00, 2024, -595136, 15 
1719562851414.00, 2053, -595094, 15 
1719562851436.00, 2054, -595050, 16 
1719562851457.00, 2094, -595006, 15 
1719562851479.00, 2119, -594960, 16 
1719562851501.00, 2188, -594916, 14 
1719562851522.00, 2067, -594867, 15 
1719562851544.00, 2130, -594823, 15 
1719562851564.00, 2160, -594779, 15 
1719562851587.00, 2139, -594733, 15 
1719562851608.00, 2086, -594687, 15 
1719562851629.00, 2067, -594643, 15 
1719562851651.00, 2075, -594599, 15 
1719562851672.00, 2027, -594554, 15 
1719562851694.00, 1971, -594509, 15 
1719562851715.00, 2039, -594466, 15 
1719562851737.00, 2091, -594424, 15 
1719562851758.00, 2057, -594380, 15 
1719562851780.00, 2069, -594336, 15 
1719562851800.00, 2173, -594291, 15 
1719562851822.00, 2196, -594246, 15 
1719562851844.00, 2151, -594200, 15 
1719562851865.00, 2139, -594152, 18 
1719562851887.00, 2275, -594106, 23 
1719562851908.00, 2740, -594056, 39 
1719562851930.00, 4044, -593996, 67 
1719562851952.00, 6529, -593906, 105 
1719562851973.00, 10264, -593763, 140 
1719562851994.00, 14781, -593541, 182 
1719562852016.00, 19766, -593229, 225 
1719562852038.00, 25294, -592804, 265 
1719562852061.00, 30851, -592261, 300 
1719562852081.00, 36326, -591596, 333 
1719562852102.00, 41715, -590809, 355 
1719562852125.00, 46269, -589910, 384 
1719562852146.00, 50512, -588921, 412 
1719562852169.00, 54691, -587828, 432 
1719562852189.00, 58224, -586641, 451 
1719562852211.00, 61625, -585380, 455 
1719562852233.00, 63806, -584039, 458 
1719562852254.00, 65116, -582658, 501 
1719562852279.00, 68612, -581241, 497 
1719562852298.00, 70419, -579756, 513 
1719562852320.00, 72337, -578232, 516 
1719562852341.00, 73684, -576661, 523 
1719562852363.00, 74837, -575077, 525 
1719562852384.00, 75535, -573448, 532 
1719562852406.00, 76519, -571816, 521 
1719562852428.00, 76398, -570156, 527 
1719562852448.00, 76701, -568508, 521 
1719562852471.00, 76468, -566848, 526 
1719562852492.00, 76442, -565193, 523 
1719562852513.00, 76202, -563536, 520 
1719562852535.00, 75895, -561890, 514 
1719562852557.00, 75330, -560246, 525 
1719562852579.00, 75500, -558615, 526 
1719562852602.00, 75690, -556979, 527 
1719562852621.00, 75781, -555342, 511 
1719562852643.00, 74838, -553692, 518 
1719562852665.00, 74654, -552070, 525 
1719562852687.00, 74989, -550447, 538 
1719562852709.00, 75955, -548824, 533 
1719562852730.00, 76142, -547174, 537 
1719562852752.00, 76514, -545521, 532 
1719562852773.00, 76335, -543858, 537 
1719562852795.00, 76631, -542203, 533 
1719562852817.00, 76576, -540539, 537 
1719562852838.00, 76775, -538884, 529 
1719562852859.00, 76368, -537213, 537 
1719562852882.00, 76616, -535560, 536 
1719562852903.00, 76791, -533899, 545 
1719562852925.00, 77161, -532233, 539 
1719562852946.00, 77270, -530556, 542 
1719562852968.00, 77558, -528887, 536 
1719562852990.00, 77403, -527210, 544 
1719562853012.00, 77594, -525530, 539 
1719562853033.00, 77326, -523850, 535 
1719562853055.00, 76812, -522177, 534 
1719562853077.00, 76558, -520509, 540 
1719562853098.00, 76665, -518852, 532 
1719562853119.00, 76207, -517189, 535 
1719562853141.00, 76056, -515528, 533 
1719562853163.00, 75981, -513883, 532 
1719562853185.00, 75840, -512231, 521 
1719562853206.00, 74930, -510590, 529 
1719562853227.00, 74935, -508962, 532 
1719562853249.00, 75040, -507335, 532 
1719562853270.00, 75311, -505700, 519 
1719562853293.00, 74555, -504075, 520 
1719562853314.00, 74142, -502453, 521 
1719562853336.00, 73992, -500846, 526 
1719562853357.00, 74215, -499233, 526 
1719562853379.00, 74187, -497631, 532 
1719562853401.00, 74556, -496013, 524 
1719562853423.00, 74454, -494398, 520 
1719562853444.00, 74106, -492787, 515 
1719562853466.00, 73348, -491176, 520 
1719562853488.00, 73316, -489586, 518 
1719562853510.00, 73272, -487989, 513 
1719562853530.00, 72765, -486407, 506 
1719562853552.00, 72253, -484821, 506 
1719562853574.00, 71959, -483253, 504 
1719562853596.00, 71694, -481695, 507 
1719562853617.00, 71691, -480144, 509 
1719562853639.00, 71727, -478585, 506 
1719562853661.00, 71492, -477039, 504 
1719562853682.00, 71288, -475481, 497 
1719562853703.00, 70862, -473936, 494 
1719562853725.00, 70288, -472400, 493 
1719562853747.00, 69926, -470878, 501 
1719562853769.00, 70054, -469364, 497 
1719562853791.00, 70096, -467840, 496 
1719562853812.00, 70157, -466316, 494 
1719562853834.00, 69974, -464798, 501 
1719562853855.00, 70193, -463284, 500 
1719562853877.00, 70248, -461767, 495 
1719562853898.00, 69961, -460240, 485 
1719562853920.00, 69096, -458721, 486 
1719562853943.00, 68597, -457227, 490 
1719562853964.00, 68862, -455734, 490 
1719562853985.00, 68812, -454249, 492 
1719562854007.00, 68887, -452755, 487 
1719562854028.00, 68542, -451267, 494 
1719562854050.00, 68815, -449776, 499 
1719562854072.00, 69208, -448285, 506 
1719562854094.00, 69972, -446783, 503 
1719562854115.00, 70306, -445267, 504 
1719562854137.00, 70507, -443745, 501 
1719562854158.00, 70583, -442221, 502 
1719562854179.00, 70364, -440700, 499 
1719562854201.00, 70106, -439168, 491 
1719562854223.00, 69271, -437652, 489 
1719562854248.00, 68868, -436142, 482 
1719562854266.00, 68304, -434654, 478 
1719562854288.00, 67770, -433173, 469 
1719562854310.00, 66741, -431711, 469 
1719562854332.00, 37923, -430264, 460 
1719562854357.00, 20604, -429428, 426 
1719562854375.00, 10278, -428960, 446 
1719562854396.00, 4394, -428721, 474 
1719562854418.00, 924, -428619, 491 
1719562854439.00, -259, -428593, 488 
1719562854463.00, -1375, -428597, 480 
1719562854482.00, -2267, -428627, 458 
1719562854504.00, -2820, -428676, 432 
1719562854525.00, -3370, -428737, 409 
1719562854546.00, -3563, -428806, 385 
1719562854568.00, -3654, -428884, 357 
1719562854590.00, -3600, -428959, 334 
1719562854611.00, -3595, -429035, 310 
1719562854632.00, -3382, -429111, 294 
1719562854653.00, -3127, -429186, 278 
1719562854675.00, -3051, -429255, 259 
1719562854697.00, -2904, -429320, 238 
1719562854718.00, -2921, -429386, 220 
1719562854739.00, -2907, -429447, 200 
1719562854761.00, -2934, -429511, 174 
1719562854782.00, -2805, -429575, 145 
1719562854803.00, -2711, -429637, 113 
1719562854825.00, -2696, -429701, 70 
1719562854847.00, -2634, -429763, 24 
1719562854868.00, -2558, -429823, -18 
1719562854889.00, -3395, -429885, -35 
1719562854911.00, -5048, -429957, -39 
1719562854932.00, -6196, -430059, -34 
1719562854954.00, -6435, -430190, -44 
1719562854975.00, -7230, -430333, -57 
1719562854997.00, -8802, -430490, -72 
1719562855021.00, -10204, -430675, -94 
1719562855040.00, -12379, -430898, -135 
1719562855062.00, -16508, -431171, -178 
1719562855084.00, -21440, -431523, -229 
1719562855105.00, -27236, -431978, -264 
1719562855127.00, -33105, -432557, -277 
1719562855148.00, -37014, -433262, -262 
1719562855170.00, -38538, -434055, -252 
1719562855191.00, -38660, -434894, -275 
1719562855213.00, -39746, -435734, -305 
1719562855234.00, -42297, -436600, -325 
1719562855256.00, -45052, -437519, -363 
1719562855277.00, -49106, -438500, -421 
1719562855300.00, -54975, -439558, -445 
1719562855322.00, -59897, -440740, -470 
1719562855343.00, -64214, -442043, -482 
1719562855365.00, -67516, -443440, -508 
1719562855386.00, -70934, -444905, -558 
1719562855408.00, -75887, -446436, -559 
1719562855431.00, -79015, -448074, -541 
1719562855454.00, -79454, -449784, -542 
1719562855473.00, -79628, -451525, -567 
1719562855495.00, -81324, -453248, -561 
1719562855516.00, -82072, -455009, -542 
1719562855538.00, -81490, -456776, -544 
1719562855561.00, -80971, -458544, -560 
1719562855581.00, -81324, -460298, -544 
1719562855603.00, -80781, -462066, -567 
1719562855624.00, -81684, -463814, -586 
1719562855646.00, -83631, -465581, -571 
1719562855668.00, -83740, -467400, -561 
1719562855689.00, -82980, -469210, -556 
1719562855711.00, -82245, -471018, -548 
1719562855732.00, -81396, -472783, -523 
1719562855754.00, -79372, -474555, -528 
1719562855775.00, -78507, -476275, -551 
1719562855798.00, -79223, -477974, -561 
1719562855819.00, -79997, -479684, -551 
1719562855841.00, -79882, -481416, -535 
1719562855863.00, -78880, -483155, -520 
1719562855887.00, -77415, -484870, -535 
1719562855905.00, -77473, -486541, -520 
1719562855927.00, -76465, -488218, -502 
1719562855949.00, -74744, -489873, -493 
1719562855970.00, -73152, -491498, -494 
1719562855996.00, -72252, -493091, -504 
1719562856013.00, -72424, -494651, -508 
1719562856035.00, -72622, -496218, -503 
1719562856057.00, -72359, -497789, -504 
1719562856078.00, -72178, -499362, -496 
1719562856101.00, -71728, -500937, -496 
1719562856122.00, -71396, -502490, -495 
1719562856143.00, -71228, -504042, -500 
1719562856165.00, -71472, -505576, -490 
1719562856187.00, -71050, -507131, -494 
1719562856209.00, -70808, -508668, -490 
1719562856230.00, -70471, -510207, -491 
1719562856252.00, -70305, -511729, -489 
1719562856273.00, -69995, -513255, -497 
1719562856294.00, -70213, -514764, -493 
1719562856316.00, -70223, -516303, -486 
1719562856338.00, -69871, -517825, -489 
1719562856360.00, -69903, -519344, -485 
1719562856381.00, -69587, -520849, -484 
1719562856403.00, -69246, -522357, -484 
1719562856425.00, -69137, -523859, -493 
1719562856447.00, -69352, -525360, -490 
1719562856468.00, -69427, -526872, -499 
1719562856490.00, -70052, -528368, -502 
1719562856512.00, -70749, -529893, -519 
1719562856533.00, -72153, -531417, -519 
1719562856555.00, -72961, -532989, -530 
1719562856576.00, -73967, -534564, -535 
1719562856598.00, -74855, -536175, -548 
1719562856620.00, -76303, -537786, -549 
1719562856641.00, -77235, -539439, -558 
1719562856662.00, -78370, -541113, -565 
1719562856684.00, -79346, -542814, -573 
1719562856706.00, -80182, -544526, -582 
1719562856728.00, -81182, -546263, -605 
1719562856750.00, -83193, -548026, -607 
1719562856771.00, -84735, -549838, -623 
1719562856792.00, -86434, -551669, -618 
1719562856814.00, -87145, -553539, -632 
1719562856836.00, -88404, -555431, -634 
1719562856858.00, -89198, -557346, -633 
1719562856881.00, -89541, -559280, -652 
1719562856901.00, -90970, -561220, -654 
1719562856922.00, -91806, -563186, -651 
1719562856944.00, -92309, -565183, -648 
1719562856967.00, -92268, -567188, -656 
1719562856992.00, -92864, -569188, -669 
1719562857009.00, -93695, -571185, -655 
1719562857030.00, -93668, -573228, -666 
1719562857052.00, -94045, -575262, -690 
1719562857074.00, -95723, -577297, -691 
1719562857097.00, -96800, -579367, -699 
1719562857118.00, -97965, -581465, -678 
1719562857138.00, -97406, -583590, -668 
1719562857160.00, -96341, -585700, -659 
1719562857181.00, -95198, -587775, -627 
1719562857205.00, -92468, -589838, -586 
1719562857225.00, -88437, -591843, -526 
1719562857247.00, -82556, -593752, -470 
1719562857269.00, -47404, -595519, -440 
1719562857290.00, -26347, -596550, -395 
1719562857312.00, -13885, -597140, -384 
1719562857333.00, -6335, -597449, -342 
1719562857355.00, -2065, -597591, -280 
1719562857376.00, -4, -597634, -244 
1719562857399.00, 1445, -597637, -231 
1719562857421.00, 872, -597615, -197 
1719562857441.00, 532, -597595, -167 
1719562857462.00, 298, -597584, -152 
1719562857484.00, 174, -597577, -137 
1719562857505.00, 70, -597574, -120 
1719562857528.00, -3, -597572, -113 
1719562857549.00, -5, -597570, -99 
1719562857569.00, 16, -597569, -66 
1719562857590.00, 66, -597565, -32 
1719562857612.00, 131, -597562, 2 
1719562857633.00, 192, -597557, 40 
1719562857655.00, 2612, -597548, 90 
1719562857676.00, 6886, -597479, 148 
1719562857697.00, 13192, -597328, 190 
1719562857719.00, 19158, -597045, 223 
1719562857741.00, 24796, -596630, 259 
1719562857763.00, 30535, -596103, 294 
1719562857784.00, 35824, -595456, 309 
1719562857806.00, 40022, -594684, 290 
1719562857828.00, 41378, -593819, 302 
1719562857850.00, 42697, -592932, 305 
1719562857871.00, 43287, -592018, 289 
1719562857893.00, 42073, -591073, 263 
1719562857915.00, 39692, -590157, 238 
1719562857936.00, 36696, -589298, 210 
1719562857958.00, 33428, -588507, 177 
1719562857979.00, 29425, -587782, 147 
1719562858001.00, 25546, -587143, 119 
1719562858023.00, 21090, -586592, 86 
1719562858044.00, 16426, -586136, 53 
1719562858065.00, 12055, -585775, 21 
1719562858087.00, 7317, -585517, -8 
1719562858109.00, 3214, -585359, -44 
1719562858130.00, -1155, -585284, -82 
1719562858152.00, -6646, -585303, -131 
1719562858173.00, -12794, -585442, -201 
1719562858195.00, -20846, -585713, -275 
1719562858216.00, -29969, -586155, -328 
1719562858238.00, -38492, -586791, -387 
1719562858260.00, -47047, -587622, -474 
1719562858282.00, -57300, -588640, -572 
1719562858303.00, -69274, -589876, -639 
1719562858325.00, -80361, -591386, -679 
1719562858346.00, -89280, -593129, -667 
1719562858367.00, -53796, -595053, -703 
1719562858389.00, -32167, -596219, -747 
1719562858411.00, -19495, -596938, -717 
1719562858432.00, -12129, -597373, -730 
1719562858454.00, -7663, -597638, -727 
1719562858476.00, -4785, -597803, -685 
1719562858497.00, -3017, -597909, -645 
1719562858519.00, -2027, -597975, -619 
1719562858541.00, -1486, -598019, -594 
1719562858561.00, -1177, -598051, -575 
1719562858583.00, -935, -598078, -556 
1719562858605.00, -741, -598096, -538 
1719562858627.00, -610, -598113, -508 
1719562858648.00, -557, -598124, -470 
1719562858670.00, -549, -598136, -444 
1719562858691.00, -547, -598145, -420 
1719562858712.00, -506, -598154, -387 
1719562858739.00, -500, -598164, -355 
1719562858755.00, -493, -598173, -329 
1719562858776.00, -493, -598182, -298 
1719562858798.00, -470, -598192, -261 
1719562858819.00, -458, -598202, -235 
1719562858841.00, -455, -598209, -209 
1719562858863.00, -439, -598217, -184 
1719562858884.00, -416, -598225, -161 
1719562858905.00, -444, -598234, -140 
1719562858927.00, -386, -598240, -113 
1719562858949.00, -254, -598246, -56 
1719562858970.00, -173, -598246, 35 
1719562858991.00, 1376, -598237, 143 
1719562859013.00, 9218, -598217, 177 
1719562859034.00, 16054, -598023, 232 
1719562859061.00, 23392, -597679, 283 
1719562859078.00, 30827, -597177, 310 
1719562859099.00, 36665, -596514, 315 
1719562859121.00, 40507, -595734, 296 
1719562859142.00, 41514, -594858, 279 
1719562859167.00, 41238, -593955, 267 
1719562859185.00, 40313, -593062, 261 
1719562859207.00, 39422, -592196, 241 
1719562859229.00, 37748, -591343, 217 
1719562859251.00, 35390, -590521, 187 
1719562859274.00, 31906, -589763, 162 
1719562859294.00, 28432, -589076, 138 
1719562859316.00, 24685, -588459, 121 
1719562859337.00, 21577, -587923, 96 
1719562859359.00, 17954, -587456, 60 
1719562859381.00, 13809, -587060, 28 
1719562859401.00, 9396, -586758, -7 
1719562859423.00, 5060, -586551, -51 
1719562859444.00, -63, -586442, -98 
1719562859466.00, -6170, -586439, -143 
1719562859488.00, -12685, -586562, -196 
1719562859509.00, -19741, -586831, -262 
1719562859531.00, -27843, -587256, -312 
1719562859552.00, -35938, -587854, -350 
1719562859574.00, -43017, -588620, -393 
1719562859596.00, -49623, -589536, -442 
1719562859618.00, -56442, -590606, -481 
1719562859639.00, -62780, -591840, -530 
1719562859661.00, -69420, -593195, -576 
1719562859682.00, -41662, -594691, -598 
1719562859704.00, -24767, -595617, -648 
1719562859726.00, -14697, -596168, -690 
1719562859748.00, -8655, -596494, -710 
1719562859769.00, -5206, -596686, -724 
1719562859790.00, -2923, -596800, -748 
1719562859812.00, -1628, -596867, -752 
1719562859833.00, -869, -596907, -757 
1719562859855.00, -430, -596925, -763 
1719562859877.00, -210, -596936, -775 
1719562859897.00, -67, -596940, -785 
1719562859919.00, -41, -596944, -791 
1719562859941.00, 0, -596945, -783 
1719562859961.00, 0, -596944, -757 
1719562859983.00, 0, -596942, -704 
1719562860005.00, -4, -596939, -626 
1719562860025.00, 1, -596936, -521 
1719562860047.00, 1, -596931, -405 
1719562860068.00, -4, -596926, -292 
1719562860090.00, 60, -596919, -169 
1719562860111.00, 51, -596910, -41 
1719562860133.00, 219, -596897, 103 
1719562860154.00, 6433, -596877, 225 
1719562860175.00, 17521, -596740, 302 
1719562860197.00, 28823, -596371, 362 
1719562860219.00, 39083, -595766, 406 
1719562860241.00, 47803, -594931, 431 
1719562860262.00, 54294, -593903, 436 
1719562860284.00, 58367, -592728, 442 
1719562860306.00, 61185, -591463, 446 
1719562860327.00, 63127, -590128, 445 
1719562860349.00, 64184, -588769, 452 
1719562860370.00, 65062, -587374, 462 
1719562860391.00, 66094, -585965, 478 
1719562860414.00, 67842, -584528, 483 
1719562860435.00, 69173, -583055, 496 
1719562860457.00, 70734, -581564, 492 
1719562860482.00, 71200, -580021, 498 
1719562860500.00, 71706, -578480, 509 
1719562860522.00, 72631, -576922, 508 
1719562860544.00, 73081, -575357, 494 
1719562860565.00, 72565, -573759, 479 
1719562860592.00, 71541, -572193, 501 
1719562860608.00, 71950, -570636, 513 
1719562860630.00, 73193, -569081, 508 
1719562860652.00, 73348, -567496, 490 
1719562860674.00, 72429, -565906, 488 
1719562860698.00, 71871, -564326, 485 
1719562860717.00, 71177, -562781, 488 
1719562860738.00, 70929, -561232, 468 
1719562860760.00, 69479, -559707, 452 
1719562860782.00, 67601, -558196, 441 
1719562860804.00, 65858, -556728, 425 
1719562860825.00, 63920, -555310, 380 
1719562860846.00, 59885, -553924, 340 
1719562860868.00, 55014, -552643, 302 
1719562860890.00, 49715, -551440, 267 
1719562860911.00, 44632, -550362, 227 
1719562860933.00, 39320, -549402, 178 
1719562860955.00, 33004, -548546, 134 
1719562860976.00, 26518, -547821, 93 
1719562860998.00, 20418, -547237, 58 
1719562861020.00, 14787, -546793, 24 
1719562861041.00, 9258, -546476, -11 
1719562861063.00, 3901, -546273, -59 
1719562861084.00, -1690, -546188, -106 
1719562861105.00, -8396, -546213, -145 
1719562861127.00, -14588, -546383, -196 
1719562861148.00, -21309, -546693, -254 
1719562861170.00, -28695, -547144, -274 
1719562861192.00, -34419, -547759, -280 
1719562861214.00, -38101, -548503, -295 
1719562861235.00, -41111, -549331, -321 
1719562861257.00, -44406, -550213, -340 
1719562861278.00, -47550, -551171, -352 
1719562861300.00, -49782, -552200, -374 
1719562861322.00, -52440, -553284, -398 
1719562861344.00, -55728, -554415, -406 
1719562861367.00, -57917, -555624, -421 
1719562861387.00, -60083, -556880, -439 
1719562861408.00, -62429, -558188, -442 
1719562861430.00, -63814, -559538, -451 
1719562861452.00, -65222, -560921, -455 
1719562861474.00, -66449, -562342, -475 
1719562861495.00, -68407, -563769, -481 
1719562861516.00, -69900, -565261, -490 
1719562861538.00, -71120, -566774, -510 
1719562861560.00, -72801, -568313, -511 
1719562861582.00, -73817, -569887, -523 
1719562861603.00, -75171, -571490, -528 
1719562861625.00, -76407, -573123, -553 
1719562861647.00, -78497, -574788, -548 
1719562861667.00, -79489, -576480, -562 
1719562861689.00, -80888, -578201, -567 
1719562861711.00, -82028, -579944, -580 
1719562861733.00, -83343, -581731, -577 
1719562861755.00, -83963, -583532, -581 
1719562861776.00, -84289, -585357, -595 
1719562861798.00, -85529, -587180, -598 
1719562861819.00, -86313, -589033, -613 
1719562861841.00, -87604, -590905, -605 
1719562861863.00, -87996, -592801, -603 
1719562861885.00, -51828, -594693, -585 
1719562861910.00, -30037, -595826, -609 
1719562861927.00, -17237, -596493, -613 
1719562861949.00, -9438, -596871, -617 
1719562861971.00, -4853, -597085, -600 
1719562861993.00, -2165, -597191, -573 
1719562862016.00, -563, -597240, -558 
1719562862035.00, -3, -597253, -540 
1719562862057.00, 75, -597254, -520 
1719562862078.00, 0, -597252, -511 
1719562862098.00, 0, -597253, -502 
1719562862120.00, -14, -597252, -484 
1719562862142.00, 0, -597251, -467 
1719562862163.00, 0, -597251, -454 
1719562862185.00, 0, -597251, -437 
1719562862205.00, 0, -597250, -422 
1719562862227.00, 0, -597250, -411 
1719562862248.00, 0, -597249, -397 
1719562862269.00, 0, -597249, -385 
1719562862291.00, 0, -597248, -374 
1719562862311.00, 42, -597248, -361 
1719562862338.00, -2, -597246, -347 
1719562862354.00, 18, -597246, -335 
1719562862376.00, 10, -597245, -325 
1719562862397.00, -5, -597244, -316 
1719562862419.00, 1, -597244, -309 
1719562862440.00, -1, -597243, -299 
1719562862461.00, 0, -597242, -287 
1719562862483.00, 1, -597242, -277 
1719562862504.00, 0, -597241, -274 
1719562862525.00, 39, -597242, -272 
1719562862547.00, 0, -597240, -270 
1719562862568.00, 7, -597241, -264 
1719562862590.00, 32, -597239, -257 
1719562862611.00, 1, -597239, -251 
1719562862633.00, 41, -597238, -250 
1719562862654.00, 1, -597238, -247 
1719562862676.00, 39, -597237, -247 
1719562862697.00, 0, -597238, -254 
1719562862718.00, -1, -597237, -255 
1719562862739.00, 0, -597238, -252 
1719562862761.00, 0, -597238, -251 
1719562862783.00, 0, -597238, -252 
1719562862803.00, 0, -597238, -251 
1719562862824.00, 0, -597237, -252 
1719562862845.00, -1, -597237, -252 
1719562862867.00, 0, -597236, -247 
1719562862890.00, 0, -597236, -240 
1719562862910.00, 53, -597237, -233 
1719562862931.00, -5, -597236, -229 
1719562862953.00, 0, -597236, -233 
1719562862974.00, 0, -597236, -232 
1719562863001.00, 0, -597235, -229 
1719562863016.00, 0, -597236, -227 
1719562863037.00, 0, -597235, -226 
1719562863058.00, 1, -597234, -223 
1719562863080.00, 0, -597235, -224 
1719562863105.00, -3, -597235, -226 
1719562863123.00, 0, -597235, -228 
1719562863144.00, 0, -597234, -224 
1719562863165.00, 0, -597235, -220 
1719562863187.00, -28, -597234, -224 
1719562863208.00, 0, -597234, -223 
1719562863229.00, 0, -597235, -219 
1719562863250.00, 0, -597234, -211 
1719562863271.00, 0, -597232, -201 
1719562863293.00, 0, -597232, -188 
1719562863314.00, 0, -597231, -178 
1719562863336.00, 56, -597229, -158 
1719562863357.00, 65, -597226, -127 
1719562863379.00, 51, -597225, -104 
1719562863400.00, -5, -597224, -125 
1719562863421.00, 0, -597223, -132 
1719562863444.00, -3, -597224, -129 
1719562863464.00, 0, -597224, -137 
1719562863485.00, 0, -597225, -164 
1719562863507.00, 0, -597227, -187 
1719562863528.00, 0, -597226, -198 
1719562863553.00, -28, -597227, -214 
1719562863571.00, 0, -597228, -223 
1719562863592.00, 0, -597229, -230 
1719562863613.00, 0, -597228, -243 
1719562863634.00, 0, -597230, -256 
1719562863656.00, 0, -597230, -270 
1719562863677.00, 1, -597230, -282 
1719562863698.00, 0, -597231, -295 
1719562863719.00, -5, -597232, -308 
1719562863741.00, 0, -597231, -313 
1719562863769.00, 0, -597232, -316 
1719562863784.00, 0, -597233, -322 
1719562863804.00, 0, -597233, -323 
1719562863826.00, 0, -597233, -320 
1719562863847.00, 0, -597233, -318 
1719562863871.00, 0, -597233, -316 
1719562863890.00, 13, -597232, -317 
1719562863912.00, 0, -597232, -316 
1719562863932.00, 0, -597233, -310 
1719562863953.00, 0, -597232, -301 
1719562863975.00, 0, -597231, -293 
1719562863997.00, 2, -597232, -286 
1719562864017.00, 0, -597232, -280 
1719562864039.00, 0, -597231, -275 
1719562864060.00, 0, -597232, -277 
1719562864081.00, 0, -597232, -281 
1719562864103.00, 0, -597231, -281 
1719562864124.00, 0, -597231, -274 
1719562864146.00, -50, -597231, -265 
1719562864167.00, 0, -597231, -251 
1719562864188.00, 0, -597231, -244 
1719562864209.00, 0, -597230, -246 
1719562864231.00, 0, -597231, -246 
1719562864252.00, 0, -597231, -242 
1719562864273.00, 0, -597231, -230 
1719562864295.00, 0, -597230, -221 
1719562864315.00, 0, -597230, -220 
1719562864337.00, 0, -597230, -222 
1719562864358.00, 0, -597230, -230 
1719562864380.00, 0, -597230, -245 
1719562864401.00, 0, -597230, -255 
1719562864422.00, 0, -597231, -262 
1719562864444.00, 0, -597230, -272 
1719562864465.00, 0, -597231, -279 
1719562864486.00, 0, -597231, -284 
1719562864508.00, 0, -597232, -288 
1719562864532.00, 44, -597231, -293 
1719562864551.00, 0, -597232, -298 
1719562864572.00, 0, -597231, -299 
1719562864592.00, 0, -597232, -298 
1719562864614.00, 0, -597232, -298 
1719562864635.00, 0, -597231, -295 
1719562864656.00, 0, -597231, -288 
1719562864677.00, 0, -597232, -284 
1719562864699.00, 0, -597232, -284 
1719562864720.00, 0, -597232, -281 
1719562864742.00, 1, -597231, -273 
1719562864763.00, 0, -597231, -260 
1719562864785.00, 0, -597230, -247 
1719562864805.00, 0, -597230, -238 
1719562864827.00, 0, -597230, -222 
1719562864848.00, 0, -597229, -211 
1719562864869.00, 0, -597229, -201 
1719562864891.00, 0, -597228, -197 
1719562864913.00, 0, -597228, -195 
1719562864933.00, 0, -597227, -192 
1719562864955.00, 0, -597227, -190 
1719562864976.00, 0, -597227, -193 
1719562864997.00, 0, -597227, -196 
1719562865019.00, 0, -597228, -197 
1719562865040.00, 0, -597228, -197 
1719562865061.00, 0, -597227, -196 
1719562865083.00, 7, -597227, -195 
1719562865104.00, 0, -597227, -195 
1719562865125.00, 0, -597227, -190 
1719562865146.00, 0, -597228, -184 
1719562865167.00, 0, -597227, -183 
1719562865189.00, 0, -597227, -181 
1719562865210.00, 0, -597227, -177 
1719562865231.00, 0, -597227, -174 
1719562865252.00, 0, -597227, -173 
1719562865274.00, 0, -597226, -169 
1719562865301.00, -1, -597224, -165 
1719562865317.00, 0, -597226, -163 
1719562865338.00, 0, -597226, -163 
1719562865360.00, 46, -597226, -159 
1719562865381.00, 0, -597226, -154 
1719562865402.00, 0, -597225, -154 
1719562865423.00, 0, -597226, -153 
1719562865444.00, 0, -597226, -153 
1719562865466.00, 25, -597225, -156 
1719562865487.00, 0, -597225, -159 
1719562865510.00, 0, -597226, -159 
1719562865530.00, 0, -597225, -161 
1719562865551.00, 0, -597227, -169 
1719562865573.00, 0, -597225, -177 
1719562865594.00, 0, -597226, -184 
1719562865615.00, 0, -597226, -187 
1719562865636.00, 0, -597226, -188 
1719562865658.00, 0, -597226, -184 
1719562865678.00, 0, -597226, -179 
1719562865700.00, 0, -597226, -177 
1719562865722.00, 0, -597226, -177 
1719562865743.00, 0, -597227, -176 
1719562865764.00, 0, -597226, -175 
1719562865786.00, 0, -597226, -172 
1719562865806.00, 0, -597226, -171 
1719562865828.00, 0, -597225, -172 
1719562865849.00, -11, -597227, -174 
1719562865871.00, 0, -597225, -173 
1719562865892.00, -9, -597228, -178 
1719562865913.00, 0, -597226, -190 
1719562865934.00, 0, -597227, -197 
1719562865955.00, 0, -597228, -206 
1719562865977.00, 0, -597227, -214 
1719562865999.00, 0, -597228, -218 
1719562866019.00, 0, -597227, -222 
1719562866041.00, 3, -597230, -230 
1719562866063.00, 1, -597228, -239 
1719562866084.00, 0, -597228, -245 
1719562866105.00, 0, -597228, -251 
1719562866126.00, 0, -597229, -259 
1719562866147.00, 8, -597230, -265 
1719562866169.00, 0, -597229, -263 
1719562866190.00, 0, -597229, -259 
1719562866212.00, 42, -597230, -258 
1719562866233.00, 0, -597231, -265 
1719562866255.00, 0, -597230, -275 
1719562866276.00, 0, -597231, -280 
1719562866297.00, 53, -597231, -282 
1719562866318.00, 0, -597231, -287 
1719562866340.00, 0, -597230, -293 
1719562866361.00, 0, -597231, -289 
1719562866382.00, 0, -597231, -283 
1719562866403.00, 0, -597230, -284 
1719562866424.00, 0, -597231, -283 
1719562866446.00, 0, -597231, -281 
1719562866467.00, 0, -597231, -283 
1719562866488.00, 0, -597231, -283 
1719562866510.00, 0, -597231, -285 
1719562866531.00, 0, -597231, -292 
1719562866552.00, 0, -597232, -293 
1719562866574.00, 0, -597231, -293 
1719562866595.00, 0, -597231, -291 
1719562866616.00, 0, -597230, -284 
1719562866637.00, 0, -597231, -276 
1719562866658.00, 0, -597230, -270 
1719562866680.00, 0, -597230, -264 
1719562866701.00, 0, -597231, -260 
1719562866722.00, 0, -597229, -251 
1719562866744.00, -1, -597229, -245 
1719562866765.00, 0, -597230, -240 
1719562866786.00, 0, -597229, -235 
1719562866807.00, 0, -597228, -231 
1719562866833.00, 0, -597229, -230 
1719562866850.00, 0, -597229, -227 
1719562866871.00, 38, -597229, -226 
1719562866893.00, 0, -597229, -227 
1719562866914.00, 0, -597228, -230 
1719562866939.00, 0, -597229, -234 
1719562866957.00, 0, -597229, -241 
1719562866978.00, 0, -597229, -246 
1719562867000.00, 0, -597229, -247 
1719562867020.00, 0, -597229, -247 
1719562867042.00, 0, -597229, -247 
1719562867063.00, 0, -597229, -249 
1719562867084.00, 0, -597230, -253 
1719562867106.00, 1, -597229, -256 
1719562867127.00, 0, -597230, -261 
1719562867149.00, 0, -597230, -264 
1719562867170.00, 0, -597231, -264 
1719562867191.00, 0, -597229, -265 
1719562867212.00, -20, -597230, -267 
1719562867234.00, 0, -597230, -269 
1719562867255.00, 0, -597229, -270 
1719562867277.00, 28, -597229, -270 
1719562867298.00, 0, -597230, -272 
1719562867320.00, 57, -597230, -273 
1719562867340.00, -70, -597230, -274 
1719562867361.00, 0, -597230, -276 
1719562867383.00, 0, -597230, -278 
1719562867404.00, 0, -597230, -279 
1719562867426.00, 0, -597230, -280 
1719562867448.00, 0, -597230, -281 
1719562867469.00, 0, -597230, -281 
1719562867490.00, 0, -597230, -283 
1719562867515.00, 0, -597232, -284 
1719562867532.00, 0, -597231, -287 
1719562867554.00, 0, -597231, -291 
1719562867580.00, 0, -597230, -293 
1719562867596.00, 0, -597231, -296 
1719562867618.00, 0, -597231, -298 
1719562867639.00, 0, -597231, -298 
1719562867661.00, 0, -597231, -296 
1719562867681.00, 0, -597230, -293 
1719562867703.00, 0, -597230, -291 
1719562867724.00, 0, -597230, -292 
1719562867745.00, 0, -597232, -295 
1719562867766.00, 0, -597231, -296 
1719562867788.00, 0, -597231, -298 
1719562867809.00, 0, -597231, -301 
1719562867830.00, 0, -597232, -301 
1719562867851.00, 0, -597231, -300 
1719562867873.00, 0, -597231, -299 
1719562867894.00, 0, -597231, -298 
1719562867922.00, 0, -597231, -298 
1719562867937.00, 0, -597231, -299 
1719562867958.00, 0, -597231, -300 
1719562867979.00, 0, -597232, -299 
1719562868000.00, 0, -597231, -299 
1719562868022.00, 0, -597231, -299 
1719562868042.00, 0, -597231, -298 
1719562868064.00, 0, -597231, -299 
1719562868085.00, 0, -597232, -301 
1719562868107.00, 0, -597232, -301 
1719562868128.00, 0, -597231, -301 
1719562868150.00, 0, -597232, -299 
1719562868171.00, 0, -597232, -298 
1719562868192.00, 0, -597231, -299 
1719562868213.00, 0, -597231, -300 
1719562868234.00, 0, -597231, -300 
1719562868256.00, 0, -597231, -300 
1719562868277.00, 0, -597230, -299 
1719562868299.00, 0, -597230, -298 
1719562868319.00, 0, -597231, -298 
1719562868341.00, 0, -597231, -299 
1719562868362.00, 0, -597230, -298 
1719562868383.00, 0, -597231, -297 
1719562868405.00, 0, -597231, -296 
1719562868426.00, 0, -597231, -297 
1719562868448.00, 0, -597232, -298 
1719562868468.00, 0, -597231, -298 
1719562868489.00, 0, -597231, -298 
1719562868511.00, 0, -597230, -297 
1719562868533.00, 0, -597231, -445 
1719562868554.00, 0, -597228, -446 
1719562868580.00, 0, -597229, -446 
1719562868596.00, 0, -597229, -446 
1719562868617.00, 0, -597228, -447 
1719562868638.00, 0, -597228, -447 
1719562868659.00, 0, -597229, -447 
1719562868682.00, 0, -597229, -445 
1719562868702.00, 0, -597229, -444 
1719562868723.00, 0, -597229, -444 
1719562868744.00, 0, -597229, -444 
1719562868765.00, 0, -597229, -445 
1719562868786.00, 0, -597229, -445 
1719562868808.00, 0, -597229, -444 
1719562868828.00, 0, -597229, -443 
1719562868849.00, 0, -597228, -442 
1719562868871.00, 0, -597228, -441 
1719562868892.00, 0, -597229, -441 
1719562868913.00, 0, -597229, -442 
1719562868933.00, 0, -597228, -439 
1719562868955.00, 0, -597228, -434 
1719562868976.00, 0, -597229, -434 
1719562868997.00, 0, -597229, -438 
1719562869019.00, 0, -597229, -437 
1719562869040.00, 0, -597228, -430 
1719562869061.00, 0, -597226, -407 
1719562869082.00, 0, -597224, -365 
1719562869103.00, 0, -597222, -283 
1719562869124.00, 0, -597219, -242 
1719562869145.00, 0, -597217, -205 
1719562869166.00, 0, -597215, -178 
1719562869188.00, 0, -597213, -146 
1719562869209.00, 0, -597213, -139 
1719562869233.00, 0, -597212, -136 
1719562869251.00, 0, -597211, -138 
1719562869271.00, 0, -597212, -136 
1719562869293.00, 0, -597212, -138 
1719562869314.00, 0, -597212, -138 
1719562869335.00, 0, -597212, -135 
1719562869356.00, 0, -597211, -139 
1719562869377.00, 0, -597212, -136 
1719562869399.00, 0, -597211, -138 
1719562869420.00, 0, -597212, -136 
1719562869441.00, 0, -597212, -138 
1719562869462.00, 0, -597212, -137 
1719562869483.00, 0, -597211, -137 
1719562869504.00, 0, -597212, -138 
1719562869525.00, 0, -597211, -136 
1719562869546.00, 0, -597212, -138 
1719562869569.00, 0, -597212, -135 
1719562869589.00, 0, -597212, -138 
1719562869610.00, 0, -597212, -136 
1719562869631.00, 0, -597213, -137 
