1720705381869.00, 75, -599126, -618 
1720705381891.00, 83, -599125, -621 
1720705381913.00, 95, -599123, -621 
1720705381935.00, 102, -599120, -615 
1720705381956.00, 107, -599119, -613 
1720705381977.00, 108, -599116, -614 
1720705381999.00, 116, -599114, -614 
1720705382021.00, 107, -599111, -609 
1720705382042.00, 84, -599108, -605 
1720705382063.00, 82, -599106, -607 
1720705382085.00, 79, -599105, -609 
1720705382106.00, 83, -599103, -607 
1720705382128.00, 81, -599101, -606 
1720705382149.00, 84, -599100, -607 
1720705382171.00, 82, -599098, -607 
1720705382192.00, 70, -599097, -604 
1720705382214.00, 61, -599095, -605 
1720705382235.00, 63, -599093, -608 
1720705382257.00, 62, -599092, -607 
1720705382278.00, 61, -599092, -607 
1720705382299.00, 63, -599090, -605 
1720705382321.00, 68, -599089, -601 
1720705382342.00, 66, -599088, -598 
1720705382363.00, 65, -599086, -597 
1720705382385.00, 61, -599084, -599 
1720705382407.00, 64, -599082, -597 
1720705382428.00, 75, -599081, -594 
1720705382450.00, 74, -599079, -591 
1720705382471.00, 68, -599077, -582 
1720705382492.00, 56, -599076, -582 
1720705382513.00, 50, -599076, -583 
1720705382535.00, 55, -599075, -583 
1720705382557.00, 61, -599072, -581 
1720705382578.00, 55, -599071, -582 
1720705382600.00, 48, -599070, -583 
1720705382621.00, 51, -599068, -582 
1720705382642.00, 33, -599068, -582 
1720705382664.00, 42, -599067, -582 
1720705382685.00, 25, -599067, -581 
1720705382707.00, 58, -599066, -583 
1720705382729.00, 68, -599065, -585 
1720705382750.00, 7, -599064, -585 
1720705382771.00, 2, -599064, -585 
1720705382796.00, -1, -599063, -585 
1720705382814.00, -1, -599062, -586 
1720705382839.00, 67, -599062, -584 
1720705382856.00, 7, -599061, -584 
1720705382878.00, 1, -599062, -583 
1720705382899.00, 0, -599061, -580 
1720705382921.00, 1, -599061, -581 
1720705382947.00, 68, -599061, -582 
1720705382963.00, 7, -599061, -583 
1720705382985.00, 64, -599061, -583 
1720705383007.00, 65, -599060, -582 
1720705383028.00, 41, -599059, -580 
1720705383050.00, 67, -599060, -578 
1720705383071.00, 67, -599058, -577 
1720705383092.00, 64, -599059, -576 
1720705383114.00, 58, -599057, -573 
1720705383135.00, 11, -599056, -571 
1720705383157.00, -2, -599055, -568 
1720705383178.00, -3, -599055, -563 
1720705383199.00, -5, -599053, -558 
1720705383221.00, 0, -599054, -552 
1720705383242.00, 0, -599052, -550 
1720705383263.00, 1, -599053, -546 
1720705383285.00, 0, -599052, -536 
1720705383306.00, 1, -599051, -530 
1720705383327.00, -4, -599051, -528 
1720705383349.00, 0, -599051, -518 
1720705383370.00, 0, -599048, -509 
1720705383391.00, 1, -599049, -510 
1720705383413.00, 0, -599049, -511 
1720705383434.00, 0, -599047, -512 
1720705383455.00, 56, -599048, -513 
1720705383476.00, 0, -599048, -514 
1720705383498.00, 0, -599049, -512 
1720705383519.00, 64, -599048, -515 
1720705383541.00, 1, -599049, -517 
1720705383562.00, 0, -599048, -518 
1720705383583.00, 42, -599048, -522 
1720705383605.00, 0, -599047, -528 
1720705383626.00, 0, -599048, -532 
1720705383647.00, -1, -599047, -534 
1720705383669.00, 0, -599046, -534 
1720705383690.00, 0, -599048, -533 
1720705383714.00, 0, -599047, -532 
1720705383732.00, 0, -599048, -529 
1720705383753.00, 0, -599046, -527 
1720705383775.00, 0, -599046, -525 
1720705383796.00, 0, -599046, -523 
1720705383824.00, 0, -599046, -524 
1720705383839.00, -3, -599046, -526 
1720705383859.00, 0, -599046, -526 
1720705383881.00, 0, -599045, -525 
1720705383903.00, -21, -599045, -521 
1720705383923.00, 0, -599046, -518 
1720705383945.00, 6, -599045, -515 
1720705383967.00, 0, -599046, -512 
1720705383988.00, 63, -599044, -511 
1720705384010.00, 7, -599045, -512 
1720705384030.00, 0, -599045, -507 
1720705384053.00, 7, -599045, -504 
1720705384074.00, 42, -599044, -501 
1720705384095.00, 12, -599044, -496 
1720705384116.00, 0, -599044, -494 
1720705384138.00, 0, -599043, -494 
1720705384162.00, 57, -599044, -499 
1720705384180.00, -2, -599043, -498 
1720705384202.00, 0, -599043, -495 
1720705384223.00, 0, -599041, -495 
1720705384244.00, 7, -599043, -497 
1720705384265.00, 0, -599042, -498 
1720705384287.00, 58, -599041, -503 
1720705384309.00, 0, -599043, -513 
1720705384330.00, 37, -599043, -524 
1720705384351.00, 0, -599044, -529 
1720705384372.00, 0, -599042, -530 
1720705384394.00, 0, -599042, -529 
1720705384415.00, 67, -599042, -524 
1720705384436.00, -3, -599041, -510 
1720705384458.00, 0, -599040, -491 
1720705384479.00, 1, -599040, -479 
1720705384500.00, 12, -599039, -477 
1720705384522.00, 0, -599038, -472 
1720705384543.00, 26, -599038, -472 
1720705384565.00, 0, -599039, -477 
1720705384586.00, 0, -599037, -475 
1720705384607.00, 7, -599038, -469 
1720705384628.00, 0, -599037, -470 
1720705384649.00, 67, -599037, -471 
1720705384671.00, 2, -599037, -468 
1720705384692.00, -1, -599037, -464 
1720705384713.00, 0, -599036, -465 
1720705384735.00, 38, -599036, -464 
1720705384756.00, 1, -599035, -462 
1720705384778.00, 0, -599035, -457 
1720705384800.00, 25, -599036, -454 
1720705384820.00, 1, -599034, -456 
1720705384842.00, 0, -599034, -458 
1720705384864.00, 54, -599034, -457 
1720705384886.00, 67, -599034, -455 
1720705384906.00, 1, -599034, -455 
1720705384928.00, -5, -599033, -454 
1720705384949.00, 1, -599032, -451 
1720705384970.00, 1, -599033, -449 
1720705384991.00, 2, -599032, -448 
1720705385013.00, 0, -599033, -447 
1720705385034.00, 0, -599032, -447 
1720705385055.00, 0, -599032, -451 
1720705385077.00, 0, -599032, -452 
1720705385099.00, 0, -599031, -448 
1720705385120.00, 0, -599031, -444 
1720705385141.00, -2, -599030, -444 
1720705385163.00, 0, -599031, -444 
1720705385184.00, -1, -599031, -440 
1720705385204.00, 0, -599030, -439 
1720705385226.00, 0, -599030, -442 
1720705385247.00, 0, -599031, -444 
1720705385269.00, 0, -599030, -448 
1720705385290.00, 0, -599031, -450 
1720705385311.00, 54, -599030, -449 
1720705385333.00, -5, -599031, -446 
1720705385361.00, 0, -599030, -446 
1720705385375.00, 0, -599030, -446 
1720705385397.00, 0, -599030, -445 
1720705385418.00, 0, -599030, -448 
1720705385439.00, 0, -599030, -449 
1720705385460.00, 0, -599030, -446 
1720705385482.00, 32, -599030, -444 
1720705385503.00, 0, -599030, -442 
1720705385525.00, 0, -599030, -443 
1720705385546.00, 0, -599030, -445 
1720705385567.00, 0, -599030, -447 
1720705385588.00, 0, -599030, -446 
1720705385610.00, 0, -599030, -442 
1720705385631.00, 0, -599030, -440 
1720705385652.00, 0, -599029, -438 
1720705385673.00, 0, -599030, -439 
1720705385694.00, 10, -599029, -440 
1720705385716.00, 0, -599029, -441 
1720705385738.00, 27, -599029, -441 
1720705385757.00, 0, -599029, -440 
1720705385781.00, 1, -599029, -441 
1720705385802.00, 0, -599030, -443 
1720705385823.00, 0, -599030, -444 
1720705385845.00, 0, -599029, -446 
1720705385866.00, 0, -599030, -447 
1720705385888.00, 0, -599029, -446 
1720705385908.00, 33, -599030, -445 
1720705385930.00, 0, -599030, -444 
1720705385951.00, -15, -599029, -443 
1720705385973.00, -23, -599030, -443 
1720705385994.00, 0, -599028, -443 
1720705386018.00, 0, -599029, -443 
1720705386037.00, 4, -599029, -447 
1720705386058.00, 0, -599029, -451 
1720705386080.00, 0, -599029, -452 
1720705386100.00, -8, -599029, -450 
1720705386127.00, 15, -599029, -448 
1720705386144.00, 0, -599028, -445 
1720705386165.00, 0, -599029, -443 
1720705386186.00, 65, -599028, -441 
1720705386207.00, 0, -599028, -435 
1720705386231.00, 33, -599027, -421 
1720705386251.00, 12, -599026, -388 
1720705386272.00, 85, -599023, -354 
1720705386294.00, 446, -599019, -307 
1720705386315.00, 438, -599006, -232 
1720705386342.00, 443, -598989, -139 
1720705386358.00, 438, -598975, -32 
1720705386379.00, 463, -598956, 73 
1720705386401.00, 4726, -598933, 191 
1720705386423.00, 14524, -598822, 294 
1720705386450.00, 26154, -598513, 372 
1720705386465.00, 38184, -597946, 377 
1720705386487.00, 45548, -597109, 597 
1720705386509.00, 62948, -596129, 630 
1720705386531.00, 75418, -594772, 666 
1720705386559.00, 84889, -593126, 750 
1720705386574.00, 95420, -591282, 783 
1720705386596.00, 103670, -589207, 807 
1720705386618.00, 109959, -586941, 851 
1720705386639.00, 116415, -584539, 891 
1720705386661.00, 122516, -582006, 944 
1720705386682.00, 129368, -579338, 986 
1720705386703.00, 135601, -576496, 1007 
1720705386725.00, 140784, -573520, 1045 
1720705386747.00, 145973, -570446, 1099 
1720705386770.00, 152219, -567247, 1116 
1720705386791.00, 156737, -563912, 1138 
1720705386812.00, 160979, -560472, 1180 
1720705386833.00, 165808, -556952, 1218 
1720705386856.00, 170850, -553325, 1275 
1720705386880.00, 174865, -549577, 1334 
1720705386900.00, 174816, -545766, 1378 
1720705386921.00, 174861, -541931, 1419 
1720705386943.00, 174743, -538113, 1441 
1720705386965.00, 174547, -534296, 1439 
1720705386987.00, 174769, -530474, 1438 
1720705387008.00, 174862, -526667, 1464 
1720705387031.00, 174842, -522843, 1475 
1720705387052.00, 174745, -519018, 1479 
1720705387074.00, 174941, -515208, 1491 
1720705387096.00, 174721, -511377, 1515 
1720705387118.00, 174609, -507562, 1544 
1720705387139.00, 174613, -503743, 1573 
1720705387161.00, 174962, -499938, 1585 
1720705387183.00, 174748, -496107, 1622 
1720705387205.00, 174744, -492287, 1638 
1720705387227.00, 174798, -488473, 1658 
1720705387249.00, 174646, -484648, 1671 
1720705387271.00, 174754, -480837, 1675 
1720705387292.00, 174958, -477022, 1730 
1720705387314.00, 174995, -473194, 1770 
1720705387339.00, 174579, -469378, 1789 
1720705387357.00, 174547, -465556, 1750 
1720705387379.00, 174763, -461746, 1717 
1720705387401.00, 174716, -457929, 1728 
1720705387423.00, 174806, -454115, 1735 
1720705387445.00, 174869, -450296, 1709 
1720705387467.00, 174730, -446471, 1710 
1720705387488.00, 174537, -442657, 1718 
1720705387510.00, 174488, -438845, 1637 
1720705387532.00, 174665, -435032, 1544 
1720705387554.00, 174402, -431239, 1494 
1720705387577.00, 95787, -427451, 1341 
1720705387599.00, 50224, -425316, 1331 
1720705387620.00, 24441, -424240, 937 
1720705387642.00, 9768, -423694, 733 
1720705387664.00, 1242, -423475, 558 
1720705387685.00, -3490, -423459, 197 
1720705387707.00, -5810, -423561, -219 
1720705387728.00, -20672, -423704, -383 
1720705387750.00, -38687, -424160, -813 
1720705387773.00, -75442, -424997, -850 
1720705387792.00, -99578, -426610, -869 
1720705387815.00, -114898, -428797, -964 
1720705387837.00, -129452, -431305, -986 
1720705387858.00, -139171, -434129, -966 
1720705387885.00, -143688, -437174, -984 
1720705387902.00, -147238, -440301, -999 
1720705387923.00, -150015, -443509, -985 
1720705387945.00, -150818, -446769, -983 
1720705387966.00, -151149, -450049, -966 
1720705387989.00, -150077, -453339, -997 
1720705388009.00, -151211, -456602, -1000 
1720705388032.00, -151714, -459909, -988 
1720705388053.00, -151321, -463200, -1006 
1720705388074.00, -152039, -466501, -1004 
1720705388099.00, -152152, -469834, -985 
1720705388119.00, -150979, -473128, -978 
1720705388141.00, -149628, -476427, -970 
1720705388162.00, -148269, -479670, -924 
1720705388184.00, -144637, -482890, -899 
1720705388211.00, -140736, -486037, -896 
1720705388228.00, -138138, -489083, -878 
1720705388250.00, -135366, -492096, -863 
1720705388271.00, -132843, -495039, -880 
1720705388292.00, -132155, -497918, -851 
1720705388314.00, -130119, -500807, -776 
1720705388336.00, -124078, -503640, -753 
1720705388358.00, -119046, -506319, -789 
1720705388379.00, -118373, -508915, -782 
1720705388402.00, -117400, -511482, -826 
1720705388423.00, -119402, -514041, -884 
1720705388445.00, -124042, -516661, -915 
1720705388467.00, -128573, -519361, -923 
1720705388489.00, -131706, -522152, -966 
1720705388510.00, -135999, -525035, -999 
1720705388531.00, -140597, -527995, -1025 
1720705388553.00, -144819, -531063, -1070 
1720705388575.00, -149902, -534249, -1145 
1720705388596.00, -157417, -537524, -1187 
1720705388617.00, -164433, -540984, -1218 
1720705388642.00, -170349, -544582, -1272 
1720705388662.00, -175003, -548308, -1312 
1720705388683.00, -174712, -552154, -1328 
1720705388705.00, -174645, -555972, -1408 
1720705388727.00, -174703, -559780, -1432 
1720705388749.00, -174683, -563575, -1432 
1720705388770.00, -174761, -567402, -1484 
1720705388793.00, -174640, -571218, -1457 
1720705388814.00, -174691, -575047, -1417 
1720705388836.00, -174682, -578852, -1405 
1720705388858.00, -174609, -582673, -1364 
1720705388880.00, -174755, -586472, -1322 
1720705388901.00, -174359, -590288, -1247 
1720705388923.00, -174613, -594103, -1124 
1720705388946.00, -99893, -597888, -1021 
1720705388967.00, -56249, -600080, -1035 
1720705388990.00, -31357, -601300, -808 
1720705389011.00, -17122, -601995, -680 
1720705389033.00, -8460, -602362, -482 
1720705389054.00, -3557, -602531, -185 
1720705389075.00, -679, -602581, 145 
1720705389097.00, 9175, -602588, 345 
1720705389119.00, 26639, -602388, 775 
1720705389141.00, 63896, -601827, 801 
1720705389162.00, 87555, -600468, 828 
1720705389186.00, 102954, -598564, 960 
1720705389204.00, 120085, -596311, 1004 
1720705389227.00, 132777, -593673, 1007 
1720705389248.00, 140322, -590762, 1046 
1720705389270.00, 146797, -587701, 1067 
1720705389294.00, 151831, -584483, 1073 
1720705389314.00, 155176, -581154, 1086 
1720705389336.00, 157705, -577767, 1091 
1720705389357.00, 159443, -574317, 1109 
1720705389379.00, 161258, -570826, 1118 
1720705389403.00, 162864, -567309, 1134 
1720705389423.00, 164919, -563737, 1136 
1720705389445.00, 165972, -560138, 1151 
1720705389467.00, 167380, -556507, 1181 
1720705389488.00, 169922, -552850, 1211 
1720705389513.00, 173294, -549130, 1247 
1720705389532.00, 174871, -545331, 1273 
1720705389554.00, 174847, -541503, 1294 
1720705389575.00, 174815, -537698, 1342 
1720705389597.00, 174715, -533869, 1377 
1720705389621.00, 174773, -530050, 1397 
1720705389641.00, 174847, -526243, 1433 
1720705389663.00, 174904, -522429, 1460 
1720705389684.00, 174960, -518596, 1486 
1720705389706.00, 174722, -514773, 1521 
1720705389728.00, 174735, -510955, 1562 
1720705389750.00, 174938, -507135, 1599 
1720705389772.00, 174774, -503323, 1615 
1720705389793.00, 174791, -499489, 1628 
1720705389815.00, 174784, -495670, 1649 
1720705389839.00, 174706, -491851, 1665 
1720705389858.00, 174565, -488040, 1693 
1720705389881.00, 174774, -484226, 1712 
1720705389903.00, 175000, -480408, 1731 
1720705389924.00, 174592, -476587, 1745 
1720705389946.00, 174648, -472761, 1730 
1720705389968.00, 174586, -468943, 1742 
1720705389990.00, 174530, -465132, 1742 
1720705390011.00, 174559, -461323, 1746 
1720705390033.00, 174693, -457515, 1755 
1720705390055.00, 174878, -453686, 1767 
1720705390076.00, 174709, -449868, 1751 
1720705390099.00, 174518, -446052, 1723 
1720705390120.00, 174446, -442234, 1682 
1720705390142.00, 174207, -438447, 1564 
1720705390164.00, 174221, -434641, 1381 
1720705390186.00, 174125, -430847, 1154 
1720705390209.00, 95510, -427082, 795 
1720705390231.00, 49885, -425012, 564 
1720705390252.00, 24672, -423963, -151 
1720705390275.00, 382, -423435, -408 
1720705390295.00, -28123, -423420, -874 
1720705390317.00, -73711, -423998, -926 
1720705390339.00, -103942, -425556, -889 
1720705390360.00, -118830, -427850, -1094 
1720705390381.00, -140053, -430450, -1015 
1720705390403.00, -147592, -433528, -1049 
1720705390425.00, -153974, -436766, -1049 
1720705390446.00, -157583, -440134, -1023 
1720705390469.00, -158098, -443576, -1018 
1720705390495.00, -157821, -447030, -1040 
1720705390512.00, -158584, -450477, -1026 
1720705390534.00, -158211, -453957, -1032 
1720705390556.00, -158242, -457401, -1014 
1720705390578.00, -156834, -460865, -1012 
1720705390600.00, -155860, -464285, -1027 
1720705390621.00, -156037, -467697, -1015 
1720705390644.00, -155404, -471112, -981 
1720705390665.00, -152827, -474481, -1014 
1720705390688.00, -153015, -477825, -966 
1720705390709.00, -150021, -481136, -928 
1720705390731.00, -145887, -484414, -864 
1720705390753.00, -139428, -487576, -811 
1720705390775.00, -132470, -490596, -737 
1720705390796.00, -123704, -493479, -709 
1720705390819.00, -116958, -496149, -765 
1720705390840.00, -116145, -498688, -828 
1720705390862.00, -119335, -501228, -882 
1720705390883.00, -124413, -503843, -940 
1720705390904.00, -130960, -506547, -996 
1720705390925.00, -138182, -509411, -1004 
1720705390948.00, -142942, -512426, -1044 
1720705390969.00, -147870, -515558, -1113 
1720705390991.00, -154968, -518798, -1113 
1720705391013.00, -159136, -522182, -1152 
1720705391036.00, -163336, -525682, -1207 
1720705391057.00, -169369, -529260, -1212 
1720705391078.00, -173157, -532976, -1208 
1720705391099.00, -174766, -536760, -1223 
1720705391122.00, -174903, -540573, -1234 
1720705391145.00, -174936, -544398, -1251 
1720705391166.00, -174698, -548210, -1263 
1720705391188.00, -174693, -552035, -1272 
1720705391209.00, -174566, -555859, -1285 
1720705391231.00, -174586, -559666, -1295 
1720705391253.00, -174613, -563470, -1287 
1720705391274.00, -174849, -567304, -1298 
1720705391296.00, -174744, -571099, -1273 
1720705391318.00, -174506, -574928, -1247 
1720705391340.00, -174633, -578744, -1229 
1720705391362.00, -174713, -582565, -1196 
1720705391384.00, -174597, -586376, -1157 
1720705391405.00, -172573, -590180, -1119 
1720705391428.00, -169036, -593940, -1009 
1720705391449.00, -96929, -597602, -856 
1720705391471.00, -54699, -599720, -904 
1720705391493.00, -30727, -600904, -728 
1720705391515.00, -16804, -601589, -658 
1720705391536.00, -8552, -601961, -510 
1720705391558.00, -3818, -602134, -271 
1720705391580.00, -980, -602204, -39 
1720705391600.00, 66, -602208, 205 
1720705391622.00, 13164, -602195, 379 
1720705391644.00, 31205, -601909, 749 
1720705391666.00, 65099, -601248, 646 
1720705391688.00, 78725, -599856, 739 
1720705391710.00, 92221, -598148, 840 
1720705391731.00, 106180, -596142, 886 
1720705391753.00, 117162, -593816, 902 
1720705391774.00, 124530, -591261, 945 
1720705391796.00, 131287, -588554, 975 
1720705391817.00, 137078, -585684, 997 
1720705391837.00, 141744, -582691, 1010 
1720705391860.00, 145401, -579596, 1017 
1720705391881.00, 147862, -576407, 1027 
1720705391904.00, 149720, -573187, 1036 
1720705391926.00, 151230, -569911, 1047 
1720705391947.00, 152827, -566606, 1067 
1720705391968.00, 154735, -563265, 1097 
1720705391991.00, 157500, -559888, 1140 
1720705392013.00, 161636, -556437, 1156 
1720705392035.00, 164906, -552903, 1175 
1720705392056.00, 168257, -549293, 1195 
1720705392078.00, 171356, -545619, 1203 
1720705392100.00, 173443, -541862, 1204 
1720705392122.00, 174734, -538073, 1224 
1720705392146.00, 174557, -534246, 1248 
1720705392166.00, 174795, -530432, 1272 
1720705392187.00, 174873, -526624, 1302 
1720705392209.00, 174887, -522798, 1321 
1720705392231.00, 174773, -518981, 1346 
1720705392253.00, 174867, -515159, 1363 
1720705392274.00, 174721, -511332, 1381 
1720705392296.00, 174662, -507517, 1409 
1720705392318.00, 174874, -503709, 1444 
1720705392340.00, 175192, -499878, 1474 
1720705392361.00, 174600, -496057, 1491 
1720705392383.00, 174617, -492238, 1503 
1720705392405.00, 174662, -488427, 1499 
1720705392427.00, 174684, -484606, 1511 
1720705392449.00, 174759, -480796, 1534 
1720705392471.00, 174841, -476979, 1578 
1720705392492.00, 174958, -473148, 1600 
1720705392515.00, 174742, -469339, 1630 
1720705392536.00, 174630, -465509, 1650 
1720705392557.00, 174656, -461693, 1671 
1720705392579.00, 174697, -457881, 1665 
1720705392601.00, 174655, -454067, 1663 
1720705392624.00, 174822, -450244, 1660 
1720705392645.00, 174581, -446421, 1669 
1720705392667.00, 174391, -442616, 1611 
1720705392689.00, 174438, -438802, 1551 
1720705392711.00, 174441, -434993, 1475 
1720705392733.00, 174265, -431201, 1359 
1720705392756.00, 95637, -427419, 1170 
1720705392777.00, 50208, -425301, 1092 
1720705392799.00, 24318, -424225, 667 
1720705392820.00, 9273, -423687, 327 
1720705392842.00, 675, -423495, 43 
1720705392863.00, -3934, -423488, -291 
1720705392884.00, -23486, -423594, -762 
1720705392907.00, -63791, -424088, -872 
1720705392928.00, -94392, -425446, -878 
1720705392950.00, -112734, -427485, -920 
1720705392971.00, -125344, -429956, -1021 
1720705392993.00, -139170, -432707, -1018 
1720705393016.00, -147013, -435768, -980 
1720705393037.00, -149117, -438972, -976 
1720705393059.00, -150016, -442217, -981 
1720705393080.00, -150651, -445485, -964 
1720705393102.00, -149698, -448740, -951 
1720705393124.00, -148337, -452012, -956 
1720705393145.00, -147623, -455228, -949 
1720705393167.00, -146584, -458447, -938 
1720705393189.00, -145408, -461640, -930 
1720705393211.00, -144005, -464792, -884 
1720705393232.00, -140299, -467927, -831 
1720705393254.00, -134431, -470981, -829 
1720705393276.00, -130806, -473887, -791 
1720705393298.00, -126464, -476732, -744 
1720705393319.00, -120936, -479473, -761 
1720705393343.00, -118577, -482086, -753 
1720705393363.00, -116665, -484684, -725 
1720705393385.00, -113691, -487223, -742 
1720705393407.00, -113146, -489680, -830 
1720705393428.00, -117805, -492153, -882 
1720705393455.00, -123436, -494723, -932 
1720705393471.00, -130020, -497420, -962 
1720705393494.00, -135264, -500262, -966 
1720705393515.00, -138768, -503218, -949 
1720705393535.00, -139701, -506224, -1027 
1720705393561.00, -145049, -509302, -1090 
1720705393579.00, -152003, -512466, -1098 
1720705393601.00, -156440, -515791, -1144 
1720705393622.00, -161298, -519229, -1179 
1720705393644.00, -166607, -522762, -1187 
1720705393670.00, -169894, -526413, -1219 
1720705393688.00, -173815, -530131, -1234 
1720705393710.00, -175031, -533931, -1239 
1720705393732.00, -174835, -537750, -1292 
1720705393753.00, -174475, -541573, -1321 
1720705393778.00, -174839, -545396, -1286 
1720705393797.00, -174784, -549210, -1281 
1720705393819.00, -174584, -553032, -1300 
1720705393840.00, -174721, -556840, -1273 
1720705393862.00, -175022, -560653, -1265 
1720705393887.00, -174745, -564465, -1275 
1720705393907.00, -174667, -568294, -1238 
1720705393928.00, -174083, -572098, -1223 
1720705393950.00, -172771, -575915, -1205 
1720705393971.00, -171030, -579665, -1177 
1720705393996.00, -168304, -583405, -1157 
1720705394015.00, -165274, -587074, -1132 
1720705394037.00, -162084, -590679, -1062 
1720705394060.00, -155968, -594196, -953 
1720705394082.00, -86041, -597559, -861 
1720705394107.00, -45168, -599463, -934 
1720705394125.00, -21767, -600442, -773 
1720705394147.00, -8503, -600941, -748 
1720705394168.00, -606, -601145, -757 
1720705394189.00, 3039, -601165, -655 
1720705394212.00, 5944, -601108, -500 
1720705394233.00, 7691, -600968, -249 
1720705394254.00, 8431, -600788, 22 
1720705394276.00, 9826, -600576, 254 
1720705394298.00, 24643, -600347, 377 
1720705394324.00, 40613, -599819, 615 
1720705394341.00, 64541, -598958, 614 
1720705394363.00, 78720, -597562, 668 
1720705394384.00, 90042, -595856, 758 
1720705394406.00, 102048, -593887, 800 
1720705394428.00, 111500, -591670, 823 
1720705394450.00, 118368, -589234, 844 
1720705394471.00, 123629, -586643, 879 
1720705394493.00, 128607, -583949, 898 
1720705394514.00, 132744, -581140, 905 
1720705394536.00, 135317, -578248, 914 
1720705394558.00, 137263, -575307, 925 
1720705394579.00, 139197, -572322, 926 
1720705394602.00, 140209, -569288, 937 
1720705394623.00, 141168, -566231, 952 
1720705394646.00, 142553, -563152, 965 
1720705394666.00, 144199, -560055, 989 
1720705394687.00, 146489, -556904, 1019 
1720705394709.00, 149608, -553709, 1045 
1720705394731.00, 152820, -550434, 1066 
1720705394753.00, 155856, -547096, 1073 
1720705394774.00, 157884, -543679, 1088 
1720705394797.00, 160144, -540226, 1121 
1720705394818.00, 163153, -536736, 1165 
1720705394840.00, 167476, -533164, 1193 
1720705394861.00, 171775, -529502, 1218 
1720705394884.00, 175062, -525742, 1239 
1720705394906.00, 174892, -521912, 1259 
1720705394927.00, 174651, -518081, 1306 
1720705394949.00, 174661, -514272, 1335 
1720705394971.00, 174682, -510451, 1377 
1720705394992.00, 174830, -506636, 1406 
1720705395014.00, 174893, -502816, 1437 
1720705395036.00, 174861, -498979, 1445 
1720705395058.00, 174870, -495176, 1469 
1720705395080.00, 174579, -491348, 1478 
1720705395102.00, 174777, -487539, 1507 
1720705395123.00, 174943, -483724, 1540 
1720705395145.00, 174515, -479902, 1573 
1720705395167.00, 174761, -476071, 1592 
1720705395189.00, 174736, -472255, 1630 
1720705395211.00, 174619, -468438, 1647 
1720705395232.00, 174693, -464629, 1660 
1720705395254.00, 174784, -460802, 1672 
1720705395277.00, 174950, -456993, 1671 
1720705395298.00, 174618, -453174, 1665 
1720705395320.00, 174507, -449354, 1628 
1720705395342.00, 174497, -445528, 1617 
1720705395363.00, 174677, -441725, 1596 
1720705395385.00, 174696, -437914, 1567 
1720705395407.00, 174647, -434089, 1514 
1720705395429.00, 174585, -430281, 1399 
1720705395451.00, 100645, -426499, 1215 
1720705395473.00, 57792, -424292, 1122 
1720705395495.00, 32832, -423061, 674 
1720705395517.00, 18350, -422357, 314 
1720705395538.00, 10922, -421982, -93 
1720705395560.00, -5, -421779, -333 
1720705395582.00, -19671, -421789, -842 
1720705395603.00, -62949, -422185, -835 
1720705395625.00, -88125, -423490, -892 
1720705395647.00, -106218, -425420, -987 
1720705395668.00, -122641, -427744, -920 
1720705395690.00, -128251, -430424, -998 
1720705395711.00, -136354, -433213, -1045 
1720705395732.00, -143683, -436207, -1022 
1720705395754.00, -146596, -439340, -1024 
1720705395776.00, -148311, -442555, -1046 
1720705395798.00, -150511, -445804, -1061 
1720705395819.00, -152592, -449076, -1051 
1720705395842.00, -153281, -452429, -1049 
1720705395864.00, -153640, -455772, -1060 
1720705395885.00, -154237, -459135, -1070 
1720705395907.00, -155171, -462489, -1050 
1720705395929.00, -154544, -465882, -1050 
1720705395951.00, -153944, -469257, -1059 
1720705395972.00, -154369, -472616, -1077 
1720705395993.00, -155625, -476000, -1100 
1720705396016.00, -157652, -479392, -1107 
1720705396038.00, -158896, -482831, -1120 
1720705396060.00, -160484, -486321, -1129 
1720705396081.00, -161840, -489819, -1117 
1720705396103.00, -161915, -493363, -1144 
1720705396125.00, -163516, -496904, -1159 
1720705396147.00, -165097, -500482, -1165 
1720705396169.00, -166513, -504094, -1157 
1720705396191.00, -166902, -507732, -1193 
1720705396212.00, -169364, -511380, -1195 
1720705396234.00, -170682, -515077, -1186 
1720705396256.00, -170990, -518817, -1211 
1720705396278.00, -172493, -522557, -1237 
1720705396299.00, -174727, -526332, -1221 
1720705396321.00, -174724, -530148, -1229 
1720705396343.00, -174945, -533970, -1248 
1720705396365.00, -174946, -537786, -1250 
1720705396387.00, -174704, -541611, -1260 
1720705396409.00, -174765, -545434, -1291 
1720705396430.00, -174650, -549249, -1281 
1720705396451.00, -174647, -553059, -1263 
1720705396474.00, -174782, -556879, -1279 
1720705396495.00, -174953, -560689, -1281 
1720705396517.00, -174794, -564500, -1231 
1720705396539.00, -174661, -568327, -1192 
1720705396561.00, -173409, -572130, -1177 
1720705396583.00, -171677, -575929, -1130 
1720705396605.00, -167867, -579644, -1097 
1720705396627.00, -163496, -583323, -1055 
1720705396649.00, -158428, -586877, -1041 
1720705396671.00, -154333, -590325, -1008 
1720705396693.00, -149924, -593685, -920 
1720705396714.00, -84619, -596909, -812 
1720705396736.00, -46228, -598777, -827 
1720705396758.00, -23806, -599769, -579 
1720705396779.00, -11429, -600305, -405 
1720705396801.00, -4127, -600555, -246 
1720705396823.00, 22, -600638, -79 
1720705396844.00, 2324, -600632, 97 
1720705396866.00, 9498, -600572, 321 
1720705396888.00, 27043, -600365, 391 
1720705396909.00, 41651, -599785, 627 
1720705396931.00, 64831, -598902, 603 
1720705396952.00, 77003, -597498, 667 
1720705396974.00, 87868, -595829, 720 
1720705396996.00, 97621, -593921, 714 
1720705397017.00, 102867, -591812, 736 
1720705397039.00, 106869, -589566, 746 
1720705397061.00, 109919, -587234, 741 
1720705397082.00, 111249, -584854, 764 
1720705397104.00, 113431, -582426, 785 
1720705397126.00, 115600, -579955, 780 
1720705397148.00, 116755, -577426, 772 
1720705397171.00, 116826, -574893, 794 
1720705397191.00, 118038, -572356, 815 
1720705397213.00, 119924, -569779, 841 
1720705397235.00, 122555, -567165, 865 
1720705397256.00, 125420, -564493, 890 
1720705397278.00, 128519, -561762, 936 
1720705397300.00, 133055, -558961, 955 
1720705397322.00, 136919, -556068, 957 
1720705397343.00, 139115, -553078, 964 
1720705397365.00, 140801, -550045, 943 
1720705397386.00, 140559, -546982, 938 
1720705397409.00, 140238, -543913, 974 
1720705397429.00, 141805, -540856, 1030 
1720705397452.00, 145779, -537754, 1118 
1720705397473.00, 153528, -534555, 1146 
1720705397495.00, 160021, -531184, 1193 
1720705397516.00, 166374, -527679, 1243 
1720705397539.00, 173200, -524035, 1286 
1720705397561.00, 174839, -520245, 1297 
1720705397582.00, 174853, -516414, 1325 
1720705397604.00, 174756, -512593, 1349 
1720705397625.00, 174887, -508779, 1360 
1720705397647.00, 174708, -504959, 1366 
1720705397669.00, 174494, -501141, 1382 
1720705397690.00, 174613, -497332, 1395 
1720705397716.00, 174969, -493511, 1417 
1720705397735.00, 174953, -489693, 1434 
1720705397756.00, 174725, -485871, 1462 
1720705397778.00, 174687, -482047, 1494 
1720705397800.00, 174546, -478224, 1492 
1720705397826.00, 174709, -474413, 1503 
1720705397843.00, 174900, -470597, 1533 
1720705397865.00, 174936, -466777, 1537 
1720705397887.00, 174700, -462959, 1541 
1720705397909.00, 174692, -459131, 1561 
1720705397931.00, 174742, -455309, 1563 
1720705397953.00, 174619, -451499, 1542 
1720705397974.00, 174789, -447691, 1519 
1720705397996.00, 174905, -443874, 1491 
1720705398018.00, 174648, -440055, 1443 
1720705398040.00, 174471, -436249, 1379 
1720705398062.00, 174525, -432446, 1303 
1720705398083.00, 100099, -428648, 1214 
1720705398106.00, 56905, -426427, 1326 
1720705398128.00, 31822, -425209, 1143 
1720705398150.00, 17307, -424504, 984 
1720705398171.00, 8889, -424123, 725 
1720705398193.00, 3806, -423949, 265 
1720705398215.00, 1126, -423903, -183 
1720705398236.00, -10786, -423896, -429 
1720705398257.00, -32841, -424138, -856 
1720705398280.00, -72170, -424827, -816 
1720705398301.00, -92648, -426363, -905 
1720705398322.00, -110120, -428394, -965 
1720705398344.00, -124107, -430803, -976 
1720705398366.00, -132996, -433499, -970 
1720705398388.00, -137294, -436415, -987 
1720705398410.00, -141287, -439397, -903 
1720705398430.00, -138305, -442489, -1046 
1720705398452.00, -145168, -445510, -969 
1720705398475.00, -144555, -448663, -986 
1720705398495.00, -145063, -451831, -1007 
1720705398518.00, -146387, -454988, -1020 
1720705398540.00, -148099, -458195, -999 
1720705398561.00, -147736, -461428, -1021 
1720705398583.00, -148711, -464641, -1031 
1720705398604.00, -149730, -467899, -1002 
1720705398626.00, -148716, -471180, -1015 
1720705398648.00, -148656, -474417, -1030 
1720705398669.00, -149622, -477662, -1023 
1720705398691.00, -149476, -480926, -1010 
1720705398714.00, -148597, -484210, -1006 
1720705398736.00, -147672, -487451, -986 
1720705398758.00, -146153, -490660, -970 
1720705398780.00, -144166, -493844, -984 
1720705398801.00, -143590, -496973, -1008 
1720705398823.00, -144517, -500122, -996 
1720705398845.00, -144300, -503272, -997 
1720705398866.00, -144345, -506402, -1016 
1720705398887.00, -145532, -509565, -1036 
1720705398910.00, -147470, -512748, -1067 
1720705398931.00, -150336, -515974, -1117 
1720705398953.00, -154741, -519275, -1138 
1720705398975.00, -158961, -522659, -1150 
1720705398996.00, -162263, -526147, -1199 
1720705399019.00, -166905, -529685, -1229 
1720705399040.00, -171592, -533353, -1263 
1720705399062.00, -175110, -537110, -1331 
1720705399083.00, -174782, -540918, -1359 
1720705399106.00, -174782, -544740, -1330 
1720705399127.00, -174769, -548560, -1349 
1720705399149.00, -174448, -552381, -1328 
1720705399171.00, -174613, -556197, -1277 
1720705399193.00, -174789, -560010, -1253 
1720705399214.00, -174810, -563805, -1243 
1720705399237.00, -174757, -567636, -1196 
1720705399258.00, -173824, -571438, -1164 
1720705399281.00, -171232, -575253, -1131 
1720705399302.00, -167684, -578986, -1066 
1720705399325.00, -161646, -582648, -997 
1720705399347.00, -153957, -586142, -921 
1720705399368.00, -144739, -589473, -804 
1720705399390.00, -131916, -592601, -666 
1720705399411.00, -115863, -595449, -527 
1720705399434.00, -65658, -597934, -368 
1720705399455.00, -35748, -599351, -280 
1720705399477.00, -18707, -600134, -57 
1720705399498.00, -8624, -600537, 55 
1720705399519.00, 73, -600725, 138 
1720705399541.00, 10514, -600732, 236 
1720705399563.00, 22598, -600515, 372 
1720705399584.00, 37857, -600021, 579 
1720705399606.00, 59680, -599219, 572 
1720705399627.00, 72040, -597940, 612 
1720705399649.00, 81486, -596369, 668 
1720705399670.00, 90427, -594602, 705 
1720705399696.00, 97815, -592644, 717 
1720705399714.00, 102853, -590512, 733 
1720705399736.00, 106707, -588289, 779 
1720705399758.00, 111502, -585954, 803 
1720705399780.00, 115789, -583511, 815 
1720705399801.00, 118934, -580992, 847 
1720705399823.00, 122668, -578403, 864 
1720705399844.00, 125872, -575737, 875 
1720705399867.00, 128193, -572987, 866 
1720705399887.00, 128838, -570191, 886 
1720705399910.00, 130442, -567388, 895 
1720705399931.00, 131955, -564537, 910 
1720705399953.00, 133736, -561673, 945 
1720705399974.00, 136736, -558760, 987 
1720705399995.00, 141059, -555789, 1014 
1720705400022.00, 145068, -552697, 1066 
1720705400039.00, 150563, -549519, 1103 
1720705400061.00, 155715, -546230, 1128 
1720705400083.00, 160361, -542811, 1149 
1720705400104.00, 164400, -539304, 1172 
1720705400128.00, 168115, -535706, 1200 
1720705400148.00, 171787, -532015, 1219 
1720705400170.00, 175168, -528257, 1222 
1720705400192.00, 174654, -524433, 1252 
1720705400214.00, 174474, -520622, 1274 
1720705400236.00, 174750, -516799, 1302 
1720705400257.00, 174956, -512981, 1349 
1720705400279.00, 174848, -509155, 1404 
1720705400301.00, 174831, -505338, 1449 
1720705400323.00, 174787, -501508, 1498 
1720705400344.00, 174614, -497693, 1536 
1720705400366.00, 174663, -493884, 1592 
1720705400388.00, 174849, -490067, 1610 
1720705400410.00, 174939, -486237, 1614 
1720705400431.00, 174610, -482414, 1618 
1720705400455.00, 174699, -478598, 1614 
1720705400476.00, 174794, -474778, 1599 
1720705400497.00, 174602, -470981, 1580 
1720705400519.00, 174738, -467155, 1554 
1720705400541.00, 174900, -463323, 1528 
1720705400563.00, 174779, -459517, 1509 
1720705400585.00, 174525, -455704, 1501 
1720705400606.00, 174751, -451879, 1507 
1720705400628.00, 174994, -448069, 1509 
1720705400650.00, 174557, -444249, 1493 
1720705400672.00, 174628, -440443, 1420 
1720705400694.00, 174534, -436631, 1347 
1720705400715.00, 174480, -432820, 1239 
1720705400737.00, 174370, -429019, 1024 
1720705400760.00, 99407, -425248, 736 
1720705400782.00, 56304, -423090, 478 
1720705400803.00, 32229, -421919, -100 
1720705400825.00, 10872, -421235, -347 
1720705400846.00, -14791, -421003, -845 
1720705400869.00, -60956, -421292, -839 
1720705400890.00, -87773, -422553, -903 
1720705400912.00, -107082, -424463, -975 
1720705400934.00, -122971, -426811, -909 
1720705400954.00, -128270, -429504, -1005 
1720705400977.00, -137133, -432309, -980 
1720705400999.00, -140405, -435317, -993 
1720705401019.00, -143134, -438381, -1002 
1720705401041.00, -145583, -441509, -1002 
1720705401063.00, -146911, -444698, -1012 
1720705401085.00, -148211, -447893, -1070 
1720705401107.00, -152158, -451146, -1060 
1720705401128.00, -153606, -454472, -1063 
1720705401150.00, -154909, -457842, -1088 
1720705401172.00, -157081, -461228, -1091 
1720705401194.00, -158387, -464649, -1081 
1720705401219.00, -158429, -468118, -1055 
1720705401237.00, -156882, -471574, -1062 
1720705401259.00, -156309, -475003, -1055 
1720705401281.00, -155503, -478419, -1062 
1720705401302.00, -155489, -481809, -1072 
1720705401327.00, -156004, -485220, -1081 
1720705401347.00, -156833, -488620, -1119 
1720705401369.00, -159622, -492052, -1165 
1720705401390.00, -163959, -495545, -1185 
1720705401412.00, -167577, -499124, -1181 
1720705401437.00, -169231, -502801, -1203 
1720705401455.00, -171589, -506497, -1220 
1720705401477.00, -173966, -510264, -1192 
1720705401499.00, -173689, -514051, -1219 
1720705401520.00, -174900, -517856, -1266 
1720705401543.00, -174844, -521662, -1272 
1720705401565.00, -174401, -525496, -1282 
1720705401587.00, -174806, -529313, -1296 
1720705401608.00, -174716, -533147, -1322 
1720705401630.00, -174781, -536948, -1312 
1720705401653.00, -174820, -540758, -1325 
1720705401673.00, -174730, -544582, -1337 
1720705401695.00, -174668, -548396, -1344 
1720705401717.00, -174476, -552221, -1325 
1720705401739.00, -174453, -556037, -1297 
1720705401763.00, -174641, -559850, -1303 
1720705401782.00, -174843, -563650, -1273 
1720705401805.00, -174611, -567461, -1252 
1720705401827.00, -174612, -571277, -1230 
1720705401848.00, -173372, -575113, -1179 
1720705401871.00, -169629, -578877, -1132 
1720705401892.00, -164593, -582587, -1105 
1720705401914.00, -160007, -586174, -1068 
1720705401935.00, -155079, -589662, -1003 
1720705401959.00, -148201, -593034, -912 
1720705401981.00, -81609, -596211, -804 
1720705402002.00, -42503, -598016, -811 
1720705402023.00, -20041, -598950, -646 
1720705402045.00, -7196, -599400, -516 
1720705402066.00, 10, -599566, -382 
1720705402088.00, 3853, -599572, -224 
1720705402110.00, 6414, -599486, -26 
1720705402131.00, 7833, -599340, 168 
1720705402153.00, 18059, -599167, 323 
1720705402175.00, 33826, -598780, 381 
1720705402196.00, 46533, -598049, 599 
1720705402217.00, 67214, -597045, 577 
1720705402239.00, 78140, -595601, 633 
1720705402261.00, 87623, -593902, 668 
1720705402283.00, 95425, -592007, 687 
1720705402305.00, 100776, -589935, 697 
1720705402326.00, 104374, -587739, 721 
1720705402347.00, 108026, -585464, 747 
1720705402369.00, 111553, -583106, 759 
1720705402391.00, 114193, -580675, 778 
1720705402416.00, 116886, -578182, 803 
1720705402434.00, 119745, -575649, 830 
1720705402457.00, 123033, -573035, 836 
1720705402478.00, 125334, -570349, 851 
1720705402499.00, 127344, -567631, 880 
1720705402522.00, 130278, -564850, 891 
1720705402543.00, 132528, -562025, 912 
1720705402565.00, 134929, -559139, 942 
1720705402587.00, 137971, -556195, 948 
1720705402609.00, 140035, -553183, 941 
1720705402630.00, 140869, -550135, 969 
1720705402652.00, 143066, -547070, 992 
1720705402673.00, 145638, -543953, 1014 
1720705402694.00, 148486, -540763, 1072 
1720705402716.00, 153346, -537524, 1109 
1720705402738.00, 158280, -534166, 1133 
1720705402759.00, 162636, -530696, 1173 
1720705402781.00, 167391, -527134, 1200 
1720705402804.00, 171815, -523470, 1218 
1720705402825.00, 175042, -519721, 1245 
1720705402846.00, 174896, -515881, 1273 
1720705402869.00, 174953, -512065, 1271 
1720705402891.00, 174614, -508240, 1336 
1720705402912.00, 174621, -504414, 1354 
1720705402934.00, 174867, -500601, 1410 
1720705402956.00, 174839, -496790, 1442 
1720705402978.00, 174803, -492965, 1474 
1720705403000.00, 174898, -489144, 1526 
1720705403022.00, 174702, -485318, 1549 
1720705403043.00, 174752, -481501, 1575 
1720705403065.00, 174801, -477683, 1596 
1720705403087.00, 174848, -473875, 1614 
1720705403109.00, 174777, -470046, 1625 
1720705403130.00, 174684, -466216, 1613 
1720705403152.00, 174624, -462408, 1585 
1720705403174.00, 174615, -458587, 1559 
1720705403196.00, 174556, -454780, 1546 
1720705403217.00, 174807, -450966, 1532 
1720705403240.00, 174930, -447152, 1518 
1720705403262.00, 174623, -443333, 1508 
1720705403283.00, 174467, -439519, 1453 
1720705403305.00, 174477, -435707, 1344 
1720705403327.00, 174392, -431913, 1169 
1720705403358.00, 100355, -428138, 943 
1720705403371.00, 57301, -425931, 818 
1720705403393.00, 32240, -424729, 328 
1720705403415.00, 18232, -424049, -219 
1720705403436.00, -2425, -423656, -419 
1720705403457.00, -26863, -423708, -802 
1720705403480.00, -64913, -424269, -821 
1720705403501.00, -88428, -425651, -858 
1720705403523.00, -104543, -427573, -912 
1720705403544.00, -117048, -429855, -912 
1720705403567.00, -124488, -432402, -884 
1720705403588.00, -127217, -435142, -895 
1720705403610.00, -129242, -437905, -920 
1720705403632.00, -132048, -440708, -934 
1720705403653.00, -134355, -443594, -945 
1720705403675.00, -136601, -446512, -896 
1720705403695.00, -134652, -449477, -1123 
1720705403717.00, -147221, -452442, -1040 
1720705403739.00, -149493, -455653, -1098 
1720705403761.00, -154269, -458937, -1115 
1720705403783.00, -158090, -462299, -1121 
1720705403805.00, -160640, -465756, -1145 
1720705403826.00, -163624, -469274, -1157 
1720705403848.00, -166018, -472847, -1133 
1720705403870.00, -165905, -476478, -1139 
1720705403892.00, -165908, -480093, -1120 
1720705403914.00, -164757, -483730, -1065 
1720705403936.00, -160951, -487324, -1030 
1720705403957.00, -156301, -490832, -1025 
1720705403979.00, -153014, -494244, -1028 
1720705404001.00, -151330, -497575, -1052 
1720705404023.00, -151677, -500892, -1099 
1720705404045.00, -154735, -504209, -1139 
1720705404066.00, -159063, -507595, -1168 
1720705404088.00, -163096, -511071, -1191 
1720705404110.00, -167164, -514626, -1187 
1720705404132.00, -168997, -518282, -1200 
1720705404153.00, -170922, -521972, -1186 
1720705404176.00, -171062, -525732, -1203 
1720705404197.00, -172083, -529459, -1201 
1720705404219.00, -172515, -533235, -1188 
1720705404241.00, -172033, -537007, -1183 
1720705404263.00, -171511, -540749, -1190 
1720705404285.00, -171523, -544485, -1167 
1720705404306.00, -169946, -548234, -1158 
1720705404328.00, -168503, -551961, -1174 
1720705404350.00, -168350, -555633, -1174 
1720705404372.00, -168325, -559313, -1159 
1720705404394.00, -167458, -562980, -1158 
1720705404415.00, -166914, -566639, -1169 
1720705404437.00, -167232, -570272, -1167 
1720705404459.00, -167250, -573933, -1150 
1720705404481.00, -166099, -577573, -1113 
1720705404503.00, -162949, -581203, -1078 
1720705404525.00, -158881, -584761, -1013 
1720705404548.00, -152309, -588215, -946 
1720705404569.00, -144284, -591534, -867 
1720705404591.00, -134828, -594645, -734 
1720705404613.00, -75642, -597548, -590 
1720705404634.00, -41080, -599206, -566 
1720705404656.00, -20994, -600100, -393 
1720705404677.00, -9328, -600566, -266 
1720705404699.00, -2549, -600777, -153 
1720705404720.00, 725, -600833, -36 
1720705404742.00, 3072, -600820, 93 
1720705404763.00, 10246, -600739, 266 
1720705404785.00, 24635, -600523, 390 
1720705404807.00, 40691, -599991, 560 
1720705404828.00, 60467, -599135, 568 
1720705404850.00, 72573, -597834, 620 
1720705404871.00, 82673, -596254, 668 
1720705404893.00, 91531, -594466, 703 
1720705404914.00, 98582, -592486, 722 
1720705404936.00, 103847, -590337, 750 
1720705404958.00, 108414, -588088, 794 
1720705404980.00, 113598, -585718, 822 
1720705405002.00, 118454, -583226, 855 
1720705405024.00, 123090, -580648, 905 
1720705405046.00, 128889, -577960, 930 
1720705405067.00, 133732, -575155, 944 
1720705405089.00, 137448, -572243, 964 
1720705405110.00, 140566, -569246, 986 
1720705405131.00, 143548, -566182, 1006 
1720705405153.00, 146433, -563043, 1038 
1720705405175.00, 150005, -559831, 1029 
1720705405198.00, 151523, -556549, 1044 
1720705405218.00, 153191, -553238, 1084 
1720705405240.00, 156509, -549884, 1089 
1720705405262.00, 158708, -546470, 1095 
1720705405284.00, 160326, -542995, 1124 
1720705405306.00, 162952, -539487, 1150 
1720705405327.00, 166186, -535925, 1168 
1720705405349.00, 169058, -532290, 1169 
1720705405376.00, 170638, -528590, 1172 
1720705405393.00, 171712, -524858, 1212 
1720705405414.00, 174519, -521111, 1246 
1720705405436.00, 174621, -517290, 1247 
1720705405458.00, 174711, -513481, 1280 
1720705405480.00, 174882, -509661, 1295 
1720705405502.00, 174536, -505830, 1340 
1720705405524.00, 174590, -502014, 1396 
1720705405545.00, 174567, -498190, 1419 
1720705405567.00, 174744, -494367, 1432 
1720705405589.00, 174737, -490555, 1475 
1720705405611.00, 174819, -486736, 1507 
1720705405633.00, 174976, -482913, 1546 
1720705405654.00, 174483, -479089, 1548 
1720705405676.00, 174536, -475266, 1554 
1720705405698.00, 174634, -471456, 1579 
1720705405719.00, 174770, -467633, 1591 
1720705405742.00, 174899, -463828, 1581 
1720705405763.00, 174812, -459999, 1594 
1720705405785.00, 174813, -456179, 1593 
1720705405807.00, 174402, -452369, 1583 
1720705405829.00, 174554, -448549, 1546 
1720705405851.00, 174746, -444732, 1521 
1720705405873.00, 174703, -440930, 1507 
1720705405895.00, 174521, -437103, 1470 
1720705405921.00, 174512, -433294, 1388 
1720705405938.00, 174450, -429473, 1264 
1720705405961.00, 99929, -425696, 1105 
1720705405983.00, 56756, -423503, 1138 
1720705406005.00, 31439, -422288, 733 
1720705406030.00, 16934, -421623, 334 
1720705406048.00, 9065, -421271, -74 
1720705406069.00, -26, -421095, -339 
1720705406091.00, -20774, -421112, -837 
1720705406112.00, -63940, -421538, -783 
1720705406134.00, -86230, -422868, -854 
1720705406155.00, -103354, -424752, -970 
1720705406178.00, -120490, -427010, -953 
1720705406199.00, -129417, -429638, -937 
1720705406220.00, -133647, -432454, -936 
1720705406242.00, -135704, -435381, -936 
1720705406264.00, -137311, -438347, -968 
1720705406286.00, -139864, -441332, -981 
1720705406306.00, -142066, -444382, -1061 
1720705406329.00, -148139, -447483, -1060 
1720705406350.00, -151545, -450733, -1096 
1720705406372.00, -155723, -454052, -1110 
1720705406393.00, -159000, -457457, -1117 
1720705406415.00, -161014, -460938, -1123 
1720705406438.00, -162756, -464447, -1115 
1720705406459.00, -163090, -468014, -1094 
1720705406480.00, -161962, -471570, -1071 
1720705406502.00, -159876, -475107, -1070 
1720705406524.00, -158663, -478587, -1073 
1720705406546.00, -157914, -482037, -1078 
1720705406569.00, -157766, -485505, -1095 
1720705406590.00, -158847, -488945, -1116 
1720705406612.00, -160410, -492426, -1123 
1720705406634.00, -161805, -495925, -1126 
1720705406656.00, -162682, -499461, -1138 
1720705406677.00, -163732, -503033, -1143 
1720705406699.00, -164605, -506603, -1118 
1720705406721.00, -163593, -510205, -1117 
1720705406743.00, -162690, -513770, -1148 
1720705406765.00, -164202, -517343, -1170 
1720705406786.00, -166340, -520931, -1206 
1720705406809.00, -169944, -524561, -1229 
1720705406830.00, -173454, -528277, -1227 
1720705406852.00, -174905, -532062, -1236 
1720705406874.00, -174715, -535896, -1222 
1720705406896.00, -174706, -539713, -1201 
1720705406917.00, -174102, -543528, -1186 
1720705406939.00, -172907, -547312, -1173 
1720705406961.00, -171243, -551100, -1180 
1720705406982.00, -170611, -554835, -1142 
1720705407005.00, -168028, -558568, -1107 
1720705407026.00, -164132, -562237, -1118 
1720705407048.00, -162487, -565825, -1102 
1720705407070.00, -160572, -569367, -1059 
1720705407092.00, -156729, -572858, -1059 
1720705407116.00, -154420, -576289, -1027 
1720705407137.00, -151074, -579634, -991 
1720705407158.00, -146964, -582932, -943 
1720705407180.00, -141431, -586121, -889 
1720705407202.00, -135032, -589183, -802 
1720705407224.00, -125720, -592109, -686 
1720705407245.00, -113244, -594826, -538 
1720705407267.00, -63604, -597242, -404 
1720705407289.00, -34068, -598639, -312 
1720705407310.00, -17028, -599384, -104 
1720705407332.00, -7170, -599761, 0 
1720705407353.00, -1528, -599918, 103 
1720705407374.00, 7302, -599949, 230 
1720705407396.00, 20887, -599802, 360 
1720705407417.00, 36597, -599352, 621 
1720705407440.00, 61716, -598587, 654 
1720705407461.00, 78667, -597258, 656 
1720705407483.00, 88457, -595568, 735 
1720705407504.00, 98750, -593631, 769 
1720705407526.00, 106712, -591489, 776 
1720705407547.00, 112040, -589165, 797 
1720705407573.00, 116140, -586717, 830 
1720705407591.00, 120502, -584191, 863 
1720705407613.00, 124899, -581565, 891 
1720705407635.00, 129003, -578851, 908 
1720705407656.00, 132572, -576029, 927 
1720705407678.00, 135549, -573137, 939 
1720705407700.00, 138146, -570183, 951 
1720705407722.00, 140233, -567174, 952 
1720705407743.00, 141488, -564124, 979 
1720705407764.00, 143654, -561042, 1009 
1720705407791.00, 146560, -557901, 1021 
1720705407807.00, 148952, -554697, 1032 
1720705407829.00, 150986, -551435, 1076 
1720705407851.00, 154731, -548136, 1069 
1720705407873.00, 156487, -544746, 1090 
1720705407897.00, 158661, -541322, 1109 
1720705407916.00, 161192, -537862, 1115 
1720705407938.00, 162856, -534346, 1138 
1720705407960.00, 164980, -530778, 1170 
1720705407982.00, 168090, -527170, 1205 
1720705408004.00, 171957, -523493, 1205 
1720705408026.00, 174256, -519733, 1240 
1720705408047.00, 174908, -515913, 1264 
1720705408069.00, 174959, -512090, 1286 
1720705408091.00, 174656, -508277, 1309 
1720705408113.00, 174678, -504452, 1330 
1720705408135.00, 174863, -500632, 1354 
1720705408157.00, 174742, -496829, 1366 
1720705408178.00, 174812, -492998, 1396 
1720705408200.00, 174817, -489168, 1423 
1720705408222.00, 174654, -485363, 1410 
1720705408243.00, 174619, -481537, 1416 
1720705408266.00, 174823, -477726, 1451 
1720705408288.00, 174976, -473911, 1449 
1720705408309.00, 174661, -470085, 1457 
1720705408331.00, 174631, -466270, 1473 
1720705408353.00, 174605, -462443, 1470 
1720705408375.00, 174613, -458622, 1458 
1720705408397.00, 174641, -454821, 1451 
1720705408418.00, 174837, -450998, 1462 
1720705408440.00, 174970, -447173, 1452 
1720705408462.00, 174664, -443367, 1430 
1720705408484.00, 174563, -439559, 1383 
1720705408506.00, 174577, -435737, 1320 
1720705408527.00, 174533, -431931, 1222 
1720705408549.00, 100014, -428147, 1060 
1720705408572.00, 56761, -425944, 1008 
1720705408594.00, 31863, -424739, 693 
1720705408615.00, 17270, -424046, 381 
1720705408637.00, 9019, -423692, -3 
1720705408658.00, 3236, -423511, -278 
1720705408680.00, -15040, -423468, -831 
1720705408702.00, -59900, -423768, -836 
1720705408723.00, -86993, -425020, -864 
1720705408745.00, -104490, -426911, -986 
1720705408767.00, -121880, -429198, -977 
1720705408788.00, -131583, -431869, -951 
1720705408810.00, -135902, -434756, -969 
1720705408832.00, -139272, -437706, -980 
1720705408854.00, -141815, -440731, -974 
1720705408874.00, -143091, -443833, -1019 
1720705408896.00, -146452, -446955, -1035 
1720705408918.00, -149492, -450149, -1046 
1720705408939.00, -151632, -453427, -1085 
1720705408961.00, -155268, -456731, -1122 
1720705408983.00, -159407, -460133, -1128 
1720705409005.00, -162279, -463613, -1126 
1720705409026.00, -163603, -467167, -1130 
1720705409049.00, -164560, -470745, -1109 
1720705409070.00, -163999, -474338, -1108 
1720705409092.00, -163097, -477913, -1113 
1720705409113.00, -162913, -481455, -1090 
1720705409135.00, -161600, -485036, -1099 
1720705409158.00, -161159, -488554, -1103 
1720705409180.00, -161211, -492077, -1100 
1720705409202.00, -160972, -495599, -1132 
1720705409223.00, -162631, -499109, -1127 
1720705409245.00, -163377, -502667, -1131 
1720705409267.00, -163596, -506235, -1152 
1720705409288.00, -165233, -509830, -1167 
1720705409310.00, -166638, -513431, -1191 
1720705409332.00, -169059, -517096, -1202 
1720705409354.00, -171088, -520786, -1232 
1720705409376.00, -174305, -524524, -1249 
1720705409397.00, -174929, -528328, -1232 
1720705409420.00, -174726, -532154, -1255 
1720705409441.00, -174565, -535983, -1242 
1720705409463.00, -174642, -539798, -1217 
1720705409485.00, -174788, -543615, -1206 
1720705409506.00, -174516, -547414, -1207 
1720705409529.00, -174550, -551230, -1178 
1720705409551.00, -172666, -555038, -1175 
1720705409572.00, -171244, -558825, -1138 
1720705409594.00, -168070, -562554, -1123 
1720705409616.00, -165269, -566231, -1096 
1720705409637.00, -162001, -569838, -1088 
1720705409659.00, -159592, -573362, -1059 
1720705409681.00, -156417, -576843, -1069 
1720705409703.00, -154970, -580244, -1057 
1720705409726.00, -153398, -583630, -996 
1720705409748.00, -148710, -586957, -943 
1720705409770.00, -142612, -590182, -854 
1720705409791.00, -133474, -593274, -759 
1720705409813.00, -75390, -596138, -627 
1720705409834.00, -41154, -597790, -589 
1720705409856.00, -21364, -598691, -439 
1720705409878.00, -9948, -599162, -321 
1720705409898.00, -3161, -599377, -195 
1720705409921.00, 89, -599442, -56 
1720705409942.00, 2441, -599437, 106 
1720705409964.00, 10297, -599377, 309 
1720705409985.00, 27098, -599167, 381 
1720705410007.00, 41323, -598583, 637 
1720705410028.00, 65302, -597700, 621 
1720705410050.00, 78363, -596293, 670 
1720705410072.00, 88809, -594594, 717 
1720705410093.00, 97767, -592661, 755 
1720705410115.00, 105218, -590537, 770 
1720705410137.00, 110413, -588254, 790 
1720705410159.00, 114723, -585838, 808 
1720705410185.00, 118110, -583338, 817 
1720705410201.00, 120503, -580759, 825 
1720705410223.00, 122328, -578143, 833 
1720705410246.00, 123823, -575483, 837 
1720705410267.00, 125021, -572782, 831 
1720705410290.00, 125173, -570056, 848 
1720705410310.00, 126068, -567334, 883 
1720705410332.00, 128725, -564585, 873 
1720705410354.00, 129537, -561791, 891 
1720705410376.00, 130955, -558978, 898 
1720705410397.00, 132154, -556124, 909 
1720705410419.00, 133467, -553238, 905 
1720705410441.00, 134036, -550329, 908 
1720705410463.00, 134354, -547420, 905 
1720705410485.00, 134334, -544478, 931 
1720705410506.00, 135835, -541564, 973 
1720705410527.00, 139206, -538607, 983 
1720705410549.00, 141870, -535579, 1000 
1720705410570.00, 144291, -532473, 1027 
1720705410592.00, 147094, -529309, 1078 
1720705410614.00, 151879, -526089, 1090 
1720705410635.00, 155571, -522774, 1105 
1720705410658.00, 158457, -519372, 1146 
1720705410679.00, 162538, -515889, 1179 
1720705410701.00, 166910, -512342, 1212 
1720705410729.00, 171485, -508680, 1251 
1720705410745.00, 174974, -504935, 1261 
1720705410767.00, 174642, -501102, 1273 
1720705410788.00, 174762, -497291, 1309 
1720705410810.00, 175051, -493477, 1327 
1720705410832.00, 174800, -489648, 1352 
1720705410854.00, 174598, -485836, 1374 
1720705410875.00, 174726, -482006, 1382 
1720705410899.00, 174662, -478191, 1389 
1720705410920.00, 174770, -474381, 1390 
1720705410941.00, 174952, -470556, 1417 
1720705410963.00, 174886, -466734, 1433 
1720705410984.00, 174531, -462907, 1449 
1720705411006.00, 174755, -459097, 1449 
1720705411028.00, 174824, -455275, 1460 
1720705411050.00, 174671, -451465, 1456 
1720705411072.00, 174880, -447652, 1462 
1720705411094.00, 174842, -443823, 1455 
1720705411116.00, 174636, -440018, 1432 
1720705411138.00, 174467, -436190, 1380 
1720705411158.00, 174614, -432398, 1298 
1720705411182.00, 99664, -428611, 1192 
1720705411204.00, 56194, -426406, 1268 
1720705411226.00, 30936, -425200, 1008 
1720705411248.00, 16470, -424516, 797 
1720705411269.00, 8019, -424162, 493 
1720705411291.00, 3126, -424024, 4 
1720705411312.00, 137, -423970, -284 
1720705411333.00, -17390, -423991, -717 
1720705411355.00, -54484, -424348, -758 
1720705411377.00, -79381, -425492, -811 
1720705411398.00, -96952, -427216, -946 
1720705411420.00, -115291, -429331, -935 
1720705411442.00, -125575, -431856, -923 
1720705411464.00, -130668, -434599, -932 
1720705411485.00, -134346, -437450, -912 
1720705411509.00, -135284, -440359, -888 
1720705411528.00, -134306, -443309, -894 
1720705411551.00, -134236, -446215, -912 
1720705411571.00, -134444, -449135, -1026 
1720705411594.00, -141713, -452097, -964 
1720705411616.00, -142237, -455177, -974 
1720705411636.00, -143040, -458280, -1010 
1720705411659.00, -145571, -461401, -997 
1720705411680.00, -146085, -464567, -997 
1720705411702.00, -146491, -467754, -995 
1720705411723.00, -146247, -470947, -1004 
1720705411746.00, -146534, -474134, -996 
1720705411767.00, -146269, -477332, -1013 
1720705411788.00, -146796, -480530, -1028 
1720705411810.00, -148131, -483746, -1030 
1720705411833.00, -148857, -486994, -1050 
1720705411854.00, -150766, -490250, -1080 
1720705411876.00, -153596, -493564, -1105 
1720705411898.00, -156811, -496916, -1118 
1720705411920.00, -159515, -500353, -1133 
1720705411941.00, -161696, -503831, -1116 
1720705411963.00, -162002, -507362, -1097 
1720705411985.00, -161058, -510910, -1089 
1720705412006.00, -159778, -514408, -1113 
1720705412029.00, -160813, -517915, -1087 
1720705412050.00, -159828, -521420, -1112 
1720705412072.00, -160489, -524913, -1136 
1720705412094.00, -162455, -528415, -1136 
1720705412115.00, -163456, -531954, -1144 
1720705412137.00, -164205, -535543, -1143 
1720705412160.00, -164749, -539134, -1142 
1720705412181.00, -164734, -542740, -1130 
1720705412203.00, -163985, -546330, -1145 
1720705412225.00, -164378, -549926, -1135 
1720705412247.00, -164040, -553508, -1122 
1720705412271.00, -163137, -557090, -1144 
1720705412290.00, -163821, -560645, -1146 
1720705412312.00, -164338, -564210, -1127 
1720705412333.00, -163389, -567818, -1114 
1720705412356.00, -161805, -571368, -1097 
1720705412377.00, -159806, -574924, -1043 
1720705412399.00, -155151, -578403, -1015 
1720705412422.00, -150642, -581795, -967 
1720705412444.00, -144976, -585063, -897 
1720705412465.00, -137487, -588203, -791 
1720705412488.00, -126889, -591185, -711 
1720705412509.00, -115572, -593926, -640 
1720705412530.00, -65193, -596403, -564 
1720705412552.00, -35243, -597831, -513 
1720705412574.00, -17521, -598623, -433 
1720705412596.00, -7524, -599023, -348 
1720705412617.00, -1736, -599192, -262 
1720705412638.00, 800, -599229, -155 
1720705412661.00, 2788, -599218, -63 
1720705412682.00, 4073, -599159, 52 
1720705412704.00, 7813, -599058, 214 
1720705412725.00, 19371, -598882, 353 
1720705412747.00, 34688, -598460, 452 
1720705412768.00, 50006, -597705, 631 
1720705412790.00, 69721, -596636, 639 
1720705412811.00, 81758, -595130, 714 
1720705412833.00, 93222, -593340, 765 
1720705412855.00, 103086, -591314, 795 
1720705412877.00, 110524, -589067, 809 
1720705412899.00, 115763, -586648, 828 
1720705412920.00, 119904, -584126, 855 
1720705412941.00, 123985, -581507, 870 
1720705412963.00, 127077, -578820, 871 
1720705412985.00, 129015, -576043, 872 
1720705413007.00, 130139, -573233, 895 
1720705413029.00, 132008, -570390, 898 
1720705413051.00, 133126, -567530, 903 
1720705413072.00, 133920, -564624, 933 
1720705413094.00, 136264, -561714, 935 
1720705413116.00, 137612, -558742, 949 
1720705413138.00, 139235, -555750, 980 
1720705413159.00, 142099, -552712, 993 
1720705413181.00, 144264, -549618, 999 
1720705413202.00, 146072, -546472, 1013 
1720705413223.00, 147815, -543282, 1040 
1720705413245.00, 150387, -540048, 1052 
1720705413267.00, 152321, -536766, 1047 
1720705413288.00, 153255, -533432, 1067 
1720705413310.00, 154954, -530087, 1080 
1720705413333.00, 156651, -526697, 1086 
1720705413356.00, 158060, -523265, 1097 
1720705413376.00, 159407, -519810, 1116 
1720705413398.00, 161304, -516324, 1126 
1720705413420.00, 163061, -512793, 1139 
1720705413441.00, 164766, -509234, 1178 
1720705413464.00, 167915, -505635, 1216 
1720705413485.00, 171901, -501956, 1249 
1720705413507.00, 174758, -498189, 1274 
1720705413529.00, 174638, -494363, 1290 
1720705413550.00, 174801, -490558, 1291 
1720705413572.00, 174877, -486732, 1317 
1720705413594.00, 174921, -482897, 1333 
1720705413615.00, 174653, -479090, 1352 
1720705413637.00, 174513, -475270, 1390 
1720705413659.00, 174724, -471449, 1408 
1720705413681.00, 174756, -467626, 1432 
1720705413703.00, 174838, -463818, 1437 
1720705413725.00, 174783, -459992, 1432 
1720705413746.00, 174667, -456172, 1416 
1720705413768.00, 174434, -452363, 1384 
1720705413790.00, 174380, -448546, 1353 
1720705413812.00, 174501, -444743, 1325 
1720705413834.00, 174682, -440928, 1282 
1720705413856.00, 174481, -437114, 1206 
1720705413878.00, 171726, -433320, 1069 
1720705413901.00, 161719, -429571, 876 
1720705413922.00, 88742, -426092, 648 
1720705413944.00, 46384, -424158, 485 
1720705413966.00, 22288, -423174, -17 
1720705413987.00, 7510, -422685, -259 
1720705414013.00, -14887, -422553, -635 
1720705414030.00, -50974, -422850, -766 
1720705414052.00, -80655, -423912, -794 
1720705414073.00, -99456, -425666, -904 
1720705414096.00, -117081, -427845, -923 
1720705414119.00, -128640, -430395, -924 
1720705414138.00, -135569, -433193, -915 
1720705414160.00, -138448, -436156, -920 
1720705414182.00, -140468, -439179, -941 
1720705414204.00, -142523, -442239, -933 
1720705414226.00, -143633, -445343, -864 
1720705414246.00, -139693, -448463, -1044 
1720705414268.00, -147894, -451531, -1011 
1720705414290.00, -150900, -454772, -1033 
1720705414312.00, -153783, -458061, -1034 
1720705414334.00, -155547, -461436, -1067 
1720705414355.00, -158210, -464821, -1070 
1720705414377.00, -159985, -468289, -1061 
1720705414399.00, -160248, -471785, -1051 
1720705414421.00, -159703, -475287, -1069 
1720705414442.00, -160465, -478773, -1043 
1720705414464.00, -159302, -482269, -1039 
1720705414486.00, -158162, -485748, -1051 
1720705414507.00, -158068, -489203, -1060 
1720705414529.00, -158436, -492674, -1067 
1720705414557.00, -159112, -496129, -1079 
1720705414573.00, -160070, -499604, -1086 
1720705414595.00, -160840, -503106, -1095 
1720705414617.00, -161657, -506614, -1099 
1720705414639.00, -162428, -510163, -1109 
1720705414661.00, -163129, -513698, -1117 
1720705414683.00, -164089, -517275, -1131 
1720705414705.00, -165325, -520861, -1136 
1720705414725.00, -166381, -524474, -1145 
1720705414748.00, -167520, -528105, -1148 
1720705414770.00, -168276, -531766, -1131 
1720705414792.00, -167440, -535460, -1117 
1720705414813.00, -166186, -539113, -1114 
1720705414835.00, -164966, -542750, -1107 
1720705414857.00, -164028, -546352, -1100 
1720705414879.00, -162736, -549931, -1122 
1720705414900.00, -163343, -553480, -1120 
1720705414923.00, -163585, -557054, -1133 
1720705414944.00, -164306, -560629, -1117 
1720705414966.00, -163824, -564198, -1103 
1720705414988.00, -162417, -567790, -1095 
1720705415010.00, -161160, -571322, -1060 
1720705415031.00, -157982, -574852, -1028 
1720705415055.00, -154244, -578292, -972 
1720705415076.00, -148516, -581646, -924 
1720705415098.00, -142223, -584879, -836 
1720705415120.00, -133164, -587941, -727 
1720705415142.00, -120943, -590821, -613 
1720705415163.00, -106833, -593436, -518 
1720705415185.00, -60917, -595725, -373 
1720705415207.00, -33812, -597044, -284 
1720705415228.00, -17677, -597796, -148 
1720705415250.00, -8626, -598193, -53 
1720705415271.00, -3125, -598390, -20 
1720705415292.00, -60, -598460, 56 
1720705415314.00, 4686, -598465, 138 
1720705415335.00, 12944, -598370, 248 
1720705415357.00, 23904, -598096, 339 
1720705415379.00, 36117, -597578, 383 
1720705415401.00, 45895, -596790, 599 
1720705415422.00, 64880, -595809, 597 
1720705415443.00, 75982, -594402, 647 
1720705415465.00, 85304, -592748, 712 
1720705415487.00, 94764, -590894, 756 
1720705415509.00, 102669, -588846, 777 
1720705415530.00, 108748, -586595, 814 
1720705415552.00, 114611, -584214, 855 
1720705415574.00, 120472, -581726, 852 
1720705415596.00, 123736, -579104, 837 
1720705415617.00, 124679, -576402, 848 
1720705415638.00, 125598, -573686, 838 
1720705415661.00, 125390, -570965, 844 
1720705415683.00, 125540, -568234, 838 
1720705415704.00, 125238, -565500, 844 
1720705415726.00, 125317, -562780, 864 
1720705415748.00, 126438, -560043, 862 
1720705415769.00, 126917, -557286, 855 
1720705415793.00, 126821, -554525, 868 
1720705415814.00, 127526, -551762, 881 
1720705415834.00, 128655, -548993, 890 
1720705415856.00, 129912, -546201, 879 
1720705415878.00, 129725, -543369, 874 
1720705415900.00, 129133, -540545, 874 
1720705415921.00, 128683, -537731, 859 
1720705415942.00, 127661, -534935, 861 
1720705415964.00, 127084, -532151, 867 
1720705415987.00, 126972, -529388, 875 
1720705416009.00, 127419, -526627, 877 
1720705416030.00, 127762, -523852, 898 
1720705416052.00, 129282, -521056, 946 
1720705416074.00, 132923, -518247, 965 
1720705416099.00, 136242, -515349, 992 
1720705416116.00, 139795, -512376, 1059 
1720705416138.00, 145896, -509315, 1079 
1720705416159.00, 150653, -506130, 1098 
1720705416181.00, 154529, -502833, 1120 
1720705416204.00, 158031, -499448, 1135 
1720705416225.00, 160934, -495992, 1160 
1720705416246.00, 164216, -492474, 1174 
1720705416269.00, 166850, -488878, 1191 
1720705416290.00, 169249, -485226, 1246 
1720705416314.00, 173903, -481514, 1290 
1720705416334.00, 174840, -477715, 1320 
1720705416356.00, 174977, -473906, 1349 
1720705416377.00, 174671, -470072, 1374 
1720705416399.00, 174635, -466251, 1382 
1720705416421.00, 174567, -462435, 1373 
1720705416442.00, 174555, -458623, 1344 
1720705416464.00, 174595, -454815, 1321 
1720705416486.00, 174665, -451001, 1307 
1720705416508.00, 174711, -447176, 1264 
1720705416533.00, 174608, -443364, 1216 
1720705416552.00, 174589, -439569, 1175 
1720705416574.00, 172673, -435743, 1127 
1720705416595.00, 168561, -431977, 1063 
1720705416619.00, 95736, -428335, 998 
1720705416641.00, 53377, -426222, 1096 
1720705416661.00, 29027, -425077, 925 
1720705416683.00, 14976, -424436, 777 
1720705416705.00, 6143, -424117, 525 
1720705416726.00, 1145, -424004, 114 
1720705416748.00, -928, -423997, -232 
1720705416770.00, -16328, -424026, -436 
1720705416791.00, -37781, -424373, -725 
1720705416813.00, -67697, -425179, -757 
1720705416834.00, -87457, -426629, -828 
1720705416862.00, -103403, -428543, -872 
1720705416878.00, -115283, -430792, -861 
1720705416900.00, -121563, -433310, -897 
1720705416921.00, -127242, -435968, -909 
1720705416943.00, -131362, -438752, -903 
1720705416969.00, -133288, -441612, -900 
1720705416987.00, -134169, -444522, -902 
1720705417009.00, -134786, -447432, -923 
1720705417030.00, -136379, -450365, -925 
1720705417051.00, -137049, -453331, -923 
1720705417076.00, -137648, -456305, -831 
1720705417094.00, -132093, -459312, -1031 
1720705417117.00, -140641, -462192, -931 
1720705417139.00, -139720, -465251, -957 
1720705417160.00, -140626, -468309, -946 
1720705417185.00, -140500, -471375, -949 
1720705417204.00, -140457, -474424, -952 
1720705417225.00, -140460, -477485, -973 
1720705417248.00, -141615, -480540, -967 
1720705417269.00, -142087, -483631, -983 
1720705417294.00, -143215, -486723, -1003 
1720705417312.00, -145141, -489847, -1014 
1720705417333.00, -146741, -493020, -1016 
1720705417355.00, -147828, -496227, -1016 
1720705417377.00, -148260, -499460, -1021 
1720705417401.00, -148867, -502701, -1014 
1720705417421.00, -148690, -505932, -1020 
1720705417443.00, -148867, -509194, -1012 
1720705417464.00, -148464, -512441, -1003 
1720705417486.00, -147648, -515687, -1024 
1720705417508.00, -148245, -518914, -1035 
1720705417529.00, -149271, -522150, -1030 
1720705417551.00, -149614, -525412, -1009 
1720705417573.00, -148526, -528670, -1026 
1720705417595.00, -148769, -531913, -1023 
1720705417617.00, -148695, -535167, -1018 
1720705417638.00, -148297, -538411, -1027 
1720705417661.00, -148525, -541656, -1058 
1720705417682.00, -150547, -544883, -1039 
1720705417704.00, -150547, -548172, -1033 
1720705417726.00, -149944, -551463, -1043 
1720705417748.00, -150302, -554728, -1025 
1720705417770.00, -149262, -558013, -1000 
1720705417792.00, -147221, -561260, -981 
1720705417814.00, -144607, -564455, -967 
1720705417840.00, -142230, -567597, -924 
1720705417858.00, -138185, -570676, -897 
1720705417880.00, -134049, -573689, -881 
1720705417902.00, -130531, -576596, -853 
1720705417923.00, -126901, -579430, -820 
1720705417946.00, -122473, -582201, -785 
1720705417966.00, -117734, -584852, -741 
1720705417988.00, -112164, -587394, -685 
1720705418010.00, -105506, -589834, -636 
1720705418032.00, -98647, -592128, -566 
1720705418053.00, -90401, -594244, -474 
1720705418075.00, -50998, -596173, -396 
1720705418096.00, -27181, -597291, -334 
1720705418118.00, -13548, -597914, -225 
1720705418140.00, -5686, -598218, -140 
1720705418162.00, -1175, -598348, -96 
1720705418183.00, 913, -598369, 1 
1720705418204.00, 2561, -598353, 93 
1720705418225.00, 9096, -598292, 202 
1720705418247.00, 19867, -598092, 293 
1720705418269.00, 31223, -597669, 376 
1720705418290.00, 43103, -597000, 357 
1720705418312.00, 48953, -596077, 530 
1720705418334.00, 62663, -595022, 525 
1720705418355.00, 70532, -593657, 543 
1720705418377.00, 76162, -592139, 559 
1720705418399.00, 80453, -590475, 580 
1720705418420.00, 84123, -588739, 602 
1720705418442.00, 87327, -586909, 611 
1720705418463.00, 89953, -585020, 630 
1720705418485.00, 92471, -583062, 647 
1720705418511.00, 94927, -581064, 661 
1720705418528.00, 97059, -579006, 692 
1720705418550.00, 100096, -576892, 693 
1720705418571.00, 101892, -574716, 715 
1720705418593.00, 104233, -572502, 739 
1720705418615.00, 107049, -570218, 741 
1720705418637.00, 108708, -567891, 748 
1720705418659.00, 110093, -565526, 763 
1720705418680.00, 111634, -563131, 775 
1720705418702.00, 113302, -560691, 790 
1720705418723.00, 115106, -558221, 827 
1720705418746.00, 118389, -555728, 855 
1720705418767.00, 122020, -553143, 864 
1720705418789.00, 124740, -550481, 886 
1720705418811.00, 127306, -547768, 913 
1720705418832.00, 130366, -544988, 922 
1720705418854.00, 132804, -542155, 941 
1720705418876.00, 135338, -539271, 962 
1720705418897.00, 138057, -536322, 965 
1720705418919.00, 139700, -533306, 977 
1720705418939.00, 141313, -530272, 1000 
1720705418961.00, 143547, -527174, 1015 
1720705418983.00, 145763, -524025, 1037 
1720705419005.00, 148269, -520842, 1065 
1720705419026.00, 151350, -517590, 1088 
1720705419049.00, 154619, -514281, 1098 
1720705419070.00, 156951, -510892, 1119 
1720705419093.00, 159473, -507455, 1150 
1720705419114.00, 162867, -503969, 1163 
1720705419136.00, 165672, -500404, 1179 
1720705419157.00, 168272, -496778, 1208 
1720705419179.00, 171602, -493095, 1224 
1720705419202.00, 174600, -489331, 1206 
1720705419223.00, 174703, -485533, 1215 
1720705419245.00, 174473, -481704, 1223 
1720705419267.00, 174670, -477892, 1227 
1720705419289.00, 174920, -474083, 1227 
1720705419311.00, 174827, -470252, 1253 
1720705419332.00, 174720, -466428, 1252 
1720705419355.00, 174760, -462611, 1262 
1720705419376.00, 174524, -458798, 1258 
1720705419398.00, 174610, -454975, 1256 
1720705419420.00, 174828, -451177, 1248 
1720705419441.00, 174965, -447356, 1227 
1720705419463.00, 173354, -443529, 1173 
1720705419485.00, 169158, -439756, 1125 
1720705419507.00, 163734, -436069, 1072 
1720705419528.00, 157390, -432497, 1010 
1720705419551.00, 86804, -429084, 930 
1720705419573.00, 45605, -427181, 1014 
1720705419594.00, 22184, -426187, 799 
1720705419616.00, 8477, -425693, 685 
1720705419638.00, 232, -425508, 479 
1720705419659.00, -3950, -425511, 153 
1720705419681.00, -6102, -425618, -187 
1720705419703.00, -18800, -425766, -368 
1720705419724.00, -37067, -426175, -707 
1720705419746.00, -68388, -426962, -737 
1720705419768.00, -88749, -428427, -799 
1720705419789.00, -104246, -430350, -862 
1720705419812.00, -117118, -432624, -880 
1720705419832.00, -125593, -435205, -880 
1720705419854.00, -130299, -437941, -894 
1720705419876.00, -133821, -440771, -892 
1720705419898.00, -135668, -443691, -882 
1720705419923.00, -136099, -446647, -883 
1720705419941.00, -136328, -449593, -881 
1720705419963.00, -136136, -452560, -879 
1720705419985.00, -135642, -455522, -880 
1720705420006.00, -135372, -458477, -883 
1720705420028.00, -135300, -461432, -888 
1720705420050.00, -135274, -464366, -879 
1720705420072.00, -134783, -467321, -885 
1720705420094.00, -134589, -470246, -861 
1720705420115.00, -133026, -473168, -955 
1720705420139.00, -137558, -476074, -906 
1720705420158.00, -137342, -479066, -932 
1720705420180.00, -138712, -482045, -945 
1720705420202.00, -140037, -485071, -952 
1720705420224.00, -141057, -488122, -969 
1720705420247.00, -142597, -491202, -957 
1720705420267.00, -142682, -494309, -934 
1720705420289.00, -141279, -497414, -922 
1720705420311.00, -139553, -500499, -903 
1720705420333.00, -137401, -503528, -869 
1720705420355.00, -134055, -506507, -859 
1720705420376.00, -131414, -509430, -873 
1720705420398.00, -130719, -512281, -878 
1720705420419.00, -130468, -515114, -885 
1720705420441.00, -130637, -517960, -907 
1720705420464.00, -131843, -520807, -925 
1720705420484.00, -133641, -523679, -904 
1720705420506.00, -133309, -526595, -902 
1720705420528.00, -132970, -529496, -923 
1720705420550.00, -134085, -532396, -915 
1720705420572.00, -134247, -535311, -913 
1720705420593.00, -134087, -538225, -946 
1720705420614.00, -136059, -541148, -966 
1720705420636.00, -138216, -544107, -932 
1720705420658.00, -137380, -547105, -921 
1720705420684.00, -136054, -550103, -928 
1720705420702.00, -135552, -553068, -913 
1720705420723.00, -134411, -556012, -886 
1720705420745.00, -131904, -558943, -877 
1720705420767.00, -129754, -561803, -882 
1720705420791.00, -129020, -564618, -872 
1720705420810.00, -128020, -567428, -849 
1720705420832.00, -125951, -570204, -860 
1720705420854.00, -125431, -572947, -845 
1720705420875.00, -123994, -575674, -808 
1720705420902.00, -121029, -578365, -775 
1720705420919.00, -117103, -580984, -763 
1720705420941.00, -114005, -583533, -746 
1720705420962.00, -111023, -586009, -693 
1720705420984.00, -106096, -588422, -644 
1720705421006.00, -100015, -590714, -586 
1720705421028.00, -92870, -592884, -517 
1720705421049.00, -53196, -594876, -409 
1720705421070.00, -29623, -596027, -388 
1720705421092.00, -15316, -596685, -328 
1720705421115.00, -7370, -597040, -322 
1720705421136.00, -2612, -597208, -332 
1720705421157.00, 67, -597265, -254 
1720705421178.00, 1330, -597268, -190 
1720705421200.00, 2495, -597246, -70 
1720705421222.00, 3182, -597187, 63 
1720705421243.00, 7369, -597098, 200 
1720705421265.00, 18156, -596937, 302 
1720705421286.00, 30867, -596558, 380 
1720705421308.00, 42531, -595907, 519 
1720705421329.00, 58171, -594996, 625 
1720705421351.00, 73443, -593740, 632 
1720705421373.00, 83010, -592152, 695 
1720705421394.00, 92153, -590339, 756 
1720705421416.00, 101180, -588345, 783 
1720705421438.00, 108244, -586132, 802 
1720705421459.00, 113253, -583767, 824 
1720705421482.00, 117658, -581296, 854 
1720705421503.00, 121924, -578737, 859 
1720705421525.00, 124789, -576080, 848 
1720705421547.00, 125609, -573353, 848 
1720705421568.00, 125930, -570631, 851 
1720705421590.00, 126308, -567888, 850 
1720705421611.00, 126270, -565138, 860 
1720705421633.00, 127010, -562398, 880 
1720705421655.00, 128346, -559626, 886 
1720705421677.00, 129564, -556830, 880 
1720705421699.00, 129876, -554011, 905 
1720705421720.00, 131427, -551188, 916 
1720705421742.00, 133244, -548317, 928 
1720705421763.00, 134775, -545431, 933 
1720705421787.00, 135861, -542506, 939 
1720705421807.00, 136735, -539540, 949 
1720705421829.00, 137758, -536571, 948 
1720705421851.00, 138374, -533554, 960 
1720705421872.00, 139397, -530546, 995 
1720705421894.00, 141977, -527507, 994 
1720705421916.00, 143459, -524414, 994 
1720705421937.00, 144343, -521288, 1007 
1720705421958.00, 145623, -518136, 1029 
1720705421980.00, 147376, -514958, 1034 
1720705422002.00, 148803, -511728, 1054 
1720705422024.00, 150789, -508473, 1061 
1720705422045.00, 152373, -505186, 1063 
1720705422067.00, 153402, -501858, 1079 
1720705422089.00, 154796, -498501, 1109 
1720705422111.00, 157330, -495116, 1128 
1720705422133.00, 160024, -491669, 1150 
1720705422154.00, 162719, -488166, 1187 
1720705422180.00, 166383, -484617, 1199 
1720705422198.00, 169488, -480976, 1226 
1720705422220.00, 173065, -477264, 1264 
1720705422241.00, 174704, -473477, 1289 
1720705422264.00, 174731, -469644, 1298 
1720705422285.00, 174759, -465838, 1305 
1720705422307.00, 174628, -462011, 1307 
1720705422329.00, 174633, -458211, 1292 
1720705422351.00, 174748, -454391, 1288 
1720705422372.00, 174859, -450569, 1283 
1720705422394.00, 174490, -446754, 1267 
1720705422416.00, 174474, -442937, 1232 
1720705422437.00, 174483, -439123, 1185 
1720705422460.00, 173005, -435323, 1115 
1720705422482.00, 167887, -431561, 1014 
1720705422504.00, 94986, -427924, 872 
1720705422526.00, 52726, -425833, 872 
1720705422548.00, 28131, -424714, 549 
1720705422570.00, 14442, -424099, 211 
1720705422591.00, 6463, -423804, -50 
1720705422613.00, -935, -423674, -252 
1720705422634.00, -17162, -423704, -545 
1720705422656.00, -44837, -424077, -674 
1720705422677.00, -69053, -425025, -716 
1720705422699.00, -85738, -426519, -818 
1720705422720.00, -101795, -428394, -836 
1720705422742.00, -112442, -430614, -833 
1720705422763.00, -118330, -433053, -846 
1720705422786.00, -122166, -435649, -826 
1720705422807.00, -123405, -438325, -789 
1720705422830.00, -121811, -440989, -780 
1720705422851.00, -120301, -443645, -809 
1720705422872.00, -121053, -446255, -844 
1720705422895.00, -123411, -448881, -854 
1720705422916.00, -125312, -451597, -884 
1720705422938.00, -127889, -454331, -918 
1720705422960.00, -131906, -457101, -870 
1720705422981.00, -131093, -459989, -995 
1720705423003.00, -138181, -462827, -996 
1720705423024.00, -142282, -465837, -1011 
1720705423047.00, -145746, -468961, -997 
1720705423067.00, -146671, -472122, -1014 
1720705423088.00, -148141, -475335, -1014 
1720705423111.00, -148875, -478574, -1012 
1720705423133.00, -149299, -481813, -1009 
1720705423155.00, -149233, -485086, -1010 
1720705423176.00, -149121, -488345, -1012 
1720705423202.00, -149008, -491605, -1004 
1720705423220.00, -148515, -494866, -1011 
1720705423241.00, -148481, -498094, -1017 
1720705423264.00, -148861, -501352, -1017 
1720705423285.00, -148913, -504597, -1012 
1720705423307.00, -148567, -507857, -1032 
1720705423329.00, -149543, -511108, -1046 
1720705423350.00, -150789, -514358, -1028 
1720705423372.00, -150402, -517668, -1041 
1720705423394.00, -150915, -520954, -1028 
1720705423416.00, -150329, -524255, -1016 
1720705423438.00, -149220, -527545, -1024 
1720705423460.00, -149007, -530789, -1014 
1720705423482.00, -148175, -534051, -995 
1720705423503.00, -146495, -537277, -1005 
1720705423525.00, -145930, -540476, -1001 
1720705423548.00, -145597, -543674, -969 
1720705423570.00, -143290, -546829, -946 
1720705423591.00, -140353, -549949, -916 
1720705423614.00, -136755, -553000, -907 
1720705423635.00, -134118, -555976, -892 
1720705423657.00, -131649, -558900, -885 
1720705423679.00, -129481, -561746, -881 
1720705423700.00, -128163, -564556, -877 
1720705423722.00, -127306, -567351, -877 
1720705423745.00, -126687, -570110, -879 
1720705423765.00, -126276, -572868, -854 
1720705423786.00, -124441, -575625, -835 
1720705423809.00, -122367, -578324, -831 
1720705423830.00, -120772, -580969, -807 
1720705423856.00, -118367, -583602, -795 
1720705423874.00, -116109, -586172, -801 
1720705423896.00, -115015, -588693, -771 
1720705423917.00, -112661, -591195, -700 
1720705423939.00, -106888, -593633, -630 
1720705423963.00, -60445, -595926, -526 
1720705423982.00, -32828, -597240, -451 
1720705424003.00, -16654, -597979, -334 
1720705424026.00, -7419, -598361, -264 
1720705424047.00, -1972, -598532, -186 
1720705424068.00, 347, -598573, -48 
1720705424090.00, 2082, -598567, 70 
1720705424111.00, 7407, -598516, 216 
1720705424134.00, 19081, -598344, 354 
1720705424155.00, 34642, -597932, 390 
1720705424177.00, 45812, -597180, 637 
1720705424198.00, 67399, -596196, 651 
1720705424220.00, 81121, -594741, 694 
1720705424241.00, 91641, -592979, 753 
1720705424263.00, 101176, -590980, 801 
1720705424285.00, 109855, -588783, 827 
1720705424306.00, 116265, -586381, 830 
1720705424328.00, 120208, -583843, 858 
1720705424349.00, 124040, -581217, 898 
1720705424372.00, 128737, -578519, 923 
1720705424393.00, 132871, -575717, 902 
1720705424415.00, 134081, -572825, 906 
1720705424437.00, 134795, -569903, 908 
1720705424459.00, 135231, -566958, 918 
1720705424480.00, 136209, -564018, 919 
1720705424502.00, 136588, -561055, 929 
1720705424525.00, 137171, -558084, 946 
1720705424545.00, 138485, -555102, 961 
1720705424567.00, 140267, -552085, 969 
1720705424589.00, 141668, -549029, 978 
1720705424610.00, 142832, -545952, 981 
1720705424632.00, 143759, -542838, 990 
1720705424653.00, 144690, -539705, 1016 
1720705424674.00, 146873, -536541, 1051 
1720705424697.00, 150021, -533324, 1060 
1720705424719.00, 152576, -530047, 1066 
1720705424740.00, 154200, -526716, 1084 
1720705424762.00, 156155, -523343, 1085 
1720705424784.00, 157440, -519921, 1079 
1720705424806.00, 157664, -516479, 1080 
1720705424828.00, 157874, -513033, 1098 
1720705424849.00, 159171, -509578, 1095 
1720705424871.00, 159741, -506109, 1098 
1720705424893.00, 160046, -502607, 1103 
1720705424914.00, 160035, -499107, 1107 
1720705424937.00, 160760, -495598, 1114 
1720705424959.00, 161263, -492098, 1121 
1720705424980.00, 161938, -488570, 1113 
1720705425002.00, 161668, -485024, 1115 
1720705425024.00, 161464, -481500, 1124 
1720705425045.00, 162001, -477962, 1127 
1720705425068.00, 162554, -474416, 1125 
1720705425090.00, 162714, -470877, 1140 
1720705425111.00, 163962, -467318, 1153 
1720705425133.00, 165212, -463730, 1163 
1720705425155.00, 166583, -460121, 1162 
1720705425182.00, 167081, -456490, 1166 
1720705425198.00, 167409, -452831, 1167 
1720705425220.00, 167581, -449170, 1151 
1720705425242.00, 166700, -445506, 1129 
1720705425264.00, 164852, -441863, 1107 
1720705425286.00, 162428, -438270, 1064 
1720705425309.00, 158342, -434731, 995 
1720705425331.00, 151793, -431296, 893 
1720705425352.00, 85941, -428031, 771 
1720705425373.00, 47538, -426148, 759 
1720705425395.00, 25001, -425132, 564 
1720705425416.00, 11787, -424585, 304 
1720705425438.00, 4075, -424332, 62 
1720705425460.00, -95, -424257, -234 
1720705425481.00, -15745, -424264, -412 
1720705425503.00, -36403, -424604, -645 
1720705425524.00, -62684, -425371, -711 
1720705425546.00, -82088, -426712, -773 
1720705425568.00, -97030, -428503, -813 
1720705425590.00, -108345, -430608, -833 
1720705425611.00, -116107, -432974, -852 
1720705425633.00, -121712, -435525, -852 
1720705425655.00, -124930, -438178, -838 
1720705425676.00, -125832, -440883, -834 
1720705425697.00, -126119, -443634, -851 
1720705425720.00, -127282, -446373, -870 
1720705425741.00, -128874, -449145, -902 
1720705425764.00, -131733, -451960, -910 
1720705425785.00, -133460, -454835, -904 
1720705425807.00, -134403, -457742, -919 
1720705425828.00, -135733, -460681, -931 
1720705425851.00, -137104, -463619, -935 
1720705425872.00, -138174, -466602, -932 
1720705425894.00, -138585, -469616, -925 
1720705425916.00, -138291, -472617, -915 
1720705425937.00, -137514, -475634, -907 
1720705425959.00, -136321, -478620, -919 
1720705425981.00, -136040, -481576, -901 
1720705426002.00, -134822, -484560, -899 
1720705426024.00, -133978, -487499, -924 
1720705426046.00, -134671, -490409, -948 
1720705426068.00, -136596, -493348, -954 
1720705426089.00, -138299, -496320, -963 
1720705426111.00, -139691, -499321, -984 
1720705426132.00, -141882, -502378, -996 
1720705426154.00, -143669, -505443, -990 
1720705426176.00, -144481, -508583, -992 
1720705426196.00, -145002, -511719, -1003 
1720705426220.00, -145737, -514881, -985 
1720705426241.00, -145098, -518055, -949 
1720705426263.00, -142292, -521207, -939 
1720705426285.00, -140119, -524308, -908 
1720705426307.00, -136677, -527345, -857 
1720705426328.00, -131575, -530312, -832 
1720705426350.00, -126884, -533186, -830 
1720705426372.00, -123916, -535945, -825 
1720705426394.00, -122076, -538627, -842 
1720705426415.00, -121934, -541290, -867 
1720705426436.00, -123206, -543936, -865 
1720705426458.00, -123649, -546612, -859 
1720705426480.00, -123747, -549325, -854 
1720705426501.00, -123524, -552013, -859 
1720705426523.00, -123577, -554679, -854 
1720705426545.00, -123318, -557370, -840 
1720705426567.00, -122365, -560058, -829 
1720705426594.00, -120880, -562715, -797 
1720705426611.00, -117854, -565339, -778 
1720705426632.00, -114972, -567907, -768 
1720705426654.00, -112877, -570401, -781 
1720705426676.00, -112336, -572863, -760 
1720705426698.00, -110729, -575303, -733 
1720705426719.00, -108098, -577707, -727 
1720705426741.00, -106196, -580039, -738 
1720705426762.00, -105612, -582366, -715 
1720705426784.00, -103889, -584658, -686 
1720705426806.00, -101091, -586911, -691 
1720705426828.00, -99625, -589109, -661 
1720705426849.00, -96817, -591265, -595 
1720705426871.00, -91361, -593360, -502 
1720705426893.00, -51669, -595320, -431 
1720705426914.00, -28006, -596440, -365 
1720705426935.00, -14019, -597073, -251 
1720705426957.00, -6157, -597396, -191 
1720705426979.00, -1505, -597538, -136 
1720705427001.00, 410, -597568, -27 
1720705427022.00, 1929, -597563, 71 
1720705427044.00, 7468, -597512, 184 
1720705427064.00, 17312, -597350, 271 
1720705427087.00, 28425, -596977, 364 
1720705427108.00, 40717, -596374, 396 
1720705427136.00, 49593, -595505, 620 
1720705427152.00, 68539, -594430, 598 
1720705427173.00, 78256, -592943, 674 
1720705427195.00, 88543, -591246, 725 
1720705427216.00, 97628, -589325, 740 
1720705427238.00, 103703, -587206, 738 
1720705427260.00, 107126, -584953, 749 
1720705427282.00, 109875, -582620, 746 
1720705427303.00, 110891, -580232, 708 
1720705427325.00, 109233, -577815, 706 
1720705427347.00, 108112, -575441, 715 
1720705427369.00, 107986, -573086, 695 
1720705427391.00, 106518, -570743, 690 
1720705427412.00, 105192, -568437, 719 
1720705427434.00, 105900, -566143, 722 
1720705427456.00, 106615, -563826, 692 
1720705427477.00, 105436, -561510, 710 
1720705427498.00, 105516, -559233, 728 
1720705427521.00, 106425, -556922, 706 
1720705427542.00, 105780, -554611, 714 
1720705427564.00, 105947, -552311, 749 
1720705427586.00, 107792, -550000, 745 
1720705427607.00, 108688, -547645, 745 
1720705427629.00, 109228, -545283, 769 
1720705427651.00, 110936, -542919, 794 
1720705427672.00, 113457, -540489, 799 
1720705427694.00, 115011, -538015, 818 
1720705427716.00, 117242, -535507, 840 
1720705427737.00, 119685, -532960, 857 
1720705427760.00, 122136, -530350, 864 
1720705427781.00, 124071, -527677, 872 
1720705427803.00, 125832, -524975, 906 
1720705427824.00, 128686, -522247, 939 
1720705427846.00, 132237, -519451, 974 
1720705427867.00, 136345, -516563, 1006 
1720705427889.00, 140546, -513578, 1035 
1720705427911.00, 144868, -510491, 1071 
1720705427932.00, 149415, -507311, 1089 
1720705427955.00, 153262, -504040, 1104 
1720705427976.00, 156321, -500687, 1116 
1720705427998.00, 158819, -497269, 1130 
1720705428019.00, 161222, -493800, 1145 
1720705428041.00, 163481, -490269, 1155 
1720705428064.00, 165350, -486694, 1171 
1720705428085.00, 167429, -483072, 1177 
1720705428107.00, 168924, -479418, 1182 
1720705428129.00, 169990, -475719, 1174 
1720705428150.00, 169868, -472009, 1166 
1720705428173.00, 169361, -468294, 1162 
1720705428194.00, 168772, -464594, 1166 
1720705428216.00, 168989, -460908, 1161 
1720705428238.00, 168511, -457230, 1160 
1720705428260.00, 168099, -453534, 1160 
1720705428282.00, 167591, -449865, 1139 
1720705428304.00, 165885, -446206, 1098 
1720705428326.00, 162287, -442576, 1052 
1720705428347.00, 157428, -439038, 1013 
1720705428370.00, 152175, -435616, 933 
1720705428391.00, 144118, -432320, 820 
1720705428413.00, 81478, -429211, 693 
1720705428435.00, 44788, -427437, 680 
1720705428456.00, 23303, -426470, 415 
1720705428478.00, 11204, -425964, 149 
1720705428500.00, 4203, -425738, -83 
1720705428521.00, -4409, -425656, -252 
1720705428543.00, -19845, -425762, -529 
1720705428565.00, -46031, -426178, -643 
1720705428586.00, -68225, -427144, -676 
1720705428607.00, -83407, -428635, -771 
1720705428629.00, -97852, -430433, -803 
1720705428651.00, -108151, -432556, -807 
1720705428673.00, -114475, -434934, -799 
1720705428694.00, -117588, -437426, -786 
1720705428716.00, -118720, -439966, -794 
1720705428738.00, -119412, -442559, -791 
1720705428759.00, -119759, -445172, -773 
1720705428782.00, -118737, -447760, -758 
1720705428803.00, -117147, -450344, -781 
1720705428825.00, -117494, -452891, -807 
1720705428847.00, -119216, -455452, -818 
1720705428868.00, -120819, -458051, -827 
1720705428891.00, -122192, -460682, -873 
1720705428911.00, -125670, -463335, -901 
1720705428934.00, -129371, -466072, -908 
1720705428955.00, -131728, -468898, -934 
1720705428977.00, -134647, -471767, -945 
1720705428999.00, -137108, -474707, -902 
1720705429021.00, -135773, -477688, -901 
1720705429042.00, -134895, -480639, -909 
1720705429064.00, -134833, -483575, -896 
1720705429085.00, -133960, -486502, -891 
1720705429108.00, -133082, -489410, -885 
1720705429129.00, -132225, -492303, -882 
1720705429151.00, -131395, -495176, -876 
1720705429173.00, -130342, -498024, -874 
1720705429194.00, -129620, -500878, -861 
1720705429215.00, -128108, -503704, -855 
1720705429238.00, -126901, -506478, -866 
1720705429260.00, -126807, -509245, -895 
1720705429281.00, -128582, -511998, -896 
1720705429303.00, -129441, -514789, -889 
1720705429330.00, -129493, -517625, -873 
1720705429346.00, -128630, -520447, -821 
1720705429368.00, -124818, -523239, -832 
1720705429389.00, -123203, -525954, -825 
1720705429411.00, -121926, -528622, -820 
1720705429439.00, -120566, -531265, -834 
1720705429455.00, -120494, -533905, -837 
1720705429477.00, -120727, -536532, -815 
1720705429498.00, -119615, -539150, -788 
1720705429520.00, -117279, -541755, -805 
1720705429542.00, -116762, -544301, -822 
1720705429563.00, -117438, -546831, -823 
1720705429585.00, -117880, -549411, -802 
1720705429607.00, -116955, -551969, -799 
1720705429629.00, -116185, -554493, -801 
1720705429652.00, -115690, -557021, -794 
1720705429672.00, -114891, -559553, -764 
1720705429694.00, -112491, -562042, -745 
1720705429716.00, -110160, -564483, -757 
1720705429737.00, -109274, -566884, -752 
1720705429761.00, -108378, -569267, -729 
1720705429781.00, -106597, -571612, -715 
1720705429803.00, -104636, -573934, -717 
1720705429824.00, -103445, -576216, -684 
1720705429846.00, -100828, -578460, -650 
1720705429875.00, -97347, -580646, -659 
1720705429889.00, -95642, -582763, -641 
1720705429911.00, -93518, -584835, -599 
1720705429933.00, -89839, -586850, -592 
1720705429954.00, -87184, -588796, -564 
1720705429988.00, -83783, -590678, -531 
1720705429997.00, -79776, -592495, -519 
1720705430019.00, -76643, -594221, -464 
1720705430041.00, -43546, -595865, -451 
1720705430062.00, -23631, -596820, -420 
1720705430084.00, -12130, -597356, -394 
1720705430106.00, -5305, -597629, -365 
1720705430127.00, -1217, -597751, -370 
1720705430148.00, 415, -597778, -329 
1720705430171.00, 1751, -597775, -301 
1720705430192.00, 2658, -597739, -247 
1720705430213.00, 3252, -597682, -203 
1720705430235.00, 3495, -597612, -168 
1720705430257.00, 3705, -597532, -135 
1720705430279.00, 3844, -597449, -102 
1720705430299.00, 3765, -597367, -79 
1720705430321.00, 3688, -597285, -53 
1720705430343.00, 3583, -597203, -36 
1720705430365.00, 3432, -597121, -17 
1720705430386.00, 3239, -597044, 8 
1720705430407.00, 3132, -596975, 4 
1720705430429.00, 3126, -596909, -13 
1720705430450.00, 3073, -596841, 8 
1720705430471.00, 2863, -596775, 17 
1720705430493.00, 3948, -596711, 13 
1720705430515.00, 4268, -596628, 16 
1720705430536.00, 4670, -596538, 17 
1720705430558.00, 5001, -596438, 27 
1720705430579.00, 5678, -596334, 35 
1720705430600.00, 6347, -596213, 40 
1720705430660.00, 7151, -596081, 36 
1720705430660.00, 7264, -595930, 40 
1720705430665.00, 7831, -595777, 37 
1720705430687.00, 0, -595612, -67 
1720705430707.00, 0, -595584, -73 
1720705430728.00, 0, -595582, -68 
1720705430749.00, 0, -595584, -80 
1720705430770.00, 0, -595582, -74 
1720705430791.00, 0, -595582, -60 
1720705430813.00, 0, -595582, -73 
1720705430834.00, 0, -595583, -68 
1720705430855.00, 0, -595582, -61 
1720705430876.00, -1, -595583, -70 
1720705430897.00, 0, -595583, -70 
1720705430918.00, 0, -595582, -65 
1720705430939.00, 0, -595583, -67 
1720705430960.00, 0, -595583, -70 
1720705430981.00, 32, -595583, -67 
1720705431002.00, 0, -595582, -66 
1720705431023.00, 0, -595583, -70 
1720705431044.00, 0, -595583, -68 
1720705431065.00, 0, -595583, -66 
1720705431086.00, 0, -595582, -69 
1720705431107.00, 0, -595582, -68 
1720705431128.00, 0, -595582, -68 
1720705431149.00, 0, -595583, -68 
1720705431171.00, 21, -595583, -68 
1720705431191.00, 0, -595583, -68 
1720705431212.00, 0, -595582, -68 
1720705431234.00, 0, -595583, -68 
1720705431255.00, 0, -595583, -68 
1720705431275.00, 0, -595582, -68 
1720705431297.00, -50, -595583, -68 
1720705431318.00, 0, -595583, -68 
1720705431339.00, 0, -595582, -68 
1720705431360.00, 0, -595583, -68 
1720705431381.00, 0, -595583, -68 
1720705431401.00, 0, -595582, -68 
1720705431423.00, 0, -595584, -68 
1720705431444.00, 0, -595582, -68 
1720705431465.00, 0, -595583, -68 
1720705431486.00, 0, -595584, -68 
1720705431507.00, 0, -595583, -68 
1720705431528.00, 0, -595583, -68 
1720705431549.00, -39, -595583, -68 
1720705431570.00, 0, -595584, -68 
1720705431591.00, 0, -595583, -68 
1720705431612.00, 0, -595583, -68 
1720705431633.00, 0, -595583, -68 
1720705431654.00, 17, -595583, -68 
1720705431675.00, -49, -595582, -68 
1720705431696.00, 0, -595584, -68 
1720705431717.00, 6, -595583, -68 
1720705431739.00, -3, -595583, -68 
1720705431760.00, 0, -595583, -68 
1720705431780.00, 0, -595584, -68 
1720705431802.00, 0, -595583, -68 
1720705431822.00, 0, -595584, -68 
1720705431843.00, 0, -595583, -68 
1720705431865.00, 0, -595582, -68 
1720705431885.00, 0, -595583, -68 
1720705431907.00, 0, -595583, -68 
1720705431927.00, 0, -595584, -68 
1720705431949.00, 0, -595582, -68 
1720705431969.00, 0, -595583, -68 
1720705431991.00, 0, -595583, -68 
1720705432011.00, 0, -595583, -68 
1720705432032.00, 0, -595583, -68 
1720705432054.00, 0, -595583, -68 
1720705432075.00, -2, -595584, -68 
1720705432096.00, 0, -595583, -68 
1720705432117.00, 0, -595583, -68 
1720705432138.00, 0, -595583, -68 
1720705432159.00, 0, -595583, -68 
1720705432179.00, 0, -595583, -68 
1720705432201.00, 0, -595583, -68 
1720705432222.00, 0, -595584, -68 
1720705432243.00, 0, -595583, -68 
1720705432265.00, 0, -595583, -68 
1720705432285.00, 0, -595583, -68 
1720705432306.00, 0, -595584, -68 
1720705432327.00, 0, -595584, -68 
1720705432348.00, 0, -595584, -68 
1720705432369.00, 0, -595583, -68 
1720705432390.00, -21, -595583, -68 
1720705432411.00, 0, -595583, -68 
1720705432432.00, 0, -595584, -68 
1720705432453.00, 0, -595583, -68 
1720705432475.00, 1, -595583, -68 
1720705432495.00, 0, -595582, -68 
1720705432517.00, 0, -595583, -68 
1720705432538.00, 0, -595583, -68 
1720705432558.00, 0, -595584, -68 
1720705432592.00, 0, -595584, -68 
1720705432601.00, 0, -595583, -68 
1720705432621.00, 0, -595584, -68 
1720705432643.00, 0, -595584, -68 
1720705432664.00, -58, -595583, -68 
1720705432685.00, 0, -595584, -68 
1720705432706.00, 38, -595583, -68 
1720705432727.00, 0, -595583, -68 
1720705432749.00, 0, -595583, -68 
1720705432770.00, 0, -595584, -68 
1720705432790.00, 0, -595584, -68 
1720705432811.00, 49, -595583, -68 
1720705432832.00, 0, -595583, -68 
1720705432853.00, 0, -595583, -68 
1720705432875.00, 0, -595584, -68 
1720705432896.00, 0, -595583, -68 
1720705432916.00, 0, -595583, -68 
1720705432938.00, 0, -595583, -68 
1720705432959.00, 0, -595583, -68 
1720705432980.00, 18, -595583, -68 
1720705433001.00, 6, -595584, -68 
1720705433022.00, 0, -595583, -68 
1720705433043.00, 0, -595583, -68 
1720705433064.00, 0, -595583, -68 
1720705433085.00, 0, -595584, -68 
1720705433106.00, 0, -595582, -68 
1720705433127.00, 0, -595583, -68 
1720705433148.00, 0, -595583, -68 
1720705433169.00, 0, -595583, -68 
1720705433190.00, 0, -595583, -68 
1720705433211.00, 0, -595584, -68 
1720705433233.00, 0, -595584, -66 
1720705433253.00, 60, -595583, -67 
1720705433274.00, 0, -595582, -66 
1720705433296.00, 0, -595584, -68 
1720705433317.00, -1, -595584, -68 
1720705433338.00, 0, -595584, -67 
1720705433358.00, -6, -595583, -69 
1720705433379.00, 0, -595584, -68 
1720705433400.00, -50, -595583, -69 
1720705433421.00, 0, -595584, -68 
1720705433443.00, 0, -595583, -68 
1720705433464.00, 0, -595584, -68 
1720705433485.00, 0, -595583, -67 
1720705433506.00, 0, -595584, -68 
1720705433527.00, 0, -595585, -67 
1720705433548.00, 0, -595583, -67 
1720705433569.00, 0, -595584, -68 
1720705433590.00, 0, -595584, -68 
1720705433611.00, 0, -595584, -68 
