1720088531516.00, 64, -609352, -165 
1720088531538.00, 38, -609350, -163 
1720088531559.00, 64, -609349, -159 
1720088531581.00, 62, -609347, -153 
1720088531602.00, 60, -609346, -148 
1720088531624.00, 61, -609345, -143 
1720088531645.00, 64, -609344, -142 
1720088531667.00, 63, -609342, -144 
1720088531688.00, 56, -609341, -136 
1720088531709.00, 57, -609339, -133 
1720088531731.00, 59, -609338, -133 
1720088531752.00, 36, -609336, -131 
1720088531773.00, 62, -609335, -126 
1720088531796.00, 38, -609334, -121 
1720088531817.00, 67, -609333, -119 
1720088531841.00, 7, -609332, -116 
1720088531859.00, -5, -609331, -115 
1720088531881.00, 63, -609330, -113 
1720088531902.00, -1, -609329, -111 
1720088531923.00, 57, -609329, -108 
1720088531944.00, 68, -609328, -104 
1720088531966.00, -5, -609326, -104 
1720088531988.00, -1, -609328, -106 
1720088532008.00, 1, -609326, -102 
1720088532030.00, 0, -609326, -100 
1720088532051.00, 0, -609325, -105 
1720088532073.00, 0, -609326, -106 
1720088532094.00, 0, -609326, -109 
1720088532115.00, 1, -609326, -114 
1720088532137.00, 0, -609326, -114 
1720088532158.00, 0, -609326, -117 
1720088532179.00, 0, -609325, -119 
1720088532200.00, 0, -609327, -120 
1720088532222.00, 0, -609326, -117 
1720088532243.00, 0, -609326, -116 
1720088532264.00, 0, -609326, -116 
1720088532286.00, 0, -609326, -112 
1720088532307.00, 0, -609325, -107 
1720088532328.00, 0, -609325, -103 
1720088532350.00, 0, -609325, -100 
1720088532371.00, 0, -609325, -97 
1720088532392.00, 3, -609324, -94 
1720088532413.00, 0, -609324, -95 
1720088532435.00, 0, -609324, -93 
1720088532455.00, 0, -609323, -88 
1720088532477.00, 0, -609324, -87 
1720088532501.00, -3, -609322, -84 
1720088532519.00, 0, -609323, -79 
1720088532540.00, 0, -609322, -73 
1720088532562.00, 1, -609322, -68 
1720088532583.00, 33, -609322, -62 
1720088532609.00, 0, -609321, -54 
1720088532626.00, 12, -609320, -47 
1720088532647.00, 0, -609320, -42 
1720088532668.00, 0, -609319, -41 
1720088532689.00, 0, -609319, -40 
1720088532710.00, 0, -609318, -37 
1720088532733.00, 0, -609318, -34 
1720088532753.00, 10, -609318, -37 
1720088532775.00, 32, -609318, -38 
1720088532795.00, 0, -609318, -37 
1720088532817.00, 0, -609317, -36 
1720088532839.00, 0, -609317, -39 
1720088532860.00, 0, -609318, -41 
1720088532881.00, 0, -609318, -42 
1720088532902.00, 32, -609318, -43 
1720088532923.00, 0, -609317, -43 
1720088532945.00, 0, -609317, -45 
1720088532965.00, 0, -609316, -43 
1720088532987.00, 0, -609316, -45 
1720088533008.00, 0, -609317, -48 
1720088533029.00, -15, -609317, -50 
1720088533050.00, 0, -609317, -54 
1720088533073.00, 0, -609317, -59 
1720088533093.00, 0, -609317, -60 
1720088533114.00, 0, -609317, -53 
1720088533135.00, 0, -609316, -49 
1720088533156.00, -1, -609316, -49 
1720088533178.00, 0, -609317, -46 
1720088533198.00, -1, -609316, -43 
1720088533220.00, 0, -609316, -42 
1720088533241.00, 0, -609316, -39 
1720088533263.00, 0, -609315, -36 
1720088533284.00, 1, -609315, -35 
1720088533305.00, -5, -609316, -36 
1720088533327.00, 1, -609315, -32 
1720088533347.00, 0, -609315, -30 
1720088533373.00, 0, -609315, -27 
1720088533389.00, 0, -609315, -30 
1720088533411.00, 0, -609315, -31 
1720088533432.00, 0, -609315, -31 
1720088533454.00, 0, -609315, -29 
1720088533475.00, 0, -609315, -31 
1720088533495.00, 0, -609315, -32 
1720088533517.00, -1, -609315, -34 
1720088533538.00, 0, -609315, -32 
1720088533560.00, 0, -609315, -29 
1720088533581.00, -24, -609314, -30 
1720088533602.00, 0, -609315, -27 
1720088533623.00, 0, -609315, -26 
1720088533644.00, 0, -609315, -25 
1720088533666.00, -51, -609314, -26 
1720088533686.00, 0, -609315, -24 
1720088533709.00, 0, -609314, -23 
1720088533729.00, 0, -609314, -21 
1720088533750.00, 57, -609314, -19 
1720088533772.00, 0, -609314, -19 
1720088533793.00, 0, -609314, -17 
1720088533814.00, 0, -609314, -11 
1720088533835.00, 0, -609313, -9 
1720088533857.00, 38, -609313, -9 
1720088533877.00, 1, -609313, -9 
1720088533898.00, 0, -609312, -7 
1720088533920.00, 0, -609314, -4 
1720088533941.00, 0, -609311, -2 
1720088533961.00, 0, -609312, 0 
1720088533983.00, 0, -609311, 4 
1720088534004.00, 0, -609311, 7 
1720088534028.00, 0, -609310, 12 
1720088534046.00, 869, -609311, 14 
1720088534068.00, 1381, -609299, 12 
1720088534090.00, 1534, -609267, 15 
1720088534111.00, 1767, -609234, 17 
1720088534133.00, 2034, -609196, 18 
1720088534154.00, 2264, -609155, 19 
1720088534176.00, 2426, -609106, 22 
1720088534197.00, 2796, -609053, 21 
1720088534218.00, 2933, -608995, 24 
1720088534240.00, 3239, -608932, 27 
1720088534261.00, 3582, -608864, 29 
1720088534283.00, 3918, -608790, 30 
1720088534304.00, 4188, -608706, 31 
1720088534326.00, 4410, -608615, 32 
1720088534347.00, 4592, -608521, 33 
1720088534370.00, 4679, -608428, 36 
1720088534390.00, 4999, -608324, 41 
1720088534412.00, 5405, -608218, 43 
1720088534434.00, 5593, -608103, 43 
1720088534454.00, 5863, -607977, 41 
1720088534476.00, 5866, -607853, 40 
1720088534497.00, 5805, -607726, 37 
1720088534519.00, 5525, -607598, 34 
1720088534540.00, 5231, -607476, 33 
1720088534561.00, 5066, -607365, 31 
1720088534583.00, 4809, -607257, 27 
1720088534605.00, 4431, -607152, 24 
1720088534626.00, 4022, -607056, 24 
1720088534647.00, 3907, -606969, 23 
1720088534669.00, 3679, -606886, 22 
1720088534693.00, 3426, -606806, 20 
1720088534712.00, 3105, -606732, 20 
1720088534734.00, 2928, -606663, 19 
1720088534755.00, 2883, -606600, 16 
1720088534776.00, 2670, -606539, 16 
1720088534798.00, 2564, -606483, 18 
1720088534819.00, 2513, -606429, 17 
1720088534841.00, 2426, -606373, 15 
1720088534862.00, 2320, -606322, 13 
1720088534884.00, 2162, -606273, 10 
1720088534909.00, 0, -606228, 3 
1720088534926.00, 0, -606224, 1 
1720088534947.00, 0, -606224, -11 
1720088534968.00, 0, -606225, -23 
1720088534989.00, 0, -606226, -41 
1720088535016.00, -16, -606228, -79 
1720088535032.00, 0, -606231, -125 
1720088535053.00, 0, -606233, -177 
1720088535074.00, 0, -606237, -226 
1720088535096.00, 0, -606239, -268 
1720088535117.00, 0, -606242, -316 
1720088535139.00, 6, -606244, -341 
1720088535160.00, 0, -606245, -353 
1720088535181.00, 7, -606246, -371 
1720088535203.00, -67, -606245, -385 
1720088535223.00, 0, -606245, -385 
1720088535245.00, 0, -606246, -370 
1720088535267.00, 0, -606245, -367 
1720088535287.00, 0, -606244, -351 
1720088535308.00, 0, -606245, -326 
1720088535330.00, 0, -606243, -293 
1720088535351.00, 0, -606242, -276 
1720088535372.00, 0, -606241, -257 
1720088535394.00, 0, -606238, -220 
1720088535416.00, 0, -606237, -197 
1720088535437.00, -4, -606237, -192 
1720088535458.00, 0, -606238, -186 
1720088535480.00, 0, -606236, -177 
1720088535501.00, 0, -606237, -179 
1720088535522.00, 0, -606236, -183 
1720088535543.00, 0, -606237, -197 
1720088535566.00, 0, -606238, -195 
1720088535586.00, 0, -606236, -185 
1720088535607.00, 0, -606237, -176 
1720088535628.00, 0, -606237, -171 
1720088535650.00, 0, -606236, -169 
1720088535674.00, 1, -606236, -164 
1720088535693.00, 0, -606235, -146 
1720088535713.00, 0, -606233, -130 
1720088535734.00, -1, -606233, -124 
1720088535756.00, 0, -606233, -122 
1720088535777.00, 0, -606233, -116 
1720088535800.00, 54, -606233, -111 
1720088535820.00, -2, -606233, -107 
1720088535842.00, 0, -606232, -109 
1720088535863.00, 0, -606232, -115 
1720088535885.00, 0, -606234, -115 
1720088535905.00, 0, -606232, -110 
1720088535926.00, 0, -606233, -103 
1720088535948.00, 20, -606232, -96 
1720088535969.00, 0, -606232, -95 
1720088535991.00, 0, -606232, -97 
1720088536011.00, 0, -606232, -94 
1720088536033.00, 0, -606231, -91 
1720088536054.00, 0, -606231, -85 
1720088536075.00, 0, -606231, -82 
1720088536097.00, 0, -606232, -87 
1720088536118.00, 0, -606232, -89 
1720088536138.00, 0, -606231, -86 
1720088536160.00, 0, -606231, -87 
1720088536181.00, 0, -606231, -82 
1720088536202.00, 0, -606231, -75 
1720088536224.00, 0, -606229, -67 
1720088536245.00, 0, -606230, -64 
1720088536266.00, 0, -606229, -59 
1720088536288.00, 0, -606228, -51 
1720088536309.00, 0, -606229, -44 
1720088536339.00, 0, -606228, -42 
1720088536351.00, 0, -606229, -42 
1720088536372.00, 0, -606228, -40 
1720088536393.00, 0, -606228, -38 
1720088536414.00, 0, -606229, -43 
1720088536437.00, 0, -606229, -49 
1720088536457.00, 0, -606228, -53 
1720088536477.00, 0, -606229, -55 
1720088536499.00, 0, -606229, -56 
1720088536520.00, 0, -606229, -55 
1720088536542.00, 0, -606229, -56 
1720088536562.00, 0, -606229, -54 
1720088536584.00, 0, -606229, -52 
1720088536605.00, 0, -606228, -51 
1720088536626.00, 0, -606229, -48 
1720088536648.00, 0, -606229, -46 
1720088536669.00, 0, -606229, -44 
1720088536690.00, 0, -606229, -43 
1720088536712.00, 0, -606228, -43 
1720088536733.00, 0, -606229, -42 
1720088536754.00, 0, -606229, -43 
1720088536776.00, 67, -606228, -44 
1720088536797.00, -4, -606229, -43 
1720088536818.00, 64, -606230, -44 
1720088536840.00, 0, -606229, -46 
1720088536861.00, 0, -606230, -47 
1720088536882.00, 0, -606228, -47 
1720088536903.00, 0, -606229, -46 
1720088536925.00, 0, -606228, -42 
1720088536946.00, 0, -606228, -42 
1720088536967.00, 0, -606228, -44 
1720088536988.00, 0, -606228, -43 
1720088537009.00, 0, -606228, -40 
1720088537031.00, 0, -606229, -39 
1720088537052.00, 0, -606228, -38 
1720088537073.00, 0, -606228, -39 
1720088537094.00, 0, -606228, -37 
1720088537116.00, 0, -606228, -35 
1720088537136.00, 0, -606227, -33 
1720088537157.00, 0, -606228, -33 
1720088537179.00, 0, -606227, -33 
1720088537204.00, 0, -606228, -33 
1720088537221.00, 0, -606228, -33 
1720088537242.00, 0, -606228, -33 
1720088537264.00, 0, -606228, -32 
1720088537284.00, -31, -606228, -31 
1720088537307.00, 0, -606229, -31 
1720088537327.00, 0, -606228, -30 
1720088537349.00, 0, -606228, -30 
1720088537370.00, 0, -606228, -31 
1720088537391.00, 0, -606228, -34 
1720088537412.00, 0, -606228, -39 
1720088537433.00, 0, -606229, -47 
1720088537455.00, 0, -606229, -59 
1720088537476.00, 2, -606230, -73 
1720088537497.00, 12, -606232, -90 
1720088537519.00, 0, -606233, -125 
1720088537539.00, 0, -606232, -132 
1720088537561.00, 0, -606231, -116 
1720088537583.00, 1, -606230, -63 
1720088537603.00, -2, -606222, 46 
1720088537625.00, 2964, -606204, 158 
1720088537647.00, 10954, -606129, 323 
1720088537668.00, 26252, -605889, 336 
1720088537690.00, 35923, -605327, 605 
1720088537711.00, 57962, -604551, 640 
1720088537733.00, 73191, -603308, 679 
1720088537756.00, 84481, -601722, 749 
1720088537776.00, 95343, -599885, 742 
1720088537799.00, 101305, -597816, 741 
1720088537821.00, 104618, -595619, 724 
1720088537842.00, 105636, -593331, 724 
1720088537863.00, 106033, -591031, 755 
1720088537885.00, 108355, -588731, 780 
1720088537907.00, 111014, -586371, 792 
1720088537928.00, 113128, -583953, 851 
1720088537951.00, 117918, -581488, 872 
1720088537972.00, 122019, -578922, 892 
1720088537994.00, 125441, -576255, 954 
1720088538016.00, 131464, -573512, 992 
1720088538036.00, 137122, -570654, 1009 
1720088538058.00, 141399, -567653, 1054 
1720088538079.00, 146504, -564547, 1097 
1720088538102.00, 152171, -561339, 1121 
1720088538124.00, 157025, -558008, 1162 
1720088538145.00, 162227, -554566, 1206 
1720088538167.00, 167969, -551023, 1233 
1720088538191.00, 172824, -547340, 1268 
1720088538211.00, 174916, -543558, 1311 
1720088538233.00, 174856, -539743, 1352 
1720088538254.00, 174707, -535913, 1398 
1720088538276.00, 174701, -532087, 1433 
1720088538303.00, 175053, -528262, 1470 
1720088538320.00, 174667, -524449, 1500 
1720088538341.00, 174553, -520631, 1525 
1720088538366.00, 174725, -516817, 1546 
1720088538385.00, 174848, -512999, 1572 
1720088538408.00, 174872, -509178, 1581 
1720088538429.00, 174609, -505353, 1597 
1720088538451.00, 174823, -501535, 1614 
1720088538472.00, 174558, -497724, 1639 
1720088538494.00, 174631, -493909, 1654 
1720088538516.00, 174883, -490087, 1664 
1720088538538.00, 174858, -486269, 1677 
1720088538560.00, 174585, -482441, 1683 
1720088538581.00, 174687, -478623, 1706 
1720088538603.00, 174825, -474819, 1705 
1720088538625.00, 174723, -471000, 1709 
1720088538646.00, 174778, -467192, 1704 
1720088538669.00, 174785, -463362, 1707 
1720088538690.00, 174803, -459542, 1674 
1720088538713.00, 174366, -455745, 1625 
1720088538734.00, 174252, -451931, 1552 
1720088538756.00, 174593, -448123, 1464 
1720088538778.00, 174630, -444309, 1380 
1720088538800.00, 174563, -440502, 1344 
1720088538822.00, 174409, -436695, 1245 
1720088538846.00, 174115, -432890, 1123 
1720088538866.00, 166643, -429096, 996 
1720088538888.00, 92029, -425498, 849 
1720088538909.00, 48825, -423478, 862 
1720088538931.00, 23771, -422434, 594 
1720088538957.00, 9489, -421908, 385 
1720088538974.00, 1220, -421695, 267 
1720088538996.00, -2945, -421685, 4 
1720088539017.00, -5846, -421753, -193 
1720088539039.00, -18643, -421901, -475 
1720088539060.00, -43420, -422304, -668 
1720088539082.00, -69619, -423214, -770 
1720088539104.00, -91279, -424724, -846 
1720088539125.00, -108353, -426711, -891 
1720088539147.00, -121014, -429090, -912 
1720088539169.00, -130090, -431733, -879 
1720088539189.00, -132931, -434584, -1032 
1720088539212.00, -143967, -437483, -979 
1720088539233.00, -147004, -440612, -1006 
1720088539256.00, -150306, -443838, -996 
1720088539282.00, -151470, -447106, -1009 
1720088539298.00, -152800, -450426, -1010 
1720088539320.00, -153642, -453760, -1012 
1720088539342.00, -153933, -457110, -1036 
1720088539364.00, -155570, -460486, -1051 
1720088539387.00, -157197, -463884, -1061 
1720088539408.00, -158622, -467327, -1087 
1720088539429.00, -160817, -470790, -1094 
1720088539451.00, -162616, -474307, -1104 
1720088539472.00, -164081, -477874, -1144 
1720088539494.00, -167243, -481442, -1165 
1720088539517.00, -170306, -485105, -1192 
1720088539538.00, -173917, -488826, -1203 
1720088539560.00, -174867, -492625, -1200 
1720088539582.00, -174693, -496450, -1209 
1720088539604.00, -174649, -500281, -1226 
1720088539626.00, -174588, -504092, -1243 
1720088539647.00, -174742, -507909, -1245 
1720088539669.00, -174891, -511713, -1290 
1720088539691.00, -174865, -515535, -1298 
1720088539712.00, -174699, -519371, -1306 
1720088539735.00, -174628, -523183, -1325 
1720088539756.00, -174687, -527001, -1353 
1720088539778.00, -174779, -530799, -1362 
1720088539800.00, -174787, -534617, -1383 
1720088539823.00, -174428, -538434, -1388 
1720088539843.00, -174591, -542262, -1369 
1720088539865.00, -174566, -546076, -1362 
1720088539887.00, -174612, -549898, -1355 
1720088539909.00, -174823, -553693, -1357 
1720088539933.00, -174777, -557519, -1347 
1720088539953.00, -174607, -561330, -1347 
1720088539974.00, -174612, -565145, -1310 
1720088539997.00, -174654, -568976, -1297 
1720088540018.00, -174717, -572780, -1272 
1720088540040.00, -174641, -576592, -1246 
1720088540062.00, -174447, -580393, -1202 
1720088540084.00, -171659, -584212, -1142 
1720088540105.00, -166366, -587944, -1053 
1720088540128.00, -157886, -591580, -994 
1720088540155.00, -149419, -594989, -922 
1720088540171.00, -82523, -598215, -819 
1720088540193.00, -43348, -600024, -856 
1720088540215.00, -20673, -600973, -710 
1720088540237.00, -7663, -601450, -652 
1720088540259.00, -102, -601637, -658 
1720088540279.00, 3844, -601651, -527 
1720088540301.00, 6805, -601564, -243 
1720088540323.00, 8420, -601392, 112 
1720088540344.00, 15045, -601185, 582 
1720088540366.00, 47690, -600844, 781 
1720088540388.00, 79223, -599862, 616 
1720088540409.00, 87790, -598147, 782 
1720088540431.00, 102551, -596237, 853 
1720088540453.00, 115264, -593994, 856 
1720088540474.00, 123023, -591480, 911 
1720088540496.00, 130741, -588798, 959 
1720088540518.00, 138126, -585946, 983 
1720088540538.00, 143900, -582929, 1017 
1720088540560.00, 149105, -579780, 1034 
1720088540582.00, 153155, -576523, 1067 
1720088540604.00, 157292, -573174, 1092 
1720088540626.00, 161052, -569738, 1107 
1720088540647.00, 164123, -566219, 1133 
1720088540669.00, 167358, -562626, 1151 
1720088540691.00, 170287, -558969, 1184 
1720088540713.00, 173786, -555248, 1220 
1720088540734.00, 174846, -551446, 1248 
1720088540757.00, 174894, -547615, 1286 
1720088540778.00, 174877, -543795, 1317 
1720088540800.00, 174732, -539983, 1368 
1720088540822.00, 174897, -536159, 1397 
1720088540843.00, 175018, -532345, 1439 
1720088540866.00, 174660, -528517, 1480 
1720088540888.00, 174740, -524696, 1506 
1720088540909.00, 174728, -520881, 1538 
1720088540931.00, 174841, -517062, 1554 
1720088540953.00, 174743, -513248, 1583 
1720088540975.00, 174794, -509426, 1624 
1720088540996.00, 174918, -505608, 1634 
1720088541018.00, 174669, -501786, 1628 
1720088541040.00, 174639, -497970, 1648 
1720088541062.00, 174743, -494157, 1696 
1720088541084.00, 174786, -490333, 1691 
1720088541106.00, 174769, -486512, 1702 
1720088541128.00, 174757, -482685, 1756 
1720088541149.00, 174571, -478861, 1764 
1720088541171.00, 174789, -475049, 1745 
1720088541194.00, 174705, -471230, 1764 
1720088541215.00, 174795, -467422, 1767 
1720088541237.00, 174686, -463596, 1745 
1720088541258.00, 174652, -459784, 1681 
1720088541280.00, 174530, -455975, 1636 
1720088541302.00, 174513, -452152, 1574 
1720088541324.00, 174620, -448350, 1486 
1720088541346.00, 174601, -444541, 1385 
1720088541367.00, 174838, -440728, 1304 
1720088541389.00, 174622, -436908, 1256 
1720088541411.00, 174449, -433103, 1144 
1720088541434.00, 173206, -429293, 974 
1720088541456.00, 101329, -425563, 768 
1720088541478.00, 59354, -423362, 669 
1720088541499.00, 34783, -422104, 324 
1720088541521.00, 20673, -421357, 52 
1720088541542.00, 12394, -420910, -119 
1720088541563.00, 216, -420664, -485 
1720088541585.00, -27890, -420661, -844 
1720088541607.00, -66925, -421232, -905 
1720088541628.00, -93738, -422659, -959 
1720088541651.00, -113157, -424695, -960 
1720088541671.00, -124313, -427185, -1102 
1720088541697.00, -139456, -429907, -1076 
1720088541715.00, -146849, -432965, -1093 
1720088541737.00, -151991, -436193, -1108 
1720088541758.00, -155936, -439521, -1157 
1720088541780.00, -161229, -442947, -1191 
1720088541802.00, -166548, -446471, -1190 
1720088541824.00, -169517, -450119, -1218 
1720088541846.00, -172921, -453824, -1245 
1720088541867.00, -174797, -457606, -1241 
1720088541889.00, -174660, -461430, -1245 
1720088541911.00, -174618, -465238, -1274 
1720088541933.00, -174724, -469062, -1279 
1720088541955.00, -174771, -472856, -1279 
1720088541976.00, -174636, -476685, -1273 
1720088541998.00, -174629, -480503, -1275 
1720088542019.00, -174552, -484327, -1305 
1720088542041.00, -174606, -488131, -1319 
1720088542064.00, -174708, -491956, -1339 
1720088542085.00, -174812, -495765, -1378 
1720088542107.00, -174294, -499584, -1380 
1720088542130.00, -174481, -503409, -1380 
1720088542151.00, -174535, -507212, -1386 
1720088542172.00, -174729, -511024, -1407 
1720088542195.00, -174911, -514827, -1421 
1720088542216.00, -174817, -518660, -1429 
1720088542244.00, -174745, -522477, -1450 
1720088542260.00, -174546, -526296, -1432 
1720088542281.00, -174609, -530103, -1448 
1720088542304.00, -174820, -533930, -1456 
1720088542325.00, -174818, -537743, -1442 
1720088542348.00, -174563, -541557, -1456 
1720088542369.00, -174597, -545375, -1429 
1720088542391.00, -174626, -549195, -1403 
1720088542412.00, -174549, -553003, -1391 
1720088542435.00, -174512, -556811, -1368 
1720088542457.00, -174681, -560634, -1373 
1720088542478.00, -174592, -564434, -1347 
1720088542500.00, -174676, -568257, -1291 
1720088542521.00, -174609, -572068, -1271 
1720088542543.00, -174550, -575888, -1246 
1720088542565.00, -174618, -579680, -1201 
1720088542587.00, -171674, -583497, -1158 
1720088542609.00, -167436, -587232, -1078 
1720088542631.00, -159902, -590889, -970 
1720088542653.00, -149148, -594355, -863 
1720088542675.00, -82428, -597561, -778 
1720088542697.00, -43214, -599375, -819 
1720088542718.00, -20513, -600322, -703 
1720088542740.00, -7665, -600796, -680 
1720088542761.00, -86, -600980, -659 
1720088542786.00, 3679, -600992, -494 
1720088542805.00, 6432, -600913, -251 
1720088542826.00, 8195, -600748, 66 
1720088542848.00, 13004, -600559, 366 
1720088542870.00, 32912, -600256, 885 
1720088542895.00, 77126, -599576, 595 
1720088542912.00, 85720, -597945, 742 
1720088542935.00, 98679, -596072, 930 
1720088542956.00, 117799, -593924, 840 
1720088542978.00, 123675, -591348, 935 
1720088543002.00, 132576, -588664, 960 
1720088543021.00, 139114, -585764, 948 
1720088543042.00, 142208, -582733, 970 
1720088543062.00, 145274, -579633, 1008 
1720088543086.00, 149259, -576456, 1028 
1720088543107.00, 152614, -573197, 1055 
1720088543129.00, 155987, -569855, 1078 
1720088543151.00, 159136, -566443, 1130 
1720088543172.00, 164020, -562964, 1162 
1720088543194.00, 168776, -559381, 1169 
1720088543219.00, 171892, -555678, 1204 
1720088543238.00, 174845, -551920, 1230 
1720088543260.00, 174853, -548090, 1238 
1720088543281.00, 174778, -544260, 1264 
1720088543304.00, 174830, -540455, 1294 
1720088543326.00, 174634, -536641, 1340 
1720088543347.00, 174715, -532813, 1380 
1720088543369.00, 174784, -529003, 1397 
1720088543391.00, 174854, -525175, 1430 
1720088543412.00, 174688, -521361, 1438 
1720088543436.00, 174730, -517534, 1476 
1720088543457.00, 174778, -513724, 1486 
1720088543478.00, 174846, -509905, 1516 
1720088543499.00, 174861, -506081, 1539 
1720088543521.00, 174854, -502261, 1549 
1720088543545.00, 174738, -498442, 1568 
1720088543565.00, 174511, -494619, 1567 
1720088543587.00, 174749, -490806, 1574 
1720088543608.00, 175030, -486992, 1592 
1720088543631.00, 174704, -483159, 1625 
1720088543652.00, 174668, -479353, 1632 
1720088543674.00, 174797, -475528, 1612 
1720088543695.00, 174580, -471715, 1599 
1720088543718.00, 174731, -467904, 1597 
1720088543740.00, 174902, -464092, 1592 
1720088543764.00, 174927, -460265, 1580 
1720088543783.00, 174648, -456457, 1536 
1720088543805.00, 174565, -452640, 1492 
1720088543827.00, 174686, -448833, 1402 
1720088543848.00, 174574, -445017, 1320 
1720088543874.00, 174740, -441205, 1225 
1720088543892.00, 174552, -437389, 1123 
1720088543915.00, 171854, -433585, 981 
1720088543937.00, 161466, -429870, 744 
1720088543959.00, 94382, -426397, 465 
1720088543982.00, 55141, -424367, 324 
1720088544001.00, 32288, -423190, 8 
1720088544023.00, 18474, -422501, -219 
1720088544045.00, -1139, -422126, -772 
1720088544066.00, -47187, -422135, -840 
1720088544092.00, -78667, -423076, -897 
1720088544110.00, -100457, -424783, -959 
1720088544131.00, -117029, -426989, -981 
1720088544152.00, -128141, -429546, -1053 
1720088544174.00, -138937, -432354, -1030 
1720088544197.00, -144062, -435419, -1031 
1720088544218.00, -146925, -438570, -1049 
1720088544240.00, -149622, -441771, -1090 
1720088544262.00, -153646, -445059, -1122 
1720088544283.00, -157892, -448403, -1139 
1720088544306.00, -161369, -451877, -1170 
1720088544327.00, -165132, -455397, -1195 
1720088544349.00, -168931, -459010, -1222 
1720088544371.00, -172834, -462697, -1228 
1720088544392.00, -174926, -466468, -1228 
1720088544414.00, -174545, -470300, -1246 
1720088544436.00, -174818, -474111, -1245 
1720088544457.00, -174781, -477929, -1228 
1720088544479.00, -174728, -481724, -1230 
1720088544502.00, -174804, -485555, -1245 
1720088544524.00, -174894, -489362, -1244 
1720088544545.00, -174761, -493193, -1274 
1720088544567.00, -174838, -497015, -1306 
1720088544589.00, -174815, -500837, -1321 
1720088544610.00, -174803, -504636, -1344 
1720088544632.00, -174795, -508454, -1378 
1720088544654.00, -174757, -512275, -1396 
1720088544675.00, -174803, -516097, -1363 
1720088544698.00, -174612, -519923, -1378 
1720088544719.00, -174714, -523736, -1384 
1720088544741.00, -174869, -527548, -1390 
1720088544763.00, -174812, -531352, -1407 
1720088544785.00, -174635, -535178, -1396 
1720088544807.00, -174834, -538993, -1387 
1720088544830.00, -174643, -542820, -1375 
1720088544850.00, -174553, -546630, -1374 
1720088544873.00, -174915, -550445, -1369 
1720088544894.00, -174881, -554258, -1362 
1720088544916.00, -174672, -558087, -1346 
1720088544937.00, -174565, -561889, -1321 
1720088544959.00, -174665, -565708, -1263 
1720088544981.00, -174681, -569523, -1251 
1720088545003.00, -174644, -573331, -1227 
1720088545025.00, -174749, -577142, -1185 
1720088545046.00, -173669, -580958, -1147 
1720088545068.00, -170493, -584747, -1067 
1720088545092.00, -163608, -588465, -984 
1720088545113.00, -154500, -592011, -875 
1720088545135.00, -142441, -595344, -737 
1720088545157.00, -80975, -598420, -627 
1720088545181.00, -44667, -600175, -525 
1720088545200.00, -23690, -601144, -280 
1720088545221.00, -11780, -601673, -127 
1720088545243.00, -4654, -601936, -22 
1720088545264.00, -465, -602029, 153 
1720088545286.00, 10381, -602038, 346 
1720088545307.00, 28626, -601816, 648 
1720088545329.00, 58024, -601217, 626 
1720088545351.00, 74194, -599988, 654 
1720088545373.00, 85082, -598379, 718 
1720088545394.00, 95227, -596529, 762 
1720088545416.00, 103780, -594456, 793 
1720088545437.00, 110499, -592200, 832 
1720088545460.00, 116791, -589778, 888 
1720088545481.00, 123776, -587234, 896 
1720088545502.00, 128449, -584527, 922 
1720088545524.00, 132593, -581727, 966 
1720088545546.00, 137731, -578839, 963 
1720088545568.00, 140465, -575838, 996 
1720088545588.00, 143933, -572776, 1019 
1720088545610.00, 147415, -569631, 1029 
1720088545632.00, 149831, -566407, 1063 
1720088545654.00, 153299, -563125, 1079 
1720088545675.00, 156273, -559773, 1099 
1720088545698.00, 158974, -556350, 1139 
1720088545719.00, 162856, -552883, 1137 
1720088545741.00, 165161, -549315, 1169 
1720088545763.00, 168225, -545699, 1197 
1720088545784.00, 171700, -542019, 1209 
1720088545806.00, 174101, -538267, 1210 
1720088545828.00, 174814, -534455, 1218 
1720088545850.00, 174699, -530634, 1287 
1720088545871.00, 174816, -526812, 1324 
1720088545893.00, 174714, -522995, 1377 
1720088545916.00, 174754, -519176, 1420 
1720088545937.00, 174989, -515344, 1436 
1720088545959.00, 174656, -511522, 1478 
1720088545981.00, 174571, -507699, 1505 
1720088546003.00, 174672, -503897, 1545 
1720088546024.00, 174815, -500074, 1548 
1720088546046.00, 174936, -496252, 1560 
1720088546068.00, 174680, -492433, 1577 
1720088546090.00, 174862, -488611, 1584 
1720088546112.00, 174571, -484796, 1593 
1720088546133.00, 174567, -480984, 1601 
1720088546155.00, 174749, -477160, 1604 
1720088546177.00, 174791, -473349, 1573 
1720088546199.00, 174613, -469528, 1547 
1720088546221.00, 174801, -465712, 1536 
1720088546242.00, 174670, -461887, 1525 
1720088546266.00, 174683, -458092, 1510 
1720088546286.00, 174734, -454272, 1474 
1720088546308.00, 174884, -450444, 1416 
1720088546330.00, 174613, -446639, 1371 
1720088546354.00, 174374, -442823, 1299 
1720088546373.00, 174423, -439018, 1211 
1720088546396.00, 174571, -435205, 1078 
1720088546418.00, 167574, -431421, 911 
1720088546440.00, 96001, -427806, 676 
1720088546461.00, 54479, -425723, 527 
1720088546483.00, 29987, -424569, 128 
1720088546505.00, 16184, -423914, -242 
1720088546526.00, -5452, -423586, -677 
1720088546548.00, -45091, -423696, -867 
1720088546570.00, -80141, -424617, -890 
1720088546592.00, -102395, -426349, -937 
1720088546612.00, -118002, -428601, -1049 
1720088546634.00, -134107, -431199, -1068 
1720088546656.00, -144512, -434131, -1092 
1720088546677.00, -152072, -437307, -1097 
1720088546699.00, -156809, -440625, -1115 
1720088546721.00, -160569, -444070, -1133 
1720088546743.00, -163685, -447570, -1149 
1720088546765.00, -166344, -451160, -1167 
1720088546786.00, -169140, -454795, -1193 
1720088546808.00, -172132, -458485, -1209 
1720088546830.00, -174822, -462250, -1213 
1720088546852.00, -174802, -466054, -1241 
1720088546874.00, -174776, -469877, -1272 
1720088546896.00, -174624, -473696, -1242 
1720088546917.00, -174676, -477534, -1278 
1720088546939.00, -174720, -481323, -1279 
1720088546961.00, -174836, -485149, -1268 
1720088546983.00, -174804, -488952, -1311 
1720088547004.00, -174719, -492785, -1319 
1720088547027.00, -174754, -496601, -1337 
1720088547050.00, -174565, -500433, -1351 
1720088547070.00, -174638, -504245, -1371 
1720088547091.00, -174899, -508056, -1396 
1720088547114.00, -174772, -511875, -1410 
1720088547136.00, -174446, -515688, -1412 
1720088547157.00, -174745, -519507, -1406 
1720088547179.00, -174725, -523323, -1411 
1720088547201.00, -174658, -527138, -1415 
1720088547223.00, -174838, -530947, -1431 
1720088547245.00, -174972, -534771, -1467 
1720088547266.00, -174864, -538595, -1534 
1720088547289.00, -174826, -542419, -1577 
1720088547310.00, -174768, -546227, -1622 
1720088547332.00, -174750, -550056, -1626 
1720088547354.00, -174718, -553859, -1636 
1720088547377.00, -174781, -557678, -1623 
1720088547397.00, -174811, -561497, -1574 
1720088547419.00, -174427, -565306, -1556 
1720088547441.00, -174426, -569116, -1471 
1720088547462.00, -174539, -572916, -1316 
1720088547486.00, -174597, -576719, -1193 
1720088547507.00, -171092, -580526, -1168 
1720088547528.00, -167583, -584266, -1080 
1720088547551.00, -160323, -587905, -981 
1720088547573.00, -149776, -591388, -931 
1720088547599.00, -140257, -594632, -842 
1720088547616.00, -77250, -597642, -665 
1720088547637.00, -39994, -599345, -632 
1720088547659.00, -18883, -600224, -446 
1720088547681.00, -6843, -600645, -308 
1720088547702.00, -3, -600802, -228 
1720088547724.00, 3796, -600809, -92 
1720088547745.00, 2645, -600726, 53 
1720088547767.00, 5375, -600647, 316 
1720088547788.00, 22044, -600517, 713 
1720088547810.00, 56475, -600058, 696 
1720088547831.00, 75910, -598876, 726 
1720088547853.00, 88840, -597222, 869 
1720088547875.00, 105211, -595292, 923 
1720088547897.00, 117976, -592985, 942 
1720088547918.00, 126573, -590404, 998 
1720088547939.00, 135047, -587650, 1049 
1720088547961.00, 143039, -584690, 1051 
1720088547983.00, 147749, -581555, 1065 
1720088548004.00, 151385, -578314, 1094 
1720088548029.00, 155144, -575015, 1092 
1720088548048.00, 157340, -571621, 1070 
1720088548070.00, 157199, -568180, 1095 
1720088548091.00, 158366, -564745, 1114 
1720088548113.00, 160092, -561286, 1108 
1720088548136.00, 160818, -557776, 1142 
1720088548157.00, 163170, -554265, 1190 
1720088548179.00, 167539, -550702, 1200 
1720088548201.00, 170552, -547037, 1253 
1720088548223.00, 174975, -543304, 1280 
1720088548245.00, 174787, -539483, 1301 
1720088548266.00, 174702, -535659, 1343 
1720088548288.00, 174582, -531840, 1353 
1720088548310.00, 174747, -528012, 1409 
1720088548332.00, 174650, -524188, 1420 
1720088548353.00, 174712, -520376, 1452 
1720088548375.00, 174764, -516563, 1484 
1720088548397.00, 174701, -512742, 1498 
1720088548419.00, 174845, -508912, 1520 
1720088548441.00, 174711, -505109, 1539 
1720088548463.00, 174646, -501291, 1547 
1720088548485.00, 174723, -497470, 1580 
1720088548507.00, 174777, -493661, 1632 
1720088548528.00, 174720, -489841, 1649 
1720088548549.00, 174932, -486008, 1662 
1720088548572.00, 174929, -482188, 1704 
1720088548594.00, 174523, -478370, 1743 
1720088548615.00, 174470, -474556, 1737 
1720088548637.00, 174583, -470742, 1715 
1720088548659.00, 174487, -466928, 1717 
1720088548681.00, 174440, -463111, 1663 
1720088548702.00, 174443, -459297, 1589 
1720088548724.00, 174338, -455495, 1509 
1720088548746.00, 174238, -451688, 1398 
1720088548770.00, 174297, -447891, 1299 
1720088548789.00, 174515, -444087, 1172 
1720088548812.00, 169767, -440297, 994 
1720088548835.00, 156117, -436623, 744 
1720088548856.00, 132857, -433251, 473 
1720088548878.00, 102489, -430416, 198 
1720088548902.00, 55804, -428250, -154 
1720088548921.00, 18477, -427045, -400 
1720088548943.00, -17169, -426641, -860 
1720088548965.00, -66648, -426971, -893 
1720088548986.00, -97502, -428361, -911 
1720088549008.00, -116822, -430479, -903 
1720088549029.00, -127558, -433044, -995 
1720088549050.00, -139272, -435841, -1019 
1720088549072.00, -147416, -438890, -1010 
1720088549093.00, -151577, -442118, -1044 
1720088549116.00, -155866, -445435, -1066 
1720088549137.00, -159493, -448835, -1082 
1720088549159.00, -162500, -452342, -1126 
1720088549181.00, -166768, -455874, -1141 
1720088549202.00, -170123, -459533, -1167 
1720088549224.00, -173381, -463238, -1174 
1720088549248.00, -174811, -467047, -1233 
1720088549269.00, -174626, -470873, -1239 
1720088549290.00, -174567, -474679, -1246 
1720088549312.00, -174706, -478502, -1249 
1720088549333.00, -174971, -482307, -1275 
1720088549356.00, -174811, -486131, -1281 
1720088549377.00, -174620, -489947, -1282 
1720088549399.00, -174750, -493768, -1280 
1720088549421.00, -174631, -497574, -1294 
1720088549443.00, -174664, -501405, -1315 
1720088549464.00, -174862, -505215, -1340 
1720088549486.00, -174866, -509038, -1347 
1720088549508.00, -174629, -512842, -1350 
1720088549530.00, -174645, -516680, -1349 
1720088549552.00, -174611, -520486, -1348 
1720088549574.00, -174712, -524297, -1351 
1720088549595.00, -174764, -528120, -1347 
1720088549617.00, -174448, -531930, -1353 
1720088549639.00, -174553, -535767, -1364 
1720088549660.00, -174640, -539566, -1355 
1720088549683.00, -174755, -543392, -1356 
1720088549704.00, -174918, -547192, -1388 
1720088549727.00, -174865, -551014, -1416 
1720088549748.00, -174739, -554826, -1407 
1720088549770.00, -174538, -558661, -1384 
1720088549791.00, -174606, -562468, -1369 
1720088549813.00, -174638, -566289, -1368 
1720088549835.00, -174687, -570077, -1314 
1720088549857.00, -174655, -573896, -1288 
1720088549878.00, -174562, -577701, -1248 
1720088549901.00, -174487, -581522, -1165 
1720088549923.00, -174504, -585333, -1081 
1720088549946.00, -170302, -589131, -977 
1720088549967.00, -161348, -592823, -866 
1720088549989.00, -95084, -596287, -756 
1720088550010.00, -56125, -598376, -696 
1720088550032.00, -33667, -599580, -535 
1720088550053.00, -20486, -600321, -433 
1720088550076.00, -12591, -600778, -342 
1720088550097.00, -8346, -601054, -172 
1720088550118.00, -5760, -601224, -18 
1720088550140.00, -4256, -601335, 135 
1720088550161.00, 3982, -601409, 380 
1720088550182.00, 24023, -601328, 598 
1720088550205.00, 49457, -600824, 585 
1720088550227.00, 63999, -599773, 707 
1720088550248.00, 79705, -598383, 750 
1720088550270.00, 91659, -596650, 784 
1720088550291.00, 100838, -594660, 870 
1720088550313.00, 111236, -592456, 932 
1720088550335.00, 121155, -590022, 948 
1720088550357.00, 127952, -587376, 998 
1720088550376.00, 135102, -584579, 1014 
1720088550399.00, 140280, -581625, 1017 
1720088550420.00, 143475, -578559, 1033 
1720088550443.00, 146292, -575427, 1050 
1720088550464.00, 148826, -572229, 1051 
1720088550486.00, 150275, -568978, 1064 
1720088550508.00, 151798, -565693, 1057 
1720088550530.00, 152342, -562375, 1084 
1720088550552.00, 154225, -559053, 1141 
1720088550573.00, 158739, -555675, 1154 
1720088550595.00, 162156, -552190, 1184 
1720088550616.00, 165959, -548652, 1197 
1720088550639.00, 168872, -545020, 1225 
1720088550660.00, 172388, -541324, 1280 
1720088550683.00, 174910, -537554, 1282 
1720088550704.00, 174646, -533722, 1330 
1720088550726.00, 174602, -529908, 1390 
1720088550747.00, 174757, -526099, 1405 
1720088550770.00, 174711, -522274, 1441 
1720088550791.00, 174827, -518446, 1507 
1720088550813.00, 174894, -514633, 1515 
1720088550835.00, 174634, -510806, 1561 
1720088550857.00, 174746, -506993, 1594 
1720088550878.00, 174769, -503170, 1638 
1720088550901.00, 174534, -499354, 1651 
1720088550923.00, 174733, -495529, 1656 
1720088550944.00, 174753, -491701, 1699 
1720088550967.00, 174630, -487887, 1735 
1720088550988.00, 174683, -484073, 1724 
1720088551010.00, 174784, -480259, 1726 
1720088551031.00, 175018, -476432, 1715 
1720088551053.00, 174600, -472628, 1735 
1720088551075.00, 174433, -468817, 1688 
1720088551096.00, 174534, -464994, 1668 
1720088551119.00, 174582, -461189, 1609 
1720088551140.00, 174780, -457381, 1518 
1720088551162.00, 174658, -453562, 1427 
1720088551184.00, 174726, -449744, 1359 
1720088551206.00, 174349, -445940, 1252 
1720088551228.00, 174504, -442127, 1164 
1720088551250.00, 171628, -438335, 1035 
1720088551273.00, 162195, -434594, 875 
1720088551294.00, 146842, -431097, 684 
1720088551315.00, 83155, -427948, 450 
1720088551337.00, 46234, -426151, 305 
1720088551359.00, 24329, -425172, 71 
1720088551381.00, 11588, -424636, -150 
1720088551402.00, -3726, -424384, -373 
1720088551424.00, -26791, -424467, -554 
1720088551445.00, -51293, -425044, -868 
1720088551468.00, -85010, -426132, -944 
1720088551489.00, -109501, -427975, -955 
1720088551509.00, -124309, -430368, -1055 
1720088551532.00, -139126, -433107, -1134 
1720088551553.00, -152353, -436165, -1082 
1720088551574.00, -157011, -439505, -1093 
1720088551597.00, -160325, -442948, -1137 
1720088551618.00, -164838, -446452, -1127 
1720088551646.00, -166893, -450051, -1126 
1720088551662.00, -167943, -453700, -1159 
1720088551683.00, -170264, -457361, -1202 
1720088551705.00, -173882, -461093, -1222 
1720088551727.00, -174766, -464890, -1232 
1720088551749.00, -174780, -468717, -1266 
1720088551771.00, -174693, -472529, -1281 
1720088551792.00, -174887, -476359, -1285 
1720088551815.00, -174514, -480163, -1288 
1720088551837.00, -174699, -483991, -1311 
1720088551858.00, -174628, -487810, -1304 
1720088551880.00, -174783, -491626, -1286 
1720088551902.00, -174819, -495439, -1294 
1720088551924.00, -174747, -499251, -1322 
1720088551945.00, -174740, -503077, -1314 
1720088551971.00, -174629, -506888, -1315 
1720088551990.00, -174724, -510709, -1354 
1720088552011.00, -174866, -514519, -1385 
1720088552033.00, -174859, -518349, -1382 
1720088552055.00, -174502, -522151, -1421 
1720088552077.00, -174841, -525980, -1439 
1720088552098.00, -174814, -529797, -1436 
1720088552120.00, -174593, -533617, -1440 
1720088552141.00, -174733, -537420, -1435 
1720088552164.00, -174883, -541248, -1431 
1720088552190.00, -174754, -545047, -1415 
1720088552207.00, -174619, -548876, -1377 
1720088552229.00, -174631, -552690, -1335 
1720088552251.00, -174635, -556493, -1300 
1720088552273.00, -174687, -560304, -1297 
1720088552295.00, -174817, -564107, -1278 
1720088552316.00, -174835, -567934, -1262 
1720088552338.00, -174664, -571736, -1233 
1720088552360.00, -173822, -575555, -1201 
1720088552381.00, -171318, -579337, -1160 
1720088552404.00, -167261, -583080, -1097 
1720088552425.00, -161149, -586713, -1014 
1720088552448.00, -152564, -590220, -918 
1720088552469.00, -141487, -593518, -828 
1720088552491.00, -78017, -596548, -706 
1720088552514.00, -40577, -598269, -650 
1720088552534.00, -19215, -599163, -507 
1720088552556.00, -6876, -599595, -415 
1720088552578.00, 18, -599752, -314 
1720088552600.00, 3876, -599755, -123 
1720088552626.00, 6445, -599660, 83 
1720088552643.00, 13241, -599507, 321 
1720088552664.00, 30806, -599216, 709 
1720088552686.00, 65023, -598574, 672 
1720088552708.00, 82877, -597188, 765 
1720088552733.00, 98747, -595389, 857 
1720088552751.00, 113441, -593234, 884 
1720088552773.00, 123656, -590761, 897 
1720088552794.00, 130502, -588065, 923 
1720088552816.00, 135882, -585225, 936 
1720088552838.00, 139609, -582259, 941 
1720088552860.00, 141843, -579228, 924 
1720088552881.00, 142211, -576133, 952 
1720088552902.00, 143915, -573038, 1027 
1720088552924.00, 149272, -569893, 1002 
1720088552945.00, 150873, -566626, 1005 
1720088552968.00, 151847, -563338, 1051 
1720088552989.00, 154916, -560017, 1070 
1720088553011.00, 157834, -556627, 1085 
1720088553033.00, 160408, -553173, 1094 
1720088553056.00, 162358, -549666, 1139 
1720088553077.00, 166025, -546122, 1162 
1720088553098.00, 169785, -542479, 1165 
1720088553120.00, 172135, -538776, 1192 
1720088553141.00, 174724, -535007, 1246 
1720088553163.00, 174925, -531192, 1265 
1720088553185.00, 174753, -527370, 1334 
1720088553207.00, 174584, -523551, 1374 
1720088553229.00, 174924, -519737, 1413 
1720088553251.00, 174854, -515902, 1453 
1720088553273.00, 174912, -512093, 1483 
1720088553294.00, 174723, -508269, 1496 
1720088553316.00, 174675, -504449, 1457 
1720088553338.00, 174724, -500643, 1486 
1720088553360.00, 174760, -496822, 1481 
1720088553382.00, 174728, -493004, 1476 
1720088553403.00, 174697, -489187, 1463 
1720088553425.00, 174663, -485368, 1435 
1720088553447.00, 174625, -481551, 1463 
1720088553469.00, 174635, -477740, 1455 
1720088553491.00, 174646, -473930, 1452 
1720088553513.00, 174577, -470100, 1446 
1720088553534.00, 174547, -466292, 1448 
1720088553556.00, 174451, -462480, 1402 
1720088553578.00, 174411, -458667, 1326 
1720088553599.00, 174390, -454862, 1266 
1720088553622.00, 174498, -451048, 1219 
1720088553644.00, 173030, -447237, 1172 
1720088553665.00, 169073, -443476, 1129 
1720088553686.00, 163987, -439788, 1061 
1720088553712.00, 156887, -436216, 962 
1720088553732.00, 146832, -432816, 850 
1720088553754.00, 134018, -429644, 699 
1720088553775.00, 73815, -426770, 506 
1720088553797.00, 38489, -425181, 404 
1720088553818.00, 17814, -424342, 102 
1720088553840.00, 5448, -423965, -232 
1720088553861.00, -14503, -423849, -532 
1720088553883.00, -44512, -424158, -783 
1720088553905.00, -77458, -425090, -817 
1720088553926.00, -99094, -426760, -876 
1720088553949.00, -115393, -428922, -893 
1720088553969.00, -125697, -431444, -1013 
1720088553991.00, -138920, -434206, -982 
1720088554012.00, -144771, -437246, -1011 
1720088554034.00, -149842, -440404, -1019 
1720088554056.00, -153196, -443681, -1059 
1720088554078.00, -157459, -447023, -1065 
1720088554100.00, -159966, -450472, -1083 
1720088554121.00, -162574, -453978, -1117 
1720088554143.00, -165645, -457531, -1143 
1720088554165.00, -169017, -461164, -1174 
1720088554187.00, -172708, -464846, -1206 
1720088554208.00, -174738, -468641, -1219 
1720088554230.00, -174867, -472457, -1207 
1720088554252.00, -174723, -476272, -1248 
1720088554274.00, -174487, -480091, -1246 
1720088554296.00, -174471, -483918, -1251 
1720088554318.00, -174581, -487732, -1283 
1720088554340.00, -174651, -491534, -1295 
1720088554361.00, -174864, -495351, -1289 
1720088554383.00, -174820, -499161, -1296 
1720088554405.00, -174600, -502996, -1301 
1720088554426.00, -174539, -506805, -1281 
1720088554449.00, -174478, -510623, -1288 
1720088554471.00, -174652, -514417, -1284 
1720088554492.00, -174717, -518240, -1299 
1720088554514.00, -174634, -522047, -1294 
1720088554535.00, -174638, -525883, -1276 
1720088554557.00, -174671, -529692, -1296 
1720088554579.00, -174650, -533514, -1316 
1720088554601.00, -174648, -537319, -1327 
1720088554623.00, -174868, -541146, -1312 
1720088554644.00, -174365, -544950, -1304 
1720088554666.00, -174516, -548780, -1299 
1720088554688.00, -174415, -552596, -1272 
1720088554710.00, -174487, -556391, -1275 
1720088554732.00, -174684, -560213, -1284 
1720088554754.00, -174768, -564009, -1264 
1720088554776.00, -174749, -567834, -1217 
1720088554797.00, -172701, -571628, -1192 
1720088554819.00, -169859, -575421, -1131 
1720088554841.00, -164698, -579112, -1042 
1720088554864.00, -156325, -582699, -964 
1720088554885.00, -146524, -586081, -899 
1720088554907.00, -136814, -589256, -797 
1720088554933.00, -124870, -592214, -675 
1720088554951.00, -110404, -594900, -561 
1720088554972.00, -60726, -597268, -419 
1720088554994.00, -30948, -598589, -300 
1720088555016.00, -13447, -599274, -122 
1720088555037.00, -3602, -599573, 23 
1720088555059.00, 2756, -599654, 123 
1720088555081.00, 13529, -599603, 234 
1720088555102.00, 25508, -599313, 531 
1720088555124.00, 50984, -598760, 696 
1720088555145.00, 75953, -597681, 695 
1720088555167.00, 90580, -596036, 833 
1720088555188.00, 107345, -594062, 870 
1720088555210.00, 119314, -591717, 885 
1720088555232.00, 127318, -589115, 922 
1720088555254.00, 133958, -586333, 938 
1720088555275.00, 138564, -583420, 950 
1720088555297.00, 141859, -580393, 966 
1720088555318.00, 144745, -577293, 968 
1720088555340.00, 146485, -574152, 987 
1720088555364.00, 148448, -570961, 992 
1720088555384.00, 149843, -567730, 994 
1720088555404.00, 150702, -564468, 1002 
1720088555426.00, 151505, -561173, 1037 
1720088555448.00, 154096, -557861, 1052 
1720088555471.00, 156241, -554499, 1076 
1720088555492.00, 158843, -551077, 1109 
1720088555514.00, 162406, -547600, 1134 
1720088555536.00, 165885, -544043, 1157 
1720088555557.00, 169272, -540417, 1177 
1720088555580.00, 172109, -536722, 1205 
1720088555601.00, 174929, -532947, 1221 
1720088555623.00, 174827, -529132, 1250 
1720088555644.00, 174459, -525303, 1286 
1720088555666.00, 174722, -521488, 1314 
1720088555688.00, 174621, -517671, 1344 
1720088555710.00, 174635, -513846, 1396 
1720088555732.00, 174683, -510044, 1423 
1720088555754.00, 174791, -506219, 1427 
1720088555775.00, 174889, -502387, 1444 
1720088555797.00, 174609, -498575, 1459 
1720088555819.00, 174531, -494757, 1460 
1720088555841.00, 174432, -490943, 1470 
1720088555862.00, 174649, -487128, 1468 
1720088555884.00, 174726, -483318, 1493 
1720088555909.00, 174764, -479494, 1497 
1720088555928.00, 174834, -475676, 1508 
1720088555949.00, 174450, -471856, 1486 
1720088555972.00, 174464, -468045, 1456 
1720088555993.00, 174556, -464247, 1438 
1720088556020.00, 174630, -460421, 1406 
1720088556037.00, 174620, -456625, 1363 
1720088556058.00, 174641, -452806, 1325 
1720088556081.00, 174572, -448985, 1273 
1720088556103.00, 174625, -445183, 1216 
1720088556125.00, 172657, -441379, 1175 
1720088556146.00, 168959, -437599, 1132 
1720088556168.00, 164214, -433923, 1077 
1720088556191.00, 157962, -430339, 995 
1720088556212.00, 87302, -426934, 895 
1720088556239.00, 45996, -425026, 963 
1720088556256.00, 22179, -424029, 689 
1720088556277.00, 8550, -423531, 506 
1720088556298.00, 704, -423339, 384 
1720088556320.00, -3563, -423327, 164 
1720088556344.00, -5744, -423422, -137 
1720088556364.00, -15178, -423563, -304 
1720088556385.00, -30900, -423918, -674 
1720088556407.00, -62498, -424581, -811 
1720088556428.00, -89503, -425918, -858 
1720088556454.00, -108012, -427869, -916 
1720088556472.00, -122578, -430223, -864 
1720088556492.00, -127790, -432911, -1025 
1720088556514.00, -140405, -435725, -1003 
1720088556536.00, -146550, -438801, -1021 
1720088556558.00, -151063, -442006, -1015 
1720088556580.00, -153164, -445318, -1055 
1720088556601.00, -156710, -448660, -1081 
1720088556623.00, -160160, -452104, -1107 
1720088556645.00, -163802, -455590, -1144 
1720088556668.00, -167965, -459177, -1226 
1720088556689.00, -175313, -462855, -1214 
1720088556710.00, -174847, -466681, -1210 
1720088556731.00, -174717, -470509, -1250 
1720088556754.00, -174682, -474329, -1260 
1720088556779.00, -174522, -478145, -1242 
1720088556798.00, -174154, -481946, -1274 
1720088556820.00, -174354, -485752, -1261 
1720088556841.00, -174623, -489561, -1257 
1720088556863.00, -174705, -493382, -1273 
1720088556886.00, -174627, -497197, -1278 
1720088556907.00, -174700, -501027, -1280 
1720088556929.00, -174947, -504833, -1303 
1720088556951.00, -174739, -508648, -1320 
1720088556972.00, -174548, -512461, -1321 
1720088556993.00, -174479, -516286, -1284 
1720088557016.00, -174458, -520099, -1285 
1720088557037.00, -174373, -523912, -1297 
1720088557059.00, -174854, -527717, -1232 
1720088557081.00, -173954, -531524, -1268 
1720088557103.00, -174235, -535329, -1274 
1720088557124.00, -174417, -539140, -1258 
1720088557147.00, -174316, -542956, -1258 
1720088557169.00, -174310, -546763, -1279 
1720088557193.00, -174488, -550570, -1246 
1720088557212.00, -174701, -554369, -1245 
1720088557234.00, -174464, -558198, -1270 
1720088557256.00, -174369, -562006, -1222 
1720088557277.00, -173027, -565820, -1181 
1720088557299.00, -169715, -569598, -1197 
1720088557323.00, -168642, -573287, -1194 
1720088557343.00, -167829, -576970, -1131 
1720088557365.00, -163349, -580611, -1060 
1720088557387.00, -156311, -584178, -973 
1720088557409.00, -147020, -587575, -877 
1720088557433.00, -135799, -590759, -780 
1720088557453.00, -123085, -593691, -684 
1720088557474.00, -67807, -596327, -557 
1720088557496.00, -34669, -597808, -461 
1720088557518.00, -15587, -598585, -288 
1720088557539.00, -4765, -598935, -124 
1720088557560.00, 765, -599039, 10 
1720088557582.00, 579, -599032, 110 
1720088557604.00, 11150, -599007, 362 
1720088557625.00, 31756, -598758, 725 
1720088557647.00, 66523, -598087, 673 
1720088557669.00, 83819, -596658, 800 
1720088557691.00, 101509, -594837, 903 
1720088557712.00, 118141, -592620, 924 
1720088557734.00, 128923, -590033, 936 
1720088557755.00, 135980, -587225, 948 
1720088557777.00, 140580, -584254, 945 
1720088557799.00, 142965, -581192, 956 
1720088557820.00, 144978, -578082, 965 
1720088557843.00, 146603, -574933, 972 
1720088557864.00, 147880, -571743, 990 
1720088557886.00, 149601, -568520, 1029 
1720088557907.00, 152724, -565259, 1033 
1720088557928.00, 154585, -561914, 1058 
1720088557950.00, 157217, -558525, 1066 
1720088557972.00, 159048, -555092, 1088 
1720088557994.00, 161393, -551617, 1096 
1720088558015.00, 163079, -548086, 1102 
1720088558037.00, 164314, -544519, 1106 
1720088558059.00, 165203, -540920, 1136 
1720088558081.00, 167310, -537321, 1144 
1720088558102.00, 168951, -533655, 1143 
1720088558125.00, 169873, -529966, 1193 
1720088558146.00, 173310, -526247, 1210 
1720088558168.00, 174916, -522469, 1231 
1720088558189.00, 174889, -518635, 1271 
1720088558212.00, 174616, -514817, 1286 
1720088558234.00, 174620, -510999, 1302 
1720088558255.00, 174825, -507179, 1299 
1720088558277.00, 174865, -503364, 1317 
1720088558299.00, 174858, -499539, 1346 
1720088558321.00, 174738, -495722, 1358 
1720088558343.00, 174673, -491899, 1382 
1720088558365.00, 174628, -488086, 1402 
1720088558386.00, 174830, -484259, 1408 
1720088558408.00, 174954, -480448, 1417 
1720088558430.00, 174641, -476627, 1428 
1720088558452.00, 174628, -472805, 1412 
1720088558473.00, 174568, -468995, 1357 
1720088558495.00, 174530, -465195, 1313 
1720088558517.00, 174608, -461374, 1259 
1720088558538.00, 174664, -457569, 1206 
1720088558560.00, 174814, -453739, 1152 
1720088558582.00, 173426, -449929, 1100 
1720088558605.00, 169383, -446147, 1063 
1720088558626.00, 164567, -442452, 1027 
1720088558649.00, 159301, -438871, 997 
1720088558671.00, 154258, -435408, 933 
1720088558692.00, 147264, -432064, 829 
1720088558714.00, 85318, -428894, 664 
1720088558736.00, 49253, -427043, 586 
1720088558759.00, 28082, -425988, 345 
1720088558779.00, 15472, -425390, 98 
1720088558801.00, 8384, -425059, -86 
1720088558822.00, -259, -424890, -281 
1720088558844.00, -17430, -424916, -680 
1720088558866.00, -51879, -425285, -823 
1720088558887.00, -80823, -426367, -875 
1720088558909.00, -101365, -428130, -902 
1720088558929.00, -114992, -430345, -1049 
1720088558951.00, -131874, -432877, -1019 
1720088558972.00, -139913, -435781, -1030 
1720088558995.00, -145260, -438846, -1060 
1720088559017.00, -150030, -442025, -1053 
1720088559038.00, -152432, -445310, -1036 
1720088559060.00, -153059, -448628, -1057 
1720088559084.00, -154358, -451980, -1104 
1720088559103.00, -157697, -455355, -1134 
1720088559125.00, -161553, -458807, -1150 
1720088559148.00, -164733, -462335, -1160 
1720088559169.00, -167182, -465926, -1161 
1720088559191.00, -168493, -469587, -1184 
1720088559213.00, -170635, -473265, -1195 
1720088559235.00, -172366, -477012, -1192 
1720088559256.00, -173248, -480773, -1183 
1720088559278.00, -172977, -484573, -1201 
1720088559300.00, -173923, -488341, -1199 
1720088559322.00, -174502, -492142, -1172 
1720088559344.00, -173101, -495946, -1185 
1720088559366.00, -173013, -499737, -1194 
1720088559387.00, -173320, -503518, -1187 
1720088559409.00, -172975, -507297, -1196 
1720088559431.00, -173367, -511083, -1220 
1720088559452.00, -174856, -514860, -1253 
1720088559474.00, -174827, -518689, -1254 
1720088559496.00, -174722, -522500, -1250 
1720088559518.00, -174571, -526331, -1261 
1720088559540.00, -174537, -530134, -1232 
1720088559562.00, -173674, -533960, -1231 
1720088559584.00, -173178, -537733, -1227 
1720088559606.00, -172619, -541531, -1232 
1720088559627.00, -172473, -545289, -1218 
1720088559649.00, -171499, -549068, -1181 
1720088559671.00, -168863, -552812, -1166 
1720088559693.00, -166251, -556487, -1190 
1720088559715.00, -166322, -560116, -1163 
1720088559738.00, -164662, -563724, -1133 
1720088559758.00, -161913, -567336, -1123 
1720088559780.00, -159608, -570853, -1098 
1720088559802.00, -156503, -574344, -1044 
1720088559823.00, -151288, -577759, -1033 
1720088559847.00, -147828, -581060, -975 
1720088559868.00, -142069, -584267, -926 
1720088559890.00, -135845, -587340, -818 
1720088559912.00, -125576, -590280, -706 
1720088559934.00, -112667, -592999, -567 
1720088559958.00, -61801, -595413, -398 
1720088559977.00, -31753, -596751, -310 
1720088559998.00, -14234, -597464, -185 
1720088560020.00, -4058, -597784, -71 
1720088560041.00, 1047, -597882, -21 
1720088560063.00, 4584, -597866, 77 
1720088560084.00, 11592, -597755, 261 
1720088560106.00, 26076, -597499, 514 
1720088560128.00, 50299, -596938, 710 
1720088560149.00, 76200, -595879, 728 
1720088560171.00, 92708, -594225, 826 
1720088560193.00, 108159, -592215, 882 
1720088560215.00, 120386, -589849, 900 
1720088560236.00, 128553, -587218, 932 
1720088560258.00, 135192, -584411, 945 
1720088560284.00, 139747, -581461, 946 
1720088560302.00, 142222, -578424, 941 
1720088560323.00, 143525, -575332, 926 
1720088560345.00, 143192, -572211, 932 
1720088560367.00, 143028, -569098, 958 
1720088560392.00, 144553, -565986, 963 
1720088560410.00, 145601, -562839, 991 
1720088560430.00, 147722, -559669, 1036 
1720088560452.00, 151581, -556439, 1034 
1720088560474.00, 153840, -553121, 1042 
1720088560498.00, 155312, -549761, 1058 
1720088560518.00, 156981, -546370, 1091 
1720088560540.00, 159802, -542940, 1114 
1720088560561.00, 163027, -539442, 1136 
1720088560583.00, 165933, -535871, 1162 
1720088560609.00, 169351, -532235, 1212 
1720088560627.00, 174105, -528525, 1214 
1720088560649.00, 174773, -524729, 1230 
1720088560670.00, 174824, -520903, 1256 
1720088560691.00, 174736, -517080, 1286 
1720088560714.00, 174776, -513278, 1284 
1720088560735.00, 174748, -509451, 1286 
1720088560758.00, 174829, -505634, 1304 
1720088560780.00, 174662, -501809, 1309 
1720088560801.00, 174709, -497996, 1288 
1720088560828.00, 174775, -494184, 1271 
1720088560847.00, 174778, -490372, 1283 
1720088560867.00, 174862, -486551, 1281 
1720088560888.00, 174791, -482730, 1282 
1720088560910.00, 174636, -478910, 1253 
1720088560932.00, 174648, -475087, 1251 
1720088560954.00, 174801, -471280, 1218 
1720088560976.00, 174871, -467472, 1200 
1720088560998.00, 174780, -463643, 1220 
1720088561020.00, 174822, -459820, 1219 
1720088561041.00, 174697, -456022, 1215 
1720088561063.00, 174619, -452194, 1194 
1720088561085.00, 174654, -448390, 1156 
1720088561107.00, 173327, -444580, 1101 
1720088561128.00, 169261, -440803, 1070 
1720088561154.00, 164616, -437104, 998 
1720088561173.00, 157421, -433534, 939 
1720088561194.00, 149453, -430117, 868 
1720088561216.00, 86605, -426898, 765 
1720088561238.00, 49697, -425032, 781 
1720088561261.00, 28145, -423958, 520 
1720088561281.00, 15500, -423340, 346 
1720088561303.00, 7843, -423009, 137 
1720088561325.00, 3669, -422849, -122 
1720088561346.00, -5640, -422781, -293 
1720088561368.00, -21741, -422909, -605 
1720088561390.00, -50000, -423364, -703 
1720088561411.00, -72579, -424415, -771 
1720088561432.00, -90216, -426002, -818 
1720088561454.00, -103293, -427965, -841 
1720088561476.00, -112442, -430214, -845 
1720088561498.00, -118082, -432661, -826 
1720088561520.00, -120167, -435246, -833 
1720088561541.00, -121669, -437856, -843 
1720088561563.00, -123127, -440498, -835 
1720088561585.00, -123488, -443181, -839 
1720088561606.00, -123733, -445869, -855 
1720088561628.00, -124518, -448564, -936 
1720088561650.00, -130232, -451292, -916 
1720088561672.00, -132259, -454120, -910 
1720088561693.00, -133241, -456989, -936 
1720088561715.00, -135163, -459893, -981 
1720088561737.00, -138841, -462835, -989 
1720088561758.00, -141448, -465855, -981 
1720088561780.00, -142465, -468937, -985 
1720088561802.00, -143307, -472036, -987 
1720088561822.00, -143736, -475159, -1001 
1720088561846.00, -144739, -478303, -989 
1720088561867.00, -144549, -481438, -994 
1720088561887.00, -144705, -484599, -1018 
1720088561910.00, -146163, -487765, -1007 
1720088561932.00, -146362, -490957, -1020 
1720088561953.00, -147112, -494162, -1041 
1720088561975.00, -148826, -497376, -1060 
1720088561997.00, -150934, -500630, -1068 
1720088562018.00, -152659, -503937, -1093 
1720088562040.00, -155037, -507278, -1133 
1720088562062.00, -158913, -510664, -1131 
1720088562084.00, -161041, -514130, -1144 
1720088562106.00, -163110, -517673, -1194 
1720088562128.00, -167309, -521229, -1190 
1720088562150.00, -169601, -524884, -1195 
1720088562171.00, -171004, -528585, -1198 
1720088562193.00, -171897, -532331, -1199 
1720088562214.00, -172394, -536092, -1165 
1720088562237.00, -170629, -539851, -1150 
1720088562258.00, -168554, -543584, -1144 
1720088562280.00, -167097, -547248, -1141 
1720088562302.00, -166000, -550900, -1110 
1720088562324.00, -163449, -554521, -1112 
1720088562346.00, -161529, -558094, -1115 
1720088562367.00, -160840, -561623, -1095 
1720088562389.00, -159439, -565138, -1104 
1720088562411.00, -158835, -568613, -1073 
1720088562433.00, -156493, -572071, -1065 
1720088562454.00, -154862, -575502, -1025 
1720088562477.00, -151183, -578871, -997 
1720088562499.00, -147305, -582153, -947 
1720088562524.00, -141897, -585353, -841 
1720088562542.00, -132157, -588411, -714 
1720088562564.00, -118494, -591276, -584 
1720088562586.00, -102629, -593834, -477 
1720088562608.00, -57469, -596038, -403 
1720088562629.00, -30872, -597292, -299 
1720088562651.00, -15198, -597986, -204 
1720088562673.00, -6084, -598328, -93 
1720088562693.00, -870, -598463, 37 
1720088562716.00, 4093, -598480, 172 
1720088562737.00, 15338, -598399, 381 
1720088562759.00, 34506, -598067, 582 
1720088562781.00, 57871, -597338, 618 
1720088562805.00, 73887, -596102, 678 
1720088562824.00, 86795, -594495, 765 
1720088562846.00, 99505, -592605, 817 
1720088562867.00, 110093, -590429, 840 
1720088562889.00, 117633, -588042, 859 
1720088562913.00, 123158, -585468, 911 
1720088562932.00, 129473, -582775, 934 
1720088562954.00, 134559, -579956, 931 
1720088562976.00, 137384, -577014, 955 
1720088562997.00, 140179, -574022, 976 
1720088563021.00, 142970, -570973, 980 
1720088563040.00, 144818, -567862, 1009 
1720088563061.00, 147586, -564685, 1023 
1720088563085.00, 149964, -561469, 1027 
1720088563105.00, 151482, -558184, 1037 
1720088563132.00, 152782, -554869, 1054 
1720088563149.00, 154698, -551531, 1073 
1720088563171.00, 156726, -548144, 1111 
1720088563192.00, 160260, -544716, 1127 
1720088563214.00, 163092, -541211, 1149 
1720088563236.00, 166132, -537639, 1171 
1720088563258.00, 169181, -534014, 1196 
1720088563280.00, 172292, -530317, 1202 
1720088563302.00, 174516, -526556, 1208 
1720088563323.00, 174838, -522742, 1220 
1720088563345.00, 174622, -518909, 1245 
1720088563367.00, 174712, -515095, 1228 
1720088563389.00, 174525, -511269, 1222 
1720088563411.00, 174750, -507465, 1233 
1720088563432.00, 174774, -503634, 1254 
1720088563454.00, 174677, -499824, 1272 
1720088563476.00, 174820, -495996, 1289 
1720088563498.00, 174743, -492181, 1286 
1720088563520.00, 174570, -488360, 1292 
1720088563541.00, 174640, -484546, 1288 
1720088563564.00, 174775, -480736, 1285 
1720088563585.00, 174775, -476919, 1276 
1720088563608.00, 174763, -473095, 1274 
1720088563629.00, 174754, -469283, 1249 
1720088563651.00, 174591, -465469, 1209 
1720088563673.00, 174592, -461648, 1177 
1720088563694.00, 173866, -457850, 1133 
1720088563716.00, 170664, -454049, 1078 
1720088563738.00, 165640, -450322, 1037 
1720088563761.00, 159900, -446721, 990 
1720088563785.00, 153474, -443244, 961 
1720088563804.00, 147925, -439912, 934 
1720088563826.00, 142891, -436705, 918 
1720088563847.00, 138964, -433593, 896 
1720088563870.00, 135106, -430581, 845 
1720088563895.00, 77749, -427668, 802 
1720088563912.00, 44227, -425972, 858 
1720088563934.00, 24358, -425019, 768 
1720088563956.00, 12758, -424469, 694 
1720088563977.00, 6004, -424184, 635 
1720088563999.00, 1727, -424055, 486 
1720088564021.00, -108, -424030, 180 
1720088564042.00, -1187, -424058, -130 
1720088564064.00, -9588, -424102, -326 
1720088564085.00, -26432, -424326, -637 
1720088564106.00, -55306, -424901, -793 
1720088564128.00, -81875, -426072, -818 
1720088564150.00, -99182, -427857, -859 
1720088564172.00, -111767, -430010, -921 
1720088564193.00, -122765, -432447, -933 
1720088564215.00, -129981, -435148, -947 
1720088564237.00, -134917, -437980, -957 
1720088564258.00, -138672, -440915, -974 
1720088564279.00, -141652, -443934, -1007 
1720088564301.00, -145256, -447031, -1026 
1720088564327.00, -148534, -450205, -1049 
1720088564345.00, -151559, -453453, -1065 
1720088564366.00, -154376, -456755, -1068 
1720088564388.00, -156064, -460135, -1036 
1720088564410.00, -155007, -463546, -1057 
1720088564434.00, -155504, -466937, -1058 
1720088564454.00, -155918, -470335, -1062 
1720088564476.00, -156203, -473738, -1063 
1720088564498.00, -156237, -477159, -1068 
1720088564519.00, -156634, -480565, -1074 
1720088564541.00, -157247, -483993, -1060 
1720088564563.00, -156793, -487427, -1051 
1720088564585.00, -155539, -490842, -1057 
1720088564606.00, -155063, -494238, -1040 
1720088564628.00, -153629, -497623, -1057 
1720088564650.00, -153735, -500992, -1066 
1720088564672.00, -154375, -504348, -1060 
1720088564693.00, -154440, -507717, -1045 
1720088564715.00, -153560, -511104, -1046 
1720088564737.00, -152981, -514443, -1068 
1720088564759.00, -153892, -517793, -1078 
1720088564780.00, -154943, -521156, -1093 
1720088564803.00, -156659, -524543, -1126 
1720088564825.00, -159595, -527963, -1151 
1720088564847.00, -162783, -531451, -1160 
1720088564868.00, -165141, -535014, -1178 
1720088564890.00, -167245, -538617, -1176 
1720088564912.00, -168404, -542288, -1153 
1720088564934.00, -167532, -545958, -1145 
1720088564956.00, -166571, -549637, -1150 
1720088564979.00, -166221, -553260, -1147 
1720088564999.00, -165854, -556896, -1132 
1720088565023.00, -164745, -560517, -1142 
1720088565043.00, -164687, -564099, -1121 
1720088565064.00, -163147, -567701, -1104 
1720088565086.00, -161345, -571257, -1060 
1720088565108.00, -157508, -574793, -1025 
1720088565131.00, -153188, -578209, -972 
1720088565153.00, -147152, -581536, -897 
1720088565174.00, -139091, -584736, -837 
1720088565196.00, -130329, -587732, -775 
1720088565218.00, -121736, -590568, -698 
1720088565240.00, -111714, -593197, -608 
1720088565262.00, -63309, -595599, -529 
1720088565283.00, -34405, -596967, -488 
1720088565305.00, -17274, -597735, -402 
1720088565326.00, -7720, -598131, -316 
1720088565348.00, -2026, -598310, -318 
1720088565369.00, 511, -598359, -268 
1720088565391.00, 2555, -598354, -187 
1720088565415.00, 3791, -598296, -49 
1720088565434.00, 4759, -598201, 106 
1720088565456.00, 11710, -598083, 315 
1720088565477.00, 27896, -597816, 655 
1720088565499.00, 58369, -597221, 776 
1720088565520.00, 83502, -595991, 759 
1720088565545.00, 97148, -594172, 852 
1720088565564.00, 111048, -592064, 889 
1720088565586.00, 121042, -589640, 892 
1720088565607.00, 126998, -586988, 913 
1720088565629.00, 131757, -584220, 878 
1720088565653.00, 132343, -581347, 863 
1720088565673.00, 131752, -578475, 886 
1720088565694.00, 132558, -575617, 885 
1720088565716.00, 132999, -572727, 897 
1720088565738.00, 133946, -569829, 884 
1720088565760.00, 133553, -566919, 910 
1720088565781.00, 134770, -564009, 942 
1720088565803.00, 137242, -561069, 959 
1720088565825.00, 139666, -558086, 968 
1720088565846.00, 141617, -555055, 975 
1720088565868.00, 143191, -551970, 991 
1720088565889.00, 144864, -548844, 1015 
1720088565910.00, 147376, -545688, 1033 
1720088565932.00, 149770, -542462, 1055 
1720088565954.00, 152531, -539192, 1081 
1720088565978.00, 155583, -535858, 1103 
1720088565998.00, 158609, -532455, 1121 
1720088566019.00, 161386, -528980, 1139 
1720088566041.00, 164053, -525453, 1154 
1720088566063.00, 166177, -521865, 1147 
1720088566085.00, 167231, -518239, 1151 
1720088566107.00, 168005, -514579, 1163 
1720088566129.00, 168969, -510910, 1181 
1720088566150.00, 170557, -507223, 1188 
1720088566172.00, 171906, -503497, 1204 
1720088566195.00, 173498, -499727, 1210 
1720088566216.00, 174994, -495932, 1212 
1720088566238.00, 174758, -492105, 1221 
1720088566260.00, 174472, -488293, 1236 
1720088566281.00, 174656, -484479, 1242 
1720088566303.00, 174838, -480660, 1250 
1720088566325.00, 174921, -476837, 1287 
1720088566346.00, 174786, -473020, 1286 
1720088566368.00, 174756, -469209, 1282 
1720088566390.00, 174465, -465383, 1285 
1720088566412.00, 174593, -461566, 1273 
1720088566434.00, 174700, -457761, 1250 
1720088566456.00, 174812, -453934, 1229 
1720088566478.00, 174529, -450116, 1187 
1720088566499.00, 173704, -446306, 1107 
1720088566523.00, 168169, -442524, 1020 
1720088566546.00, 159538, -438862, 926 
1720088566566.00, 148689, -435395, 786 
1720088566588.00, 133584, -432201, 601 
1720088566609.00, 76219, -429321, 374 
1720088566631.00, 42327, -427689, 176 
1720088566652.00, 23506, -426783, -195 
1720088566674.00, 159, -426288, -344 
1720088566696.00, -22171, -426273, -622 
1720088566718.00, -52421, -426734, -731 
1720088566742.00, -77044, -427852, -787 
1720088566761.00, -94753, -429512, -845 
1720088566782.00, -108611, -431571, -832 
1720088566804.00, -116045, -433951, -893 
1720088566826.00, -123805, -436486, -941 
1720088566847.00, -131388, -439197, -944 
1720088566869.00, -135987, -442064, -955 
1720088566891.00, -139048, -445037, -981 
1720088566912.00, -142515, -448053, -1003 
1720088566933.00, -145736, -451190, -1015 
1720088566956.00, -148309, -454373, -1038 
1720088566977.00, -151277, -457610, -1066 
1720088566999.00, -154400, -460918, -1082 
1720088567023.00, -157145, -464288, -1102 
1720088567043.00, -159898, -467739, -1099 
1720088567067.00, -161312, -471230, -1090 
1720088567086.00, -161383, -474747, -1082 
1720088567108.00, -160825, -478273, -1096 
1720088567130.00, -161378, -481773, -1108 
1720088567152.00, -162365, -485309, -1103 
1720088567178.00, -162741, -488854, -1139 
1720088567195.00, -164794, -492413, -1162 
1720088567217.00, -167442, -496010, -1169 
1720088567239.00, -168853, -499675, -1141 
1720088567261.00, -168225, -503378, -1119 
1720088567288.00, -166371, -507043, -1096 
1720088567304.00, -163781, -510689, -1098 
1720088567326.00, -162556, -514248, -1082 
1720088567348.00, -160769, -517807, -1092 
1720088567370.00, -160406, -521314, -1098 
1720088567397.00, -160418, -524807, -1103 
1720088567413.00, -160409, -528311, -1100 
1720088567435.00, -160351, -531812, -1119 
1720088567457.00, -161187, -535318, -1113 
1720088567479.00, -161395, -538836, -1135 
1720088567501.00, -162506, -542377, -1119 
1720088567523.00, -162246, -545927, -1083 
1720088567544.00, -159966, -549472, -1103 
1720088567566.00, -159799, -552965, -1080 
1720088567588.00, -158332, -556447, -1051 
1720088567610.00, -155341, -559903, -1047 
1720088567631.00, -153570, -563286, -1020 
1720088567655.00, -150645, -566643, -965 
1720088567676.00, -145769, -569908, -945 
1720088567698.00, -141476, -573077, -918 
1720088567720.00, -137262, -576148, -879 
1720088567742.00, -132321, -579122, -831 
1720088567763.00, -126428, -582006, -778 
1720088567785.00, -119520, -584748, -723 
1720088567806.00, -112286, -587330, -697 
1720088567830.00, -106419, -589774, -670 
1720088567851.00, -101313, -592080, -612 
1720088567871.00, -94726, -594274, -535 
1720088567893.00, -53712, -596292, -453 
1720088567915.00, -29103, -597470, -384 
1720088567938.00, -14667, -598130, -340 
1720088567958.00, -6414, -598462, -277 
1720088567980.00, -1495, -598612, -262 
1720088568001.00, 712, -598647, -217 
1720088568023.00, 2403, -598638, -115 
1720088568046.00, 3654, -598580, 12 
1720088568066.00, 5212, -598492, 154 
1720088568087.00, 14675, -598366, 387 
1720088568109.00, 33775, -598044, 658 
1720088568131.00, 61725, -597328, 641 
1720088568155.00, 77229, -596013, 724 
1720088568174.00, 91218, -594327, 815 
1720088568196.00, 104841, -592353, 865 
1720088568218.00, 115772, -590056, 870 
1720088568239.00, 122516, -587535, 883 
1720088568266.00, 127174, -584859, 876 
1720088568283.00, 129405, -582086, 889 
1720088568305.00, 131527, -579271, 896 
1720088568326.00, 132803, -576403, 876 
1720088568348.00, 132482, -573507, 887 
1720088568370.00, 132860, -570630, 895 
1720088568391.00, 133444, -567745, 913 
1720088568413.00, 134812, -564837, 927 
1720088568435.00, 136163, -561912, 944 
1720088568456.00, 137936, -558942, 982 
1720088568478.00, 141387, -555940, 997 
1720088568499.00, 144245, -552858, 1010 
1720088568521.00, 146507, -549696, 1026 
1720088568542.00, 148865, -546493, 1037 
1720088568564.00, 150680, -543244, 1051 
1720088568586.00, 152608, -539947, 1070 
1720088568608.00, 154836, -536607, 1085 
1720088568630.00, 156938, -533223, 1101 
1720088568651.00, 159087, -529796, 1111 
1720088568673.00, 160877, -526318, 1120 
1720088568696.00, 162370, -522807, 1136 
1720088568717.00, 164342, -519247, 1141 
1720088568738.00, 165562, -515652, 1149 
1720088568761.00, 166866, -512037, 1164 
1720088568782.00, 168265, -508386, 1184 
1720088568804.00, 170014, -504711, 1198 
1720088568826.00, 171995, -500993, 1216 
1720088568848.00, 174435, -497235, 1226 
1720088568869.00, 174916, -493424, 1219 
1720088568892.00, 174613, -489604, 1232 
1720088568913.00, 174801, -485787, 1241 
1720088568935.00, 174558, -481968, 1242 
1720088568956.00, 174713, -478153, 1243 
1720088568979.00, 174720, -474335, 1253 
1720088569000.00, 174779, -470507, 1241 
1720088569022.00, 174369, -466690, 1223 
1720088569044.00, 172980, -462885, 1212 
1720088569065.00, 171450, -459112, 1180 
1720088569087.00, 168553, -455373, 1124 
1720088569109.00, 163555, -451700, 1082 
1720088569132.00, 157895, -448133, 1044 
1720088569155.00, 152401, -444685, 994 
1720088569176.00, 146059, -441392, 946 
1720088569198.00, 139434, -438210, 892 
1720088569220.00, 132280, -435195, 813 
1720088569241.00, 123311, -432325, 708 
1720088569263.00, 68063, -429668, 619 
1720088569285.00, 35571, -428195, 646 
1720088569306.00, 16463, -427406, 530 
1720088569328.00, 5393, -427036, 385 
1720088569349.00, -595, -426915, 258 
1720088569370.00, -4607, -426933, 45 
1720088569392.00, -6282, -427046, -211 
1720088569414.00, -19995, -427204, -347 
1720088569435.00, -36171, -427645, -610 
1720088569457.00, -61610, -428429, -763 
1720088569479.00, -85885, -429748, -825 
1720088569500.00, -104008, -431626, -869 
1720088569522.00, -117257, -433892, -923 
1720088569544.00, -128241, -436472, -939 
1720088569565.00, -135672, -439271, -956 
1720088569587.00, -140708, -442235, -970 
1720088569608.00, -144479, -445308, -988 
1720088569631.00, -147733, -448449, -993 
1720088569650.00, -149822, -451677, -1014 
1720088569673.00, -152048, -454947, -1027 
1720088569700.00, -154048, -458268, -1029 
1720088569716.00, -155210, -461635, -1029 
1720088569738.00, -155734, -465021, -1052 
1720088569759.00, -157345, -468446, -1053 
1720088569783.00, -158242, -471877, -1060 
1720088569804.00, -159115, -475335, -1085 
1720088569826.00, -161122, -478806, -1085 
1720088569847.00, -162379, -482324, -1088 
1720088569869.00, -163059, -485862, -1111 
1720088569891.00, -164467, -489420, -1116 
1720088569912.00, -165727, -493029, -1072 
1720088569935.00, -163426, -496647, -1092 
1720088569956.00, -163212, -500217, -1102 
1720088569979.00, -163541, -503787, -1091 
1720088570000.00, -162884, -507353, -1073 
1720088570021.00, -161450, -510921, -1089 
1720088570044.00, -161447, -514430, -1074 
1720088570066.00, -160631, -517970, -1067 
1720088570088.00, -159712, -521471, -1067 
1720088570109.00, -158828, -524950, -1079 
1720088570131.00, -159034, -528422, -1060 
1720088570153.00, -157975, -531888, -1052 
1720088570175.00, -156523, -535342, -1067 
1720088570197.00, -156378, -538753, -1062 
1720088570218.00, -156139, -542195, -1064 
1720088570240.00, -155978, -545597, -1070 
1720088570262.00, -156162, -549017, -1069 
1720088570284.00, -156216, -552429, -1026 
1720088570305.00, -153519, -555824, -1020 
1720088570331.00, -151365, -559178, -1006 
1720088570351.00, -149309, -562483, -961 
1720088570372.00, -145250, -565738, -954 
1720088570394.00, -142461, -568891, -922 
1720088570416.00, -138952, -571969, -873 
1720088570437.00, -133765, -574996, -849 
1720088570459.00, -129041, -577888, -817 
1720088570481.00, -124268, -580683, -767 
1720088570503.00, -118592, -583396, -752 
1720088570524.00, -114169, -585967, -745 
1720088570546.00, -111127, -588441, -705 
1720088570568.00, -106919, -590853, -671 
1720088570590.00, -102252, -593170, -652 
1720088570611.00, -58543, -595373, -598 
1720088570633.00, -32282, -596644, -581 
1720088570655.00, -16896, -597372, -525 
1720088570676.00, -8009, -597757, -445 
1720088570697.00, -2879, -597943, -418 
1720088570719.00, 18, -598007, -338 
1720088570741.00, 1305, -598011, -241 
1720088570762.00, 2544, -597985, -117 
1720088570784.00, 3053, -597924, 40 
1720088570805.00, 5617, -597838, 183 
1720088570827.00, 15893, -597697, 420 
1720088570848.00, 36219, -597345, 745 
1720088570870.00, 67890, -596583, 715 
1720088570892.00, 85094, -595138, 783 
1720088570913.00, 98873, -593280, 842 
1720088570935.00, 110636, -591125, 888 
1720088570957.00, 120216, -588720, 912 
1720088570979.00, 127479, -586096, 877 
1720088571000.00, 129277, -583318, 880 
1720088571021.00, 130402, -580493, 895 
1720088571043.00, 131916, -577655, 889 
1720088571065.00, 132342, -574791, 864 
1720088571087.00, 131026, -571916, 871 
1720088571110.00, 130568, -569060, 914 
1720088571130.00, 132871, -566220, 912 
1720088571153.00, 134222, -563329, 903 
1720088571174.00, 134204, -560407, 938 
1720088571195.00, 136094, -557478, 947 
1720088571217.00, 137689, -554520, 972 
1720088571239.00, 140043, -551525, 974 
1720088571259.00, 141671, -548466, 1004 
1720088571283.00, 144402, -545374, 1030 
1720088571303.00, 147446, -542221, 1046 
1720088571325.00, 150173, -538996, 1065 
1720088571347.00, 152923, -535711, 1085 
1720088571369.00, 155649, -532363, 1110 
1720088571391.00, 158670, -528954, 1129 
1720088571412.00, 161442, -525488, 1140 
1720088571434.00, 163840, -521961, 1168 
1720088571456.00, 166928, -518376, 1195 
1720088571478.00, 170078, -514727, 1194 
1720088571499.00, 171949, -511007, 1207 
1720088571522.00, 173767, -507255, 1222 
1720088571547.00, 174848, -503464, 1233 
1720088571565.00, 174826, -499633, 1242 
1720088571586.00, 174854, -495812, 1249 
1720088571609.00, 174778, -491995, 1256 
1720088571631.00, 174581, -488183, 1266 
1720088571654.00, 174739, -484360, 1268 
1720088571675.00, 174996, -480539, 1276 
1720088571696.00, 174709, -476725, 1291 
1720088571717.00, 174683, -472911, 1303 
1720088571740.00, 174676, -469092, 1294 
1720088571761.00, 174541, -465276, 1282 
1720088571783.00, 174762, -461471, 1277 
1720088571805.00, 174796, -457655, 1254 
1720088571826.00, 174963, -453834, 1220 
1720088571849.00, 174544, -450019, 1190 
1720088571871.00, 173997, -446207, 1143 
1720088571893.00, 170594, -442409, 1071 
1720088571914.00, 164309, -438692, 1004 
1720088571937.00, 156338, -435127, 949 
1720088571959.00, 148247, -431728, 870 
1720088571980.00, 84608, -428543, 772 
1720088572001.00, 47517, -426688, 829 
1720088572023.00, 25572, -425665, 688 
1720088572045.00, 12852, -425095, 575 
1720088572066.00, 5398, -424806, 456 
1720088572089.00, 1202, -424693, 201 
1720088572110.00, -806, -424689, -40 
1720088572131.00, -5056, -424716, -283 
1720088572153.00, -21697, -424839, -601 
1720088572175.00, -50664, -425295, -670 
1720088572196.00, -71879, -426364, -771 
1720088572218.00, -90663, -427928, -804 
1720088572240.00, -103505, -429901, -904 
1720088572261.00, -117310, -432163, -944 
1720088572283.00, -127684, -434735, -914 
1720088572304.00, -132095, -437518, -916 
1720088572327.00, -134553, -440377, -925 
1720088572348.00, -136392, -443317, -931 
1720088572370.00, -137714, -446285, -936 
1720088572391.00, -138817, -449274, -952 
1720088572414.00, -140304, -452313, -966 
1720088572435.00, -141950, -455359, -988 
1720088572456.00, -143990, -458444, -978 
1720088572478.00, -144527, -461590, -982 
1720088572499.00, -144991, -464728, -1021 
1720088572522.00, -147619, -467914, -990 
1720088572544.00, -147176, -471125, -971 
1720088572566.00, -145829, -474317, -991 
1720088572586.00, -145947, -477496, -1008 
1720088572608.00, -146938, -480678, -1009 
1720088572630.00, -147616, -483908, -1029 
1720088572652.00, -148998, -487134, -1045 
1720088572673.00, -150879, -490386, -1034 
1720088572695.00, -151347, -493694, -1023 
1720088572717.00, -150818, -496988, -1014 
1720088572738.00, -149902, -500292, -1002 
1720088572761.00, -148544, -503569, -1008 
1720088572783.00, -148063, -506804, -1018 
1720088572804.00, -148294, -510047, -1007 
1720088572826.00, -147751, -513269, -1006 
1720088572848.00, -147149, -516513, -1025 
1720088572869.00, -148004, -519733, -1013 
1720088572893.00, -147735, -522956, -993 
1720088572914.00, -146378, -526171, -997 
1720088572936.00, -145605, -529341, -992 
1720088572957.00, -144571, -532515, -941 
1720088572980.00, -140946, -535661, -939 
1720088573001.00, -138723, -538724, -946 
1720088573023.00, -137797, -541750, -947 
1720088573045.00, -137364, -544737, -927 
1720088573067.00, -135868, -547722, -941 
1720088573088.00, -135715, -550683, -945 
1720088573110.00, -135713, -553630, -911 
1720088573132.00, -133637, -556589, -879 
1720088573153.00, -130365, -559498, -879 
1720088573175.00, -128587, -562334, -878 
1720088573197.00, -127244, -565116, -854 
1720088573218.00, -125212, -567893, -834 
1720088573240.00, -122605, -570599, -812 
1720088573262.00, -119729, -573273, -766 
1720088573284.00, -115346, -575871, -735 
1720088573305.00, -110584, -578372, -724 
1720088573327.00, -107250, -580772, -720 
1720088573349.00, -104992, -583111, -733 
1720088573371.00, -104348, -585395, -711 
1720088573392.00, -102810, -587649, -686 
1720088573414.00, -100330, -589886, -692 
1720088573436.00, -99073, -592072, -645 
1720088573457.00, -95563, -594211, -589 
1720088573479.00, -54322, -596251, -542 
1720088573501.00, -29591, -597445, -512 
1720088573522.00, -14991, -598113, -452 
1720088573544.00, -6624, -598455, -401 
1720088573565.00, -1648, -598609, -379 
1720088573587.00, 538, -598644, -265 
1720088573608.00, 2313, -598635, -151 
1720088573630.00, 3597, -598580, 9 
1720088573652.00, 4101, -598487, 209 
1720088573673.00, 16506, -598385, 360 
1720088573694.00, 33443, -598022, 468 
1720088573716.00, 49783, -597302, 676 
1720088573738.00, 71946, -596237, 709 
1720088573759.00, 87217, -594679, 776 
1720088573781.00, 100171, -592781, 841 
1720088573803.00, 111521, -590589, 871 
1720088573825.00, 119961, -588164, 861 
1720088573846.00, 124331, -585543, 868 
1720088573868.00, 126998, -582827, 858 
1720088573890.00, 128121, -580063, 838 
1720088573911.00, 127464, -577271, 857 
1720088573933.00, 127985, -574499, 853 
1720088573956.00, 127962, -571717, 876 
1720088573976.00, 129436, -568928, 913 
1720088573998.00, 132236, -566117, 919 
1720088574020.00, 134422, -563233, 934 
1720088574042.00, 136385, -560304, 952 
1720088574066.00, 138510, -557329, 966 
1720088574086.00, 140678, -554312, 988 
1720088574106.00, 143204, -551255, 1002 
1720088574128.00, 145422, -548120, 1032 
1720088574150.00, 148481, -544941, 1050 
1720088574171.00, 151258, -541698, 1083 
1720088574193.00, 154658, -538386, 1084 
1720088574215.00, 156732, -535002, 1101 
1720088574237.00, 158769, -531578, 1123 
1720088574259.00, 161523, -528095, 1135 
1720088574283.00, 163746, -524571, 1128 
1720088574302.00, 164570, -520985, 1152 
1720088574324.00, 166338, -517391, 1168 
1720088574346.00, 168306, -513760, 1173 
1720088574368.00, 169839, -510088, 1172 
1720088574392.00, 170704, -506369, 1179 
1720088574411.00, 171331, -502639, 1198 
1720088574433.00, 172687, -498891, 1196 
1720088574455.00, 173417, -495116, 1179 
1720088574477.00, 172448, -491330, 1155 
1720088574502.00, 170645, -487552, 1165 
1720088574521.00, 170238, -483827, 1170 
1720088574542.00, 170164, -480112, 1184 
1720088574564.00, 170971, -476385, 1192 
1720088574586.00, 171687, -472660, 1194 
1720088574608.00, 172111, -468910, 1201 
1720088574629.00, 172650, -465152, 1186 
1720088574651.00, 172141, -461372, 1165 
1720088574673.00, 170599, -457621, 1148 
1720088574695.00, 168337, -453895, 1115 
1720088574717.00, 165151, -450215, 1085 
1720088574739.00, 161235, -446612, 1020 
1720088574761.00, 155019, -443100, 957 
1720088574784.00, 147338, -439744, 879 
1720088574805.00, 137997, -436548, 785 
1720088574827.00, 126968, -433552, 687 
1720088574848.00, 114277, -430809, 572 
1720088574870.00, 64519, -428369, 440 
1720088574892.00, 35496, -426955, 357 
1720088574913.00, 18223, -426180, 224 
1720088574940.00, 8128, -425779, 115 
1720088574956.00, 2285, -425600, 25 
1720088574978.00, -481, -425562, -165 
1720088575000.00, -12515, -425576, -313 
1720088575021.00, -28372, -425851, -600 
1720088575042.00, -55010, -426450, -675 
1720088575065.00, -75256, -427630, -798 
1720088575086.00, -94743, -429274, -875 
1720088575107.00, -110750, -431335, -912 
1720088575129.00, -122359, -433751, -949 
1720088575151.00, -131331, -436435, -971 
1720088575173.00, -138014, -439299, -950 
1720088575194.00, -140558, -442305, -943 
1720088575216.00, -141564, -445371, -953 
1720088575238.00, -142649, -448445, -948 
1720088575260.00, -142788, -451563, -959 
1720088575282.00, -143322, -454657, -999 
1720088575302.00, -145874, -457776, -1003 
1720088575325.00, -147740, -460974, -986 
1720088575346.00, -147656, -464181, -1006 
1720088575367.00, -148742, -467421, -1020 
1720088575390.00, -150052, -470661, -991 
1720088575412.00, -149100, -473922, -986 
1720088575433.00, -147961, -477175, -1001 
1720088575455.00, -148172, -480398, -991 
1720088575478.00, -147712, -483629, -982 
1720088575497.00, -146766, -486843, -1008 
1720088575521.00, -147643, -490029, -1009 
1720088575542.00, -148056, -493271, -987 
1720088575564.00, -147118, -496483, -995 
1720088575584.00, -146757, -499687, -1013 
1720088575607.00, -147759, -502898, -1010 
1720088575629.00, -148026, -506115, -992 
1720088575650.00, -147090, -509350, -1000 
1720088575673.00, -146977, -512550, -997 
1720088575695.00, -146616, -515742, -977 
1720088575717.00, -145098, -518934, -955 
1720088575739.00, -142674, -522077, -943 
1720088575760.00, -140702, -525189, -930 
1720088575782.00, -138605, -528236, -927 
1720088575804.00, -136957, -531234, -913 
1720088575825.00, -135129, -534229, -898 
1720088575847.00, -133024, -537161, -894 
1720088575868.00, -131481, -540057, -889 
1720088575890.00, -130172, -542916, -857 
1720088575913.00, -127157, -545745, -811 
1720088575934.00, -122886, -548511, -829 
1720088575956.00, -121365, -551184, -839 
1720088575978.00, -121077, -553825, -815 
1720088575999.00, -119385, -556462, -816 
1720088576021.00, -118536, -559062, -810 
1720088576043.00, -117633, -561631, -787 
1720088576064.00, -115594, -564180, -761 
1720088576086.00, -112798, -566705, -768 
1720088576108.00, -111433, -569158, -779 
1720088576129.00, -111413, -571569, -790 
1720088576151.00, -112244, -574007, -812 
1720088576173.00, -113760, -576445, -825 
1720088576194.00, -115512, -578919, -826 
1720088576216.00, -116265, -581434, -833 
1720088576239.00, -117295, -583957, -759 
1720088576260.00, -113458, -586511, -694 
1720088576282.00, -107131, -588972, -654 
1720088576303.00, -100953, -591295, -586 
1720088576325.00, -93231, -593481, -533 
1720088576346.00, -52792, -595481, -467 
1720088576368.00, -28806, -596632, -422 
1720088576390.00, -14634, -597278, -300 
1720088576412.00, -6282, -597608, -182 
1720088576433.00, -1464, -597748, -74 
1720088576454.00, 571, -597769, 73 
1720088576478.00, 6427, -597759, 189 
1720088576497.00, 17359, -597617, 381 
1720088576518.00, 35081, -597240, 619 
1720088576540.00, 59968, -596497, 648 
1720088576562.00, 76482, -595220, 735 
1720088576586.00, 91242, -593556, 788 
1720088576606.00, 103093, -591575, 815 
1720088576627.00, 111649, -589316, 851 
1720088576649.00, 118805, -586881, 849 
1720088576671.00, 122903, -584286, 856 
1720088576692.00, 125549, -581615, 868 
1720088576715.00, 127815, -578881, 877 
1720088576736.00, 129635, -576099, 873 
1720088576757.00, 130381, -573271, 878 
1720088576779.00, 131071, -570432, 883 
1720088576802.00, 131561, -567590, 892 
1720088576822.00, 132329, -564724, 909 
1720088576844.00, 133652, -561842, 937 
1720088576867.00, 135938, -558940, 959 
1720088576888.00, 138528, -555976, 969 
1720088576914.00, 140988, -552954, 978 
1720088576932.00, 142631, -549882, 997 
1720088576952.00, 144586, -546774, 1008 
1720088576974.00, 146462, -543610, 1007 
1720088576996.00, 147342, -540411, 1027 
1720088577018.00, 149058, -537182, 1046 
1720088577040.00, 151123, -533925, 1059 
1720088577061.00, 152973, -530621, 1080 
1720088577083.00, 155431, -527266, 1089 
1720088577105.00, 157147, -523878, 1106 
1720088577127.00, 159049, -520436, 1131 
1720088577148.00, 161795, -516955, 1130 
1720088577170.00, 163440, -513416, 1157 
1720088577193.00, 165828, -509843, 1180 
1720088577214.00, 168620, -506221, 1176 
1720088577236.00, 169866, -502518, 1193 
1720088577258.00, 171665, -498804, 1192 
1720088577279.00, 172455, -495067, 1173 
1720088577301.00, 171653, -491293, 1152 
1720088577323.00, 169988, -487546, 1171 
1720088577346.00, 170135, -483835, 1192 
1720088577367.00, 171529, -480110, 1203 
1720088577388.00, 172994, -476360, 1211 
1720088577410.00, 174014, -472581, 1217 
1720088577432.00, 174503, -468789, 1198 
1720088577457.00, 173932, -464970, 1157 
1720088577475.00, 171194, -461182, 1123 
1720088577497.00, 167503, -457446, 1101 
1720088577519.00, 163896, -453783, 1061 
1720088577541.00, 159385, -450210, 1028 
1720088577564.00, 154589, -446751, 989 
1720088577586.00, 149347, -443391, 952 
1720088577608.00, 143978, -440152, 907 
1720088577629.00, 137868, -437039, 856 
1720088577651.00, 131245, -434043, 797 
1720088577674.00, 123630, -431202, 726 
1720088577694.00, 70158, -428553, 633 
1720088577716.00, 38610, -427016, 629 
1720088577737.00, 20105, -426171, 531 
1720088577759.00, 9343, -425726, 413 
1720088577784.00, 3026, -425516, 343 
1720088577802.00, -90, -425455, 188 
1720088577824.00, -2344, -425473, -17 
1720088577845.00, -4328, -425533, -228 
1720088577867.00, -18299, -425646, -340 
1720088577892.00, -33213, -426041, -607 
1720088577909.00, -58245, -426749, -712 
1720088577932.00, -79277, -428005, -758 
1720088577953.00, -94355, -429725, -822 
1720088577974.00, -107271, -431784, -861 
1720088577997.00, -117137, -434127, -851 
1720088578018.00, -122352, -436686, -862 
1720088578040.00, -125894, -439348, -871 
1720088578061.00, -128154, -442096, -874 
1720088578083.00, -129895, -444902, -879 
1720088578105.00, -131094, -447716, -890 
1720088578127.00, -132455, -450570, -907 
1720088578148.00, -134228, -453456, -918 
1720088578170.00, -135761, -456365, -922 
1720088578192.00, -136672, -459324, -926 
1720088578214.00, -137407, -462301, -946 
1720088578235.00, -138987, -465280, -940 
1720088578257.00, -139636, -468320, -935 
1720088578279.00, -139486, -471359, -960 
1720088578301.00, -140885, -474395, -959 
1720088578326.00, -141403, -477455, -959 
1720088578344.00, -141791, -480530, -951 
1720088578366.00, -141367, -483624, -966 
1720088578387.00, -141930, -486696, -973 
1720088578409.00, -142639, -489768, -961 
1720088578431.00, -142289, -492887, -969 
1720088578453.00, -142532, -495979, -973 
1720088578474.00, -142935, -499077, -965 
1720088578496.00, -142650, -502194, -961 
1720088578518.00, -142105, -505283, -974 
1720088578541.00, -142269, -508385, -973 
1720088578562.00, -142208, -511480, -961 
1720088578583.00, -141448, -514569, -963 
1720088578604.00, -140976, -517654, -927 
1720088578627.00, -138520, -520712, -900 
1720088578648.00, -135396, -523732, -916 
1720088578670.00, -134524, -526682, -916 
1720088578691.00, -133827, -529601, -889 
1720088578713.00, -131971, -532518, -885 
1720088578735.00, -130469, -535379, -886 
1720088578757.00, -129591, -538208, -886 
1720088578778.00, -128901, -541032, -872 
1720088578801.00, -127733, -543843, -866 
1720088578822.00, -126504, -546607, -869 
1720088578843.00, -126059, -549377, -854 
1720088578866.00, -124814, -552109, -805 
1720088578888.00, -120945, -554811, -796 
1720088578909.00, -118197, -557446, -799 
1720088578931.00, -116743, -560019, -773 
1720088578953.00, -114401, -562554, -757 
1720088578974.00, -112007, -565033, -754 
1720088578996.00, -110196, -567462, -764 
1720088579018.00, -109688, -569862, -754 
1720088579040.00, -108894, -572249, -731 
1720088579061.00, -107011, -574616, -725 
1720088579083.00, -105409, -576937, -731 
1720088579104.00, -104757, -579226, -743 
1720088579126.00, -105248, -581511, -733 
1720088579148.00, -104807, -583792, -731 
1720088579169.00, -104449, -586068, -675 
1720088579191.00, -100833, -588335, -640 
1720088579220.00, -96337, -590525, -595 
1720088579234.00, -91068, -592606, -548 
1720088579257.00, -85056, -594572, -491 
1720088579278.00, -48306, -596391, -436 
1720088579300.00, -26215, -597451, -400 
1720088579321.00, -13136, -598047, -344 
1720088579343.00, -5692, -598349, -289 
1720088579364.00, -1360, -598487, -325 
1720088579386.00, 275, -598520, -305 
1720088579407.00, 1750, -598518, -278 
1720088579428.00, 2824, -598485, -252 
1720088579450.00, 3561, -598423, -216 
1720088579472.00, 3855, -598345, -166 
1720088579494.00, 3858, -598261, -135 
1720088579516.00, 3944, -598172, -107 
1720088579536.00, 3953, -598086, -82 
1720088579559.00, 3821, -598001, -67 
1720088579580.00, 3524, -597914, -49 
1720088579602.00, 3354, -597835, -39 
1720088579623.00, 3252, -597760, -30 
1720088579644.00, 3239, -597686, -5 
1720088579666.00, 3246, -597618, -11 
1720088579688.00, 3042, -597549, 0 
1720088579710.00, 3122, -597481, -12 
1720088579731.00, 3052, -597414, -5 
1720088579752.00, 2944, -597347, 8 
1720088579774.00, 2931, -597284, 14 
1720088579795.00, 3715, -597222, 16 
1720088579817.00, 4140, -597141, 17 
1720088579838.00, 4561, -597051, 16 
1720088579859.00, 4755, -596954, 30 
1720088579881.00, 5548, -596855, 24 
1720088579902.00, 5635, -596734, 37 
1720088579923.00, 6579, -596611, 33 
1720088579986.00, 6914, -596474, 27 
1720088579986.00, 6434, -596322, 51 
1720088579989.00, 7584, -596187, 34 
1720088580010.00, 0, -596018, -60 
1720088580031.00, 0, -595991, -68 
1720088580052.00, 0, -595991, -84 
1720088580073.00, 0, -595991, -96 
1720088580094.00, 0, -595992, -101 
1720088580114.00, 0, -595993, -107 
1720088580136.00, 0, -595993, -116 
1720088580157.00, 0, -595992, -110 
1720088580178.00, 0, -595991, -94 
1720088580199.00, 0, -595992, -91 
1720088580220.00, 0, -595992, -100 
1720088580242.00, 0, -595992, -94 
1720088580262.00, 0, -595992, -97 
1720088580283.00, 0, -595992, -95 
1720088580304.00, 0, -595992, -96 
1720088580325.00, 0, -595992, -96 
1720088580346.00, 0, -595992, -96 
1720088580367.00, 0, -595991, -97 
1720088580389.00, 0, -595992, -95 
1720088580410.00, 0, -595992, -97 
1720088580431.00, 0, -595992, -96 
1720088580452.00, 0, -595992, -96 
1720088580473.00, 0, -595993, -97 
1720088580493.00, 0, -595993, -95 
1720088580514.00, 0, -595992, -97 
1720088580536.00, 0, -595992, -96 
1720088580557.00, 0, -595993, -97 
1720088580578.00, 0, -595992, -96 
1720088580599.00, 0, -595993, -96 
1720088580619.00, 0, -595992, -96 
1720088580641.00, 0, -595992, -96 
1720088580662.00, 0, -595992, -97 
1720088580698.00, 0, -595992, -96 
1720088580704.00, 0, -595992, -97 
1720088580725.00, 0, -595992, -96 
1720088580746.00, 0, -595992, -96 
1720088580767.00, 0, -595993, -96 
1720088580788.00, 0, -595992, -96 
1720088580809.00, 0, -595992, -96 
1720088580830.00, 0, -595992, -96 
1720088580851.00, 0, -595992, -96 
1720088580872.00, 0, -595993, -96 
1720088580893.00, 0, -595992, -96 
1720088580914.00, 0, -595992, -96 
1720088580935.00, 0, -595993, -96 
1720088580957.00, 0, -595993, -96 
1720088580978.00, 0, -595993, -96 
1720088580999.00, 0, -595993, -96 
1720088581020.00, 0, -595993, -96 
1720088581040.00, 0, -595992, -96 
1720088581062.00, 0, -595992, -96 
1720088581082.00, 0, -595993, -96 
1720088581103.00, 0, -595992, -96 
1720088581125.00, 0, -595993, -96 
1720088581145.00, 0, -595993, -96 
1720088581167.00, 0, -595991, -96 
1720088581188.00, 0, -595992, -96 
1720088581209.00, 0, -595993, -96 
1720088581230.00, 0, -595993, -96 
1720088581251.00, 0, -595992, -96 
1720088581272.00, 0, -595993, -96 
1720088581292.00, 0, -595993, -96 
1720088581313.00, 0, -595993, -96 
1720088581335.00, 0, -595992, -96 
1720088581356.00, 0, -595992, -96 
1720088581377.00, 0, -595993, -96 
1720088581398.00, 0, -595992, -96 
1720088581418.00, 0, -595992, -96 
1720088581439.00, 0, -595993, -96 
1720088581461.00, 0, -595992, -96 
1720088581482.00, 0, -595993, -96 
1720088581503.00, 0, -595993, -96 
1720088581524.00, 0, -595991, -96 
1720088581545.00, 0, -595993, -96 
1720088581566.00, 0, -595993, -96 
1720088581587.00, 0, -595993, -96 
1720088581608.00, 0, -595992, -96 
1720088581629.00, 0, -595992, -96 
1720088581650.00, 0, -595992, -96 
1720088581671.00, 0, -595992, -96 
1720088581694.00, 0, -595993, -96 
1720088581714.00, 0, -595993, -96 
1720088581734.00, 0, -595992, -96 
1720088581757.00, 0, -595992, -96 
1720088581776.00, 0, -595992, -96 
1720088581797.00, 0, -595992, -96 
1720088581818.00, 0, -595993, -96 
1720088581840.00, 0, -595992, -96 
1720088581861.00, 0, -595993, -96 
1720088581882.00, 0, -595993, -96 
1720088581903.00, 0, -595993, -96 
1720088581923.00, 0, -595993, -96 
1720088581945.00, 0, -595992, -96 
1720088581966.00, 0, -595993, -96 
1720088581986.00, 0, -595993, -96 
1720088582007.00, 0, -595993, -96 
1720088582029.00, 0, -595992, -96 
1720088582050.00, 0, -595993, -96 
1720088582070.00, 0, -595992, -96 
1720088582093.00, 0, -595993, -96 
1720088582113.00, 0, -595993, -96 
1720088582134.00, 0, -595992, -96 
1720088582155.00, 0, -595992, -96 
1720088582175.00, 0, -595993, -96 
1720088582197.00, 0, -595992, -96 
1720088582218.00, 0, -595993, -96 
1720088582239.00, 0, -595993, -96 
1720088582260.00, 0, -595993, -96 
1720088582281.00, 0, -595992, -96 
1720088582302.00, 0, -595992, -96 
1720088582323.00, 0, -595993, -96 
1720088582344.00, 0, -595993, -96 
1720088582365.00, 0, -595993, -96 
1720088582386.00, 0, -595993, -96 
1720088582407.00, 0, -595992, -96 
1720088582428.00, 0, -595993, -96 
1720088582449.00, 0, -595993, -96 
1720088582471.00, 0, -595993, -96 
1720088582491.00, 0, -595993, -96 
1720088582513.00, 0, -595992, -96 
1720088582533.00, 0, -595992, -96 
1720088582554.00, 0, -595993, -96 
1720088582575.00, 0, -595993, -96 
1720088582597.00, 0, -595993, -96 
1720088582618.00, 0, -595993, -96 
1720088582638.00, 0, -595993, -96 
1720088582660.00, 0, -595993, -96 
1720088582680.00, 0, -595993, -96 
1720088582702.00, 0, -595992, -96 
1720088582723.00, 0, -595993, -96 
1720088582744.00, 0, -595992, -96 
1720088582765.00, 0, -595992, -96 
1720088582787.00, 0, -595993, -96 
1720088582806.00, 0, -595992, -96 
1720088582828.00, 0, -595992, -96 
1720088582849.00, 0, -595994, -96 
1720088582869.00, 0, -595993, -96 
1720088582891.00, 0, -595993, -96 
1720088582912.00, 0, -595992, -96 
