1720446998210.00, 143, -610529, -337 
1720446998232.00, 136, -610526, -338 
1720446998253.00, 112, -610522, -340 
1720446998275.00, 109, -610519, -342 
1720446998299.00, 104, -610518, -344 
1720446998318.00, 104, -610517, -345 
1720446998339.00, 94, -610515, -348 
1720446998360.00, 99, -610511, -350 
1720446998382.00, 100, -610509, -351 
1720446998406.00, 92, -610507, -354 
1720446998425.00, 94, -610505, -354 
1720446998446.00, 79, -610503, -358 
1720446998468.00, 78, -610502, -360 
1720446998490.00, 71, -610499, -361 
1720446998515.00, 89, -610499, -363 
1720446998533.00, 75, -610496, -364 
1720446998554.00, 71, -610495, -367 
1720446998576.00, 74, -610494, -370 
1720446998597.00, 65, -610492, -368 
1720446998619.00, 66, -610492, -374 
1720446998640.00, 70, -610491, -379 
1720446998662.00, 70, -610490, -378 
1720446998682.00, 66, -610488, -378 
1720446998704.00, 61, -610487, -381 
1720446998726.00, 56, -610484, -384 
1720446998759.00, 51, -610484, -386 
1720446998768.00, 61, -610483, -388 
1720446998790.00, 60, -610482, -389 
1720446998811.00, 56, -610481, -391 
1720446998833.00, 60, -610479, -391 
1720446998855.00, 79, -610477, -392 
1720446998876.00, 66, -610476, -392 
1720446998897.00, 63, -610475, -390 
1720446998919.00, 59, -610473, -389 
1720446998940.00, 55, -610472, -391 
1720446998961.00, 57, -610471, -392 
1720446998983.00, 61, -610469, -394 
1720446999004.00, 61, -610469, -392 
1720446999026.00, 55, -610466, -391 
1720446999048.00, 62, -610465, -393 
1720446999068.00, 72, -610464, -394 
1720446999091.00, 79, -610462, -392 
1720446999112.00, 61, -610461, -389 
1720446999134.00, 62, -610460, -395 
1720446999155.00, 41, -610459, -399 
1720446999178.00, 40, -610458, -399 
1720446999198.00, 13, -610457, -398 
1720446999219.00, 57, -610455, -398 
1720446999241.00, 67, -610454, -400 
1720446999262.00, 63, -610455, -400 
1720446999284.00, 40, -610454, -399 
1720446999305.00, 65, -610453, -400 
1720446999326.00, 43, -610451, -401 
1720446999348.00, 34, -610451, -400 
1720446999370.00, 46, -610450, -399 
1720446999391.00, 56, -610449, -404 
1720446999413.00, 62, -610449, -406 
1720446999434.00, 40, -610448, -406 
1720446999455.00, 33, -610448, -407 
1720446999477.00, 21, -610446, -408 
1720446999498.00, -4, -610446, -408 
1720446999519.00, -2, -610445, -408 
1720446999542.00, 1, -610445, -408 
1720446999563.00, 0, -610444, -405 
1720446999584.00, 0, -610444, -404 
1720446999608.00, 67, -610444, -408 
1720446999627.00, 1, -610444, -406 
1720446999649.00, 0, -610443, -402 
1720446999670.00, 0, -610442, -400 
1720446999691.00, 0, -610442, -396 
1720446999713.00, 0, -610441, -394 
1720446999734.00, 0, -610442, -392 
1720446999755.00, 0, -610441, -389 
1720446999777.00, 24, -610441, -390 
1720446999798.00, 0, -610442, -388 
1720446999821.00, 1, -610441, -385 
1720446999840.00, 0, -610440, -385 
1720446999862.00, 5, -610440, -382 
1720446999882.00, 0, -610440, -381 
1720446999904.00, 0, -610439, -379 
1720446999926.00, 0, -610439, -373 
1720446999947.00, 0, -610439, -365 
1720446999968.00, -3, -610439, -362 
1720446999990.00, 0, -610438, -360 
1720447000010.00, 1, -610438, -356 
1720447000032.00, 0, -610438, -353 
1720447000053.00, 0, -610438, -358 
1720447000074.00, -4, -610437, -361 
1720447000096.00, 63, -610436, -342 
1720447000118.00, 83, -610434, -301 
1720447000139.00, 168, -610431, -261 
1720447000170.00, 289, -610426, -228 
1720447000182.00, 245, -610418, -186 
1720447000203.00, 192, -610410, -149 
1720447000225.00, 140, -610406, -124 
1720447000247.00, 95, -610401, -107 
1720447000277.00, 62, -610398, -101 
1720447000289.00, 27, -610396, -91 
1720447000311.00, 7, -610394, -84 
1720447000332.00, 0, -610393, -88 
1720447000353.00, 1, -610393, -87 
1720447000375.00, 0, -610392, -79 
1720447000396.00, 0, -610392, -83 
1720447000416.00, -2, -610392, -85 
1720447000438.00, 0, -610392, -77 
1720447000460.00, 23, -610392, -76 
1720447000481.00, 0, -610392, -81 
1720447000502.00, 0, -610391, -80 
1720447000523.00, 0, -610392, -76 
1720447000544.00, 0, -610392, -77 
1720447000565.00, 0, -610392, -80 
1720447000586.00, 51, -610391, -78 
1720447000608.00, 24, -610390, -69 
1720447000630.00, 0, -610389, -60 
1720447000650.00, 0, -610389, -66 
1720447000672.00, 45, -610390, -69 
1720447000692.00, 0, -610391, -67 
1720447000714.00, 0, -610389, -68 
1720447000736.00, 0, -610390, -69 
1720447000757.00, 0, -610389, -66 
1720447000778.00, 7, -610388, -54 
1720447000799.00, 9, -610387, -35 
1720447000821.00, 62, -610384, 2 
1720447000842.00, 198, -610378, 64 
1720447000863.00, 4201, -610362, 146 
1720447000885.00, 11738, -610261, 238 
1720447000907.00, 21258, -610015, 326 
1720447000928.00, 32695, -609562, 363 
1720447000950.00, 41451, -608856, 597 
1720447000971.00, 60711, -607967, 648 
1720447000993.00, 75171, -606655, 622 
1720447001015.00, 82244, -605031, 700 
1720447001037.00, 90954, -603238, 727 
1720447001059.00, 97754, -601267, 698 
1720447001080.00, 99912, -599149, 705 
1720447001102.00, 101512, -596979, 711 
1720447001124.00, 102854, -594775, 741 
1720447001145.00, 105531, -592531, 763 
1720447001167.00, 108238, -590234, 807 
1720447001189.00, 112352, -587889, 868 
1720447001210.00, 118457, -585439, 903 
1720447001232.00, 124166, -582842, 921 
1720447001254.00, 128560, -580134, 967 
1720447001274.00, 133842, -577330, 1013 
1720447001296.00, 139934, -574404, 1038 
1720447001318.00, 144864, -571340, 1084 
1720447001340.00, 150545, -568175, 1121 
1720447001361.00, 155999, -564880, 1142 
1720447001383.00, 160525, -561458, 1176 
1720447001405.00, 164962, -557945, 1208 
1720447001427.00, 169483, -554338, 1237 
1720447001449.00, 173913, -550624, 1263 
1720447001470.00, 174799, -546828, 1290 
1720447001492.00, 174802, -543001, 1358 
1720447001514.00, 174837, -539191, 1382 
1720447001535.00, 174817, -535360, 1413 
1720447001558.00, 174955, -531539, 1447 
1720447001581.00, 174728, -527721, 1473 
1720447001602.00, 174618, -523910, 1487 
1720447001623.00, 174784, -520088, 1492 
1720447001645.00, 174827, -516264, 1478 
1720447001666.00, 174745, -512457, 1470 
1720447001688.00, 174768, -508631, 1469 
1720447001710.00, 174631, -504820, 1458 
1720447001733.00, 174713, -500998, 1457 
1720447001754.00, 174865, -497187, 1465 
1720447001776.00, 174878, -493374, 1479 
1720447001804.00, 174701, -489546, 1486 
1720447001820.00, 174768, -485735, 1484 
1720447001842.00, 174653, -481923, 1496 
1720447001863.00, 174639, -478099, 1483 
1720447001885.00, 174718, -474280, 1497 
1720447001907.00, 174696, -470476, 1484 
1720447001929.00, 174756, -466659, 1448 
1720447001950.00, 174695, -462838, 1396 
1720447001972.00, 174570, -459027, 1344 
1720447001994.00, 174501, -455207, 1293 
1720447002016.00, 174530, -451411, 1259 
1720447002037.00, 174364, -447591, 1247 
1720447002059.00, 174487, -443775, 1230 
1720447002081.00, 173369, -439977, 1198 
1720447002103.00, 170804, -436182, 1160 
1720447002125.00, 166819, -432471, 1106 
1720447002148.00, 92043, -428853, 1009 
1720447002170.00, 48701, -426821, 1082 
1720447002191.00, 24015, -425771, 807 
1720447002213.00, 9775, -425237, 701 
1720447002234.00, 1358, -425019, 603 
1720447002256.00, -3247, -424998, 308 
1720447002277.00, -5627, -425100, -115 
1720447002299.00, -14337, -425236, -289 
1720447002321.00, -29514, -425563, -728 
1720447002343.00, -65146, -426182, -789 
1720447002364.00, -89911, -427565, -814 
1720447002385.00, -105616, -429519, -890 
1720447002407.00, -119634, -431829, -898 
1720447002429.00, -128096, -434442, -896 
1720447002457.00, -132963, -437247, -916 
1720447002472.00, -136896, -440135, -942 
1720447002494.00, -140617, -443121, -962 
1720447002515.00, -143810, -446176, -967 
1720447002537.00, -145882, -449304, -987 
1720447002558.00, -148292, -452491, -1023 
1720447002580.00, -151652, -455722, -1017 
1720447002602.00, -153089, -459041, -1023 
1720447002624.00, -154230, -462390, -1042 
1720447002645.00, -155983, -465744, -1040 
1720447002667.00, -156759, -469159, -1052 
1720447002689.00, -157913, -472573, -1061 
1720447002710.00, -159032, -476028, -1061 
1720447002733.00, -159468, -479492, -1050 
1720447002754.00, -158827, -482979, -1043 
1720447002776.00, -157911, -486452, -1043 
1720447002798.00, -157315, -489894, -1071 
1720447002819.00, -158104, -493342, -1086 
1720447002841.00, -159767, -496797, -1068 
1720447002863.00, -159648, -500307, -1125 
1720447002885.00, -162731, -503790, -1116 
1720447002907.00, -163923, -507342, -1112 
1720447002929.00, -164515, -510933, -1119 
1720447002951.00, -165016, -514511, -1136 
1720447002972.00, -166337, -518128, -1153 
1720447002999.00, -168051, -521763, -1189 
1720447003016.00, -170984, -525447, -1242 
1720447003038.00, -174819, -529183, -1247 
1720447003060.00, -174650, -533024, -1270 
1720447003082.00, -174621, -536842, -1337 
1720447003104.00, -174941, -540652, -1356 
1720447003125.00, -174946, -544478, -1390 
1720447003147.00, -174697, -548289, -1422 
1720447003169.00, -174695, -552112, -1413 
1720447003191.00, -174611, -555933, -1430 
1720447003214.00, -174695, -559741, -1436 
1720447003234.00, -174753, -563534, -1418 
1720447003256.00, -174861, -567360, -1409 
1720447003278.00, -174572, -571173, -1377 
1720447003300.00, -174441, -575000, -1335 
1720447003324.00, -174683, -578799, -1275 
1720447003343.00, -174604, -582620, -1242 
1720447003364.00, -174660, -586429, -1178 
1720447003387.00, -173814, -590230, -1107 
1720447003408.00, -169272, -594022, -1018 
1720447003433.00, -97717, -597690, -929 
1720447003453.00, -55511, -599829, -1052 
1720447003475.00, -31149, -601037, -852 
1720447003497.00, -17193, -601735, -847 
1720447003518.00, -9213, -602127, -821 
1720447003544.00, -4329, -602319, -651 
1720447003561.00, -1277, -602403, -371 
1720447003582.00, 59, -602407, 19 
1720447003604.00, 2164, -602389, 323 
1720447003626.00, 21043, -602318, 780 
1720447003647.00, 60721, -601890, 689 
1720447003669.00, 78811, -600612, 714 
1720447003690.00, 90530, -598898, 870 
1720447003712.00, 106897, -596930, 860 
1720447003734.00, 116099, -594598, 866 
1720447003756.00, 121590, -592072, 928 
1720447003777.00, 128534, -589420, 926 
1720447003799.00, 132302, -586623, 947 
1720447003820.00, 135637, -583734, 973 
1720447003843.00, 139083, -580774, 985 
1720447003863.00, 141914, -577742, 1024 
1720447003885.00, 145740, -574644, 1071 
1720447003907.00, 150769, -571460, 1074 
1720447003928.00, 154072, -568152, 1100 
1720447003950.00, 157387, -564779, 1133 
1720447003972.00, 161274, -561339, 1145 
1720447003993.00, 164120, -557819, 1167 
1720447004015.00, 167118, -554235, 1192 
1720447004037.00, 170404, -550573, 1214 
1720447004060.00, 173593, -546853, 1239 
1720447004080.00, 174907, -543065, 1259 
1720447004103.00, 174783, -539231, 1320 
1720447004124.00, 174831, -535416, 1348 
1720447004146.00, 175112, -531587, 1382 
1720447004168.00, 174690, -527767, 1434 
1720447004190.00, 174719, -523953, 1474 
1720447004212.00, 174873, -520131, 1513 
1720447004233.00, 174839, -516318, 1549 
1720447004256.00, 174899, -512489, 1584 
1720447004278.00, 174910, -508660, 1599 
1720447004299.00, 174763, -504857, 1618 
1720447004324.00, 174674, -501034, 1631 
1720447004343.00, 174759, -497220, 1639 
1720447004364.00, 174948, -493400, 1649 
1720447004387.00, 174633, -489589, 1679 
1720447004408.00, 174631, -485766, 1684 
1720447004430.00, 174684, -481940, 1684 
1720447004452.00, 174667, -478135, 1678 
1720447004474.00, 174638, -474317, 1683 
1720447004495.00, 174715, -470503, 1690 
1720447004517.00, 174793, -466687, 1696 
1720447004539.00, 174543, -462863, 1688 
1720447004561.00, 174489, -459057, 1663 
1720447004583.00, 174642, -455241, 1648 
1720447004605.00, 174728, -451425, 1635 
1720447004626.00, 174601, -447622, 1610 
1720447004648.00, 174538, -443806, 1549 
1720447004670.00, 174246, -439999, 1454 
1720447004692.00, 174171, -436201, 1359 
1720447004714.00, 174109, -432401, 1213 
1720447004736.00, 95654, -428637, 925 
1720447004758.00, 50522, -426534, 792 
1720447004780.00, 24701, -425450, 489 
1720447004801.00, 9899, -424899, 335 
1720447004823.00, 1170, -424686, 103 
1720447004844.00, -3629, -424675, -242 
1720447004866.00, -20549, -424778, -763 
1720447004888.00, -62032, -425212, -890 
1720447004910.00, -94496, -426512, -963 
1720447004930.00, -117740, -428575, -1053 
1720447004952.00, -136922, -431164, -1070 
1720447004974.00, -148897, -434167, -1091 
1720447004995.00, -157043, -437433, -1088 
1720447005017.00, -161679, -440864, -1084 
1720447005039.00, -163938, -444419, -1098 
1720447005061.00, -165923, -447983, -1077 
1720447005082.00, -165583, -451619, -1098 
1720447005104.00, -166438, -455224, -1102 
1720447005126.00, -167198, -458868, -1116 
1720447005148.00, -168288, -462519, -1132 
1720447005170.00, -169932, -466189, -1157 
1720447005191.00, -172241, -469910, -1184 
1720447005213.00, -174673, -473670, -1206 
1720447005235.00, -174622, -477501, -1210 
1720447005257.00, -174691, -481310, -1202 
1720447005279.00, -174756, -485134, -1206 
1720447005301.00, -174754, -488939, -1238 
1720447005322.00, -174749, -492762, -1222 
1720447005344.00, -174666, -496584, -1223 
1720447005366.00, -174579, -500414, -1275 
1720447005388.00, -174680, -504223, -1288 
1720447005410.00, -174912, -508044, -1319 
1720447005431.00, -174791, -511858, -1346 
1720447005453.00, -174494, -515673, -1385 
1720447005475.00, -174980, -519511, -1382 
1720447005497.00, -174823, -523316, -1398 
1720447005519.00, -174686, -527141, -1454 
1720447005541.00, -174869, -530943, -1448 
1720447005563.00, -174816, -534772, -1477 
1720447005584.00, -174775, -538584, -1502 
1720447005606.00, -174647, -542423, -1514 
1720447005628.00, -174870, -546219, -1501 
1720447005649.00, -174706, -550043, -1534 
1720447005671.00, -174687, -553846, -1535 
1720447005693.00, -174938, -557672, -1524 
1720447005715.00, -174836, -561483, -1526 
1720447005737.00, -174556, -565299, -1480 
1720447005759.00, -174702, -569129, -1471 
1720447005781.00, -174759, -572932, -1452 
1720447005802.00, -174754, -576736, -1412 
1720447005824.00, -174611, -580539, -1398 
1720447005846.00, -174591, -584358, -1349 
1720447005868.00, -174537, -588155, -1205 
1720447005889.00, -174608, -591979, -1159 
1720447005911.00, -174184, -595780, -1062 
1720447005934.00, -101597, -599560, -912 
1720447005956.00, -58951, -601788, -896 
1720447005977.00, -34104, -603044, -591 
1720447005999.00, -20272, -603794, -407 
1720447006021.00, -11801, -604239, -233 
1720447006042.00, -7034, -604473, 84 
1720447006064.00, 518, -604617, 320 
1720447006085.00, 19096, -604602, 748 
1720447006107.00, 56498, -604200, 989 
1720447006129.00, 93699, -603037, 712 
1720447006150.00, 98608, -601008, 926 
1720447006171.00, 114100, -598865, 1020 
1720447006193.00, 129078, -596362, 960 
1720447006214.00, 133942, -593546, 1044 
1720447006236.00, 141630, -590615, 1047 
1720447006258.00, 146437, -587522, 1069 
1720447006280.00, 150482, -584305, 1106 
1720447006301.00, 155024, -581023, 1092 
1720447006323.00, 156805, -577632, 1117 
1720447006345.00, 159362, -574201, 1129 
1720447006366.00, 161518, -570722, 1127 
1720447006388.00, 162550, -567191, 1153 
1720447006410.00, 164776, -563633, 1170 
1720447006433.00, 166884, -560041, 1177 
1720447006454.00, 168575, -556388, 1200 
1720447006476.00, 170816, -552698, 1228 
1720447006500.00, 173756, -548969, 1243 
1720447006519.00, 174683, -545150, 1288 
1720447006541.00, 174958, -541332, 1316 
1720447006564.00, 174666, -537509, 1344 
1720447006585.00, 174658, -533701, 1361 
1720447006608.00, 174699, -529883, 1406 
1720447006629.00, 174848, -526061, 1448 
1720447006651.00, 174751, -522245, 1472 
1720447006672.00, 174730, -518426, 1509 
1720447006694.00, 174911, -514595, 1544 
1720447006716.00, 174625, -510780, 1573 
1720447006738.00, 174676, -506966, 1600 
1720447006759.00, 174871, -503143, 1626 
1720447006781.00, 174623, -499317, 1646 
1720447006803.00, 174753, -495500, 1665 
1720447006825.00, 174732, -491684, 1690 
1720447006847.00, 174759, -487864, 1704 
1720447006869.00, 174716, -484049, 1735 
1720447006891.00, 174770, -480234, 1755 
1720447006912.00, 174984, -476406, 1775 
1720447006937.00, 174691, -472598, 1787 
1720447006955.00, 174447, -468782, 1808 
1720447006978.00, 174344, -464971, 1809 
1720447007000.00, 174406, -461158, 1808 
1720447007022.00, 174699, -457351, 1810 
1720447007047.00, 174819, -453531, 1837 
1720447007065.00, 174700, -449719, 1843 
1720447007087.00, 174477, -445905, 1801 
1720447007109.00, 174429, -442085, 1766 
1720447007130.00, 174426, -438287, 1739 
1720447007152.00, 174170, -434488, 1617 
1720447007174.00, 173942, -430694, 1366 
1720447007197.00, 95696, -426923, 1028 
1720447007219.00, 50513, -424826, 881 
1720447007240.00, 24510, -423746, 452 
1720447007263.00, 9773, -423221, 98 
1720447007283.00, 1043, -423024, -276 
1720447007305.00, -19492, -423018, -630 
1720447007326.00, -53267, -423422, -843 
1720447007348.00, -86286, -424545, -927 
1720447007368.00, -110866, -426422, -1018 
1720447007391.00, -130838, -428873, -1060 
1720447007412.00, -144986, -431744, -1077 
1720447007434.00, -154141, -434927, -1119 
1720447007456.00, -161855, -438303, -1105 
1720447007478.00, -165401, -441841, -1145 
1720447007500.00, -169603, -445471, -1188 
1720447007521.00, -174611, -449169, -1200 
1720447007543.00, -174859, -453004, -1202 
1720447007565.00, -174736, -456804, -1270 
1720447007587.00, -174397, -460644, -1282 
1720447007608.00, -174596, -464459, -1261 
1720447007630.00, -174652, -468269, -1264 
1720447007652.00, -174772, -472082, -1265 
1720447007674.00, -174874, -475896, -1212 
1720447007696.00, -174731, -479707, -1220 
1720447007717.00, -174585, -483529, -1206 
1720447007740.00, -174632, -487343, -1180 
1720447007761.00, -174634, -491163, -1208 
1720447007783.00, -174798, -494975, -1209 
1720447007806.00, -174796, -498791, -1230 
1720447007827.00, -174738, -502618, -1235 
1720447007848.00, -174691, -506431, -1251 
1720447007870.00, -174763, -510257, -1243 
1720447007893.00, -174679, -514057, -1286 
1720447007914.00, -174889, -517894, -1298 
1720447007936.00, -174814, -521705, -1313 
1720447007958.00, -174526, -525523, -1322 
1720447007979.00, -174731, -529338, -1352 
1720447008001.00, -174660, -533167, -1361 
1720447008023.00, -174689, -536990, -1364 
1720447008045.00, -174829, -540793, -1392 
1720447008067.00, -174803, -544607, -1432 
1720447008089.00, -174851, -548431, -1438 
1720447008112.00, -174530, -552245, -1460 
1720447008132.00, -174562, -556054, -1454 
1720447008154.00, -174756, -559877, -1424 
1720447008176.00, -174839, -563672, -1414 
1720447008198.00, -174511, -567495, -1404 
1720447008220.00, -174719, -571298, -1364 
1720447008241.00, -174722, -575138, -1309 
1720447008262.00, -174721, -578930, -1277 
1720447008285.00, -174582, -582758, -1248 
1720447008307.00, -174577, -586557, -1160 
1720447008329.00, -168862, -590357, -1037 
1720447008351.00, -158449, -594042, -899 
1720447008373.00, -87354, -597443, -726 
1720447008394.00, -45604, -599364, -677 
1720447008416.00, -21713, -600352, -334 
1720447008437.00, -8149, -600828, -88 
1720447008459.00, -206, -601006, 106 
1720447008481.00, 10055, -601018, 274 
1720447008503.00, 26190, -600799, 569 
1720447008524.00, 53713, -600241, 794 
1720447008546.00, 83699, -599109, 698 
1720447008567.00, 95572, -597289, 814 
1720447008589.00, 109420, -595219, 920 
1720447008611.00, 123829, -592823, 910 
1720447008633.00, 131465, -590122, 938 
1720447008655.00, 137569, -587260, 968 
1720447008676.00, 142780, -584254, 976 
1720447008697.00, 146059, -581147, 1002 
1720447008719.00, 149555, -577950, 1028 
1720447008740.00, 153073, -574678, 1046 
1720447008762.00, 155958, -571335, 1060 
1720447008783.00, 158432, -567921, 1081 
1720447008806.00, 161130, -564451, 1103 
1720447008827.00, 163738, -560931, 1131 
1720447008849.00, 167179, -557348, 1149 
1720447008871.00, 169883, -553697, 1169 
1720447008892.00, 172547, -549984, 1188 
1720447008915.00, 174841, -546215, 1218 
1720447008937.00, 174789, -542387, 1262 
1720447008958.00, 174757, -538575, 1291 
1720447008980.00, 175013, -534757, 1334 
1720447009002.00, 174729, -530928, 1376 
1720447009023.00, 174605, -527101, 1414 
1720447009046.00, 174595, -523299, 1452 
1720447009068.00, 174925, -519469, 1479 
1720447009089.00, 174848, -515644, 1537 
1720447009111.00, 174814, -511820, 1571 
1720447009133.00, 174817, -508002, 1589 
1720447009155.00, 174652, -504192, 1618 
1720447009176.00, 174763, -500365, 1644 
1720447009198.00, 174982, -496557, 1658 
1720447009220.00, 174917, -492730, 1664 
1720447009245.00, 174685, -488913, 1685 
1720447009264.00, 174797, -485094, 1720 
1720447009285.00, 174838, -481273, 1743 
1720447009307.00, 174752, -477477, 1754 
1720447009329.00, 174903, -473648, 1787 
1720447009352.00, 174807, -469830, 1803 
1720447009373.00, 174797, -466008, 1792 
1720447009394.00, 174585, -462192, 1800 
1720447009416.00, 174683, -458382, 1796 
1720447009438.00, 174914, -454563, 1751 
1720447009459.00, 174610, -450760, 1733 
1720447009482.00, 174626, -446935, 1731 
1720447009503.00, 174646, -443124, 1674 
1720447009525.00, 174620, -439322, 1563 
1720447009547.00, 174528, -435507, 1494 
1720447009569.00, 174510, -431706, 1344 
1720447009591.00, 101492, -427932, 1106 
1720447009614.00, 59416, -425704, 938 
1720447009636.00, 35336, -424438, 604 
1720447009657.00, 21266, -423672, 388 
1720447009679.00, 12358, -423219, 199 
1720447009700.00, 7167, -422981, -292 
1720447009722.00, -12311, -422855, -718 
1720447009744.00, -49929, -423104, -904 
1720447009765.00, -83877, -424130, -879 
1720447009788.00, -102142, -425967, -1065 
1720447009807.00, -124541, -428225, -1115 
1720447009829.00, -140628, -430952, -1093 
1720447009851.00, -148757, -434036, -1096 
1720447009873.00, -153634, -437296, -1113 
1720447009895.00, -157431, -440644, -1101 
1720447009917.00, -158727, -444101, -1142 
1720447009939.00, -161936, -447563, -1139 
1720447009960.00, -163570, -451121, -1127 
1720447009981.00, -163908, -454707, -1179 
1720447010004.00, -167102, -458281, -1194 
1720447010026.00, -169781, -461928, -1193 
1720447010048.00, -171230, -465629, -1197 
1720447010069.00, -172476, -469377, -1232 
1720447010091.00, -174892, -473134, -1218 
1720447010113.00, -172933, -476978, -1217 
1720447010135.00, -171843, -480746, -1215 
1720447010157.00, -171097, -484502, -1174 
1720447010179.00, -168062, -488222, -1159 
1720447010200.00, -165514, -491901, -1185 
1720447010222.00, -165593, -495504, -1166 
1720447010244.00, -164519, -499116, -1164 
1720447010266.00, -163742, -502714, -1201 
1720447010287.00, -165264, -506290, -1241 
1720447010309.00, -168631, -509918, -1242 
1720447010331.00, -170587, -513602, -1252 
1720447010353.00, -172345, -517332, -1279 
1720447010375.00, -173581, -521097, -1305 
1720447010397.00, -174253, -524890, -1343 
1720447010418.00, -174346, -528687, -1340 
1720447010440.00, -174591, -532514, -1343 
1720447010462.00, -174593, -536333, -1371 
1720447010484.00, -174571, -540137, -1406 
1720447010506.00, -174920, -543963, -1421 
1720447010528.00, -175043, -547768, -1448 
1720447010551.00, -174844, -551593, -1510 
1720447010571.00, -174635, -555411, -1504 
1720447010593.00, -174714, -559230, -1489 
1720447010614.00, -174733, -563020, -1446 
1720447010636.00, -174584, -566855, -1441 
1720447010659.00, -174779, -570653, -1405 
1720447010680.00, -174839, -574485, -1371 
1720447010702.00, -174596, -578289, -1340 
1720447010724.00, -174632, -582108, -1315 
1720447010746.00, -174651, -585921, -1227 
1720447010767.00, -173335, -589714, -1154 
1720447010788.00, -167901, -593497, -1046 
1720447010812.00, -92549, -597123, -878 
1720447010834.00, -48567, -599170, -871 
1720447010855.00, -23237, -600215, -528 
1720447010876.00, -8763, -600736, -288 
1720447010898.00, -517, -600935, -93 
1720447010920.00, 3118, -600937, 210 
1720447010942.00, 18718, -600866, 357 
1720447010963.00, 35888, -600455, 781 
1720447010991.00, 72275, -599696, 721 
1720447011006.00, 90346, -598147, 763 
1720447011028.00, 103150, -596187, 874 
1720447011050.00, 117196, -593927, 905 
1720447011071.00, 127230, -591370, 907 
1720447011093.00, 133076, -588600, 972 
1720447011115.00, 140323, -585686, 983 
1720447011137.00, 145102, -582629, 986 
1720447011157.00, 148050, -579465, 1022 
1720447011179.00, 151752, -576227, 1028 
1720447011201.00, 154052, -572905, 1027 
1720447011223.00, 155208, -569544, 1055 
1720447011245.00, 157795, -566141, 1075 
1720447011266.00, 160270, -562702, 1081 
1720447011288.00, 161834, -559205, 1119 
1720447011310.00, 164939, -555666, 1161 
1720447011332.00, 169202, -552047, 1158 
1720447011353.00, 171496, -548345, 1181 
1720447011375.00, 174200, -544586, 1193 
1720447011397.00, 174698, -540785, 1200 
1720447011421.00, 174756, -536971, 1219 
1720447011441.00, 174819, -533147, 1250 
1720447011463.00, 174947, -529331, 1273 
1720447011484.00, 174911, -525503, 1340 
1720447011506.00, 174819, -521690, 1387 
1720447011532.00, 174781, -517863, 1421 
1720447011550.00, 174609, -514057, 1455 
1720447011572.00, 174913, -510249, 1500 
1720447011593.00, 175077, -506419, 1529 
1720447011615.00, 174755, -502596, 1546 
1720447011637.00, 174738, -498773, 1563 
1720447011659.00, 174794, -494948, 1598 
1720447011681.00, 174645, -491134, 1626 
1720447011703.00, 174723, -487324, 1628 
1720447011725.00, 174903, -483506, 1661 
1720447011746.00, 174873, -479683, 1689 
1720447011768.00, 174700, -475860, 1696 
1720447011790.00, 174607, -472048, 1721 
1720447011811.00, 174667, -468221, 1706 
1720447011833.00, 174652, -464415, 1689 
1720447011855.00, 174670, -460590, 1700 
1720447011877.00, 174859, -456778, 1697 
1720447011899.00, 174697, -452975, 1696 
1720447011921.00, 174483, -449146, 1703 
1720447011942.00, 174403, -445324, 1676 
1720447011964.00, 174582, -441533, 1623 
1720447011986.00, 174502, -437715, 1607 
1720447012008.00, 174427, -433901, 1552 
1720447012030.00, 174146, -430091, 1445 
1720447012053.00, 95557, -426328, 1225 
1720447012078.00, 50197, -424218, 1146 
1720447012096.00, 24117, -423141, 705 
1720447012118.00, 9146, -422614, 324 
1720447012140.00, 1144, -422442, -144 
1720447012161.00, -11938, -422436, -436 
1720447012183.00, -37006, -422701, -929 
1720447012204.00, -81589, -423467, -891 
1720447012226.00, -106228, -425228, -893 
1720447012247.00, -120449, -427556, -1132 
1720447012268.00, -143242, -430202, -1076 
1720447012290.00, -153107, -433349, -1129 
1720447012312.00, -161847, -436699, -1095 
1720447012334.00, -164788, -440237, -1088 
1720447012355.00, -165845, -443853, -1083 
1720447012377.00, -166102, -447473, -1131 
1720447012399.00, -168934, -451113, -1126 
1720447012421.00, -170471, -454805, -1135 
1720447012443.00, -171637, -458521, -1190 
1720447012464.00, -174885, -462274, -1219 
1720447012486.00, -174726, -466078, -1207 
1720447012508.00, -174841, -469903, -1262 
1720447012530.00, -174586, -473714, -1261 
1720447012552.00, -174762, -477551, -1258 
1720447012574.00, -174711, -481351, -1300 
1720447012595.00, -174697, -485177, -1281 
1720447012617.00, -174755, -488984, -1257 
1720447012639.00, -174810, -492813, -1265 
1720447012661.00, -174819, -496618, -1318 
1720447012682.00, -174562, -500451, -1300 
1720447012704.00, -174846, -504261, -1308 
1720447012728.00, -174998, -508072, -1301 
1720447012748.00, -174830, -511896, -1334 
1720447012769.00, -174483, -515707, -1358 
1720447012792.00, -174938, -519539, -1314 
1720447012813.00, -174785, -523344, -1307 
1720447012835.00, -174566, -527159, -1340 
1720447012857.00, -174993, -530970, -1345 
1720447012879.00, -174916, -534803, -1387 
1720447012900.00, -174815, -538613, -1420 
1720447012923.00, -174691, -542444, -1429 
1720447012944.00, -174748, -546248, -1396 
1720447012966.00, -174777, -550073, -1416 
1720447012988.00, -174693, -553876, -1448 
1720447013010.00, -174984, -557703, -1435 
1720447013032.00, -174842, -561519, -1486 
1720447013053.00, -174582, -565343, -1472 
1720447013075.00, -174648, -569161, -1421 
1720447013097.00, -174854, -572960, -1468 
1720447013118.00, -174747, -576778, -1430 
1720447013141.00, -174533, -580582, -1405 
1720447013162.00, -174719, -584395, -1283 
1720447013184.00, -174453, -588206, -1207 
1720447013205.00, -171842, -592006, -1077 
1720447013229.00, -162487, -595733, -900 
1720447013251.00, -89513, -599246, -703 
1720447013273.00, -46859, -601209, -615 
1720447013293.00, -22556, -602220, -310 
1720447013316.00, -8761, -602715, -141 
1720447013337.00, -758, -602908, -1 
1720447013358.00, 3130, -602925, 190 
1720447013380.00, 16962, -602856, 377 
1720447013402.00, 36169, -602477, 788 
1720447013423.00, 73219, -601720, 662 
1720447013445.00, 87301, -600156, 747 
1720447013466.00, 100369, -598251, 872 
1720447013488.00, 115651, -596063, 891 
1720447013510.00, 125563, -593536, 908 
1720447013532.00, 132268, -590785, 937 
1720447013553.00, 137726, -587918, 927 
1720447013576.00, 140230, -584913, 960 
1720447013597.00, 143643, -581854, 982 
1720447013619.00, 146791, -578726, 983 
1720447013641.00, 148502, -575535, 994 
1720447013660.00, 150090, -572307, 1011 
1720447013683.00, 152054, -569029, 1023 
1720447013705.00, 153596, -565695, 1046 
1720447013727.00, 155818, -562342, 1063 
1720447013748.00, 158018, -558934, 1088 
1720447013770.00, 160613, -555478, 1111 
1720447013792.00, 163599, -551960, 1140 
1720447013813.00, 166871, -548393, 1151 
1720447013835.00, 169268, -544732, 1163 
1720447013857.00, 171486, -541027, 1180 
1720447013879.00, 173636, -537284, 1186 
1720447013900.00, 174727, -533491, 1195 
1720447013923.00, 174896, -529677, 1237 
1720447013945.00, 175000, -525848, 1256 
1720447013966.00, 174581, -522031, 1268 
1720447013988.00, 174774, -518210, 1300 
1720447014010.00, 174794, -514396, 1333 
1720447014032.00, 174728, -510582, 1360 
1720447014053.00, 174788, -506759, 1389 
1720447014075.00, 174830, -502931, 1406 
1720447014097.00, 174845, -499116, 1418 
1720447014119.00, 174748, -495296, 1430 
1720447014141.00, 174592, -491480, 1451 
1720447014163.00, 174749, -487661, 1437 
1720447014185.00, 174814, -483855, 1457 
1720447014206.00, 174724, -480027, 1477 
1720447014228.00, 174778, -476206, 1490 
1720447014250.00, 174607, -472403, 1494 
1720447014272.00, 174586, -468576, 1517 
1720447014293.00, 174608, -464765, 1528 
1720447014315.00, 174698, -460958, 1525 
1720447014337.00, 174652, -457146, 1519 
1720447014358.00, 174640, -453314, 1520 
1720447014381.00, 174511, -449502, 1508 
1720447014403.00, 174451, -445687, 1479 
1720447014424.00, 174426, -441874, 1425 
1720447014446.00, 174476, -438076, 1399 
1720447014468.00, 174696, -434255, 1358 
1720447014493.00, 174629, -430438, 1291 
1720447014513.00, 96187, -426655, 1170 
1720447014534.00, 50633, -424543, 1178 
1720447014556.00, 24607, -423448, 830 
1720447014578.00, 9631, -422902, 565 
1720447014599.00, 862, -422693, 266 
1720447014621.00, -3801, -422704, -221 
1720447014643.00, -19633, -422799, -537 
1720447014664.00, -47550, -423209, -793 
1720447014685.00, -79671, -424211, -837 
1720447014707.00, -101421, -425943, -850 
1720447014729.00, -114803, -428162, -859 
1720447014750.00, -123114, -430669, -1002 
1720447014772.00, -136275, -433368, -949 
1720447014794.00, -140835, -436346, -956 
1720447014816.00, -143787, -439422, -958 
1720447014838.00, -145438, -442544, -938 
1720447014860.00, -145189, -445715, -922 
1720447014881.00, -144007, -448863, -927 
1720447014902.00, -143371, -452006, -960 
1720447014932.00, -144830, -455127, -950 
1720447014946.00, -145108, -458285, -960 
1720447014968.00, -145745, -461442, -976 
1720447014989.00, -146817, -464604, -1019 
1720447015010.00, -150020, -467824, -1009 
1720447015032.00, -151207, -471100, -1020 
1720447015054.00, -152407, -474403, -1009 
1720447015076.00, -152308, -477747, -1037 
1720447015098.00, -153906, -481064, -1070 
1720447015119.00, -156702, -484438, -1066 
1720447015142.00, -157957, -487859, -1091 
1720447015163.00, -160008, -491312, -1107 
1720447015185.00, -162299, -494815, -1112 
1720447015206.00, -163829, -498344, -1122 
1720447015229.00, -165431, -501939, -1129 
1720447015254.00, -166529, -505543, -1131 
1720447015272.00, -167074, -509194, -1147 
1720447015293.00, -168301, -512841, -1140 
1720447015316.00, -168641, -516539, -1138 
1720447015338.00, -168452, -520206, -1175 
1720447015364.00, -170453, -523897, -1220 
1720447015381.00, -174438, -527629, -1240 
1720447015403.00, -174899, -531428, -1261 
1720447015425.00, -174776, -535247, -1277 
1720447015446.00, -174697, -539064, -1274 
1720447015471.00, -174463, -542900, -1278 
1720447015490.00, -174638, -546692, -1263 
1720447015511.00, -174768, -550520, -1297 
1720447015534.00, -174873, -554334, -1323 
1720447015556.00, -174725, -558159, -1296 
1720447015580.00, -174652, -561971, -1265 
1720447015599.00, -174652, -565792, -1265 
1720447015621.00, -174761, -569602, -1249 
1720447015643.00, -174693, -573407, -1227 
1720447015665.00, -174548, -577226, -1183 
1720447015687.00, -174168, -581037, -1125 
1720447015708.00, -170440, -584840, -1034 
1720447015732.00, -162498, -588543, -932 
1720447015753.00, -151378, -592071, -786 
1720447015774.00, -135983, -595333, -565 
1720447015798.00, -78133, -598258, -348 
1720447015818.00, -43834, -599945, -192 
1720447015839.00, -24177, -600880, 143 
1720447015861.00, -3822, -601417, 318 
1720447015883.00, 17492, -601514, 586 
1720447015907.00, 46676, -601168, 582 
1720447015926.00, 64173, -600189, 644 
1720447015948.00, 78085, -598796, 720 
1720447015969.00, 90625, -597097, 743 
1720447015990.00, 99590, -595139, 759 
1720447016014.00, 105566, -592976, 782 
1720447016034.00, 110441, -590670, 806 
1720447016056.00, 114568, -588280, 818 
1720447016078.00, 117600, -585773, 821 
1720447016099.00, 119814, -583207, 834 
1720447016121.00, 121768, -580605, 862 
1720447016144.00, 124346, -577951, 871 
1720447016165.00, 126345, -575249, 887 
1720447016187.00, 128462, -572497, 921 
1720447016208.00, 131884, -569700, 946 
1720447016234.00, 135247, -566819, 960 
1720447016252.00, 137835, -563875, 986 
1720447016272.00, 140869, -560866, 1015 
1720447016294.00, 144462, -557783, 1037 
1720447016316.00, 147830, -554632, 1060 
1720447016338.00, 151152, -551392, 1076 
1720447016359.00, 154063, -548086, 1092 
1720447016381.00, 156583, -544715, 1137 
1720447016403.00, 160784, -541291, 1143 
1720447016425.00, 163714, -537779, 1173 
1720447016446.00, 166971, -534202, 1207 
1720447016469.00, 170786, -530542, 1226 
1720447016490.00, 174219, -526807, 1256 
1720447016512.00, 174742, -523004, 1275 
1720447016533.00, 174710, -519180, 1285 
1720447016556.00, 174939, -515356, 1301 
1720447016577.00, 174715, -511544, 1314 
1720447016599.00, 174644, -507725, 1344 
1720447016621.00, 174691, -503906, 1368 
1720447016643.00, 174834, -500090, 1392 
1720447016664.00, 174872, -496267, 1422 
1720447016687.00, 174728, -492440, 1441 
1720447016708.00, 174788, -488627, 1437 
1720447016730.00, 174591, -484812, 1439 
1720447016752.00, 174668, -481001, 1430 
1720447016774.00, 174790, -477183, 1412 
1720447016796.00, 174815, -473372, 1381 
1720447016818.00, 174640, -469551, 1376 
1720447016839.00, 174823, -465725, 1408 
1720447016861.00, 174653, -461908, 1398 
1720447016885.00, 174713, -458102, 1406 
1720447016904.00, 174863, -454277, 1418 
1720447016926.00, 174960, -450464, 1419 
1720447016948.00, 174746, -446642, 1419 
1720447016970.00, 174569, -442828, 1404 
1720447016992.00, 174559, -439018, 1386 
1720447017014.00, 174624, -435207, 1336 
1720447017036.00, 174621, -431409, 1251 
1720447017059.00, 99543, -427624, 1090 
1720447017080.00, 55910, -425438, 1032 
1720447017101.00, 30849, -424245, 672 
1720447017124.00, 16094, -423573, 323 
1720447017145.00, 8459, -423245, -50 
1720447017167.00, 296, -423092, -324 
1720447017188.00, -20222, -423100, -727 
1720447017210.00, -57197, -423511, -850 
1720447017231.00, -86669, -424714, -865 
1720447017253.00, -104864, -426584, -890 
1720447017274.00, -116832, -428899, -936 
1720447017296.00, -126640, -431436, -988 
1720447017318.00, -135534, -434204, -952 
1720447017340.00, -138479, -437161, -941 
1720447017362.00, -139379, -440165, -945 
1720447017384.00, -140135, -443212, -941 
1720447017406.00, -140146, -446245, -940 
1720447017427.00, -140146, -449291, -956 
1720447017449.00, -141072, -452361, -974 
1720447017469.00, -142485, -455423, -1044 
1720447017491.00, -147551, -458543, -1047 
1720447017513.00, -150667, -461771, -1053 
1720447017535.00, -152672, -465054, -1104 
1720447017557.00, -156874, -468413, -1128 
1720447017578.00, -160706, -471835, -1121 
1720447017599.00, -162585, -475348, -1131 
1720447017625.00, -164340, -478902, -1153 
1720447017644.00, -166748, -482480, -1190 
1720447017665.00, -170044, -486138, -1215 
1720447017687.00, -173288, -489836, -1211 
1720447017709.00, -174979, -493651, -1214 
1720447017731.00, -174684, -497460, -1217 
1720447017753.00, -174679, -501286, -1233 
1720447017775.00, -174884, -505094, -1254 
1720447017796.00, -174899, -508918, -1271 
1720447017818.00, -174796, -512738, -1270 
1720447017840.00, -174632, -516561, -1319 
1720447017862.00, -174660, -520376, -1314 
1720447017883.00, -174915, -524190, -1293 
1720447017905.00, -174636, -528011, -1334 
1720447017927.00, -174773, -531809, -1336 
1720447017949.00, -174725, -535645, -1304 
1720447017971.00, -174554, -539454, -1298 
1720447017993.00, -174669, -543277, -1305 
1720447018014.00, -174811, -547071, -1319 
1720447018036.00, -174836, -550907, -1315 
1720447018058.00, -174803, -554721, -1309 
1720447018080.00, -174682, -558545, -1307 
1720447018107.00, -174473, -562343, -1259 
1720447018124.00, -174593, -566172, -1248 
1720447018145.00, -174691, -569979, -1252 
1720447018167.00, -174831, -573796, -1254 
1720447018189.00, -174712, -577607, -1176 
1720447018211.00, -173325, -581418, -1107 
1720447018232.00, -168463, -585201, -1041 
1720447018255.00, -161350, -588866, -959 
1720447018277.00, -152121, -592364, -873 
1720447018299.00, -141265, -595653, -784 
1720447018321.00, -80767, -598701, -664 
1720447018342.00, -44820, -600462, -623 
1720447018363.00, -24211, -601444, -475 
1720447018386.00, -12353, -601990, -346 
1720447018407.00, -5504, -602258, -177 
1720447018431.00, -1414, -602365, 35 
1720447018450.00, 3042, -602385, 268 
1720447018472.00, 18880, -602320, 600 
1720447018494.00, 48995, -601929, 622 
1720447018514.00, 68408, -600907, 565 
1720447018537.00, 76100, -599419, 761 
1720447018558.00, 92200, -597769, 768 
1720447018580.00, 102295, -595777, 749 
1720447018602.00, 106788, -593538, 793 
1720447018623.00, 111997, -591209, 798 
1720447018645.00, 115377, -588783, 809 
1720447018666.00, 118038, -586260, 821 
1720447018688.00, 120039, -583687, 827 
1720447018710.00, 121303, -581076, 842 
1720447018732.00, 123153, -578432, 838 
1720447018757.00, 123993, -575763, 828 
1720447018775.00, 123861, -573058, 874 
1720447018797.00, 126407, -570367, 884 
1720447018819.00, 128268, -567615, 892 
1720447018841.00, 130040, -564817, 914 
1720447018867.00, 132256, -561982, 945 
1720447018884.00, 135331, -559106, 971 
1720447018906.00, 138747, -556164, 989 
1720447018928.00, 141601, -553147, 992 
1720447018948.00, 143504, -550052, 1029 
1720447018973.00, 146731, -546918, 1062 
1720447018992.00, 150567, -543703, 1068 
1720447019014.00, 153042, -540405, 1101 
1720447019035.00, 156585, -537068, 1103 
1720447019057.00, 158558, -533634, 1098 
1720447019078.00, 159394, -530172, 1093 
1720447019101.00, 159691, -526693, 1100 
1720447019125.00, 160084, -523197, 1123 
1720447019145.00, 161655, -519696, 1161 
1720447019166.00, 164992, -516157, 1200 
1720447019189.00, 169137, -512541, 1228 
1720447019210.00, 173448, -508837, 1265 
1720447019231.00, 174800, -505053, 1285 
1720447019253.00, 174530, -501224, 1303 
1720447019275.00, 174685, -497401, 1327 
1720447019302.00, 174881, -493596, 1359 
1720447019319.00, 174804, -489771, 1392 
1720447019341.00, 174766, -485949, 1417 
1720447019362.00, 174706, -482133, 1430 
1720447019384.00, 174613, -478311, 1430 
1720447019406.00, 174695, -474498, 1438 
1720447019428.00, 174878, -470685, 1445 
1720447019450.00, 174812, -466864, 1460 
1720447019472.00, 174453, -463050, 1431 
1720447019493.00, 174576, -459230, 1382 
1720447019520.00, 174767, -455424, 1324 
1720447019537.00, 174656, -451603, 1322 
1720447019559.00, 174605, -447805, 1289 
1720447019581.00, 174829, -443981, 1205 
1720447019603.00, 174522, -440179, 1096 
1720447019626.00, 167930, -436370, 954 
1720447019647.00, 155271, -432738, 745 
1720447019669.00, 135055, -429387, 531 
1720447019691.00, 76737, -426493, 292 
1720447019712.00, 42670, -424844, 146 
1720447019735.00, 22239, -423929, -255 
1720447019756.00, -3392, -423446, -596 
1720447019777.00, -39558, -423500, -778 
1720447019799.00, -71962, -424310, -812 
1720447019820.00, -93216, -425873, -900 
1720447019844.00, -111219, -427910, -925 
1720447019863.00, -123075, -430330, -948 
1720447019886.00, -131527, -433019, -976 
1720447019907.00, -138209, -435904, -966 
1720447019929.00, -141274, -438909, -962 
1720447019951.00, -142749, -441989, -981 
1720447019971.00, -144624, -445100, -1000 
1720447019993.00, -146583, -448250, -1015 
1720447020014.00, -148800, -451472, -1056 
1720447020036.00, -152443, -454721, -1095 
1720447020058.00, -156866, -458049, -1060 
1720447020081.00, -157430, -461478, -1054 
1720447020102.00, -157164, -464903, -1099 
1720447020124.00, -159543, -468350, -1112 
1720447020145.00, -161611, -471831, -1116 
1720447020167.00, -163123, -475366, -1135 
1720447020189.00, -165190, -478932, -1187 
1720447020211.00, -169418, -482529, -1182 
1720447020233.00, -171500, -486247, -1152 
1720447020254.00, -170763, -489985, -1161 
1720447020277.00, -170764, -493730, -1191 
1720447020298.00, -172452, -497452, -1149 
1720447020320.00, -170980, -501221, -1129 
1720447020342.00, -168802, -504944, -1186 
1720447020363.00, -170736, -508639, -1182 
1720447020389.00, -171785, -512358, -1173 
1720447020407.00, -171683, -516119, -1169 
1720447020429.00, -170983, -519871, -1182 
1720447020451.00, -171456, -523617, -1210 
1720447020472.00, -173351, -527363, -1245 
1720447020495.00, -174813, -531146, -1253 
1720447020517.00, -174925, -534966, -1255 
1720447020538.00, -174728, -538773, -1331 
1720447020560.00, -174527, -542613, -1304 
1720447020581.00, -174720, -546424, -1266 
1720447020604.00, -174689, -550253, -1343 
1720447020626.00, -174665, -554052, -1322 
1720447020647.00, -174315, -557868, -1281 
1720447020669.00, -174463, -561680, -1272 
1720447020690.00, -174409, -565493, -1284 
1720447020712.00, -174571, -569315, -1252 
1720447020734.00, -174769, -573118, -1245 
1720447020756.00, -174599, -576928, -1257 
1720447020778.00, -174422, -580729, -1222 
1720447020800.00, -172855, -584543, -1135 
1720447020821.00, -166606, -588317, -1084 
1720447020844.00, -159761, -591938, -921 
1720447020866.00, -145753, -595393, -801 
1720447020888.00, -80549, -598539, -657 
1720447020910.00, -42157, -600291, -609 
1720447020931.00, -20309, -601211, -397 
1720447020953.00, -7518, -601660, -266 
1720447020974.00, -47, -601831, -124 
1720447020996.00, 3781, -601837, 44 
1720447021017.00, 8513, -601750, 218 
1720447021039.00, 22344, -601555, 364 
1720447021061.00, 38545, -601068, 741 
1720447021082.00, 71376, -600247, 649 
1720447021104.00, 85309, -598717, 753 
1720447021126.00, 99479, -596857, 828 
1720447021147.00, 112145, -594704, 841 
1720447021169.00, 120356, -592249, 867 
1720447021191.00, 126432, -589623, 898 
1720447021212.00, 131893, -586866, 902 
1720447021234.00, 135155, -583993, 903 
1720447021256.00, 136929, -581040, 931 
1720447021278.00, 139626, -578060, 915 
1720447021299.00, 140083, -575029, 932 
1720447021321.00, 141199, -571981, 944 
1720447021343.00, 142645, -568904, 929 
1720447021364.00, 142347, -565808, 955 
1720447021386.00, 143607, -562706, 974 
1720447021408.00, 145434, -559583, 974 
1720447021428.00, 146273, -556415, 1011 
1720447021450.00, 149011, -553217, 1035 
1720447021472.00, 152078, -549955, 1044 
1720447021494.00, 154269, -546632, 1065 
1720447021515.00, 156623, -543269, 1074 
1720447021538.00, 158356, -539838, 1086 
1720447021559.00, 160093, -536369, 1132 
1720447021581.00, 163858, -532870, 1157 
1720447021604.00, 167458, -529278, 1188 
1720447021625.00, 171331, -525615, 1193 
1720447021647.00, 173998, -521860, 1218 
1720447021668.00, 174747, -518059, 1254 
1720447021690.00, 174720, -514241, 1276 
1720447021712.00, 174757, -510420, 1303 
1720447021733.00, 174833, -506611, 1332 
1720447021755.00, 174716, -502781, 1364 
1720447021778.00, 174823, -498949, 1366 
1720447021799.00, 174787, -495135, 1374 
1720447021821.00, 174463, -491319, 1388 
1720447021843.00, 174477, -487506, 1390 
1720447021865.00, 174730, -483688, 1390 
1720447021886.00, 174731, -479881, 1407 
1720447021908.00, 174685, -476054, 1439 
1720447021930.00, 174813, -472240, 1481 
1720447021952.00, 174696, -468422, 1487 
1720447021973.00, 174678, -464611, 1515 
1720447021995.00, 174811, -460788, 1517 
1720447022017.00, 175009, -456967, 1513 
1720447022039.00, 174689, -453152, 1511 
1720447022061.00, 174515, -449333, 1500 
1720447022082.00, 174430, -445516, 1494 
1720447022105.00, 174658, -441705, 1482 
1720447022126.00, 174804, -437907, 1463 
1720447022148.00, 174730, -434080, 1440 
1720447022170.00, 174721, -430259, 1402 
1720447022193.00, 96504, -426483, 1331 
1720447022214.00, 50900, -424352, 1510 
1720447022236.00, 24912, -423245, 1222 
1720447022258.00, 9767, -422691, 1046 
1720447022279.00, 665, -422486, 614 
1720447022301.00, -3610, -422503, 9 
1720447022322.00, -6249, -422592, -298 
1720447022344.00, -25261, -422748, -646 
1720447022366.00, -57564, -423284, -831 
1720447022387.00, -87925, -424505, -821 
1720447022409.00, -105292, -426416, -896 
1720447022431.00, -119718, -428730, -956 
1720447022452.00, -131757, -431349, -952 
1720447022474.00, -138480, -434224, -965 
1720447022496.00, -143134, -437241, -965 
1720447022518.00, -145807, -440346, -960 
1720447022539.00, -146740, -443531, -967 
1720447022561.00, -147693, -446719, -976 
1720447022583.00, -148541, -449933, -973 
1720447022603.00, -148940, -453183, -1027 
1720447022625.00, -152137, -456415, -1029 
1720447022647.00, -154245, -459749, -1015 
1720447022668.00, -154492, -463117, -1080 
1720447022698.00, -158487, -466498, -1070 
1720447022713.00, -159806, -469966, -1099 
1720447022734.00, -162338, -473443, -1112 
1720447022756.00, -164246, -477003, -1131 
1720447022778.00, -166580, -480597, -1133 
1720447022803.00, -167972, -484247, -1134 
1720447022823.00, -168682, -487912, -1156 
1720447022845.00, -170446, -491606, -1178 
1720447022865.00, -172852, -495328, -1181 
1720447022887.00, -174353, -499094, -1160 
1720447022911.00, -173698, -502912, -1179 
1720447022930.00, -174237, -506699, -1170 
1720447022952.00, -173836, -510517, -1159 
1720447022974.00, -172915, -514297, -1163 
1720447022996.00, -172729, -518088, -1196 
1720447023017.00, -174398, -521856, -1188 
1720447023039.00, -174857, -525673, -1159 
1720447023061.00, -173148, -529496, -1181 
1720447023083.00, -173446, -533276, -1174 
1720447023105.00, -173057, -537067, -1186 
1720447023128.00, -173492, -540842, -1198 
1720447023149.00, -174497, -544637, -1210 
1720447023171.00, -174787, -548449, -1211 
1720447023192.00, -174577, -552267, -1212 
1720447023214.00, -174732, -556088, -1215 
1720447023239.00, -174819, -559894, -1196 
1720447023257.00, -174882, -563697, -1188 
1720447023282.00, -174031, -567524, -1203 
1720447023302.00, -174660, -571318, -1174 
1720447023323.00, -173128, -575142, -1144 
1720447023348.00, -170209, -578910, -1071 
1720447023367.00, -164154, -582639, -1044 
1720447023389.00, -158884, -586207, -1031 
1720447023412.00, -154870, -589656, -992 
1720447023433.00, -149940, -593019, -922 
1720447023458.00, -85365, -596231, -774 
1720447023477.00, -47474, -598114, -761 
1720447023498.00, -25467, -599147, -604 
1720447023520.00, -12897, -599712, -462 
1720447023542.00, -5442, -600008, -428 
1720447023568.00, -1163, -600124, -250 
1720447023584.00, 783, -600139, -23 
1720447023606.00, 2231, -600106, 309 
1720447023628.00, 21586, -600043, 506 
1720447023649.00, 45006, -599589, 764 
1720447023675.00, 74551, -598649, 716 
1720447023693.00, 88927, -597033, 792 
1720447023715.00, 102018, -595101, 870 
1720447023736.00, 114349, -592871, 880 
1720447023759.00, 122025, -590364, 878 
1720447023781.00, 126362, -587720, 878 
1720447023801.00, 128781, -584961, 884 
1720447023823.00, 130541, -582158, 875 
1720447023844.00, 131074, -579316, 875 
1720447023866.00, 131003, -576461, 871 
1720447023890.00, 130887, -573599, 869 
1720447023910.00, 130494, -570761, 896 
1720447023932.00, 131620, -567921, 928 
1720447023954.00, 134378, -565050, 933 
1720447023975.00, 136178, -562136, 969 
1720447023998.00, 139462, -559165, 1009 
1720447024017.00, 143466, -556122, 1014 
1720447024039.00, 146376, -552979, 1026 
1720447024061.00, 148545, -549778, 1070 
1720447024083.00, 152409, -546524, 1068 
1720447024105.00, 154579, -543194, 1100 
1720447024126.00, 157502, -539806, 1119 
1720447024149.00, 160462, -536370, 1119 
1720447024170.00, 162238, -532848, 1148 
1720447024192.00, 164867, -529315, 1158 
1720447024214.00, 167115, -525702, 1173 
1720447024235.00, 169241, -522054, 1196 
1720447024257.00, 171730, -518357, 1217 
1720447024279.00, 174504, -514602, 1241 
1720447024301.00, 174596, -510783, 1261 
1720447024323.00, 174671, -506970, 1299 
1720447024345.00, 174788, -503144, 1307 
1720447024366.00, 174708, -499318, 1320 
1720447024388.00, 174750, -495505, 1339 
1720447024410.00, 174702, -491675, 1348 
1720447024432.00, 174686, -487874, 1354 
1720447024453.00, 174754, -484053, 1367 
1720447024475.00, 174835, -480229, 1377 
1720447024497.00, 174936, -476416, 1381 
1720447024519.00, 174651, -472599, 1371 
1720447024541.00, 174454, -468784, 1361 
1720447024563.00, 174550, -464970, 1362 
1720447024585.00, 174856, -461154, 1358 
1720447024606.00, 174934, -457340, 1347 
1720447024628.00, 174778, -453518, 1333 
1720447024650.00, 174743, -449694, 1358 
1720447024672.00, 174569, -445876, 1344 
1720447024693.00, 174616, -442079, 1301 
1720447024715.00, 174744, -438272, 1244 
1720447024737.00, 174804, -434451, 1195 
1720447024759.00, 174410, -430643, 1098 
1720447024782.00, 99511, -426862, 944 
1720447024803.00, 56127, -424689, 990 
1720447024825.00, 31058, -423482, 696 
1720447024847.00, 16121, -422805, 452 
1720447024869.00, 7927, -422478, 37 
1720447024889.00, 3105, -422326, -299 
1720447024912.00, -16784, -422287, -633 
1720447024933.00, -49320, -422634, -833 
1720447024955.00, -80950, -423657, -853 
1720447024977.00, -100480, -425418, -930 
1720447024998.00, -116863, -427618, -906 
1720447025019.00, -124786, -430172, -1050 
1720447025040.00, -138146, -432915, -1023 
1720447025063.00, -144385, -435949, -982 
1720447025085.00, -145511, -439095, -955 
1720447025107.00, -144486, -442252, -984 
1720447025129.00, -145522, -445401, -968 
1720447025150.00, -144912, -448557, -976 
1720447025172.00, -144976, -451725, -986 
1720447025194.00, -145726, -454871, -980 
1720447025214.00, -145575, -458043, -1001 
1720447025236.00, -146503, -461223, -1052 
1720447025258.00, -150112, -464430, -1059 
1720447025280.00, -152810, -467721, -1040 
1720447025301.00, -153119, -471061, -1060 
1720447025324.00, -154322, -474397, -1111 
1720447025345.00, -158083, -477774, -1105 
1720447025367.00, -159775, -481223, -1092 
1720447025389.00, -160109, -484722, -1113 
1720447025411.00, -161431, -488207, -1129 
1720447025432.00, -163211, -491743, -1124 
1720447025454.00, -163923, -495302, -1133 
1720447025476.00, -164699, -498872, -1159 
1720447025498.00, -166706, -502487, -1159 
1720447025519.00, -167379, -506117, -1133 
1720447025541.00, -166564, -509804, -1164 
1720447025563.00, -167683, -513431, -1165 
1720447025585.00, -168317, -517104, -1161 
1720447025607.00, -168564, -520783, -1175 
1720447025629.00, -169399, -524476, -1241 
1720447025651.00, -173962, -528164, -1210 
1720447025673.00, -174384, -531966, -1207 
1720447025694.00, -174583, -535805, -1224 
1720447025716.00, -174593, -539608, -1210 
1720447025738.00, -174748, -543417, -1200 
1720447025760.00, -174464, -547226, -1196 
1720447025781.00, -173892, -551039, -1207 
1720447025803.00, -173988, -554837, -1204 
1720447025825.00, -173852, -558642, -1164 
1720447025846.00, -171188, -562432, -1151 
1720447025869.00, -168728, -566179, -1164 
1720447025890.00, -168053, -569859, -1147 
1720447025912.00, -166617, -573531, -1135 
1720447025934.00, -165021, -577167, -1107 
1720447025956.00, -162293, -580768, -1095 
1720447025977.00, -159964, -584303, -1002 
1720447026001.00, -152925, -587783, -907 
1720447026023.00, -143077, -591097, -791 
1720447026043.00, -129577, -594191, -681 
1720447026066.00, -73164, -596972, -545 
1720447026087.00, -39539, -598580, -500 
1720447026109.00, -20180, -599442, -307 
1720447026130.00, -8989, -599894, -176 
1720447026152.00, -2603, -600099, -75 
1720447026174.00, 333, -600150, 67 
1720447026195.00, 6423, -600141, 248 
1720447026217.00, 20992, -600001, 356 
1720447026245.00, 35870, -599533, 753 
1720447026262.00, 69110, -598773, 731 
1720447026282.00, 87549, -597289, 764 
1720447026305.00, 100004, -595393, 866 
1720447026325.00, 113336, -593197, 893 
1720447026347.00, 122945, -590718, 895 
1720447026369.00, 128725, -588054, 931 
1720447026390.00, 134122, -585249, 930 
1720447026412.00, 137070, -582323, 943 
1720447026434.00, 139413, -579340, 933 
1720447026456.00, 140249, -576305, 908 
1720447026477.00, 138848, -573259, 927 
1720447026499.00, 139278, -570235, 912 
1720447026521.00, 138529, -567201, 937 
1720447026542.00, 139278, -564192, 948 
1720447026564.00, 140338, -561162, 972 
1720447026584.00, 142372, -558102, 1000 
1720447026606.00, 145230, -555000, 1016 
1720447026631.00, 147609, -551816, 1019 
1720447026650.00, 149351, -548587, 1040 
1720447026672.00, 151435, -545324, 1067 
1720447026694.00, 154264, -542015, 1070 
1720447026715.00, 155997, -538649, 1073 
1720447026737.00, 157101, -535228, 1083 
1720447026761.00, 158204, -531794, 1086 
1720447026781.00, 159018, -528327, 1087 
1720447026802.00, 159732, -524862, 1102 
1720447026825.00, 160792, -521374, 1106 
1720447026848.00, 161470, -517861, 1108 
1720447026868.00, 162142, -514326, 1125 
1720447026891.00, 163207, -510797, 1158 
1720447026912.00, 165796, -507213, 1192 
1720447026934.00, 169580, -503592, 1201 
1720447026956.00, 172338, -499882, 1228 
1720447026977.00, 174772, -496115, 1249 
1720447026999.00, 174724, -492292, 1267 
1720447027020.00, 174686, -488469, 1294 
1720447027043.00, 174731, -484657, 1277 
1720447027065.00, 174687, -480835, 1283 
1720447027086.00, 174729, -477018, 1306 
1720447027108.00, 174933, -473204, 1308 
1720447027130.00, 174659, -469393, 1306 
1720447027153.00, 174602, -465570, 1326 
1720447027180.00, 174585, -461754, 1329 
1720447027196.00, 174693, -457943, 1302 
1720447027217.00, 174729, -454130, 1273 
1720447027239.00, 174758, -450312, 1257 
1720447027262.00, 174470, -446490, 1236 
1720447027285.00, 173693, -442689, 1168 
1720447027305.00, 169185, -438895, 1103 
1720447027326.00, 162445, -435212, 1021 
1720447027349.00, 153554, -431678, 911 
1720447027371.00, 84620, -428371, 767 
1720447027393.00, 44667, -426514, 750 
1720447027414.00, 21490, -425550, 527 
1720447027435.00, 7923, -425091, 241 
1720447027457.00, 72, -424924, -6 
1720447027479.00, -3998, -424926, -295 
1720447027501.00, -23652, -425025, -592 
1720447027522.00, -53363, -425530, -775 
1720447027543.00, -81916, -426653, -773 
1720447027565.00, -98732, -428442, -862 
1720447027587.00, -113969, -430584, -906 
1720447027608.00, -125474, -433079, -930 
1720447027630.00, -133515, -435832, -950 
1720447027652.00, -139301, -438742, -957 
1720447027674.00, -142818, -441785, -976 
1720447027695.00, -145975, -444903, -989 
1720447027718.00, -148551, -448080, -993 
1720447027738.00, -150081, -451328, -1008 
1720447027760.00, -151607, -454615, -1015 
1720447027782.00, -153085, -457929, -1018 
1720447027804.00, -154093, -461284, -1023 
1720447027824.00, -154940, -464642, -1041 
1720447027847.00, -156448, -468037, -1056 
1720447027869.00, -157929, -471447, -1045 
1720447027891.00, -158097, -474892, -1042 
1720447027912.00, -157755, -478354, -1063 
1720447027934.00, -158803, -481786, -1075 
1720447027956.00, -160051, -485267, -1074 
1720447027978.00, -160746, -488754, -1089 
1720447028000.00, -161892, -492277, -1111 
1720447028021.00, -163673, -495807, -1118 
1720447028045.00, -165086, -499375, -1091 
1720447028065.00, -164097, -502998, -1084 
1720447028087.00, -162941, -506582, -1091 
1720447028108.00, -162598, -510145, -1042 
1720447028131.00, -159265, -513683, -1035 
1720447028151.00, -156783, -517175, -1044 
1720447028173.00, -155869, -520601, -1064 
1720447028196.00, -156471, -524010, -1054 
1720447028218.00, -156181, -527419, -1068 
1720447028240.00, -156830, -530831, -1088 
1720447028263.00, -158339, -534262, -1107 
1720447028283.00, -160328, -537708, -1101 
1720447028305.00, -160981, -541219, -1098 
1720447028327.00, -161176, -544734, -1120 
1720447028348.00, -162231, -548245, -1122 
1720447028374.00, -163071, -551807, -1122 
1720447028392.00, -163373, -555360, -1110 
1720447028413.00, -162806, -558950, -1096 
1720447028436.00, -161578, -562493, -1130 
1720447028458.00, -162794, -566034, -1135 
1720447028481.00, -163856, -569589, -1105 
1720447028501.00, -162645, -573168, -1106 
1720447028523.00, -161852, -576704, -1065 
1720447028545.00, -158799, -580233, -1039 
1720447028567.00, -155423, -583707, -971 
1720447028593.00, -149196, -587061, -880 
1720447028611.00, -140035, -590298, -789 
1720447028633.00, -128953, -593324, -695 
1720447028655.00, -73550, -596089, -607 
1720447028677.00, -40545, -597697, -571 
1720447028703.00, -21558, -598600, -404 
1720447028719.00, -10868, -599083, -327 
1720447028741.00, -4295, -599324, -270 
1720447028763.00, -560, -599411, -97 
1720447028784.00, 1084, -599420, 56 
1720447028812.00, 5592, -599394, 263 
1720447028827.00, 20832, -599272, 377 
1720447028848.00, 36212, -598816, 734 
1720447028870.00, 67524, -598043, 655 
1720447028891.00, 81325, -596595, 731 
1720447028914.00, 93782, -594829, 814 
1720447028935.00, 106087, -592790, 819 
1720447028957.00, 113479, -590472, 830 
1720447028979.00, 118351, -588016, 843 
1720447029000.00, 122053, -585426, 832 
1720447029024.00, 123238, -582768, 822 
1720447029044.00, 123405, -580083, 819 
1720447029066.00, 123185, -577391, 819 
1720447029087.00, 122982, -574714, 847 
1720447029109.00, 124659, -572040, 861 
1720447029131.00, 126299, -569327, 880 
1720447029153.00, 128289, -566570, 892 
1720447029174.00, 130089, -563771, 909 
1720447029196.00, 132116, -560947, 940 
1720447029218.00, 134987, -558064, 947 
1720447029240.00, 137178, -555131, 963 
1720447029262.00, 139324, -552140, 1005 
1720447029281.00, 143046, -549092, 1019 
1720447029304.00, 146019, -545959, 1030 
1720447029325.00, 148333, -542762, 1054 
1720447029347.00, 151116, -539521, 1087 
1720447029369.00, 154778, -536208, 1110 
1720447029390.00, 158353, -532818, 1130 
1720447029413.00, 161544, -529360, 1122 
1720447029435.00, 162831, -525822, 1147 
1720447029456.00, 165044, -522273, 1158 
1720447029478.00, 166784, -518656, 1165 
1720447029499.00, 168328, -515005, 1184 
1720447029522.00, 170322, -511327, 1208 
1720447029544.00, 172665, -507605, 1224 
1720447029566.00, 174770, -503826, 1229 
1720447029587.00, 174910, -499995, 1250 
1720447029609.00, 174773, -496181, 1265 
1720447029631.00, 174690, -492357, 1269 
1720447029652.00, 174724, -488545, 1286 
1720447029674.00, 174752, -484720, 1305 
1720447029697.00, 174749, -480916, 1316 
1720447029718.00, 174912, -477091, 1316 
1720447029740.00, 175015, -473269, 1327 
1720447029762.00, 174614, -469461, 1327 
1720447029784.00, 174625, -465642, 1320 
1720447029805.00, 174700, -461818, 1317 
1720447029827.00, 174796, -458006, 1320 
1720447029849.00, 174795, -454201, 1307 
1720447029870.00, 174788, -450373, 1276 
1720447029893.00, 174626, -446563, 1224 
1720447029914.00, 172967, -442746, 1151 
1720447029936.00, 167587, -438986, 1099 
1720447029958.00, 161396, -435323, 1035 
1720447029981.00, 153871, -431819, 962 
1720447030002.00, 84914, -428505, 868 
1720447030024.00, 44845, -426630, 811 
1720447030046.00, 21484, -425665, 722 
1720447030067.00, 7993, -425192, 480 
1720447030089.00, 61, -425033, 166 
1720447030110.00, -4151, -425047, -237 
1720447030131.00, -20601, -425144, -442 
1720447030154.00, -42664, -425588, -769 
1720447030175.00, -75440, -426486, -844 
1720447030197.00, -99488, -428119, -867 
1720447030219.00, -114887, -430270, -905 
1720447030241.00, -125907, -432786, -967 
1720447030262.00, -136282, -435551, -958 
1720447030284.00, -141282, -438517, -949 
1720447030306.00, -143882, -441599, -951 
1720447030327.00, -145315, -444730, -964 
1720447030349.00, -146609, -447884, -932 
1720447030370.00, -145596, -451089, -900 
1720447030392.00, -142991, -454248, -941 
1720447030413.00, -143261, -457354, -1025 
1720447030436.00, -148546, -460493, -975 
1720447030458.00, -148594, -463718, -951 
1720447030479.00, -147077, -466954, -985 
1720447030501.00, -148058, -470158, -994 
1720447030523.00, -149106, -473364, -988 
1720447030544.00, -149270, -476634, -998 
1720447030565.00, -149861, -479866, -1020 
1720447030586.00, -151305, -483149, -1021 
1720447030608.00, -152191, -486459, -1016 
1720447030631.00, -152388, -489771, -1028 
1720447030652.00, -152979, -493118, -1024 
1720447030677.00, -153133, -496454, -1027 
1720447030696.00, -153227, -499803, -1042 
1720447030718.00, -154052, -503164, -1068 
1720447030740.00, -156087, -506518, -1054 
1720447030762.00, -156398, -509939, -1047 
1720447030783.00, -156174, -513352, -1074 
1720447030805.00, -157449, -516761, -1082 
1720447030827.00, -158490, -520203, -1065 
1720447030848.00, -157937, -523666, -1095 
1720447030870.00, -159393, -527124, -1099 
1720447030892.00, -160269, -530585, -1096 
1720447030914.00, -160746, -534105, -1084 
1720447030936.00, -160190, -537598, -1088 
1720447030958.00, -160050, -541109, -1078 
1720447030979.00, -159388, -544598, -1076 
1720447031002.00, -158756, -548077, -1089 
1720447031023.00, -158933, -551545, -1088 
1720447031045.00, -158895, -555009, -1100 
1720447031067.00, -159570, -558500, -1101 
1720447031089.00, -160011, -561971, -1070 
1720447031110.00, -158072, -565474, -1063 
1720447031132.00, -156671, -568931, -1037 
1720447031155.00, -154096, -572336, -996 
1720447031177.00, -149957, -575696, -965 
1720447031199.00, -145591, -578949, -941 
1720447031222.00, -141571, -582116, -888 
1720447031242.00, -135809, -585183, -825 
1720447031264.00, -128546, -588130, -760 
1720447031286.00, -120099, -590907, -616 
1720447031307.00, -106618, -593506, -525 
1720447031334.00, -60628, -595794, -430 
1720447031351.00, -33203, -597116, -333 
1720447031372.00, -17693, -597861, -196 
1720447031393.00, -8605, -598255, -143 
1720447031416.00, -3190, -598453, -122 
1720447031437.00, -2, -598526, -41 
1720447031459.00, 1414, -598529, 67 
1720447031480.00, 4807, -598494, 267 
1720447031502.00, 19205, -598382, 386 
1720447031523.00, 34656, -597961, 709 
1720447031544.00, 63659, -597220, 717 
1720447031566.00, 81406, -595868, 744 
1720447031588.00, 93177, -594093, 816 
1720447031610.00, 104461, -592072, 859 
1720447031631.00, 113764, -589783, 848 
1720447031653.00, 118385, -587313, 865 
1720447031674.00, 122095, -584719, 906 
1720447031696.00, 126847, -582069, 902 
1720447031718.00, 129436, -579307, 883 
1720447031740.00, 129677, -576485, 900 
1720447031762.00, 130595, -573665, 932 
1720447031783.00, 132994, -570819, 928 
1720447031804.00, 134179, -567922, 934 
1720447031827.00, 135227, -564998, 970 
1720447031848.00, 138062, -562063, 989 
1720447031870.00, 140609, -559056, 1011 
1720447031890.00, 143385, -555976, 1039 
1720447031912.00, 146837, -552837, 1058 
1720447031935.00, 149845, -549626, 1078 
1720447031956.00, 152774, -546344, 1095 
1720447031978.00, 155487, -543006, 1113 
1720447032000.00, 158187, -539612, 1116 
1720447032022.00, 159931, -536147, 1131 
1720447032044.00, 161809, -532636, 1192 
1720447032065.00, 166661, -529096, 1215 
1720447032087.00, 170717, -525456, 1222 
1720447032109.00, 173559, -521725, 1215 
1720447032131.00, 174623, -517935, 1211 
1720447032153.00, 174492, -514122, 1221 
1720447032174.00, 174653, -510305, 1239 
1720447032196.00, 174865, -506483, 1249 
1720447032218.00, 174758, -502653, 1262 
1720447032240.00, 174778, -498840, 1265 
1720447032261.00, 174758, -495019, 1278 
1720447032283.00, 174659, -491196, 1275 
1720447032308.00, 174694, -487387, 1283 
1720447032327.00, 174875, -483578, 1298 
1720447032349.00, 174824, -479750, 1304 
1720447032371.00, 174598, -475933, 1288 
1720447032393.00, 174700, -472120, 1290 
1720447032418.00, 174719, -468295, 1311 
1720447032436.00, 174780, -464494, 1317 
1720447032458.00, 174901, -460669, 1302 
1720447032480.00, 174885, -456863, 1306 
1720447032501.00, 174762, -453040, 1316 
1720447032523.00, 174716, -449220, 1322 
1720447032545.00, 174742, -445405, 1309 
1720447032566.00, 174858, -441598, 1276 
1720447032588.00, 174535, -437780, 1230 
1720447032610.00, 173457, -433957, 1163 
1720447032632.00, 168698, -430189, 1065 
1720447032656.00, 93265, -426537, 941 
1720447032677.00, 49229, -424492, 1019 
1720447032699.00, 24101, -423420, 742 
1720447032720.00, 9350, -422892, 501 
1720447032742.00, 821, -422689, 237 
1720447032763.00, -3289, -422689, -89 
1720447032785.00, -11151, -422767, -300 
1720447032807.00, -28426, -423027, -631 
1720447032828.00, -58601, -423631, -791 
1720447032850.00, -86053, -424885, -802 
1720447032871.00, -102811, -426759, -908 
1720447032893.00, -119154, -429016, -934 
1720447032915.00, -130128, -431610, -924 
1720447032937.00, -135970, -434459, -944 
1720447032959.00, -140566, -437422, -935 
1720447032980.00, -142562, -440476, -906 
1720447033002.00, -141692, -443575, -904 
1720447033024.00, -140923, -446655, -918 
1720447033046.00, -141140, -449719, -946 
1720447033067.00, -142647, -452801, -951 
1720447033089.00, -143933, -455896, -918 
1720447033110.00, -142558, -459036, -997 
1720447033132.00, -146320, -462136, -957 
1720447033154.00, -145896, -465311, -980 
1720447033176.00, -147002, -468507, -951 
1720447033198.00, -145921, -471698, -965 
1720447033219.00, -145800, -474878, -981 
1720447033239.00, -146640, -478062, -1000 
1720447033262.00, -148223, -481252, -997 
1720447033283.00, -148986, -484501, -1022 
1720447033305.00, -150643, -487750, -1058 
1720447033327.00, -153696, -491041, -1044 
1720447033349.00, -154665, -494412, -1037 
1720447033370.00, -154689, -497779, -1063 
1720447033392.00, -156186, -501170, -1058 
1720447033414.00, -156722, -504576, -1043 
1720447033436.00, -156025, -508007, -1063 
1720447033457.00, -156756, -511406, -1091 
1720447033480.00, -158878, -514826, -1091 
1720447033501.00, -160081, -518307, -1086 
1720447033525.00, -160199, -521787, -1106 
1720447033545.00, -161523, -525304, -1097 
1720447033567.00, -161332, -528825, -1083 
1720447033589.00, -160613, -532354, -1081 
1720447033610.00, -160011, -535877, -1083 
1720447033633.00, -159466, -539355, -1092 
1720447033654.00, -159538, -542851, -1074 
1720447033676.00, -158419, -546323, -1051 
1720447033698.00, -156404, -549797, -1038 
1720447033719.00, -154305, -553200, -1060 
1720447033744.00, -154436, -556572, -1021 
1720447033765.00, -152071, -559943, -994 
1720447033786.00, -148986, -563232, -999 
1720447033806.00, -147385, -566485, -1002 
1720447033830.00, -146491, -569711, -982 
1720447033851.00, -144783, -572890, -965 
1720447033872.00, -142614, -576048, -967 
1720447033895.00, -141393, -579129, -932 
1720447033917.00, -138662, -582222, -911 
1720447033938.00, -135441, -585227, -923 
1720447033960.00, -134421, -588158, -865 
1720447033981.00, -129888, -591082, -808 
1720447034003.00, -124062, -593900, -723 
1720447034024.00, -70713, -596561, -637 
1720447034047.00, -39284, -598116, -572 
1720447034068.00, -20952, -598984, -486 
1720447034090.00, -10470, -599448, -410 
1720447034111.00, -3890, -599684, -348 
1720447034133.00, -271, -599770, -177 
1720447034155.00, 1298, -599778, -41 
1720447034176.00, 2515, -599739, 185 
1720447034198.00, 14765, -599676, 372 
1720447034219.00, 33044, -599361, 604 
1720447034241.00, 57702, -598676, 648 
1720447034263.00, 75120, -597432, 692 
1720447034285.00, 87775, -595815, 762 
1720447034306.00, 99287, -593903, 805 
1720447034327.00, 108663, -591744, 833 
1720447034349.00, 115794, -589374, 864 
1720447034371.00, 121767, -586844, 881 
1720447034392.00, 126279, -584197, 886 
1720447034414.00, 129209, -581444, 887 
1720447034436.00, 130924, -578633, 903 
1720447034458.00, 132717, -575794, 892 
1720447034479.00, 133161, -572903, 894 
1720447034502.00, 133095, -570004, 915 
1720447034523.00, 134450, -567096, 914 
1720447034545.00, 135176, -564174, 925 
1720447034567.00, 136017, -561226, 974 
1720447034588.00, 139452, -558268, 975 
1720447034612.00, 141451, -555237, 988 
1720447034631.00, 143431, -552155, 1007 
1720447034652.00, 145762, -549016, 1005 
1720447034674.00, 146939, -545840, 1026 
1720447034696.00, 148642, -542634, 1063 
1720447034719.00, 151774, -539375, 1081 
1720447034739.00, 154682, -536048, 1091 
1720447034761.00, 156978, -532667, 1104 
1720447034783.00, 159043, -529232, 1119 
1720447034805.00, 161136, -525756, 1100 
1720447034827.00, 161236, -522238, 1107 
1720447034849.00, 161463, -518716, 1112 
1720447034870.00, 162003, -515177, 1127 
1720447034892.00, 163103, -511642, 1143 
1720447034914.00, 164715, -508079, 1159 
1720447034936.00, 166489, -504484, 1182 
1720447034957.00, 168745, -500837, 1211 
1720447034980.00, 171944, -497150, 1214 
1720447035001.00, 174008, -493399, 1218 
1720447035023.00, 174660, -489587, 1225 
1720447035048.00, 174671, -485771, 1239 
1720447035066.00, 174569, -481944, 1237 
1720447035089.00, 174601, -478137, 1232 
1720447035110.00, 174748, -474318, 1239 
1720447035132.00, 174680, -470503, 1244 
1720447035155.00, 174792, -466682, 1245 
1720447035176.00, 174802, -462867, 1241 
1720447035198.00, 174790, -459042, 1238 
1720447035220.00, 174674, -455240, 1238 
1720447035241.00, 174812, -451419, 1239 
1720447035269.00, 174645, -447617, 1218 
1720447035285.00, 174748, -443797, 1208 
1720447035306.00, 174450, -439992, 1199 
1720447035328.00, 173778, -436168, 1154 
1720447035350.00, 170894, -432383, 1049 
1720447035374.00, 96874, -428687, 909 
1720447035395.00, 53826, -426560, 924 
1720447035417.00, 28618, -425408, 678 
1720447035438.00, 14097, -424779, 428 
1720447035460.00, 5618, -424474, 115 
1720447035481.00, 1674, -424366, -229 
1720447035503.00, -14277, -424351, -371 
1720447035524.00, -32845, -424664, -700 
1720447035546.00, -63601, -425360, -838 
1720447035568.00, -90157, -426712, -852 
1720447035589.00, -106653, -428678, -907 
1720447035610.00, -119534, -431001, -941 
1720447035633.00, -129069, -433613, -946 
1720447035655.00, -134841, -436422, -933 
1720447035676.00, -137326, -439367, -920 
1720447035698.00, -138001, -442359, -920 
1720447035720.00, -138194, -445370, -921 
1720447035741.00, -137901, -448365, -936 
1720447035763.00, -138917, -451392, -929 
1720447035785.00, -139113, -454410, -933 
1720447035812.00, -139304, -457428, -939 
1720447035828.00, -139774, -460460, -943 
1720447035849.00, -140266, -463496, -946 
1720447035872.00, -140612, -466547, -941 
1720447035893.00, -140313, -469607, -946 
1720447035915.00, -140336, -472654, -954 
1720447035937.00, -140702, -475714, -957 
1720447035959.00, -141049, -478771, -958 
1720447035981.00, -141240, -481840, -956 
1720447036002.00, -141221, -484924, -960 
1720447036024.00, -141148, -488000, -990 
1720447036044.00, -143007, -491075, -1016 
1720447036066.00, -145619, -494206, -1004 
1720447036088.00, -146465, -497381, -1024 
1720447036110.00, -148220, -500597, -1044 
1720447036132.00, -150211, -503831, -1054 
1720447036153.00, -151830, -507115, -1059 
1720447036175.00, -153203, -510430, -1054 
1720447036197.00, -153506, -513776, -1074 
1720447036219.00, -154910, -517150, -1084 
1720447036241.00, -156168, -520517, -1080 
1720447036263.00, -156674, -523935, -1064 
1720447036285.00, -155913, -527358, -1065 
1720447036306.00, -155503, -530755, -1069 
1720447036328.00, -155329, -534159, -1036 
1720447036350.00, -153419, -537545, -1006 
1720447036373.00, -150413, -540891, -984 
1720447036395.00, -147171, -544156, -974 
1720447036416.00, -144533, -547346, -939 
1720447036438.00, -140878, -550497, -931 
1720447036462.00, -138002, -553558, -941 
1720447036482.00, -136739, -556551, -939 
1720447036503.00, -135979, -559532, -885 
1720447036525.00, -132371, -562487, -867 
1720447036546.00, -129024, -565362, -882 
1720447036568.00, -127937, -568170, -858 
1720447036590.00, -125808, -570937, -864 
1720447036612.00, -124906, -573686, -885 
1720447036634.00, -125611, -576392, -888 
1720447036655.00, -126129, -579122, -847 
1720447036677.00, -123997, -581872, -852 
1720447036699.00, -122868, -584560, -839 
1720447036720.00, -121401, -587214, -768 
1720447036742.00, -116375, -589861, -745 
1720447036764.00, -111786, -592381, -678 
1720447036785.00, -105093, -594797, -571 
1720447036807.00, -59533, -597044, -440 
1720447036829.00, -32366, -598346, -359 
1720447036850.00, -16352, -599068, -212 
1720447036871.00, -6997, -599430, -85 
1720447036893.00, -1674, -599584, 52 
1720447036915.00, 3979, -599612, 224 
1720447036936.00, 18359, -599538, 360 
1720447036958.00, 34729, -599154, 573 
1720447036979.00, 57351, -598415, 697 
1720447037002.00, 78201, -597189, 708 
1720447037023.00, 90937, -595502, 795 
1720447037044.00, 103356, -593513, 858 
1720447037067.00, 114550, -591258, 862 
1720447037088.00, 121474, -588760, 869 
1720447037110.00, 125952, -586111, 877 
1720447037132.00, 129000, -583362, 866 
1720447037153.00, 129703, -580565, 852 
1720447037175.00, 129365, -577740, 843 
1720447037197.00, 128440, -574928, 845 
1720447037218.00, 128036, -572142, 865 
1720447037240.00, 128824, -569355, 858 
1720447037262.00, 128677, -566544, 866 
1720447037283.00, 128968, -563743, 900 
1720447037306.00, 131234, -560935, 922 
1720447037326.00, 133720, -558079, 938 
1720447037349.00, 136105, -555169, 958 
1720447037370.00, 138768, -552211, 970 
1720447037392.00, 140898, -549187, 992 
1720447037413.00, 143373, -546115, 1002 
1720447037435.00, 145454, -542993, 1013 
1720447037456.00, 147167, -539811, 1017 
1720447037478.00, 148394, -536589, 1021 
1720447037500.00, 149190, -533349, 1026 
1720447037522.00, 150095, -530084, 1043 
1720447037543.00, 151348, -526811, 1059 
1720447037571.00, 153049, -523493, 1081 
1720447037587.00, 155308, -520147, 1084 
1720447037608.00, 156894, -516748, 1101 
1720447037630.00, 158711, -513316, 1123 
1720447037653.00, 161023, -509859, 1129 
1720447037675.00, 162745, -506332, 1145 
1720447037697.00, 164614, -502772, 1164 
1720447037718.00, 166769, -499157, 1185 
1720447037740.00, 169216, -495515, 1193 
1720447037762.00, 171048, -491817, 1191 
1720447037785.00, 171865, -488083, 1182 
1720447037806.00, 171906, -484327, 1188 
1720447037827.00, 172269, -480568, 1197 
1720447037849.00, 173015, -476805, 1212 
1720447037871.00, 174217, -473021, 1215 
1720447037895.00, 174835, -469219, 1201 
1720447037914.00, 174314, -465390, 1197 
1720447037936.00, 173743, -461580, 1191 
1720447037958.00, 173153, -457801, 1197 
1720447037980.00, 172776, -454012, 1191 
1720447038002.00, 172380, -450228, 1183 
1720447038024.00, 171508, -446459, 1162 
1720447038046.00, 169593, -442713, 1138 
1720447038067.00, 167068, -439014, 1100 
1720447038089.00, 163178, -435374, 1043 
1720447038113.00, 157434, -431827, 942 
1720447038134.00, 89007, -428430, 801 
1720447038155.00, 49075, -426480, 731 
1720447038177.00, 25825, -425443, 364 
1720447038199.00, 12614, -424896, 29 
1720447038224.00, 5016, -424630, -243 
1720447038242.00, -13749, -424529, -396 
1720447038264.00, -34055, -424824, -741 
1720447038284.00, -67072, -425544, -823 
1720447038307.00, -91619, -426971, -794 
1720447038333.00, -104132, -428974, -945 
1720447038350.00, -120713, -431250, -960 
1720447038372.00, -131191, -433878, -912 
1720447038394.00, -134540, -436740, -917 
1720447038415.00, -136611, -439671, -927 
1720447038442.00, -137974, -442651, -909 
1720447038459.00, -137684, -445650, -878 
1720447038480.00, -135679, -448646, -857 
1720447038502.00, -132991, -451610, -855 
1720447038523.00, -131297, -454495, -862 
1720447038548.00, -130629, -457342, -835 
1720447038567.00, -128752, -460180, -856 
1720447038589.00, -128511, -462971, -891 
1720447038610.00, -130441, -465768, -886 
1720447038633.00, -131204, -468616, -870 
1720447038657.00, -130582, -471471, -884 
1720447038676.00, -130851, -474313, -906 
1720447038697.00, -132539, -477167, -904 
1720447038719.00, -133276, -480044, -925 
1720447038741.00, -134923, -482945, -944 
1720447038762.00, -137041, -485881, -958 
1720447038784.00, -138987, -488852, -959 
1720447038807.00, -140064, -491884, -972 
1720447038828.00, -141427, -494933, -959 
1720447038850.00, -141383, -498000, -935 
1720447038871.00, -139733, -501093, -934 
1720447038893.00, -138553, -504128, -929 
1720447038914.00, -137508, -507139, -897 
1720447038936.00, -134960, -510130, -889 
1720447038958.00, -132976, -513070, -897 
1720447038983.00, -132248, -515956, -902 
1720447039002.00, -132034, -518829, -922 
1720447039024.00, -133090, -521697, -918 
1720447039045.00, -133343, -524605, -923 
1720447039067.00, -133696, -527496, -933 
1720447039093.00, -134424, -530400, -925 
1720447039110.00, -134134, -533336, -910 
1720447039132.00, -133253, -536265, -898 
1720447039154.00, -131583, -539152, -889 
1720447039175.00, -130438, -542023, -853 
1720447039202.00, -127474, -544850, -839 
1720447039219.00, -124838, -547620, -831 
1720447039241.00, -122631, -550343, -825 
1720447039263.00, -120905, -553014, -783 
1720447039284.00, -117319, -555635, -783 
1720447039311.00, -115311, -558185, -792 
1720447039328.00, -114569, -560695, -804 
1720447039349.00, -115004, -563175, -787 
1720447039371.00, -114256, -565694, -802 
1720447039393.00, -114596, -568178, -829 
1720447039415.00, -116366, -570660, -835 
1720447039436.00, -117688, -573192, -825 
1720447039458.00, -117902, -575760, -828 
1720447039480.00, -117877, -578319, -823 
1720447039501.00, -117737, -580885, -853 
1720447039523.00, -119504, -583458, -836 
1720447039545.00, -119407, -586048, -789 
1720447039566.00, -116422, -588642, -712 
1720447039588.00, -110000, -591166, -646 
1720447039609.00, -102115, -593546, -541 
1720447039632.00, -57950, -595742, -435 
1720447039653.00, -31699, -597001, -384 
1720447039674.00, -16040, -597714, -291 
1720447039697.00, -7515, -598075, -167 
1720447039718.00, -2159, -598239, -74 
1720447039739.00, 74, -598278, 78 
1720447039761.00, 6765, -598275, 190 
1720447039783.00, 16918, -598132, 355 
1720447039803.00, 33411, -597756, 449 
1720447039826.00, 48717, -597042, 638 
1720447039847.00, 69130, -596000, 693 
1720447039873.00, 84431, -594504, 768 
1720447039891.00, 97981, -592665, 823 
1720447039913.00, 109201, -590526, 884 
1720447039934.00, 119491, -588159, 898 
1720447039956.00, 126330, -585544, 895 
1720447039982.00, 130030, -582790, 884 
1720447040000.00, 131531, -579957, 880 
1720447040021.00, 131920, -577087, 881 
1720447040043.00, 132317, -574217, 883 
1720447040064.00, 132342, -571353, 889 
1720447040086.00, 132776, -568467, 909 
1720447040108.00, 134093, -565576, 912 
1720447040129.00, 134889, -562659, 919 
1720447040151.00, 135725, -559727, 944 
1720447040173.00, 137715, -556768, 960 
1720447040202.00, 139673, -553765, 964 
1720447040216.00, 140892, -550726, 980 
1720447040238.00, 142607, -547653, 997 
1720447040259.00, 144614, -544537, 1009 
1720447040280.00, 146559, -541385, 1024 
1720447040306.00, 148376, -538179, 1056 
1720447040325.00, 151315, -534935, 1090 
1720447040346.00, 155202, -531613, 1105 
1720447040368.00, 158128, -528222, 1128 
1720447040390.00, 161322, -524762, 1146 
1720447040411.00, 164158, -521234, 1150 
1720447040433.00, 165935, -517652, 1165 
1720447040455.00, 167651, -514027, 1185 
1720447040477.00, 169944, -510355, 1192 
1720447040499.00, 171734, -506630, 1201 
1720447040520.00, 173230, -502872, 1215 
1720447040542.00, 174829, -499079, 1226 
1720447040564.00, 174746, -495262, 1235 
1720447040586.00, 174656, -491439, 1222 
1720447040607.00, 174636, -487628, 1226 
1720447040629.00, 174814, -483815, 1224 
1720447040651.00, 174483, -479998, 1217 
1720447040673.00, 174663, -476179, 1213 
1720447040695.00, 174493, -472369, 1206 
1720447040717.00, 174695, -468555, 1169 
1720447040742.00, 172535, -464744, 1145 
1720447040761.00, 170106, -460976, 1119 
1720447040782.00, 166807, -457271, 1113 
1720447040804.00, 164572, -453628, 1101 
1720447040826.00, 162273, -450043, 1094 
1720447040851.00, 160376, -446501, 1096 
1720447040870.00, 159299, -442994, 1081 
1720447040891.00, 157650, -439525, 1050 
1720447040913.00, 154648, -436083, 1015 
1720447040936.00, 150813, -432715, 973 
1720447040958.00, 145832, -429434, 905 
1720447040980.00, 83129, -426287, 813 
1720447041001.00, 46052, -424478, 860 
1720447041023.00, 24487, -423481, 629 
1720447041045.00, 11554, -422944, 453 
1720447041065.00, 4242, -422690, 208 
1720447041087.00, -5, -422623, -75 
1720447041108.00, -6863, -422626, -303 
1720447041130.00, -24188, -422769, -559 
1720447041152.00, -50094, -423283, -757 
1720447041174.00, -77235, -424337, -778 
1720447041195.00, -94733, -426025, -838 
1720447041217.00, -108384, -428091, -892 
1720447041239.00, -119589, -430450, -888 
1720447041260.00, -125968, -433056, -874 
1720447041282.00, -128798, -435809, -879 
1720447041303.00, -130465, -438625, -862 
1720447041325.00, -130468, -441450, -849 
1720447041347.00, -129799, -444300, -852 
1720447041369.00, -129275, -447112, -885 
1720447041391.00, -130785, -449926, -911 
1720447041413.00, -133279, -452772, -914 
1720447041434.00, -134750, -455671, -912 
1720447041456.00, -135373, -458613, -917 
1720447041478.00, -135985, -461564, -938 
1720447041499.00, -137325, -464517, -912 
1720447041521.00, -136699, -467519, -913 
1720447041543.00, -136321, -470489, -920 
1720447041564.00, -136527, -473445, -939 
1720447041586.00, -137692, -476420, -940 
1720447041608.00, -138466, -479412, -928 
1720447041630.00, -137897, -482412, -933 
1720447041652.00, -137842, -485426, -945 
1720447041673.00, -138380, -488425, -937 
1720447041695.00, -138145, -491447, -929 
1720447041717.00, -137476, -494455, -934 
1720447041738.00, -137169, -497437, -934 
1720447041760.00, -137122, -500438, -930 
1720447041782.00, -136613, -503425, -922 
1720447041804.00, -135802, -506382, -913 
1720447041829.00, -134768, -509340, -920 
1720447041847.00, -134795, -512274, -911 
1720447041869.00, -134117, -515188, -911 
1720447041891.00, -133536, -518118, -934 
1720447041912.00, -134565, -521023, -953 
1720447041934.00, -136314, -523960, -938 
1720447041955.00, -136124, -526925, -919 
1720447041977.00, -134877, -529883, -915 
1720447041999.00, -134078, -532821, -924 
1720447042021.00, -133867, -535746, -958 
1720447042043.00, -135938, -538642, -947 
1720447042065.00, -136301, -541614, -949 
1720447042086.00, -136803, -544573, -908 
1720447042107.00, -134500, -547532, -904 
1720447042130.00, -132755, -550472, -863 
1720447042151.00, -129202, -553352, -861 
1720447042173.00, -126921, -556166, -879 
1720447042195.00, -126584, -558930, -851 
1720447042217.00, -124799, -561669, -814 
1720447042238.00, -121409, -564371, -822 
1720447042260.00, -119816, -567019, -817 
1720447042281.00, -118620, -569626, -795 
1720447042304.00, -116529, -572209, -774 
1720447042325.00, -114107, -574741, -755 
1720447042347.00, -111434, -577205, -740 
1720447042382.00, -108783, -579613, -728 
1720447042390.00, -106622, -581996, -704 
1720447042412.00, -103840, -584307, -689 
1720447042433.00, -101137, -586557, -677 
1720447042456.00, -98868, -588762, -670 
1720447042477.00, -97131, -590897, -661 
1720447042498.00, -95471, -592997, -619 
1720447042520.00, -54289, -595046, -571 
1720447042542.00, -29592, -596228, -573 
1720447042563.00, -14931, -596892, -480 
1720447042585.00, -6725, -597238, -478 
1720447042607.00, -1808, -597396, -505 
1720447042628.00, 124, -597438, -440 
1720447042649.00, 1722, -597440, -417 
1720447042672.00, 2835, -597406, -356 
1720447042693.00, 3457, -597341, -278 
1720447042714.00, 3965, -597264, -244 
1720447042736.00, 4036, -597177, -203 
1720447042758.00, 4009, -597086, -158 
1720447042779.00, 3959, -596997, -116 
1720447042801.00, 3850, -596909, -88 
1720447042823.00, 3707, -596822, -64 
1720447042844.00, 3752, -596741, -44 
1720447042865.00, 3665, -596659, -30 
1720447042887.00, 3721, -596582, -24 
1720447042909.00, 3597, -596505, -20 
1720447042930.00, 3640, -596428, -14 
1720447042951.00, 3437, -596350, 3 
1720447042973.00, 3000, -596276, 2 
1720447042995.00, 3005, -596211, -9 
1720447043016.00, 2808, -596151, -15 
1720447043037.00, 2814, -596089, -13 
1720447043059.00, 2741, -596031, -21 
1720447043109.00, 2606, -595972, -19 
1720447043109.00, 2667, -595913, -10 
1720447043124.00, 2605, -595858, 19 
1720447043145.00, 0, -595803, -103 
1720447043167.00, 0, -595789, -105 
1720447043188.00, 0, -595787, -83 
1720447043208.00, 0, -595787, -76 
1720447043229.00, 0, -595788, -92 
1720447043250.00, 0, -595788, -95 
1720447043271.00, 0, -595787, -95 
1720447043292.00, 0, -595789, -93 
1720447043313.00, 0, -595788, -97 
1720447043334.00, 0, -595788, -94 
1720447043355.00, 0, -595788, -95 
1720447043377.00, 0, -595787, -97 
1720447043398.00, 0, -595788, -92 
1720447043419.00, 0, -595787, -96 
1720447043440.00, 0, -595788, -95 
1720447043461.00, 0, -595788, -93 
1720447043481.00, 0, -595787, -98 
1720447043502.00, 0, -595788, -93 
1720447043524.00, 0, -595788, -96 
1720447043544.00, 0, -595790, -97 
1720447043566.00, 0, -595787, -92 
1720447043587.00, 0, -595788, -98 
1720447043608.00, 0, -595788, -94 
1720447043628.00, 0, -595788, -94 
1720447043650.00, 0, -595789, -97 
1720447043671.00, 0, -595788, -93 
1720447043692.00, 0, -595787, -97 
1720447043718.00, 0, -595787, -96 
1720447043734.00, 0, -595789, -93 
1720447043754.00, 0, -595788, -97 
1720447043777.00, 0, -595788, -97 
1720447043796.00, 0, -595787, -93 
1720447043818.00, 0, -595788, -96 
1720447043839.00, 0, -595787, -95 
1720447043860.00, 0, -595789, -94 
1720447043882.00, 0, -595789, -97 
1720447043902.00, 0, -595787, -94 
1720447043923.00, 0, -595788, -96 
1720447043944.00, 0, -595788, -96 
1720447043965.00, 0, -595788, -94 
1720447043987.00, 0, -595788, -97 
1720447044007.00, 0, -595788, -94 
1720447044028.00, 0, -595787, -95 
1720447044050.00, 0, -595789, -96 
1720447044071.00, 0, -595788, -94 
1720447044092.00, 0, -595788, -96 
1720447044119.00, 0, -595787, -95 
1720447044135.00, 0, -595788, -94 
1720447044154.00, 0, -595788, -96 
1720447044175.00, 0, -595788, -94 
1720447044196.00, 0, -595788, -96 
1720447044217.00, 0, -595788, -95 
1720447044239.00, 0, -595788, -94 
1720447044259.00, 0, -595788, -96 
1720447044281.00, 0, -595788, -94 
1720447044303.00, 0, -595788, -95 
1720447044322.00, 0, -595788, -95 
1720447044344.00, 0, -595788, -94 
1720447044365.00, 0, -595788, -96 
1720447044386.00, 0, -595788, -95 
1720447044407.00, 0, -595789, -95 
1720447044427.00, 0, -595789, -95 
1720447044449.00, 0, -595789, -94 
1720447044470.00, 0, -595789, -95 
1720447044491.00, 0, -595788, -95 
1720447044512.00, 0, -595788, -95 
1720447044533.00, 0, -595789, -96 
1720447044554.00, 0, -595788, -95 
1720447044575.00, 0, -595788, -95 
1720447044596.00, 0, -595788, -95 
1720447044617.00, 0, -595788, -95 
1720447044638.00, 0, -595787, -96 
1720447044659.00, 0, -595788, -95 
1720447044680.00, 0, -595788, -95 
1720447044701.00, 0, -595788, -95 
1720447044722.00, 0, -595788, -95 
1720447044743.00, 0, -595788, -96 
1720447044764.00, 0, -595788, -95 
1720447044785.00, 0, -595788, -95 
1720447044807.00, 0, -595789, -95 
1720447044828.00, 0, -595788, -95 
1720447044848.00, 0, -595787, -95 
1720447044870.00, 0, -595788, -95 
1720447044891.00, 0, -595788, -95 
1720447044912.00, 0, -595788, -95 
1720447044933.00, 0, -595788, -95 
1720447044954.00, 0, -595788, -95 
1720447044975.00, 0, -595788, -95 
1720447044996.00, 0, -595789, -95 
1720447045017.00, 0, -595788, -95 
1720447045037.00, 0, -595788, -95 
1720447045059.00, 0, -595788, -95 
1720447045079.00, 0, -595788, -95 
1720447045100.00, 0, -595788, -95 
1720447045122.00, 0, -595788, -95 
1720447045142.00, 0, -595788, -95 
1720447045164.00, 0, -595787, -95 
1720447045185.00, 0, -595787, -95 
1720447045206.00, 0, -595788, -95 
1720447045226.00, 0, -595788, -95 
1720447045248.00, 0, -595789, -95 
1720447045269.00, 0, -595788, -95 
1720447045290.00, 0, -595788, -95 
1720447045311.00, 0, -595788, -95 
1720447045332.00, 0, -595789, -95 
1720447045354.00, 0, -595789, -95 
1720447045375.00, 0, -595787, -95 
1720447045395.00, 0, -595788, -95 
1720447045416.00, 0, -595788, -95 
1720447045437.00, 0, -595788, -95 
1720447045458.00, 0, -595788, -95 
1720447045479.00, 0, -595789, -95 
1720447045500.00, 0, -595788, -95 
1720447045521.00, 0, -595787, -95 
1720447045542.00, 0, -595789, -95 
1720447045564.00, 0, -595788, -95 
1720447045585.00, 0, -595788, -95 
1720447045605.00, 0, -595788, -95 
1720447045627.00, 0, -595788, -95 
1720447045647.00, 0, -595788, -95 
1720447045668.00, 0, -595789, -95 
1720447045690.00, 0, -595788, -95 
1720447045710.00, 0, -595788, -95 
1720447045732.00, 0, -595788, -95 
1720447045752.00, 0, -595788, -95 
1720447045774.00, 0, -595788, -95 
1720447045794.00, 0, -595788, -95 
1720447045816.00, 0, -595788, -95 
1720447045837.00, 0, -595788, -95 
1720447045858.00, 0, -595788, -95 
1720447045879.00, 0, -595788, -95 
1720447045900.00, 0, -595788, -95 
1720447045932.00, 0, -595788, -95 
1720447045941.00, 0, -595788, -95 
1720447045962.00, 0, -595788, -95 
1720447045983.00, 0, -595787, -95 
1720447046004.00, 0, -595788, -95 
1720447046026.00, 0, -595789, -95 
1720447046047.00, 0, -595788, -95 
1720447046068.00, 0, -595789, -95 
