1719831239705.00, 69, -600973, -224 
1719831239725.00, 68, -600971, -226 
1719831239747.00, 83, -600970, -220 
1719831239769.00, 67, -600968, -214 
1719831239790.00, 55, -600966, -224 
1719831239817.00, 64, -600965, -222 
1719831239833.00, 65, -600964, -214 
1719831239855.00, 53, -600962, -208 
1719831239875.00, 65, -600961, -216 
1719831239897.00, 53, -600960, -214 
1719831239919.00, 50, -600957, -206 
1719831239940.00, 63, -600957, -204 
1719831239962.00, 63, -600955, -205 
1719831239983.00, 58, -600955, -203 
1719831240005.00, 52, -600954, -195 
1719831240026.00, 57, -600951, -191 
1719831240048.00, 61, -600949, -189 
1719831240069.00, 73, -600947, -177 
1719831240091.00, 76, -600944, -165 
1719831240112.00, 62, -600944, -166 
1719831240140.00, 62, -600942, -167 
1719831240155.00, 52, -600940, -161 
1719831240176.00, 64, -600939, -158 
1719831240197.00, 46, -600938, -163 
1719831240219.00, 42, -600937, -166 
1719831240240.00, 5, -600936, -163 
1719831240262.00, -1, -600936, -159 
1719831240283.00, 1, -600935, -165 
1719831240305.00, 0, -600936, -172 
1719831240326.00, 0, -600935, -169 
1719831240351.00, 0, -600935, -169 
1719831240369.00, 14, -600935, -173 
1719831240390.00, 20, -600935, -175 
1719831240411.00, 0, -600935, -173 
1719831240433.00, 0, -600935, -171 
1719831240454.00, 0, -600934, -177 
1719831240475.00, 0, -600934, -186 
1719831240497.00, 0, -600934, -182 
1719831240518.00, 0, -600935, -177 
1719831240539.00, 0, -600934, -180 
1719831240561.00, 0, -600934, -182 
1719831240582.00, 0, -600935, -178 
1719831240603.00, 0, -600934, -176 
1719831240625.00, 7, -600934, -178 
1719831240646.00, 0, -600934, -180 
1719831240666.00, 0, -600934, -183 
1719831240689.00, 0, -600934, -182 
1719831240710.00, 0, -600935, -182 
1719831240731.00, 0, -600934, -186 
1719831240752.00, 0, -600933, -186 
1719831240773.00, 1, -600934, -186 
1719831240795.00, 0, -600934, -184 
1719831240815.00, 0, -600934, -182 
1719831240837.00, 0, -600933, -183 
1719831240859.00, 0, -600934, -184 
1719831240880.00, 0, -600933, -181 
1719831240901.00, 0, -600934, -179 
1719831240923.00, 0, -600933, -179 
1719831240944.00, 67, -600934, -179 
1719831240965.00, 0, -600933, -179 
1719831240986.00, 0, -600935, -182 
1719831241015.00, 12, -600934, -184 
1719831241029.00, 0, -600934, -183 
1719831241051.00, 0, -600934, -181 
1719831241072.00, 64, -600934, -184 
1719831241093.00, 0, -600933, -186 
1719831241114.00, 0, -600934, -184 
1719831241136.00, 0, -600934, -182 
1719831241157.00, 0, -600934, -184 
1719831241178.00, 0, -600933, -187 
1719831241199.00, 0, -600933, -182 
1719831241221.00, 3, -600933, -178 
1719831241243.00, 0, -600934, -181 
1719831241264.00, 0, -600933, -184 
1719831241285.00, 0, -600933, -180 
1719831241307.00, 46, -600932, -175 
1719831241328.00, -32, -600934, -174 
1719831241348.00, 0, -600933, -174 
1719831241370.00, 1, -600931, -171 
1719831241392.00, 0, -600933, -167 
1719831241413.00, 0, -600932, -164 
1719831241434.00, 0, -600932, -163 
1719831241456.00, 0, -600932, -160 
1719831241477.00, 0, -600932, -163 
1719831241498.00, 0, -600932, -164 
1719831241520.00, 0, -600931, -162 
1719831241541.00, 0, -600932, -159 
1719831241562.00, 0, -600931, -160 
1719831241583.00, 0, -600932, -162 
1719831241605.00, 0, -600931, -162 
1719831241626.00, 0, -600931, -162 
1719831241648.00, 0, -600931, -166 
1719831241669.00, 0, -600931, -169 
1719831241689.00, 0, -600931, -167 
1719831241711.00, -27, -600931, -165 
1719831241732.00, 0, -600931, -166 
1719831241753.00, 0, -600932, -168 
1719831241776.00, 50, -600933, -170 
1719831241797.00, 0, -600931, -169 
1719831241818.00, 0, -600932, -171 
1719831241839.00, 0, -600932, -172 
1719831241861.00, 0, -600930, -172 
1719831241890.00, 1, -600931, -171 
1719831241903.00, 0, -600931, -169 
1719831241924.00, 57, -600931, -171 
1719831241945.00, 0, -600931, -173 
1719831241967.00, 15, -600931, -175 
1719831241989.00, 0, -600932, -175 
1719831242010.00, 0, -600931, -176 
1719831242031.00, -50, -600931, -177 
1719831242053.00, 0, -600932, -175 
1719831242074.00, 0, -600931, -175 
1719831242095.00, 0, -600931, -176 
1719831242117.00, 0, -600931, -175 
1719831242137.00, 0, -600931, -173 
1719831242159.00, 0, -600932, -171 
1719831242180.00, 0, -600930, -172 
1719831242202.00, 0, -600931, -171 
1719831242223.00, 0, -600931, -169 
1719831242244.00, 0, -600930, -166 
1719831242266.00, 0, -600930, -163 
1719831242287.00, 0, -600931, -162 
1719831242308.00, 0, -600930, -160 
1719831242329.00, 0, -600930, -155 
1719831242350.00, 0, -600930, -153 
1719831242372.00, 0, -600930, -155 
1719831242394.00, 0, -600929, -155 
1719831242415.00, 0, -600930, -155 
1719831242435.00, 0, -600930, -155 
1719831242457.00, 9, -600930, -157 
1719831242478.00, 0, -600930, -157 
1719831242500.00, 0, -600929, -158 
1719831242521.00, 0, -600930, -160 
1719831242545.00, 0, -600929, -162 
1719831242563.00, 0, -600929, -158 
1719831242584.00, 0, -600929, -159 
1719831242606.00, 0, -600930, -164 
1719831242628.00, 0, -600929, -164 
1719831242649.00, 0, -600930, -162 
1719831242669.00, 0, -600929, -162 
1719831242691.00, 0, -600930, -165 
1719831242712.00, 0, -600930, -167 
1719831242733.00, 0, -600929, -163 
1719831242754.00, 0, -600930, -164 
1719831242776.00, -65, -600930, -165 
1719831242798.00, -65, -600929, -164 
1719831242819.00, 0, -600928, -161 
1719831242840.00, 0, -600929, -160 
1719831242862.00, -29, -600930, -161 
1719831242883.00, 0, -600930, -160 
1719831242904.00, -11, -600929, -159 
1719831242926.00, 5, -600929, -158 
1719831242947.00, -1, -600929, -157 
1719831242969.00, -4, -600929, -156 
1719831242990.00, 2, -600929, -159 
1719831243011.00, 0, -600930, -162 
1719831243032.00, 0, -600929, -163 
1719831243054.00, 0, -600930, -164 
1719831243075.00, 0, -600930, -162 
1719831243096.00, 0, -600931, -162 
1719831243117.00, 0, -600929, -167 
1719831243139.00, 0, -600929, -170 
1719831243160.00, 0, -600929, -166 
1719831243181.00, 0, -600929, -162 
1719831243202.00, 0, -600929, -165 
1719831243223.00, 0, -600930, -164 
1719831243245.00, 7, -600929, -157 
1719831243266.00, 0, -600929, -156 
1719831243288.00, 0, -600930, -162 
1719831243315.00, 0, -600929, -163 
1719831243331.00, 0, -600929, -160 
1719831243352.00, 0, -600931, -163 
1719831243373.00, -5, -600930, -175 
1719831243394.00, 0, -600930, -183 
1719831243420.00, 0, -600930, -190 
1719831243437.00, -12, -600931, -206 
1719831243458.00, 0, -600930, -234 
1719831243480.00, 0, -600933, -248 
1719831243501.00, 0, -600933, -256 
1719831243529.00, 0, -600933, -264 
1719831243544.00, 0, -600934, -286 
1719831243565.00, 0, -600934, -308 
1719831243586.00, 0, -600935, -303 
1719831243607.00, 0, -600935, -286 
1719831243629.00, 0, -600936, -288 
1719831243650.00, 0, -600935, -283 
1719831243671.00, 0, -600934, -261 
1719831243693.00, 1, -600933, -235 
1719831243714.00, 0, -600933, -226 
1719831243735.00, 0, -600932, -218 
1719831243756.00, 0, -600931, -187 
1719831243778.00, 56, -600928, -131 
1719831243799.00, 4, -600924, -67 
1719831243820.00, -1, -600920, -25 
1719831243842.00, 10, -600921, -22 
1719831243862.00, 60, -600918, -10 
1719831243884.00, 75, -600916, 22 
1719831243906.00, 1527, -600915, 33 
1719831243927.00, 3045, -600883, 29 
1719831243948.00, 3568, -600819, 37 
1719831243971.00, 4386, -600739, 42 
1719831243993.00, 5112, -600647, 44 
1719831244015.00, 5872, -600536, 46 
1719831244035.00, 6226, -600411, 49 
1719831244057.00, 6327, -600278, 48 
1719831244078.00, 6564, -600136, 48 
1719831244100.00, 6872, -599991, 49 
1719831244122.00, 7181, -599846, 49 
1719831244143.00, 7435, -599695, 48 
1719831244164.00, 7301, -599541, 16 
1719831244186.00, 5099, -599394, -52 
1719831244207.00, 2940, -599282, -84 
1719831244229.00, 1605, -599218, -88 
1719831244250.00, 790, -599185, -125 
1719831244272.00, 349, -599169, -166 
1719831244295.00, 36, -599163, -175 
1719831244314.00, 0, -599163, -222 
1719831244336.00, 55, -599166, -259 
1719831244357.00, 0, -599166, -286 
1719831244379.00, -66, -599167, -294 
1719831244401.00, -24, -599167, -313 
1719831244422.00, 0, -599169, -335 
1719831244443.00, 0, -599171, -361 
1719831244464.00, 0, -599172, -390 
1719831244485.00, 0, -599173, -422 
1719831244512.00, -3, -599174, -438 
1719831244528.00, 0, -599174, -416 
1719831244550.00, 0, -599172, -398 
1719831244571.00, -1, -599170, -347 
1719831244592.00, 64, -599165, -222 
1719831244614.00, 290, -599155, -64 
1719831244635.00, 367, -599143, 57 
1719831244657.00, 3872, -599122, 157 
1719831244678.00, 11961, -599028, 272 
1719831244700.00, 23423, -598772, 377 
1719831244721.00, 36406, -598265, 448 
1719831244743.00, 48660, -597482, 447 
1719831244765.00, 55734, -596424, 565 
1719831244786.00, 67294, -595230, 515 
1719831244807.00, 71018, -593766, 529 
1719831244830.00, 73852, -592234, 573 
1719831244851.00, 78329, -590621, 539 
1719831244872.00, 78898, -588927, 600 
1719831244895.00, 82948, -587212, 609 
1719831244916.00, 85681, -585423, 636 
1719831244938.00, 88894, -583556, 665 
1719831244960.00, 92453, -581635, 702 
1719831244981.00, 96670, -579621, 714 
1719831245003.00, 99920, -577523, 709 
1719831245024.00, 101676, -575360, 741 
1719831245046.00, 104582, -573142, 783 
1719831245068.00, 108698, -570860, 809 
1719831245089.00, 112591, -568499, 844 
1719831245112.00, 117134, -566038, 890 
1719831245133.00, 122527, -563481, 933 
1719831245154.00, 128143, -560804, 969 
1719831245175.00, 133607, -558006, 1010 
1719831245197.00, 139258, -555088, 1048 
1719831245219.00, 144992, -552033, 1072 
1719831245241.00, 149587, -548863, 1107 
1719831245263.00, 154478, -545575, 1135 
1719831245284.00, 158979, -542197, 1160 
1719831245306.00, 163107, -538710, 1199 
1719831245328.00, 167812, -535138, 1242 
1719831245350.00, 173222, -531470, 1258 
1719831245372.00, 174952, -527675, 1258 
1719831245393.00, 174664, -523857, 1290 
1719831245415.00, 174723, -520036, 1309 
1719831245437.00, 174680, -516227, 1344 
1719831245459.00, 174398, -512398, 1335 
1719831245480.00, 174529, -508572, 1344 
1719831245502.00, 174533, -504762, 1365 
1719831245524.00, 174610, -500947, 1399 
1719831245546.00, 174704, -497140, 1410 
1719831245567.00, 174750, -493319, 1411 
1719831245590.00, 174847, -489505, 1449 
1719831245612.00, 174832, -485686, 1451 
1719831245633.00, 174605, -481861, 1469 
1719831245655.00, 174622, -478042, 1465 
1719831245677.00, 174743, -474230, 1479 
1719831245698.00, 174812, -470413, 1509 
1719831245721.00, 174873, -466596, 1555 
1719831245742.00, 174855, -462780, 1569 
1719831245764.00, 174508, -458960, 1560 
1719831245785.00, 174451, -455148, 1514 
1719831245808.00, 174461, -451340, 1494 
1719831245830.00, 174319, -447524, 1451 
1719831245851.00, 174369, -443713, 1380 
1719831245873.00, 174324, -439917, 1288 
1719831245895.00, 174287, -436102, 1180 
1719831245917.00, 170271, -432307, 1068 
1719831245939.00, 94101, -428613, 984 
1719831245961.00, 50218, -426544, 914 
1719831245983.00, 24990, -425453, 1006 
1719831246005.00, 10746, -424893, 1024 
1719831246027.00, 2307, -424653, 979 
1719831246048.00, -1933, -424605, 832 
1719831246069.00, -5432, -424636, 722 
1719831246090.00, -7419, -424757, 476 
1719831246112.00, -8104, -424927, 242 
1719831246134.00, -8478, -425117, 77 
1719831246155.00, -8482, -425317, -85 
1719831246176.00, -13300, -425518, -260 
1719831246198.00, -27366, -425810, -361 
1719831246220.00, -41097, -426396, -626 
1719831246242.00, -65330, -427276, -610 
1719831246263.00, -78726, -428687, -683 
1719831246285.00, -90808, -430395, -753 
1719831246307.00, -102149, -432362, -788 
1719831246328.00, -110824, -434600, -804 
1719831246350.00, -116841, -437020, -830 
1719831246372.00, -121637, -439563, -925 
1719831246394.00, -130383, -442226, -909 
1719831246415.00, -134097, -445067, -898 
1719831246437.00, -135751, -447979, -925 
1719831246459.00, -138103, -450949, -948 
1719831246488.00, -140740, -453951, -937 
1719831246502.00, -141663, -457004, -948 
1719831246523.00, -142592, -460094, -968 
1719831246545.00, -144458, -463194, -991 
1719831246567.00, -146782, -466336, -999 
1719831246588.00, -148548, -469538, -1020 
1719831246610.00, -150847, -472773, -1030 
1719831246632.00, -152630, -476071, -1020 
1719831246654.00, -152814, -479402, -1044 
1719831246675.00, -154293, -482744, -1063 
1719831246704.00, -156157, -486121, -1049 
1719831246718.00, -156288, -489524, -1060 
1719831246741.00, -156977, -492959, -1062 
1719831246762.00, -157372, -496379, -1069 
1719831246784.00, -157517, -499828, -1076 
1719831246806.00, -158358, -503282, -1082 
1719831246828.00, -159114, -506739, -1060 
1719831246850.00, -158106, -510220, -1046 
1719831246871.00, -156409, -513660, -1046 
1719831246893.00, -155594, -517101, -1047 
1719831246918.00, -155027, -520488, -1035 
1719831246937.00, -153796, -523875, -1066 
1719831246959.00, -154918, -527245, -1069 
1719831246980.00, -155671, -530612, -1079 
1719831247002.00, -156667, -534022, -1105 
1719831247024.00, -158951, -537446, -1134 
1719831247046.00, -162052, -540928, -1142 
1719831247067.00, -164162, -544467, -1161 
1719831247089.00, -166572, -548040, -1175 
1719831247111.00, -168671, -551692, -1164 
1719831247138.00, -169034, -555377, -1152 
1719831247155.00, -168375, -559073, -1171 
1719831247177.00, -169225, -562742, -1157 
1719831247198.00, -168923, -566442, -1157 
1719831247221.00, -168692, -570124, -1162 
1719831247243.00, -168746, -573800, -1141 
1719831247264.00, -167103, -577481, -1092 
1719831247286.00, -163392, -581130, -1060 
1719831247308.00, -159000, -584704, -1005 
1719831247331.00, -152969, -588159, -946 
1719831247354.00, -145851, -591478, -884 
1719831247374.00, -137824, -594639, -806 
1719831247395.00, -78694, -597611, -716 
1719831247417.00, -43976, -599321, -677 
1719831247439.00, -23512, -600273, -531 
1719831247465.00, -11849, -600796, -343 
1719831247482.00, -4911, -601051, -178 
1719831247504.00, -281, -601142, 46 
1719831247525.00, 4111, -601131, 411 
1719831247547.00, 28796, -601039, 653 
1719831247569.00, 58485, -600451, 516 
1719831247589.00, 67637, -599209, 647 
1719831247611.00, 81032, -597736, 670 
1719831247633.00, 89935, -595982, 679 
1719831247655.00, 95694, -594034, 676 
1719831247677.00, 98808, -591966, 687 
1719831247698.00, 101192, -589808, 720 
1719831247720.00, 104818, -587606, 719 
1719831247742.00, 106773, -585339, 743 
1719831247764.00, 109184, -583006, 767 
1719831247785.00, 111865, -580624, 792 
1719831247806.00, 115023, -578190, 821 
1719831247828.00, 118531, -575700, 836 
1719831247850.00, 121327, -573104, 873 
1719831247872.00, 124975, -570460, 907 
1719831247894.00, 129494, -567732, 925 
1719831247917.00, 132979, -564916, 952 
1719831247936.00, 136618, -562026, 1015 
1719831247957.00, 142363, -559038, 1031 
1719831247979.00, 146875, -555924, 1060 
1719831248001.00, 150958, -552703, 1118 
1719831248023.00, 156907, -549394, 1129 
1719831248045.00, 161098, -545956, 1164 
1719831248067.00, 165851, -542434, 1212 
1719831248089.00, 171450, -538812, 1242 
1719831248111.00, 175036, -535061, 1281 
1719831248132.00, 174848, -531224, 1308 
1719831248154.00, 174846, -527399, 1340 
1719831248176.00, 174861, -523586, 1387 
1719831248198.00, 174862, -519778, 1452 
1719831248219.00, 174874, -515945, 1470 
1719831248241.00, 175002, -512130, 1470 
1719831248263.00, 174697, -508311, 1491 
1719831248285.00, 174603, -504490, 1497 
1719831248307.00, 174868, -500675, 1498 
1719831248328.00, 174778, -496858, 1504 
1719831248350.00, 174977, -493046, 1513 
1719831248372.00, 174857, -489219, 1521 
1719831248394.00, 174732, -485406, 1498 
1719831248416.00, 174729, -481582, 1520 
1719831248438.00, 174769, -477778, 1516 
1719831248459.00, 174894, -473955, 1544 
1719831248481.00, 174638, -470129, 1565 
1719831248503.00, 174733, -466314, 1578 
1719831248525.00, 174664, -462490, 1554 
1719831248547.00, 174557, -458692, 1493 
1719831248568.00, 174607, -454884, 1430 
1719831248590.00, 174670, -451067, 1363 
1719831248612.00, 174867, -447250, 1326 
1719831248634.00, 174654, -443441, 1269 
1719831248656.00, 174583, -439637, 1188 
1719831248677.00, 174589, -435824, 1102 
1719831248699.00, 169278, -432014, 1025 
1719831248722.00, 97291, -428360, 934 
1719831248743.00, 55646, -426228, 938 
1719831248765.00, 31555, -425027, 872 
1719831248787.00, 17700, -424330, 791 
1719831248808.00, 9183, -423951, 594 
1719831248830.00, 4117, -423759, 274 
1719831248852.00, 1179, -423698, -65 
1719831248873.00, -4235, -423692, -317 
1719831248895.00, -22231, -423788, -646 
1719831248917.00, -52752, -424256, -770 
1719831248938.00, -78717, -425370, -808 
1719831248959.00, -96360, -427079, -909 
1719831248982.00, -112700, -429183, -922 
1719831249003.00, -123081, -431636, -961 
1719831249025.00, -131516, -434333, -983 
1719831249047.00, -137700, -437199, -996 
1719831249067.00, -142038, -440190, -1036 
1719831249089.00, -146855, -443318, -1077 
1719831249111.00, -152238, -446527, -1110 
1719831249133.00, -157300, -449852, -1105 
1719831249154.00, -159947, -453299, -1118 
1719831249176.00, -162155, -456777, -1121 
1719831249197.00, -163512, -460337, -1136 
1719831249220.00, -164979, -463908, -1134 
1719831249242.00, -165843, -467524, -1110 
1719831249263.00, -164704, -471145, -1111 
1719831249285.00, -164072, -474742, -1093 
1719831249307.00, -162513, -478326, -1091 
1719831249333.00, -161493, -481857, -1119 
1719831249351.00, -162501, -485394, -1120 
1719831249372.00, -163219, -488942, -1126 
1719831249395.00, -163761, -492514, -1163 
1719831249415.00, -166281, -496086, -1185 
1719831249438.00, -168900, -499732, -1189 
1719831249460.00, -170662, -503435, -1215 
1719831249481.00, -173154, -507161, -1262 
1719831249504.00, -174797, -510946, -1268 
1719831249525.00, -174986, -514751, -1310 
1719831249547.00, -174892, -518587, -1355 
1719831249569.00, -174634, -522404, -1379 
1719831249591.00, -174562, -526228, -1371 
1719831249612.00, -174567, -530040, -1374 
1719831249634.00, -174769, -533858, -1347 
1719831249656.00, -174924, -537673, -1341 
1719831249678.00, -174721, -541486, -1381 
1719831249700.00, -174570, -545294, -1343 
1719831249722.00, -174475, -549126, -1285 
1719831249743.00, -174415, -552937, -1276 
1719831249766.00, -174576, -556753, -1283 
1719831249786.00, -174734, -560551, -1272 
1719831249809.00, -174475, -564354, -1263 
1719831249831.00, -174416, -568181, -1251 
1719831249852.00, -174496, -571987, -1194 
1719831249875.00, -171223, -575803, -1144 
1719831249896.00, -166536, -579521, -1116 
1719831249918.00, -161897, -583154, -1067 
1719831249941.00, -156119, -586674, -997 
1719831249962.00, -148515, -590061, -912 
1719831249984.00, -138629, -593267, -741 
1719831250005.00, -76686, -596238, -551 
1719831250027.00, -39947, -597907, -404 
1719831250049.00, -18848, -598789, -233 
1719831250070.00, -6523, -599200, -2 
1719831250092.00, 54, -599344, 110 
1719831250113.00, 10214, -599340, 336 
1719831250135.00, 29849, -599119, 503 
1719831250156.00, 52116, -598496, 534 
1719831250178.00, 66967, -597382, 613 
1719831250200.00, 80149, -595932, 677 
1719831250222.00, 91804, -594188, 687 
1719831250243.00, 99157, -592204, 747 
1719831250265.00, 106889, -590044, 800 
1719831250286.00, 114630, -587711, 828 
1719831250312.00, 120697, -585212, 855 
1719831250330.00, 125949, -582581, 879 
1719831250352.00, 130194, -579836, 899 
1719831250374.00, 133937, -576987, 913 
1719831250395.00, 136701, -574076, 942 
1719831250418.00, 139826, -571101, 973 
1719831250439.00, 143636, -568049, 997 
1719831250459.00, 147128, -564915, 1016 
1719831250481.00, 150352, -561705, 1038 
1719831250503.00, 153386, -558420, 1060 
1719831250525.00, 156335, -555072, 1087 
1719831250547.00, 159638, -551637, 1097 
1719831250568.00, 162125, -548147, 1148 
1719831250590.00, 166247, -544601, 1168 
1719831250612.00, 170083, -540956, 1203 
1719831250636.00, 174211, -537231, 1235 
1719831250655.00, 174824, -533435, 1255 
1719831250677.00, 174856, -529605, 1307 
1719831250699.00, 174881, -525786, 1328 
1719831250721.00, 174688, -521968, 1356 
1719831250742.00, 174726, -518139, 1416 
1719831250765.00, 174698, -514326, 1418 
1719831250787.00, 174674, -510511, 1448 
1719831250808.00, 174769, -506698, 1437 
1719831250830.00, 174770, -502880, 1453 
1719831250854.00, 174734, -499049, 1474 
1719831250874.00, 174727, -495235, 1444 
1719831250895.00, 174578, -491416, 1383 
1719831250917.00, 174768, -487613, 1382 
1719831250939.00, 174829, -483793, 1367 
1719831250966.00, 174533, -479971, 1421 
1719831250983.00, 174695, -476150, 1430 
1719831251004.00, 174649, -472338, 1447 
1719831251026.00, 174742, -468517, 1433 
1719831251048.00, 174579, -464693, 1399 
1719831251077.00, 174557, -460895, 1363 
1719831251091.00, 174738, -457077, 1324 
1719831251114.00, 174648, -453262, 1261 
1719831251135.00, 174581, -449447, 1194 
1719831251157.00, 174483, -445638, 1114 
1719831251183.00, 171169, -441829, 1047 
1719831251201.00, 165171, -438098, 1007 
1719831251223.00, 159145, -434507, 915 
1719831251245.00, 149596, -431063, 802 
1719831251267.00, 87252, -427842, 616 
1719831251290.00, 50612, -425955, 468 
1719831251310.00, 29197, -424874, 237 
1719831251332.00, 16862, -424230, 49 
1719831251353.00, 9557, -423863, -43 
1719831251375.00, 1834, -423670, -330 
1719831251400.00, -18432, -423643, -752 
1719831251419.00, -56209, -424018, -800 
1719831251440.00, -81973, -425201, -885 
1719831251462.00, -102159, -426981, -937 
1719831251484.00, -117111, -429214, -960 
1719831251510.00, -127473, -431773, -960 
1719831251526.00, -133446, -434566, -999 
1719831251547.00, -139316, -437471, -1034 
1719831251569.00, -144738, -440506, -1063 
1719831251591.00, -149802, -443690, -1118 
1719831251616.00, -155749, -446967, -1144 
1719831251635.00, -160799, -450368, -1167 
1719831251656.00, -165224, -453894, -1171 
1719831251678.00, -167790, -457498, -1183 
1719831251700.00, -169941, -461176, -1209 
1719831251721.00, -172824, -464889, -1226 
1719831251744.00, -174803, -468676, -1229 
1719831251766.00, -174725, -472480, -1237 
1719831251787.00, -174792, -476315, -1244 
1719831251809.00, -174305, -480118, -1244 
1719831251831.00, -174747, -483942, -1233 
1719831251852.00, -174605, -487761, -1234 
1719831251875.00, -174787, -491575, -1264 
1719831251897.00, -174810, -495381, -1259 
1719831251918.00, -174790, -499204, -1261 
1719831251941.00, -174632, -503033, -1276 
1719831251961.00, -174498, -506842, -1251 
1719831251984.00, -174679, -510660, -1239 
1719831252006.00, -174833, -514457, -1245 
1719831252028.00, -174892, -518292, -1277 
1719831252052.00, -174639, -522099, -1282 
1719831252071.00, -174719, -525932, -1275 
1719831252093.00, -174656, -529741, -1277 
1719831252115.00, -174574, -533571, -1274 
1719831252136.00, -174658, -537374, -1291 
1719831252158.00, -174807, -541189, -1293 
1719831252180.00, -174597, -545005, -1286 
1719831252202.00, -174511, -548831, -1267 
1719831252224.00, -174550, -552646, -1244 
1719831252246.00, -174365, -556450, -1241 
1719831252267.00, -174153, -560264, -1239 
1719831252289.00, -173939, -564061, -1203 
1719831252310.00, -171525, -567864, -1173 
1719831252332.00, -168181, -571589, -1130 
1719831252401.00, -163685, -575274, -1079 
1719831252401.00, -157866, -578827, -1026 
1719831252402.00, -151214, -582276, -993 
1719831252421.00, -145474, -585558, -924 
1719831252443.00, -137946, -588706, -873 
1719831252464.00, -130099, -591691, -783 
1719831252486.00, -120231, -594496, -637 
1719831252508.00, -66330, -597062, -471 
1719831252530.00, -34596, -598518, -359 
1719831252551.00, -16137, -599269, -192 
1719831252572.00, -5234, -599623, -50 
1719831252594.00, 621, -599727, 88 
1719831252616.00, 9531, -599708, 397 
1719831252637.00, 32655, -599499, 563 
1719831252659.00, 57605, -598827, 481 
1719831252680.00, 67181, -597591, 589 
1719831252702.00, 78904, -596140, 677 
1719831252724.00, 91026, -594425, 702 
1719831252745.00, 99613, -592450, 765 
1719831252766.00, 108351, -590274, 811 
1719831252789.00, 116153, -587921, 833 
1719831252810.00, 121873, -585385, 874 
1719831252833.00, 127710, -582727, 896 
1719831252853.00, 132301, -579946, 905 
1719831252876.00, 135423, -577058, 940 
1719831252897.00, 139216, -574104, 970 
1719831252918.00, 143109, -571068, 979 
1719831252939.00, 145929, -567953, 1001 
1719831252961.00, 148683, -564761, 1042 
1719831252983.00, 152673, -561508, 1070 
1719831253004.00, 156705, -558163, 1082 
1719831253027.00, 159542, -554742, 1097 
1719831253049.00, 162165, -551251, 1140 
1719831253070.00, 166137, -547692, 1169 
1719831253092.00, 170186, -544067, 1180 
1719831253114.00, 173074, -540347, 1204 
1719831253135.00, 174911, -536561, 1216 
1719831253158.00, 174798, -532738, 1266 
1719831253179.00, 174785, -528916, 1294 
1719831253201.00, 174905, -525090, 1304 
1719831253223.00, 174714, -521273, 1343 
1719831253245.00, 174745, -517455, 1393 
1719831253268.00, 174860, -513646, 1391 
1719831253289.00, 174887, -509832, 1412 
1719831253310.00, 174927, -506001, 1446 
1719831253332.00, 174768, -502185, 1471 
1719831253354.00, 174687, -498366, 1462 
1719831253376.00, 174748, -494552, 1449 
1719831253398.00, 174744, -490729, 1486 
1719831253420.00, 174845, -486917, 1504 
1719831253441.00, 174648, -483090, 1426 
1719831253462.00, 174682, -479275, 1405 
1719831253485.00, 174632, -475461, 1384 
1719831253506.00, 174589, -471638, 1391 
1719831253528.00, 174645, -467837, 1346 
1719831253550.00, 174688, -464020, 1339 
1719831253572.00, 174850, -460198, 1289 
1719831253594.00, 174719, -456387, 1281 
1719831253616.00, 174580, -452563, 1273 
1719831253638.00, 174504, -448754, 1230 
1719831253659.00, 173403, -444946, 1159 
1719831253681.00, 168599, -441160, 1101 
1719831253703.00, 161947, -437496, 1004 
1719831253726.00, 152437, -433962, 877 
1719831253748.00, 138652, -430673, 750 
1719831253769.00, 76370, -427699, 542 
1719831253791.00, 40100, -426044, 376 
1719831253813.00, 18790, -425181, 162 
1719831253834.00, 6782, -424768, -49 
1719831253855.00, -2344, -424619, -176 
1719831253878.00, -15803, -424669, -294 
1719831253901.00, -30779, -425039, -755 
1719831253921.00, -67601, -425699, -836 
1719831253942.00, -94449, -427137, -870 
1719831253964.00, -112219, -429197, -929 
1719831253986.00, -125947, -431654, -944 
1719831254008.00, -134818, -434410, -957 
1719831254028.00, -140851, -437347, -981 
1719831254051.00, -145678, -440405, -994 
1719831254072.00, -149139, -443591, -1015 
1719831254093.00, -152361, -446855, -1059 
1719831254115.00, -156569, -450172, -1073 
1719831254140.00, -159807, -453612, -1073 
1719831254159.00, -161596, -457095, -1085 
1719831254180.00, -163349, -460640, -1097 
1719831254202.00, -164795, -464197, -1100 
1719831254223.00, -165775, -467819, -1095 
1719831254246.00, -165761, -471427, -1121 
1719831254267.00, -167460, -475053, -1106 
1719831254289.00, -167382, -478698, -1110 
1719831254311.00, -167505, -482350, -1131 
1719831254333.00, -168577, -486014, -1158 
1719831254355.00, -170701, -489694, -1145 
1719831254377.00, -171102, -493441, -1146 
1719831254399.00, -171248, -497178, -1147 
1719831254420.00, -171422, -500919, -1175 
1719831254442.00, -173044, -504661, -1227 
1719831254465.00, -174874, -508451, -1249 
1719831254486.00, -174802, -512265, -1252 
1719831254508.00, -174805, -516085, -1250 
1719831254529.00, -174690, -519908, -1240 
1719831254551.00, -174630, -523718, -1240 
1719831254576.00, -174932, -527539, -1258 
1719831254595.00, -174818, -531344, -1288 
1719831254617.00, -174530, -535167, -1281 
1719831254639.00, -174896, -538974, -1274 
1719831254660.00, -174646, -542812, -1262 
1719831254687.00, -174735, -546612, -1250 
1719831254704.00, -174909, -550441, -1265 
1719831254726.00, -174911, -554244, -1290 
1719831254748.00, -174775, -558063, -1253 
1719831254770.00, -174566, -561882, -1224 
1719831254793.00, -174683, -565703, -1216 
1719831254813.00, -174823, -569521, -1181 
1719831254834.00, -174679, -573317, -1150 
1719831254857.00, -173206, -577134, -1129 
1719831254878.00, -170728, -580910, -1085 
1719831254904.00, -166291, -584634, -1009 
1719831254924.00, -159138, -588252, -911 
1719831254944.00, -148835, -591707, -843 
1719831254967.00, -138281, -594925, -753 
1719831254988.00, -80042, -597900, -600 
1719831255012.00, -45637, -599637, -491 
1719831255032.00, -25613, -600628, -312 
1719831255053.00, -14080, -601195, -122 
1719831255074.00, -7390, -601495, 74 
1719831255096.00, 203, -601645, 246 
1719831255123.00, 15324, -601640, 405 
1719831255139.00, 34366, -601319, 498 
1719831255160.00, 51134, -600595, 530 
1719831255183.00, 62859, -599497, 595 
1719831255204.00, 73911, -598133, 629 
1719831255229.00, 82296, -596524, 644 
1719831255248.00, 88185, -594741, 672 
1719831255269.00, 93177, -592826, 709 
1719831255290.00, 98383, -590806, 704 
1719831255312.00, 101135, -588678, 736 
1719831255334.00, 104431, -586464, 752 
1719831255356.00, 107379, -584187, 727 
1719831255377.00, 107691, -581862, 768 
1719831255400.00, 110171, -579510, 804 
1719831255421.00, 113650, -577108, 786 
1719831255445.00, 114769, -574633, 815 
1719831255465.00, 116993, -572142, 842 
1719831255486.00, 119857, -569588, 860 
1719831255508.00, 122694, -566967, 849 
1719831255529.00, 123686, -564300, 871 
1719831255551.00, 125586, -561611, 904 
1719831255573.00, 128497, -558886, 929 
1719831255595.00, 131702, -556087, 936 
1719831255617.00, 133953, -553217, 956 
1719831255638.00, 136590, -550291, 980 
1719831255660.00, 139211, -547309, 1052 
1719831255680.00, 145023, -544258, 1035 
1719831255703.00, 147766, -541086, 1077 
1719831255724.00, 151518, -537854, 1111 
1719831255746.00, 156014, -534535, 1134 
1719831255767.00, 159903, -531122, 1180 
1719831255789.00, 164830, -527617, 1200 
1719831255812.00, 168984, -524012, 1223 
1719831255834.00, 172785, -520317, 1252 
1719831255855.00, 174800, -516535, 1284 
1719831255877.00, 174687, -512720, 1310 
1719831255898.00, 174998, -508888, 1344 
1719831255920.00, 174727, -505071, 1376 
1719831255942.00, 174597, -501246, 1404 
1719831255964.00, 174657, -497433, 1429 
1719831255986.00, 174877, -493623, 1450 
1719831256007.00, 174838, -489806, 1469 
1719831256029.00, 174783, -485971, 1496 
1719831256052.00, 174722, -482153, 1514 
1719831256073.00, 174643, -478338, 1502 
1719831256095.00, 174626, -474530, 1490 
1719831256117.00, 174740, -470706, 1510 
1719831256138.00, 174755, -466888, 1517 
1719831256160.00, 174622, -463068, 1506 
1719831256182.00, 174636, -459249, 1489 
1719831256204.00, 174574, -455450, 1448 
1719831256226.00, 174567, -451631, 1409 
1719831256248.00, 174596, -447827, 1347 
1719831256270.00, 174870, -444014, 1254 
1719831256291.00, 174624, -440209, 1207 
1719831256313.00, 171876, -436394, 1099 
1719831256336.00, 163906, -432647, 933 
1719831256358.00, 149093, -429101, 852 
1719831256380.00, 82288, -425886, 752 
1719831256401.00, 43535, -424095, 773 
1719831256423.00, 21011, -423151, 575 
1719831256444.00, 7879, -422690, 325 
1719831256466.00, -1, -422532, 94 
1719831256487.00, -4585, -422545, -287 
1719831256509.00, -19688, -422656, -671 
1719831256530.00, -52215, -423075, -799 
1719831256552.00, -79138, -424175, -955 
1719831256574.00, -104630, -425904, -981 
1719831256594.00, -121278, -428197, -1006 
1719831256616.00, -132598, -430858, -1043 
1719831256638.00, -141480, -433767, -1059 
1719831256660.00, -147449, -436870, -1109 
1719831256681.00, -154015, -440091, -1113 
1719831256703.00, -158188, -443476, -1113 
1719831256725.00, -160430, -446928, -1141 
1719831256746.00, -163298, -450442, -1169 
1719831256769.00, -166651, -454021, -1183 
1719831256790.00, -169332, -457659, -1184 
1719831256812.00, -171005, -461368, -1206 
1719831256834.00, -173160, -465095, -1238 
1719831256856.00, -174781, -468884, -1241 
1719831256877.00, -174898, -472700, -1225 
1719831256899.00, -174780, -476514, -1244 
1719831256921.00, -174717, -480336, -1247 
1719831256943.00, -174697, -484160, -1235 
1719831256965.00, -174729, -487969, -1259 
1719831256987.00, -175031, -491792, -1281 
1719831257009.00, -174653, -495600, -1276 
1719831257030.00, -174752, -499412, -1280 
1719831257052.00, -174673, -503244, -1285 
1719831257074.00, -174610, -507054, -1286 
1719831257096.00, -174770, -510870, -1287 
1719831257117.00, -174897, -514678, -1300 
1719831257140.00, -174861, -518494, -1322 
1719831257161.00, -174676, -522312, -1312 
1719831257183.00, -174745, -526152, -1317 
1719831257206.00, -174464, -529950, -1319 
1719831257227.00, -174584, -533777, -1303 
1719831257248.00, -174762, -537582, -1316 
1719831257270.00, -174898, -541398, -1317 
1719831257292.00, -174669, -545220, -1315 
1719831257314.00, -174578, -549045, -1312 
1719831257336.00, -174660, -552862, -1298 
1719831257357.00, -174808, -556668, -1286 
1719831257379.00, -174764, -560487, -1281 
1719831257401.00, -174518, -564291, -1255 
1719831257423.00, -174533, -568125, -1222 
1719831257444.00, -174446, -571917, -1197 
1719831257467.00, -174351, -575742, -1174 
1719831257488.00, -173079, -579539, -1122 
1719831257510.00, -169133, -583327, -1075 
1719831257532.00, -163690, -586994, -1008 
1719831257555.00, -155954, -590553, -926 
1719831257577.00, -146481, -593943, -780 
1719831257598.00, -83543, -597090, -641 
1719831257620.00, -46608, -598922, -557 
1719831257642.00, -25143, -599926, -328 
1719831257663.00, -12705, -600483, -132 
1719831257684.00, -5656, -600754, 59 
1719831257706.00, 1147, -600863, 262 
1719831257728.00, 17609, -600831, 502 
1719831257750.00, 42615, -600458, 602 
1719831257771.00, 63124, -599566, 649 
1719831257793.00, 78335, -598200, 706 
1719831257815.00, 90534, -596499, 757 
1719831257836.00, 100700, -594537, 777 
1719831257857.00, 107788, -592346, 807 
1719831257880.00, 113700, -589983, 802 
1719831257902.00, 116728, -587511, 821 
1719831257923.00, 119724, -584962, 865 
1719831257945.00, 124014, -582353, 873 
1719831257967.00, 126888, -579661, 881 
1719831257987.00, 129197, -576885, 904 
1719831258010.00, 131677, -574078, 919 
1719831258032.00, 133973, -571213, 932 
1719831258053.00, 136048, -568292, 971 
1719831258075.00, 139423, -565328, 981 
1719831258096.00, 142173, -562293, 1015 
1719831258117.00, 145491, -559185, 1041 
1719831258139.00, 149181, -556004, 1053 
1719831258161.00, 151895, -552744, 1067 
1719831258183.00, 154330, -549413, 1096 
1719831258205.00, 157476, -546036, 1131 
1719831258227.00, 161195, -542593, 1158 
1719831258249.00, 165147, -539060, 1185 
1719831258270.00, 168893, -535442, 1214 
1719831258293.00, 172602, -531751, 1241 
1719831258314.00, 174812, -527964, 1262 
1719831258336.00, 174614, -524144, 1293 
1719831258357.00, 174657, -520322, 1305 
1719831258379.00, 174681, -516507, 1330 
1719831258401.00, 174833, -512687, 1352 
1719831258423.00, 174968, -508868, 1355 
1719831258444.00, 174710, -505054, 1364 
1719831258467.00, 174658, -501229, 1379 
1719831258488.00, 174620, -497409, 1400 
1719831258514.00, 174858, -493599, 1405 
1719831258531.00, 174772, -489782, 1412 
1719831258553.00, 174824, -485957, 1439 
1719831258576.00, 174729, -482133, 1439 
1719831258597.00, 174403, -478324, 1443 
1719831258620.00, 174674, -474507, 1424 
1719831258641.00, 174775, -470684, 1436 
1719831258663.00, 174793, -466875, 1439 
1719831258685.00, 174567, -463048, 1423 
1719831258706.00, 174732, -459237, 1386 
1719831258730.00, 174662, -455426, 1363 
1719831258750.00, 174568, -451615, 1327 
1719831258772.00, 174686, -447808, 1255 
1719831258793.00, 174834, -443988, 1188 
1719831258815.00, 174502, -440172, 1094 
1719831258838.00, 168474, -436380, 989 
1719831258860.00, 158307, -432724, 862 
1719831258881.00, 144594, -429290, 703 
1719831258904.00, 83113, -426183, 481 
1719831258925.00, 47265, -424393, 360 
1719831258948.00, 26132, -423378, 137 
1719831258969.00, 13543, -422827, -217 
1719831258990.00, -5551, -422549, -471 
1719831259012.00, -32752, -422663, -745 
1719831259033.00, -65736, -423337, -788 
1719831259058.00, -87711, -424750, -907 
1719831259077.00, -107820, -426657, -917 
1719831259098.00, -120370, -429027, -942 
1719831259119.00, -128953, -431657, -1000 
1719831259141.00, -137627, -434487, -1034 
1719831259165.00, -144787, -437507, -1048 
1719831259184.00, -149603, -440660, -1081 
1719831259207.00, -154447, -443947, -1100 
1719831259228.00, -158243, -447315, -1108 
1719831259249.00, -160991, -450790, -1121 
1719831259276.00, -163081, -454314, -1154 
1719831259294.00, -166380, -457878, -1170 
1719831259315.00, -169078, -461516, -1180 
1719831259337.00, -171172, -465197, -1188 
1719831259359.00, -172899, -468961, -1187 
1719831259386.00, -173978, -472729, -1202 
1719831259402.00, -174878, -476526, -1193 
1719831259424.00, -174764, -480351, -1205 
1719831259446.00, -174614, -484176, -1199 
1719831259468.00, -174752, -487981, -1208 
1719831259490.00, -174860, -491807, -1227 
1719831259511.00, -174635, -495623, -1236 
1719831259533.00, -174764, -499432, -1258 
1719831259555.00, -174710, -503266, -1278 
1719831259576.00, -174619, -507080, -1281 
1719831259600.00, -174797, -510903, -1303 
1719831259621.00, -174851, -514707, -1339 
1719831259643.00, -174853, -518530, -1327 
1719831259664.00, -174686, -522345, -1324 
1719831259686.00, -174600, -526168, -1320 
1719831259709.00, -174568, -529981, -1326 
1719831259729.00, -174573, -533801, -1313 
1719831259751.00, -174816, -537604, -1305 
1719831259773.00, -174772, -541430, -1297 
1719831259795.00, -174665, -545243, -1297 
1719831259818.00, -174635, -549079, -1291 
1719831259839.00, -174590, -552880, -1260 
1719831259861.00, -174879, -556687, -1238 
1719831259883.00, -174868, -560512, -1273 
1719831259904.00, -174458, -564313, -1279 
1719831259926.00, -174411, -568141, -1283 
1719831259948.00, -174553, -571943, -1210 
1719831259969.00, -174699, -575774, -1166 
1719831259991.00, -173192, -579576, -1124 
1719831260013.00, -169500, -583345, -1041 
1719831260039.00, -162175, -587021, -924 
1719831260058.00, -150651, -590542, -804 
1719831260079.00, -136494, -593793, -650 
1719831260102.00, -78291, -596717, -475 
1719831260123.00, -44231, -598422, -306 
1719831260145.00, -23920, -599368, -131 
1719831260167.00, -12282, -599883, 140 
1719831260188.00, 1831, -600150, 322 
1719831260209.00, 21764, -600112, 514 
1719831260231.00, 45526, -599656, 665 
1719831260253.00, 68654, -598707, 684 
1719831260274.00, 83470, -597216, 715 
1719831260296.00, 93927, -595416, 781 
1719831260317.00, 103875, -593363, 808 
1719831260339.00, 111379, -591092, 844 
1719831260361.00, 117870, -588682, 867 
1719831260382.00, 123068, -586100, 862 
1719831260404.00, 125677, -583418, 875 
1719831260427.00, 128175, -580675, 886 
1719831260448.00, 129942, -577885, 924 
1719831260470.00, 133308, -575064, 923 
1719831260491.00, 135046, -572170, 926 
1719831260513.00, 136221, -569221, 965 
1719831260534.00, 139150, -566248, 988 
1719831260557.00, 142242, -563222, 992 
1719831260577.00, 144446, -560124, 1012 
1719831260598.00, 146815, -556963, 1039 
1719831260621.00, 149716, -553764, 1060 
1719831260642.00, 152482, -550496, 1077 
1719831260664.00, 155005, -547158, 1101 
1719831260686.00, 157922, -543765, 1102 
1719831260708.00, 159737, -540310, 1126 
1719831260731.00, 162146, -536826, 1149 
1719831260752.00, 164870, -533273, 1170 
1719831260773.00, 167600, -529671, 1205 
1719831260795.00, 171418, -526004, 1238 
1719831260817.00, 174919, -522258, 1258 
1719831260839.00, 174801, -518428, 1277 
1719831260861.00, 174855, -514603, 1273 
1719831260883.00, 174550, -510781, 1301 
1719831260904.00, 174674, -506969, 1327 
1719831260926.00, 174789, -503155, 1329 
1719831260948.00, 174682, -499332, 1331 
1719831260970.00, 174702, -495512, 1354 
1719831260992.00, 174729, -491698, 1377 
1719831261013.00, 174708, -487878, 1371 
1719831261035.00, 174764, -484065, 1336 
1719831261057.00, 174788, -480242, 1368 
1719831261079.00, 174878, -476429, 1384 
1719831261100.00, 174639, -472610, 1363 
1719831261122.00, 174533, -468793, 1344 
1719831261144.00, 174664, -464975, 1376 
1719831261166.00, 174764, -461162, 1360 
1719831261188.00, 174927, -457348, 1338 
1719831261210.00, 174719, -453517, 1342 
1719831261232.00, 174561, -449706, 1302 
1719831261253.00, 174425, -445904, 1206 
1719831261275.00, 171949, -442090, 1144 
1719831261297.00, 166622, -438345, 1093 
1719831261320.00, 160264, -434718, 974 
1719831261342.00, 149525, -431256, 790 
1719831261363.00, 82583, -428038, 590 
1719831261385.00, 43875, -426231, 524 
1719831261407.00, 21340, -425290, 364 
1719831261428.00, 8102, -424831, 135 
1719831261449.00, 313, -424660, -66 
1719831261471.00, -8028, -424656, -309 
1719831261492.00, -27171, -424843, -709 
1719831261514.00, -62691, -425412, -756 
1719831261536.00, -86585, -426739, -841 
1719831261558.00, -105776, -428627, -878 
1719831261579.00, -119159, -430939, -902 
1719831261601.00, -128206, -433539, -936 
1719831261623.00, -135569, -436347, -970 
1719831261644.00, -141776, -439301, -989 
1719831261665.00, -146454, -442409, -1004 
1719831261687.00, -150003, -445605, -1024 
1719831261708.00, -153028, -448878, -1058 
1719831261731.00, -156766, -452245, -1074 
1719831261753.00, -159889, -455668, -1102 
1719831261774.00, -163344, -459174, -1123 
1719831261795.00, -166564, -462728, -1141 
1719831261818.00, -169450, -466366, -1167 
1719831261840.00, -172527, -470085, -1180 
1719831261861.00, -174928, -473848, -1192 
1719831261882.00, -174710, -477681, -1218 
1719831261905.00, -174853, -481478, -1252 
1719831261927.00, -174899, -485309, -1262 
1719831261948.00, -174732, -489109, -1272 
1719831261970.00, -174783, -492944, -1272 
1719831261992.00, -174664, -496751, -1263 
1719831262015.00, -174591, -500574, -1287 
1719831262035.00, -174693, -504391, -1280 
1719831262058.00, -174952, -508205, -1275 
1719831262091.00, -174908, -512020, -1303 
1719831262101.00, -174660, -515839, -1292 
1719831262123.00, -174720, -519665, -1282 
1719831262144.00, -174635, -523475, -1274 
1719831262166.00, -174577, -527301, -1314 
1719831262188.00, -174746, -531099, -1327 
1719831262210.00, -174852, -534931, -1354 
1719831262232.00, -174627, -538729, -1357 
1719831262254.00, -174505, -542569, -1321 
1719831262275.00, -174569, -546369, -1308 
1719831262297.00, -174774, -550204, -1339 
1719831262319.00, -174713, -553994, -1341 
1719831262341.00, -174560, -557821, -1291 
1719831262362.00, -174368, -561631, -1284 
1719831262385.00, -174266, -565457, -1252 
1719831262406.00, -174354, -569265, -1203 
1719831262428.00, -171880, -573058, -1157 
1719831262450.00, -167676, -576803, -1127 
1719831262472.00, -163154, -580448, -1081 
1719831262495.00, -157504, -584008, -981 
1719831262516.00, -148140, -587425, -878 
1719831262539.00, -136393, -590631, -808 
1719831262560.00, -125212, -593587, -710 
1719831262582.00, -69041, -596264, -568 
1719831262603.00, -36012, -597780, -444 
1719831262625.00, -16689, -598572, -282 
1719831262647.00, -5399, -598939, -100 
1719831262668.00, 427, -599052, 73 
1719831262689.00, 8349, -599042, 253 
1719831262711.00, 23828, -598853, 450 
1719831262733.00, 45278, -598345, 611 
1719831262754.00, 67375, -597383, 654 
1719831262782.00, 83004, -595931, 710 
1719831262798.00, 95412, -594122, 745 
1719831262820.00, 104711, -592053, 796 
1719831262841.00, 113168, -589759, 815 
1719831262863.00, 119135, -587295, 820 
1719831262885.00, 122929, -584686, 834 
1719831262906.00, 125762, -582019, 857 
1719831262927.00, 128880, -579277, 872 
1719831262950.00, 131238, -576462, 891 
1719831262971.00, 133902, -573602, 916 
1719831262995.00, 136645, -570689, 949 
1719831263015.00, 140241, -567702, 956 
1719831263037.00, 142610, -564658, 973 
1719831263058.00, 145133, -561545, 996 
1719831263078.00, 147771, -558385, 1015 
1719831263110.00, 150503, -555161, 1036 
1719831263123.00, 153138, -551873, 1042 
1719831263144.00, 154876, -548516, 1067 
1719831263166.00, 157285, -545123, 1097 
1719831263188.00, 160525, -541695, 1124 
1719831263214.00, 163761, -538181, 1146 
1719831263232.00, 167105, -534596, 1183 
1719831263254.00, 171025, -530938, 1187 
1719831263275.00, 173462, -527194, 1217 
1719831263297.00, 174798, -523398, 1231 
1719831263319.00, 174877, -519589, 1246 
1719831263341.00, 174695, -515763, 1264 
1719831263362.00, 174854, -511938, 1285 
1719831263384.00, 174839, -508121, 1311 
1719831263406.00, 174536, -504308, 1329 
1719831263428.00, 174646, -500496, 1321 
1719831263449.00, 174796, -496678, 1338 
1719831263472.00, 174677, -492849, 1366 
1719831263493.00, 174678, -489033, 1370 
1719831263515.00, 174626, -485221, 1362 
1719831263537.00, 174742, -481396, 1369 
1719831263558.00, 174655, -477589, 1370 
1719831263581.00, 174760, -473770, 1335 
1719831263603.00, 174907, -469944, 1300 
1719831263624.00, 174752, -466128, 1288 
1719831263650.00, 174486, -462302, 1302 
1719831263668.00, 174372, -458501, 1281 
1719831263690.00, 174816, -454693, 1257 
1719831263712.00, 174716, -450871, 1216 
1719831263733.00, 174668, -447056, 1178 
1719831263757.00, 174699, -443247, 1107 
1719831263777.00, 170259, -439436, 1011 
1719831263800.00, 161865, -435728, 897 
1719831263821.00, 149607, -432233, 749 
1719831263843.00, 86678, -429003, 543 
1719831263865.00, 50348, -427129, 427 
1719831263887.00, 28926, -426053, 217 
1719831263908.00, 16227, -425443, -99 
1719831263930.00, 1995, -425097, -303 
1719831263952.00, -16800, -425053, -687 
1719831263973.00, -51731, -425399, -768 
1719831263995.00, -77458, -426476, -866 
1719831264016.00, -98654, -428177, -916 
1719831264038.00, -114185, -430310, -968 
1719831264060.00, -126325, -432808, -990 
1719831264085.00, -134887, -435585, -998 
1719831264103.00, -139984, -438520, -999 
1719831264124.00, -143238, -441577, -1011 
1719831264146.00, -145937, -444709, -1025 
1719831264168.00, -148286, -447887, -1043 
1719831264189.00, -150670, -451145, -1060 
1719831264210.00, -152948, -454435, -1077 
1719831264233.00, -155075, -457761, -1105 
1719831264255.00, -158129, -461165, -1105 
1719831264276.00, -159838, -464611, -1122 
1719831264300.00, -161672, -468117, -1154 
1719831264320.00, -164814, -471650, -1150 
1719831264342.00, -166186, -475250, -1169 
1719831264364.00, -168126, -478881, -1160 
1719831264385.00, -168854, -482540, -1167 
1719831264407.00, -169560, -486228, -1147 
1719831264429.00, -168545, -489930, -1165 
1719831264451.00, -168922, -493631, -1210 
1719831264473.00, -171659, -497317, -1190 
1719831264494.00, -172150, -501077, -1154 
1719831264516.00, -170528, -504836, -1164 
1719831264538.00, -169932, -508553, -1180 
1719831264560.00, -170367, -512259, -1152 
1719831264582.00, -168940, -515981, -1135 
1719831264604.00, -167149, -519684, -1154 
1719831264625.00, -166864, -523323, -1169 
1719831264647.00, -167639, -526982, -1188 
1719831264669.00, -169232, -530627, -1206 
1719831264691.00, -171354, -534340, -1272 
1719831264712.00, -175030, -538081, -1329 
1719831264735.00, -174623, -541904, -1321 
1719831264756.00, -174536, -545722, -1286 
1719831264778.00, -174715, -549550, -1286 
1719831264800.00, -174621, -553356, -1287 
1719831264821.00, -174740, -557173, -1261 
1719831264843.00, -174535, -560973, -1243 
1719831264865.00, -174627, -564795, -1226 
1719831264887.00, -174691, -568615, -1180 
1719831264909.00, -172684, -572428, -1164 
1719831264931.00, -170590, -576200, -1151 
1719831264953.00, -168158, -579903, -1084 
1719831264976.00, -162838, -583579, -972 
1719831264997.00, -152814, -587085, -844 
1719831265019.00, -139079, -590397, -657 
1719831265041.00, -119487, -593390, -454 
1719831265062.00, -67314, -595945, -278 
1719831265084.00, -36642, -597404, -127 
1719831265105.00, -18636, -598214, 36 
1719831265126.00, -6183, -598623, 231 
1719831265149.00, 12323, -598759, 364 
1719831265170.00, 31149, -598512, 574 
1719831265191.00, 55505, -597848, 569 
1719831265214.00, 69553, -596662, 642 
1719831265235.00, 82265, -595154, 710 
1719831265257.00, 93604, -593364, 757 
1719831265278.00, 103125, -591331, 798 
1719831265300.00, 110995, -589084, 833 
1719831265322.00, 117691, -586651, 835 
1719831265344.00, 121763, -584083, 826 
1719831265365.00, 123620, -581434, 859 
1719831265386.00, 126376, -578750, 867 
1719831265409.00, 128509, -576000, 877 
1719831265431.00, 130371, -573192, 913 
1719831265452.00, 133250, -570351, 927 
1719831265474.00, 135843, -567450, 947 
1719831265495.00, 138487, -564489, 987 
1719831265518.00, 142562, -561470, 1000 
1719831265538.00, 145543, -558358, 1024 
1719831265560.00, 148762, -555181, 1049 
1719831265582.00, 151894, -551925, 1066 
1719831265603.00, 154631, -548601, 1096 
1719831265625.00, 158021, -545208, 1137 
1719831265648.00, 162404, -541749, 1152 
1719831265669.00, 165762, -538198, 1179 
1719831265691.00, 169563, -534565, 1199 
1719831265713.00, 172712, -530871, 1199 
1719831265735.00, 174364, -527087, 1190 
1719831265756.00, 174697, -523273, 1205 
1719831265778.00, 174797, -519463, 1232 
1719831265800.00, 174747, -515631, 1201 
1719831265821.00, 174838, -511808, 1202 
1719831265843.00, 174683, -507990, 1241 
1719831265865.00, 174750, -504181, 1248 
1719831265887.00, 174761, -500359, 1232 
1719831265908.00, 174909, -496539, 1259 
1719831265930.00, 174802, -492718, 1315 
1719831265960.00, 174655, -488904, 1325 
1719831265974.00, 174769, -485090, 1274 
1719831265996.00, 174786, -481266, 1311 
1719831266018.00, 174737, -477456, 1353 
1719831266040.00, 174850, -473639, 1344 
1719831266062.00, 174868, -469815, 1302 
1719831266083.00, 174726, -465992, 1301 
1719831266106.00, 174574, -462176, 1298 
1719831266127.00, 174683, -458370, 1228 
1719831266149.00, 174939, -454563, 1162 
1719831266170.00, 173019, -450738, 1122 
1719831266192.00, 169410, -446966, 1075 
1719831266215.00, 164297, -443274, 991 
1719831266237.00, 156062, -439714, 929 
1719831266259.00, 147412, -436323, 856 
1719831266280.00, 137765, -433134, 752 
1719831266302.00, 125803, -430155, 648 
1719831266323.00, 72360, -427460, 494 
1719831266345.00, 41056, -425895, 401 
1719831266367.00, 22584, -425013, 240 
1719831266389.00, 11716, -424521, 13 
1719831266410.00, 5545, -424275, -167 
1719831266432.00, -7812, -424166, -294 
1719831266454.00, -23539, -424343, -725 
1719831266475.00, -58959, -424846, -754 
1719831266497.00, -81854, -426098, -837 
1719831266518.00, -100383, -427885, -921 
1719831266541.00, -116159, -430069, -934 
1719831266562.00, -126301, -432608, -956 
1719831266584.00, -133321, -435385, -998 
1719831266605.00, -140070, -438299, -995 
1719831266627.00, -143824, -441342, -992 
1719831266648.00, -145744, -444488, -1029 
1719831266670.00, -149007, -447663, -1048 
1719831266691.00, -152099, -450929, -1045 
1719831266713.00, -153543, -454259, -1083 
1719831266735.00, -156447, -457608, -1126 
1719831266756.00, -160820, -461038, -1120 
1719831266778.00, -162966, -464545, -1127 
1719831266800.00, -164279, -468118, -1160 
1719831266822.00, -167117, -471710, -1152 
1719831266844.00, -168366, -475360, -1147 
1719831266866.00, -168809, -479036, -1142 
1719831266888.00, -168584, -482715, -1147 
1719831266910.00, -168643, -486406, -1157 
1719831266933.00, -169128, -490083, -1146 
1719831266953.00, -168699, -493786, -1152 
1719831266974.00, -168742, -497471, -1153 
1719831266996.00, -168729, -501170, -1153 
1719831267019.00, -168947, -504848, -1171 
1719831267041.00, -169869, -508533, -1195 
1719831267062.00, -171801, -512242, -1208 
1719831267084.00, -173591, -516001, -1220 
1719831267106.00, -174674, -519809, -1225 
1719831267127.00, -174756, -523620, -1219 
1719831267150.00, -174706, -527431, -1239 
1719831267171.00, -174797, -531245, -1233 
1719831267193.00, -174448, -535067, -1219 
1719831267215.00, -174679, -538869, -1185 
1719831267237.00, -173508, -542704, -1159 
1719831267262.00, -171177, -546472, -1119 
1719831267280.00, -167468, -550231, -1099 
1719831267302.00, -164165, -553866, -1066 
1719831267323.00, -160100, -557443, -1050 
1719831267345.00, -156699, -560928, -1039 
1719831267373.00, -153808, -564343, -1030 
1719831267390.00, -151498, -567713, -1018 
1719831267412.00, -149371, -571003, -999 
1719831267434.00, -146991, -574265, -991 
1719831267456.00, -144914, -577438, -990 
1719831267478.00, -143631, -580584, -921 
1719831267499.00, -138624, -583702, -856 
1719831267521.00, -131655, -586706, -784 
1719831267543.00, -123029, -589561, -705 
1719831267565.00, -113138, -592225, -576 
1719831267587.00, -99250, -594661, -449 
1719831267608.00, -55922, -596784, -339 
1719831267629.00, -30572, -598010, -238 
1719831267651.00, -15303, -598691, -102 
1719831267672.00, -6596, -599027, 50 
1719831267698.00, 873, -599163, 204 
1719831267715.00, 15020, -599149, 359 
1719831267736.00, 32492, -598828, 542 
1719831267758.00, 54300, -598138, 620 
1719831267780.00, 71806, -596974, 674 
1719831267802.00, 85082, -595425, 728 
1719831267824.00, 96176, -593559, 769 
1719831267845.00, 105156, -591478, 812 
1719831267867.00, 113070, -589175, 839 
1719831267889.00, 119107, -586702, 859 
1719831267911.00, 123842, -584114, 886 
1719831267932.00, 128200, -581412, 909 
1719831267954.00, 132099, -578616, 939 
1719831267976.00, 136092, -575740, 965 
1719831267997.00, 139948, -572771, 968 
1719831268019.00, 142323, -569731, 967 
1719831268041.00, 143719, -566625, 978 
1719831268062.00, 145060, -563504, 1021 
1719831268083.00, 148184, -560333, 1037 
1719831268105.00, 151108, -557089, 1039 
1719831268127.00, 152750, -553786, 1062 
1719831268149.00, 154861, -550455, 1097 
1719831268171.00, 158027, -547073, 1108 
1719831268193.00, 160740, -543605, 1125 
1719831268214.00, 163194, -540089, 1165 
1719831268235.00, 166855, -536527, 1194 
1719831268258.00, 170779, -532866, 1218 
1719831268280.00, 174560, -529128, 1251 
1719831268301.00, 174526, -525311, 1273 
1719831268324.00, 174750, -521496, 1269 
1719831268345.00, 174623, -517681, 1279 
1719831268367.00, 174738, -513862, 1277 
1719831268388.00, 174638, -510044, 1283 
1719831268410.00, 174745, -506238, 1293 
1719831268432.00, 175033, -502403, 1303 
1719831268454.00, 174730, -498585, 1328 
1719831268476.00, 174472, -494769, 1361 
1719831268497.00, 174566, -490955, 1342 
1719831268519.00, 174801, -487137, 1318 
1719831268541.00, 174888, -483315, 1338 
1719831268563.00, 174824, -479498, 1362 
1719831268585.00, 174751, -475684, 1329 
1719831268607.00, 174587, -471867, 1258 
1719831268629.00, 174641, -468052, 1232 
1719831268650.00, 174736, -464235, 1216 
1719831268672.00, 174676, -460431, 1167 
1719831268694.00, 173344, -456610, 1126 
1719831268715.00, 169981, -452824, 1065 
1719831268739.00, 164155, -449122, 991 
1719831268762.00, 156269, -445551, 935 
1719831268782.00, 148107, -442169, 872 
1719831268804.00, 139360, -438955, 782 
1719831268826.00, 128570, -435938, 661 
1719831268848.00, 115025, -433159, 555 
1719831268869.00, 100346, -430678, 411 
1719831268891.00, 57723, -428533, 262 
1719831268912.00, 32243, -427285, 150 
1719831268933.00, 17428, -426570, -27 
1719831268955.00, 6996, -426199, -280 
1719831268977.00, -13473, -426054, -441 
1719831268999.00, -36046, -426329, -603 
1719831269021.00, -58907, -427085, -746 
1719831269042.00, -81092, -428361, -857 
1719831269064.00, -101021, -430125, -914 
1719831269086.00, -116149, -432330, -961 
1719831269107.00, -127798, -434891, -981 
1719831269128.00, -136021, -437684, -1008 
1719831269150.00, -142205, -440644, -1054 
1719831269172.00, -148668, -443759, -1082 
1719831269193.00, -153933, -447005, -1090 
1719831269215.00, -157442, -450378, -1105 
1719831269236.00, -160328, -453827, -1111 
1719831269258.00, -162343, -457328, -1109 
1719831269281.00, -162920, -460886, -1124 
1719831269303.00, -164488, -464441, -1147 
1719831269324.00, -166373, -468040, -1159 
1719831269345.00, -168210, -471677, -1161 
1719831269367.00, -169610, -475355, -1172 
1719831269389.00, -170906, -479053, -1200 
1719831269411.00, -173217, -482793, -1221 
1719831269433.00, -174475, -486589, -1201 
1719831269455.00, -174697, -490408, -1197 
1719831269477.00, -174559, -494236, -1224 
1719831269499.00, -174791, -498033, -1248 
1719831269521.00, -174853, -501857, -1230 
1719831269542.00, -174822, -505674, -1217 
1719831269565.00, -174661, -509492, -1198 
1719831269586.00, -174503, -513300, -1177 
1719831269608.00, -173411, -517134, -1177 
1719831269629.00, -172810, -520915, -1167 
1719831269652.00, -171739, -524691, -1179 
1719831269673.00, -171809, -528446, -1182 
1719831269695.00, -172022, -532195, -1156 
1719831269717.00, -170452, -535961, -1167 
1719831269739.00, -169896, -539676, -1185 
1719831269760.00, -170721, -543392, -1193 
1719831269782.00, -171857, -547113, -1205 
1719831269804.00, -173078, -550873, -1200 
1719831269826.00, -173312, -554642, -1161 
1719831269848.00, -171133, -558444, -1128 
1719831269869.00, -167533, -562162, -1090 
1719831269901.00, -163276, -565837, -1060 
1719831269913.00, -158848, -569396, -1031 
1719831269936.00, -154367, -572849, -974 
1719831269957.00, -148113, -576207, -899 
1719831269980.00, -139842, -579403, -776 
1719831270002.00, -127811, -582436, -673 
1719831270023.00, -114252, -585187, -599 
1719831270045.00, -101673, -587649, -544 
1719831270066.00, -90866, -589844, -488 
1719831270088.00, -80906, -591816, -386 
1719831270110.00, -68767, -593552, -287 
1719831270132.00, -38486, -595030, -185 
1719831270153.00, -20267, -595872, -75 
1719831270174.00, -9510, -596316, 29 
1719831270195.00, -1307, -596517, 174 
1719831270218.00, 11729, -596546, 376 
1719831270239.00, 31601, -596308, 586 
1719831270260.00, 56236, -595656, 619 
1719831270282.00, 72734, -594452, 721 
1719831270304.00, 88547, -592865, 785 
1719831270329.00, 101769, -590938, 830 
1719831270347.00, 112193, -588722, 868 
1719831270369.00, 120562, -586267, 854 
1719831270390.00, 124298, -583637, 850 
1719831270413.00, 126288, -580930, 849 
1719831270433.00, 127203, -578181, 863 
1719831270456.00, 128680, -575412, 879 
1719831270478.00, 130367, -572614, 880 
1719831270499.00, 131432, -569766, 884 
1719831270521.00, 132046, -566911, 900 
1719831270543.00, 133368, -564034, 879 
1719831270564.00, 132667, -561131, 884 
1719831270586.00, 132680, -558243, 877 
1719831270608.00, 132037, -555371, 922 
1719831270630.00, 134232, -552493, 988 
1719831270652.00, 139444, -549562, 984 
1719831270671.00, 142232, -546518, 1006 
1719831270693.00, 145134, -543412, 1033 
1719831270716.00, 148407, -540228, 1043 
1719831270738.00, 150902, -536978, 1074 
1719831270761.00, 154258, -533684, 1082 
1719831270781.00, 156440, -530312, 1103 
1719831270803.00, 158825, -526892, 1117 
1719831270824.00, 161126, -523410, 1102 
1719831270846.00, 161639, -519899, 1108 
1719831270873.00, 162117, -516360, 1112 
1719831270891.00, 162572, -512820, 1088 
1719831270912.00, 161365, -509260, 1050 
1719831270934.00, 158378, -505748, 1068 
1719831270956.00, 157254, -502290, 1087 
1719831270979.00, 157976, -498840, 1073 
1719831270999.00, 157391, -495395, 1071 
1719831271021.00, 156869, -491950, 1076 
1719831271043.00, 156821, -488527, 1132 
1719831271065.00, 160050, -485090, 1188 
1719831271089.00, 165143, -481588, 1253 
1719831271108.00, 171813, -477966, 1275 
1719831271130.00, 174956, -474202, 1301 
1719831271151.00, 174842, -470376, 1315 
1719831271174.00, 174769, -466566, 1281 
1719831271195.00, 174764, -462742, 1288 
1719831271217.00, 174477, -458918, 1293 
1719831271239.00, 174558, -455120, 1242 
1719831271261.00, 174581, -451298, 1187 
1719831271282.00, 173479, -447490, 1114 
1719831271305.00, 168494, -443702, 1021 
1719831271327.00, 159725, -440047, 906 
1719831271349.00, 147625, -436583, 802 
1719831271371.00, 134158, -433381, 697 
1719831271393.00, 119674, -430490, 575 
1719831271417.00, 68216, -427928, 435 
1719831271436.00, 38078, -426445, 341 
1719831271457.00, 20161, -425618, 240 
1719831271479.00, 9796, -425176, 69 
1719831271500.00, 3672, -424962, -1 
1719831271522.00, 19, -424893, -181 
1719831271543.00, -12883, -424892, -298 
1719831271565.00, -27577, -425164, -642 
1719831271587.00, -56732, -425742, -669 
1719831271608.00, -75660, -426945, -737 
1719831271631.00, -90848, -428603, -794 
1719831271652.00, -103260, -430571, -865 
1719831271674.00, -114803, -432825, -921 
1719831271695.00, -124926, -435354, -942 
1719831271717.00, -132088, -438079, -956 
1719831271738.00, -137179, -440958, -981 
1719831271759.00, -141501, -443948, -1004 
1719831271781.00, -145259, -447040, -1014 
1719831271803.00, -148284, -450212, -1028 
1719831271825.00, -150540, -453465, -1052 
1719831271847.00, -153327, -456735, -1062 
1719831271869.00, -155486, -460105, -1073 
1719831271890.00, -157261, -463502, -1103 
1719831271912.00, -160106, -466946, -1137 
1719831271934.00, -163492, -470448, -1134 
1719831271955.00, -165382, -474029, -1129 
1719831271978.00, -166094, -477642, -1123 
1719831271999.00, -165929, -481253, -1110 
1719831272022.00, -165096, -484888, -1103 
1719831272042.00, -164070, -488492, -1135 
1719831272067.00, -165383, -492083, -1167 
1719831272088.00, -167940, -495687, -1168 
1719831272109.00, -169557, -499368, -1176 
1719831272130.00, -170831, -503080, -1196 
1719831272152.00, -172555, -506810, -1190 
1719831272174.00, -173102, -510596, -1200 
1719831272195.00, -174004, -514357, -1211 
1719831272218.00, -174823, -518174, -1229 
1719831272239.00, -174890, -521981, -1249 
1719831272261.00, -174679, -525814, -1259 
1719831272285.00, -174654, -529632, -1262 
1719831272305.00, -174635, -533454, -1271 
1719831272327.00, -174669, -537262, -1291 
1719831272349.00, -174707, -541082, -1276 
1719831272370.00, -174402, -544894, -1258 
1719831272392.00, -174612, -548715, -1250 
1719831272414.00, -174599, -552534, -1216 
1719831272435.00, -174707, -556349, -1183 
1719831272458.00, -174022, -560157, -1164 
1719831272479.00, -172240, -563947, -1134 
1719831272501.00, -169131, -567712, -1112 
1719831272523.00, -165823, -571387, -1063 
1719831272546.00, -160926, -575016, -970 
1719831272568.00, -152144, -578494, -915 
1719831272589.00, -143663, -581807, -843 
1719831272611.00, -134251, -584924, -778 
1719831272633.00, -124521, -587824, -751 
1719831272655.00, -117328, -590522, -673 
1719831272676.00, -108374, -593069, -588 
1719831272697.00, -61888, -595394, -508 
1719831272720.00, -34510, -596736, -461 
1719831272741.00, -18512, -597504, -386 
1719831272763.00, -9000, -597919, -349 
1719831272785.00, -3702, -598126, -356 
1719831272806.00, -304, -598204, -316 
1719831272827.00, 941, -598212, -236 
1719831272848.00, 2312, -598197, -146 
1719831272871.00, 3199, -598143, -26 
1719831272892.00, 3728, -598063, 120 
1719831272914.00, 11086, -597963, 306 
1719831272936.00, 26356, -597715, 454 
1719831272957.00, 44683, -597145, 669 
1719831272979.00, 68328, -596202, 673 
1719831273000.00, 82742, -594731, 669 
1719831273022.00, 90925, -592929, 753 
1719831273044.00, 100512, -590951, 771 
1719831273065.00, 107321, -588769, 766 
1719831273087.00, 110845, -586420, 732 
1719831273109.00, 110844, -584008, 764 
1719831273130.00, 112725, -581597, 796 
1719831273152.00, 115684, -579144, 798 
1719831273173.00, 117339, -576617, 802 
1719831273196.00, 118712, -574060, 822 
1719831273218.00, 120392, -571490, 855 
1719831273239.00, 123386, -568861, 874 
1719831273261.00, 126408, -566169, 900 
1719831273283.00, 129256, -563423, 918 
1719831273304.00, 132311, -560596, 919 
1719831273326.00, 133934, -557715, 911 
1719831273348.00, 134456, -554809, 930 
1719831273369.00, 135891, -551880, 945 
1719831273391.00, 137479, -548919, 955 
1719831273413.00, 138786, -545930, 974 
1719831273434.00, 140828, -542911, 984 
1719831273455.00, 142496, -539833, 1003 
1719831273477.00, 144460, -536724, 1021 
1719831273499.00, 146948, -533554, 1027 
1719831273521.00, 148488, -530349, 1035 
1719831273543.00, 149933, -527094, 1047 
1719831273564.00, 151286, -523828, 1077 
1719831273586.00, 153811, -520513, 1082 
1719831273608.00, 155659, -517143, 1104 
1719831273629.00, 157932, -513743, 1119 
1719831273652.00, 160115, -510304, 1125 
1719831273673.00, 161783, -506791, 1140 
1719831273695.00, 163665, -503248, 1164 
1719831273717.00, 166054, -499677, 1179 
1719831273739.00, 168291, -496036, 1172 
1719831273761.00, 169135, -492358, 1140 
1719831273782.00, 167748, -488665, 1159 
1719831273804.00, 167938, -484997, 1163 
1719831273826.00, 168081, -481332, 1151 
1719831273848.00, 167666, -477663, 1146 
1719831273870.00, 166951, -473997, 1172 
1719831273891.00, 167938, -470358, 1174 
1719831273913.00, 168871, -466685, 1150 
1719831273935.00, 167596, -462997, 1179 
1719831273957.00, 168508, -459340, 1171 
1719831273978.00, 168458, -455655, 1138 
1719831274000.00, 166461, -451966, 1084 
1719831274022.00, 161994, -448347, 1051 
1719831274045.00, 157287, -444813, 993 
1719831274067.00, 150908, -441397, 920 
1719831274089.00, 142668, -438131, 841 
1719831274110.00, 132994, -435036, 749 
1719831274132.00, 121546, -432159, 624 
1719831274154.00, 68795, -429543, 464 
1719831274175.00, 37991, -428064, 366 
1719831274197.00, 19718, -427227, 242 
1719831274219.00, 9372, -426788, 117 
1719831274241.00, 3266, -426584, 76 
1719831274271.00, -66, -426511, 45 
1719831274282.00, -2123, -426517, -70 
1719831274304.00, -7500, -426572, -259 
1719831274326.00, -22034, -426739, -347 
1719831274348.00, -35830, -427237, -753 
1719831274369.00, -68746, -428015, -814 
1719831274390.00, -92035, -429484, -904 
1719831274413.00, -111135, -431488, -946 
1719831274434.00, -124825, -433918, -977 
1719831274456.00, -134575, -436647, -996 
1719831274477.00, -141484, -439589, -1004 
1719831274499.00, -145828, -442691, -1021 
1719831274520.00, -149281, -445882, -1039 
1719831274542.00, -152256, -449135, -1059 
1719831274564.00, -155156, -452485, -1080 
1719831274588.00, -158186, -455861, -1077 
1719831274607.00, -159592, -459328, -1083 
1719831274630.00, -160719, -462816, -1118 
1719831274651.00, -163330, -466313, -1119 
1719831274673.00, -164812, -469895, -1113 
1719831274694.00, -165214, -473488, -1132 
1719831274717.00, -166412, -477112, -1136 
1719831274738.00, -167443, -480743, -1131 
1719831274760.00, -167412, -484414, -1138 
1719831274782.00, -167860, -488066, -1154 
1719831274807.00, -169115, -491733, -1170 
1719831274826.00, -170819, -495428, -1180 
1719831274848.00, -172269, -499151, -1193 
1719831274869.00, -173674, -502932, -1188 
1719831274891.00, -174118, -506722, -1170 
1719831274913.00, -173055, -510520, -1180 
1719831274935.00, -172938, -514290, -1192 
1719831274957.00, -173816, -518093, -1191 
1719831274978.00, -174167, -521874, -1169 
1719831275000.00, -172945, -525683, -1155 
1719831275022.00, -171153, -529451, -1144 
1719831275044.00, -169354, -533195, -1129 
1719831275066.00, -167283, -536890, -1151 
1719831275087.00, -167436, -540542, -1156 
1719831275109.00, -167718, -544205, -1152 
1719831275131.00, -167702, -547855, -1134 
1719831275153.00, -166015, -551523, -1117 
1719831275175.00, -164365, -555142, -1084 
1719831275197.00, -161226, -558739, -1068 
1719831275218.00, -158282, -562249, -1057 
1719831275239.00, -155843, -565711, -1050 
1719831275261.00, -154022, -569109, -1017 
1719831275284.00, -150883, -572457, -1004 
1719831275306.00, -148040, -575759, -971 
1719831275328.00, -144360, -578962, -917 
1719831275350.00, -138880, -582111, -870 
1719831275372.00, -132739, -585117, -816 
1719831275393.00, -125892, -587975, -742 
1719831275415.00, -117367, -590714, -677 
1719831275437.00, -108354, -593249, -608 
1719831275463.00, -61744, -595581, -513 
1719831275480.00, -34048, -596912, -446 
1719831275502.00, -17809, -597671, -370 
1719831275524.00, -8560, -598067, -262 
1719831275544.00, -2978, -598253, -216 
1719831275567.00, 65, -598312, -106 
1719831275588.00, 1975, -598310, 45 
1719831275610.00, 5983, -598261, 189 
1719831275631.00, 16847, -598123, 341 
1719831275652.00, 32580, -597752, 475 
1719831275675.00, 50047, -597054, 688 
1719831275696.00, 73093, -595988, 700 
1719831275718.00, 87479, -594407, 713 
1719831275740.00, 96568, -592515, 773 
1719831275761.00, 105523, -590406, 800 
1719831275782.00, 112223, -588114, 843 
1719831275805.00, 118872, -585655, 867 
1719831275826.00, 124071, -583071, 865 
1719831275848.00, 126787, -580364, 866 
1719831275870.00, 128425, -577596, 880 
1719831275892.00, 129990, -574806, 903 
1719831275913.00, 132326, -571983, 912 
1719831275935.00, 134282, -569098, 904 
1719831275956.00, 134765, -566176, 925 
1719831275978.00, 136250, -563239, 931 
1719831276000.00, 137353, -560263, 941 
1719831276021.00, 138705, -557278, 968 
1719831276043.00, 140917, -554267, 984 
1719831276065.00, 143124, -551198, 995 
1719831276085.00, 144912, -548078, 1014 
1719831276107.00, 147020, -544901, 1040 
1719831276130.00, 149738, -541684, 1058 
1719831276151.00, 152676, -538415, 1059 
1719831276173.00, 154279, -535082, 1078 
1719831276194.00, 156158, -531704, 1068 
1719831276217.00, 156700, -528292, 1082 
1719831276238.00, 157741, -524871, 1080 
1719831276260.00, 158163, -521420, 1088 
1719831276282.00, 158795, -517962, 1087 
1719831276304.00, 158866, -514504, 1092 
1719831276326.00, 159062, -511022, 1086 
1719831276348.00, 158886, -507538, 1101 
1719831276369.00, 159582, -504072, 1131 
1719831276391.00, 161755, -500583, 1119 
1719831276413.00, 162439, -497056, 1053 
1719831276435.00, 158720, -493509, 1019 
1719831276456.00, 154454, -490053, 1030 
1719831276478.00, 152521, -486678, 1047 
1719831276500.00, 152391, -483339, 1051 
1719831276522.00, 152418, -480019, 1081 
1719831276544.00, 154153, -476679, 1123 
1719831276566.00, 157770, -473310, 1137 
1719831276587.00, 160649, -469863, 1157 
1719831276609.00, 163465, -466339, 1210 
1719831276631.00, 168218, -462764, 1253 
1719831276653.00, 173229, -459086, 1224 
1719831276675.00, 174848, -455298, 1173 
1719831276697.00, 172552, -451483, 1178 
1719831276718.00, 171482, -447728, 1134 
1719831276740.00, 168234, -443988, 1037 
1719831276763.00, 160172, -440328, 945 
1719831276785.00, 149841, -436856, 851 
1719831276806.00, 138102, -433610, 760 
1719831276828.00, 125430, -430634, 678 
1719831276850.00, 71207, -427933, 610 
1719831276872.00, 39590, -426386, 617 
1719831276894.00, 21054, -425518, 596 
1719831276915.00, 10158, -425059, 494 
1719831276935.00, 3893, -424832, 450 
1719831276958.00, 1, -424751, 358 
1719831276979.00, -2098, -424753, 199 
1719831277000.00, -1573, -424804, 26 
1719831277022.00, -1059, -424860, -214 
1719831277044.00, -13729, -424897, -322 
1719831277065.00, -27689, -425204, -679 
1719831277086.00, -57513, -425789, -683 
1719831277109.00, -75395, -427004, -728 
1719831277130.00, -88598, -428656, -799 
1719831277151.00, -100793, -430573, -855 
1719831277173.00, -111278, -432774, -873 
1719831277195.00, -118399, -435218, -904 
1719831277216.00, -124472, -437799, -928 
1719831277239.00, -129641, -440502, -952 
1719831277260.00, -133922, -443341, -975 
1719831277282.00, -137708, -446246, -993 
1719831277304.00, -140954, -449244, -992 
1719831277330.00, -142851, -452327, -996 
1719831277346.00, -144066, -455434, -1013 
1719831277368.00, -145779, -458585, -1016 
1719831277389.00, -146981, -461773, -1024 
1719831277412.00, -148178, -464980, -1040 
1719831277438.00, -149630, -468223, -1059 
1719831277455.00, -151645, -471490, -1065 
1719831277477.00, -152912, -474806, -1056 
1719831277499.00, -153130, -478155, -1050 
1719831277521.00, -152901, -481483, -1049 
1719831277543.00, -152770, -484841, -1065 
1719831277564.00, -153459, -488180, -1093 
1719831277586.00, -155623, -491535, -1084 
1719831277608.00, -156259, -494929, -1080 
1719831277630.00, -156509, -498343, -1090 
1719831277654.00, -157154, -501774, -1090 
1719831277673.00, -157385, -505199, -1096 
1719831277695.00, -158010, -508641, -1123 
1719831277717.00, -159822, -512098, -1140 
1719831277739.00, -161969, -515585, -1138 
1719831277771.00, -162736, -519127, -1115 
1719831277782.00, -161941, -522684, -1098 
1719831277804.00, -160474, -526222, -1095 
1719831277826.00, -159110, -529716, -1096 
1719831277848.00, -158374, -533204, -1066 
1719831277870.00, -156156, -536668, -1052 
1719831277892.00, -154050, -540062, -1074 
1719831277913.00, -153907, -543436, -1077 
1719831277935.00, -153981, -546793, -1081 
1719831277957.00, -154237, -550172, -1109 
1719831277982.00, -156018, -553536, -1097 
1719831278001.00, -156604, -556946, -1080 
1719831278023.00, -155734, -560366, -1081 
1719831278044.00, -155265, -563753, -1052 
1719831278067.00, -153063, -567145, -985 
1719831278092.00, -147819, -570465, -928 
1719831278111.00, -141235, -573676, -908 
1719831278132.00, -136181, -576732, -869 
1719831278154.00, -130626, -579668, -821 
1719831278176.00, -124598, -582524, -784 
1719831278199.00, -118528, -585217, -719 
1719831278219.00, -111094, -587776, -665 
1719831278241.00, -103574, -590184, -604 
1719831278262.00, -95039, -592428, -528 
1719831278284.00, -85521, -594470, -414 
1719831278306.00, -47764, -596294, -300 
1719831278328.00, -25469, -597340, -189 
1719831278349.00, -12248, -597914, -92 
1719831278370.00, -4504, -598185, 6 
1719831278392.00, 2, -598282, 101 
1719831278417.00, 8423, -598284, 235 
1719831278435.00, 21653, -598113, 367 
1719831278456.00, 37399, -597644, 542 
1719831278478.00, 57317, -596842, 709 
1719831278499.00, 79184, -595622, 737 
1719831278526.00, 93710, -593896, 786 
1719831278543.00, 105193, -591866, 864 
1719831278565.00, 116370, -589569, 844 
1719831278587.00, 121790, -587018, 860 
1719831278608.00, 125737, -584373, 862 
1719831278632.00, 128058, -581634, 852 
1719831278652.00, 128683, -578843, 837 
1719831278673.00, 128112, -576039, 830 
1719831278695.00, 127293, -573247, 871 
1719831278717.00, 129207, -570476, 894 
1719831278738.00, 131540, -567669, 919 
1719831278760.00, 134388, -564805, 955 
1719831278782.00, 138138, -561879, 970 
1719831278804.00, 141104, -558876, 994 
1719831278824.00, 144252, -555802, 1029 
1719831278847.00, 148035, -552648, 1022 
1719831278868.00, 149905, -549407, 1033 
1719831278890.00, 151309, -546124, 1039 
1719831278912.00, 152554, -542816, 1044 
1719831278933.00, 153509, -539479, 1062 
1719831278955.00, 155085, -536119, 1065 
1719831278977.00, 156161, -532733, 1065 
1719831278999.00, 156899, -529321, 1077 
1719831279021.00, 157850, -525892, 1094 
1719831279042.00, 159246, -522448, 1108 
1719831279064.00, 160826, -518952, 1129 
1719831279086.00, 163012, -515430, 1155 
1719831279108.00, 165865, -511871, 1168 
1719831279129.00, 168118, -508250, 1151 
1719831279151.00, 168396, -504574, 1180 
1719831279173.00, 170253, -500887, 1213 
1719831279195.00, 173328, -497170, 1205 
1719831279216.00, 174582, -493378, 1214 
1719831279239.00, 174711, -489559, 1239 
1719831279260.00, 174704, -485748, 1250 
1719831279282.00, 174605, -481917, 1238 
1719831279304.00, 174656, -478112, 1241 
1719831279326.00, 174785, -474293, 1244 
1719831279348.00, 174753, -470467, 1232 
1719831279370.00, 174816, -466656, 1231 
1719831279391.00, 174767, -462842, 1217 
1719831279413.00, 174552, -459022, 1166 
1719831279435.00, 172577, -455215, 1104 
1719831279456.00, 167556, -451445, 1060 
1719831279479.00, 161973, -447809, 1016 
1719831279502.00, 155809, -444275, 959 
1719831279524.00, 148679, -440904, 891 
1719831279545.00, 140284, -437674, 828 
1719831279567.00, 131270, -434634, 746 
1719831279589.00, 120892, -431798, 622 
1719831279610.00, 69186, -429192, 495 
1719831279632.00, 38781, -427695, 461 
1719831279654.00, 20829, -426842, 406 
1719831279675.00, 10303, -426379, 303 
1719831279696.00, 4222, -426148, 241 
1719831279718.00, 349, -426065, 89 
1719831279739.00, -1351, -426069, -111 
1719831279760.00, -9463, -426107, -322 
1719831279783.00, -26309, -426310, -472 
1719831279804.00, -45763, -426881, -681 
1719831279826.00, -69722, -427859, -754 
1719831279847.00, -88491, -429373, -871 
1719831279869.00, -106376, -431297, -908 
1719831279892.00, -119253, -433625, -925 
1719831279912.00, -127771, -436236, -960 
1719831279935.00, -134871, -439023, -978 
1719831279956.00, -140055, -441969, -980 
1719831279978.00, -142892, -445028, -980 
1719831280000.00, -144454, -448128, -964 
1719831280022.00, -144439, -451280, -934 
1719831280043.00, -142466, -454424, -917 
1719831280065.00, -140341, -457514, -921 
1719831280087.00, -139052, -460570, -950 
1719831280108.00, -139999, -463582, -961 
1719831280130.00, -141118, -466637, -979 
1719831280150.00, -143014, -469717, -1001 
1719831280172.00, -145497, -472827, -1020 
1719831280194.00, -147796, -476015, -1037 
1719831280216.00, -150155, -479247, -1095 
1719831280238.00, -155159, -482520, -1133 
1719831280260.00, -160310, -485924, -1129 
1719831280281.00, -162798, -489415, -1140 
1719831280303.00, -164876, -492988, -1153 
1719831280325.00, -166616, -496583, -1128 
1719831280347.00, -166326, -500242, -1125 
1719831280369.00, -165546, -503877, -1137 
1719831280399.00, -166025, -507490, -1136 
1719831280412.00, -166051, -511113, -1150 
1719831280434.00, -167141, -514731, -1174 
1719831280456.00, -168941, -518393, -1204 
1719831280477.00, -171726, -522068, -1199 
1719831280499.00, -172953, -525833, -1155 
1719831280522.00, -170856, -529614, -1155 
1719831280543.00, -169548, -533361, -1170 
1719831280565.00, -169695, -537057, -1164 
1719831280587.00, -169669, -540754, -1129 
1719831280609.00, -167223, -544450, -1119 
1719831280630.00, -165151, -548102, -1100 
1719831280652.00, -162553, -551704, -1038 
1719831280675.00, -157376, -555236, -992 
1719831280697.00, -151292, -558661, -960 
1719831280719.00, -145859, -561943, -914 
1719831280740.00, -139876, -565106, -898 
1719831280762.00, -135079, -568145, -898 
1719831280784.00, -132410, -571060, -865 
1719831280806.00, -128734, -573945, -852 
1719831280828.00, -125806, -576735, -856 
1719831280849.00, -124177, -579461, -824 
1719831280871.00, -121158, -582169, -783 
1719831280892.00, -116635, -584803, -747 
1719831280914.00, -112039, -587322, -718 
1719831280935.00, -107521, -589760, -669 
1719831280958.00, -102018, -592100, -603 
1719831280979.00, -94620, -594308, -567 
1719831281001.00, -53627, -596325, -460 
1719831281023.00, -29123, -597498, -382 
1719831281044.00, -14627, -598154, -308 
1719831281065.00, -6340, -598486, -212 
1719831281088.00, -1498, -598628, -135 
1719831281109.00, 671, -598657, -54 
1719831281130.00, 2388, -598644, 67 
1719831281151.00, 7594, -598584, 192 
1719831281174.00, 18284, -598410, 368 
1719831281195.00, 34909, -598014, 553 
1719831281217.00, 56084, -597268, 625 
1719831281238.00, 72947, -596071, 665 
1719831281260.00, 85257, -594484, 706 
1719831281282.00, 94872, -592637, 741 
1719831281303.00, 102447, -590570, 756 
1719831281325.00, 107944, -588347, 782 
1719831281347.00, 112479, -585987, 776 
1719831281372.00, 114744, -583530, 764 
1719831281390.00, 115177, -581028, 796 
1719831281412.00, 117381, -578526, 813 
1719831281433.00, 119758, -575973, 829 
1719831281456.00, 122102, -573359, 845 
1719831281480.00, 124140, -570709, 855 
1719831281499.00, 125784, -568003, 883 
1719831281521.00, 128489, -565270, 894 
1719831281543.00, 130699, -562473, 900 
1719831281564.00, 132050, -559622, 900 
1719831281586.00, 133050, -556747, 889 
1719831281607.00, 132796, -553855, 889 
1719831281629.00, 132415, -550964, 887 
1719831281651.00, 132093, -548084, 894 
1719831281672.00, 132321, -545205, 913 
1719831281701.00, 133542, -542328, 938 
1719831281716.00, 135566, -539420, 963 
1719831281738.00, 138166, -536475, 975 
1719831281760.00, 140570, -533456, 986 
1719831281782.00, 142401, -530395, 994 
1719831281807.00, 143879, -527286, 993 
1719831281824.00, 144726, -524156, 1005 
1719831281846.00, 145866, -520993, 1017 
1719831281867.00, 147207, -517801, 1039 
1719831281889.00, 149135, -514592, 1051 
1719831281911.00, 151024, -511321, 1071 
1719831281933.00, 153215, -508021, 1092 
1719831281955.00, 155762, -504670, 1112 
1719831281976.00, 158426, -501257, 1110 
1719831281998.00, 159840, -497799, 1083 
1719831282020.00, 159016, -494309, 1089 
1719831282042.00, 158723, -490836, 1086 
1719831282063.00, 158435, -487364, 1096 
1719831282086.00, 158704, -483903, 1099 
1719831282107.00, 159048, -480432, 1089 
1719831282128.00, 158673, -476956, 1092 
1719831282151.00, 158538, -473508, 1095 
1719831282172.00, 158581, -470041, 1099 
1719831282194.00, 158922, -466577, 1093 
1719831282216.00, 158646, -463099, 1091 
1719831282240.00, 158109, -459636, 1078 
1719831282259.00, 156868, -456192, 1052 
1719831282282.00, 154658, -452778, 995 
1719831282305.00, 149742, -449411, 959 
1719831282327.00, 144554, -446156, 897 
1719831282348.00, 137639, -443021, 837 
1719831282370.00, 130107, -440047, 731 
1719831282392.00, 119297, -437219, 639 
1719831282413.00, 107224, -434659, 564 
1719831282434.00, 95273, -432337, 507 
1719831282457.00, 53898, -430282, 439 
1719831282478.00, 29619, -429117, 384 
1719831282500.00, 15264, -428465, 294 
1719831282521.00, 6726, -428137, 145 
1719831282543.00, 1589, -427992, 75 
1719831282564.00, -847, -427967, -126 
1719831282586.00, -10609, -427993, -310 
1719831282608.00, -26795, -428226, -549 
1719831282629.00, -50897, -428796, -649 
1719831282651.00, -71342, -429871, -746 
1719831282672.00, -89087, -431432, -840 
1719831282694.00, -105371, -433364, -906 
1719831282716.00, -118607, -435679, -937 
1719831282737.00, -128406, -438280, -958 
1719831282759.00, -135281, -441069, -945 
1719831282781.00, -138490, -444026, -937 
1719831282803.00, -140019, -447032, -938 
1719831282825.00, -140713, -450072, -964 
1719831282846.00, -142506, -453155, -972 
1719831282868.00, -143881, -456236, -980 
1719831282889.00, -145240, -459391, -998 
1719831282910.00, -146972, -462536, -1026 
1719831282932.00, -149546, -465749, -1028 
1719831282954.00, -151161, -469029, -1038 
1719831282975.00, -152612, -472322, -1055 
1719831282998.00, -154323, -475663, -1044 
1719831283021.00, -154755, -479040, -1046 
1719831283041.00, -155091, -482417, -1072 
1719831283063.00, -156667, -485801, -1072 
1719831283084.00, -157643, -489212, -1070 
1719831283106.00, -157869, -492672, -1083 
1719831283128.00, -158764, -496114, -1102 
1719831283150.00, -160236, -499583, -1117 
1719831283172.00, -161842, -503098, -1118 
1719831283194.00, -162751, -506630, -1117 
1719831283215.00, -163163, -510191, -1106 
1719831283237.00, -162541, -513746, -1083 
1719831283259.00, -160854, -517316, -1080 
1719831283281.00, -159623, -520819, -1094 
1719831283302.00, -159807, -524316, -1095 
1719831283324.00, -160014, -527797, -1113 
1719831283346.00, -161063, -531280, -1132 
1719831283368.00, -162683, -534802, -1129 
1719831283391.00, -163384, -538347, -1111 
1719831283412.00, -162480, -541933, -1094 
1719831283434.00, -160941, -545476, -1077 
1719831283455.00, -158841, -548995, -1044 
1719831283478.00, -155628, -552469, -994 
1719831283500.00, -150581, -555842, -987 
1719831283522.00, -147069, -559113, -960 
1719831283544.00, -143343, -562301, -935 
1719831283565.00, -139607, -565423, -906 
1719831283587.00, -135710, -568452, -888 
1719831283609.00, -132298, -571385, -861 
1719831283631.00, -128609, -574269, -852 
1719831283652.00, -125711, -577049, -815 
1719831283674.00, -121870, -579768, -770 
1719831283695.00, -116734, -582432, -727 
1719831283718.00, -110960, -584959, -684 
1719831283739.00, -105104, -587360, -661 
1719831283761.00, -100025, -589646, -639 
1719831283783.00, -96086, -591818, -548 
1719831283804.00, -87842, -593876, -428 
1719831283826.00, -50035, -595761, -402 
1719831283847.00, -27134, -596833, -204 
1719831283869.00, -13845, -597448, -136 
1719831283892.00, -5986, -597760, -74 
1719831283911.00, -1459, -597896, -39 
1719831283933.00, 542, -597925, 24 
1719831283955.00, 3649, -597917, 92 
1719831283976.00, 9730, -597832, 198 
1719831284003.00, 19497, -597619, 379 
1719831284020.00, 35927, -597193, 498 
1719831284041.00, 53219, -596422, 583 
1719831284062.00, 68685, -595290, 683 
1719831284085.00, 83633, -593784, 769 
1719831284106.00, 97462, -591979, 842 
1719831284127.00, 110032, -589848, 853 
1719831284150.00, 118089, -587442, 875 
1719831284171.00, 124062, -584872, 886 
1719831284193.00, 128208, -582170, 852 
1719831284215.00, 128530, -579383, 848 
1719831284236.00, 128362, -576576, 863 
1719831284258.00, 128968, -573780, 869 
1719831284280.00, 129654, -570979, 879 
1719831284301.00, 130607, -568158, 895 
1719831284324.00, 131890, -565321, 930 
1719831284345.00, 134614, -562451, 950 
1719831284367.00, 137545, -559512, 943 
1719831284388.00, 138782, -556518, 961 
1719831284410.00, 140440, -553491, 985 
1719831284434.00, 142871, -550429, 986 
1719831284453.00, 144187, -547329, 1005 
1719831284474.00, 146073, -544165, 1018 
1719831284496.00, 147749, -540971, 1021 
1719831284518.00, 149023, -537738, 1030 
1719831284543.00, 150106, -534487, 1049 
1719831284561.00, 152104, -531205, 1048 
1719831284583.00, 153180, -527876, 1057 
1719831284605.00, 154022, -524538, 1056 
1719831284626.00, 154395, -521173, 1075 
1719831284649.00, 155682, -517802, 1084 
1719831284671.00, 156963, -514392, 1102 
1719831284692.00, 158644, -510965, 1096 
1719831284714.00, 159234, -507495, 1106 
1719831284735.00, 160062, -504013, 1105 
1719831284758.00, 160613, -500515, 1098 
1719831284780.00, 160542, -497012, 1081 
1719831284801.00, 159196, -493513, 1089 
1719831284823.00, 158878, -490026, 1090 
1719831284845.00, 158518, -486559, 1089 
1719831284869.00, 158304, -483087, 1077 
1719831284888.00, 157137, -479623, 1071 
1719831284910.00, 156399, -476186, 1048 
1719831284932.00, 154554, -472773, 1044 
1719831284954.00, 153000, -469407, 1048 
1719831284980.00, 152318, -466062, 1020 
1719831284997.00, 150055, -462737, 1014 
1719831285020.00, 148383, -459464, 983 
1719831285043.00, 145461, -456242, 946 
1719831285064.00, 141531, -453089, 923 
1719831285088.00, 137669, -450009, 883 
1719831285108.00, 133043, -447022, 863 
1719831285129.00, 128920, -444134, 835 
1719831285151.00, 124744, -441338, 798 
1719831285173.00, 120053, -438628, 758 
1719831285196.00, 114692, -436027, 709 
1719831285216.00, 108635, -433530, 678 
1719831285238.00, 103390, -431187, 627 
1719831285259.00, 58877, -428960, 541 
1719831285281.00, 32663, -427686, 514 
1719831285303.00, 16898, -426959, 482 
1719831285324.00, 7818, -426580, 406 
1719831285346.00, 2576, -426406, 393 
1719831285366.00, -58, -426348, 363 
1719831285389.00, -2057, -426352, 258 
1719831285410.00, -3566, -426396, 137 
1719831285432.00, -4104, -426486, -40 
1719831285453.00, -6645, -426595, -273 
1719831285475.00, -21930, -426752, -366 
1719831285497.00, -36742, -427235, -633 
1719831285518.00, -61642, -428031, -696 
1719831285540.00, -80392, -429350, -730 
1719831285562.00, -93395, -431105, -849 
1719831285583.00, -108168, -433133, -866 
1719831285605.00, -117871, -435514, -871 
1719831285626.00, -123759, -438078, -858 
1719831285648.00, -126453, -440766, -873 
1719831285670.00, -128684, -443534, -910 
1719831285691.00, -132199, -446332, -939 
1719831285714.00, -135791, -449207, -953 
1719831285735.00, -138863, -452183, -966 
1719831285757.00, -141225, -455207, -983 
1719831285779.00, -143666, -458282, -979 
1719831285800.00, -144885, -461419, -961 
1719831285822.00, -144305, -464562, -966 
1719831285844.00, -143767, -467709, -970 
1719831285865.00, -143753, -470850, -943 
1719831285888.00, -142328, -473969, -956 
1719831285909.00, -142127, -477068, -976 
1719831285931.00, -143162, -480155, -982 
1719831285953.00, -144010, -483272, -978 
1719831285975.00, -144232, -486411, -987 
1719831285995.00, -144824, -489533, -1019 
1719831286016.00, -147108, -492715, -1032 
1719831286038.00, -149084, -495926, -1026 
1719831286060.00, -149905, -499185, -1027 
1719831286081.00, -150282, -502453, -1039 
1719831286104.00, -151217, -505737, -1038 
1719831286126.00, -151542, -509047, -1045 
1719831286147.00, -152172, -512353, -1053 
1719831286169.00, -152998, -515680, -1074 
1719831286191.00, -154584, -519031, -1057 
1719831286212.00, -154530, -522401, -1046 
1719831286234.00, -153567, -525786, -1044 
1719831286256.00, -152678, -529134, -1053 
1719831286278.00, -152939, -532477, -1021 
1719831286300.00, -150965, -535826, -1021 
1719831286322.00, -149780, -539108, -1022 
1719831286345.00, -149020, -542386, -978 
1719831286367.00, -145953, -545628, -983 
1719831286389.00, -144386, -548800, -996 
1719831286410.00, -143893, -551946, -987 
1719831286432.00, -143115, -555062, -964 
1719831286453.00, -141453, -558185, -946 
1719831286475.00, -139392, -561251, -936 
1719831286497.00, -137467, -564277, -896 
1719831286519.00, -133819, -567267, -872 
1719831286540.00, -130266, -570164, -848 
1719831286562.00, -126548, -572995, -781 
1719831286583.00, -120233, -575746, -703 
1719831286605.00, -111708, -578342, -660 
1719831286627.00, -104192, -580761, -637 
1719831286648.00, -98257, -583024, -610 
1719831286671.00, -92987, -585150, -569 
1719831286692.00, -87516, -587151, -539 
1719831286714.00, -82335, -589049, -512 
1719831286735.00, -77501, -590825, -440 
1719831286757.00, -70310, -592505, -416 
1719831286779.00, -64739, -594030, -370 
1719831286801.00, -36445, -595421, -356 
1719831286822.00, -19749, -596223, -345 
1719831286844.00, -9723, -596668, -351 
1719831286865.00, -3796, -596884, -318 
1719831286887.00, -217, -596973, -320 
1719831286908.00, 1085, -596984, -287 
1719831286930.00, 2343, -596969, -245 
1719831286952.00, 3251, -596921, -208 
1719831286973.00, 3784, -596850, -177 
1719831286995.00, 4005, -596767, -150 
1719831287017.00, 4039, -596679, -121 
1719831287038.00, 4058, -596592, -100 
1719831287059.00, 3925, -596503, -85 
1719831287081.00, 3965, -596415, -65 
1719831287102.00, 3709, -596330, -66 
1719831287124.00, 3628, -596247, -53 
1719831287146.00, 3465, -596175, -47 
1719831287167.00, 3339, -596101, -40 
1719831287189.00, 3386, -596027, -37 
1719831287211.00, 3252, -595956, -35 
1719831287232.00, 3184, -595885, -28 
1719831287254.00, 3090, -595819, -26 
1719831287275.00, 3030, -595753, -24 
1719831287297.00, 2945, -595688, -22 
1719831287318.00, 2863, -595626, -23 
1719831287340.00, 2801, -595563, -23 
1719831287361.00, 2699, -595503, -22 
1719831287383.00, 2491, -595445, -17 
1719831287404.00, 2435, -595389, -15 
1719831287426.00, 2464, -595336, -13 
1719831287447.00, 2441, -595285, -13 
1719831287469.00, 2294, -595232, -10 
1719831287491.00, 2245, -595181, -6 
1719831287512.00, 2199, -595132, -4 
1719831287533.00, 2153, -595085, 0 
1719831287555.00, 2047, -595039, 5 
1719831287576.00, 2044, -594993, 8 
1719831287598.00, 2086, -594948, 13 
1719831287618.00, 2816, -594902, 28 
1719831287641.00, 4134, -594841, 30 
1719831287662.00, 4883, -594755, 27 
1719831287684.00, 5393, -594649, 26 
1719831287705.00, 5218, -594538, 27 
1719831287726.00, 5398, -594421, 33 
1719831287748.00, 6021, -594306, 34 
1719831287769.00, 6262, -594182, 32 
1719831287791.00, 6177, -594047, 30 
1719831287812.00, 6095, -593911, 27 
1719831287834.00, 5626, -593781, 25 
1719831287855.00, 5394, -593656, 22 
1719831287876.00, 5057, -593540, 21 
1719831287898.00, 4720, -593430, 20 
1719831287920.00, 4444, -593328, 21 
1719831287941.00, 4439, -593229, 23 
1719831287962.00, 4462, -593135, 25 
1719831287984.00, 4648, -593036, 27 
1719831288005.00, 4823, -592939, 25 
1719831288027.00, 4816, -592837, 25 
1719831288048.00, 4790, -592734, 23 
1719831288070.00, 4683, -592632, 26 
1719831288091.00, 4752, -592532, 23 
1719831288112.00, 4697, -592431, 18 
1719831288134.00, 4218, -592333, 16 
1719831288156.00, 3813, -592238, 12 
1719831288177.00, 3333, -592157, 7 
1719831288198.00, 2300, -592090, 7 
1719831288259.00, 1648, -592041, 4 
1719831288259.00, 1299, -592005, 6 
1719831288263.00, 982, -591977, 7 
1719831288284.00, 0, -591955, -145 
1719831288305.00, 0, -591953, -146 
1719831288326.00, 0, -591953, -143 
1719831288347.00, 0, -591954, -144 
1719831288369.00, 0, -591954, -147 
1719831288389.00, 0, -591954, -151 
1719831288410.00, 0, -591955, -156 
1719831288432.00, 0, -591955, -165 
1719831288453.00, 0, -591956, -180 
1719831288474.00, 0, -591955, -203 
1719831288495.00, 0, -591956, -211 
1719831288516.00, 0, -591958, -221 
1719831288537.00, 0, -591959, -244 
1719831288558.00, 0, -591960, -262 
1719831288580.00, 0, -591960, -277 
1719831288601.00, 0, -591960, -280 
1719831288621.00, 0, -591961, -278 
1719831288642.00, 0, -591960, -278 
1719831288664.00, 0, -591961, -274 
1719831288685.00, 0, -591959, -262 
1719831288706.00, 0, -591960, -257 
1719831288727.00, 0, -591960, -248 
1719831288748.00, 0, -591960, -236 
1719831288770.00, 0, -591959, -222 
1719831288791.00, 0, -591957, -211 
1719831288812.00, 0, -591957, -202 
1719831288832.00, 0, -591957, -193 
1719831288854.00, 0, -591956, -183 
1719831288875.00, 0, -591956, -173 
1719831288896.00, 0, -591956, -164 
1719831288917.00, 0, -591955, -154 
1719831288938.00, 0, -591955, -148 
1719831288960.00, 0, -591955, -135 
1719831288981.00, 0, -591954, -130 
1719831289002.00, 0, -591953, -129 
1719831289023.00, 0, -591954, -129 
1719831289044.00, 0, -591953, -132 
1719831289065.00, 0, -591955, -137 
1719831289086.00, 0, -591954, -140 
1719831289107.00, 0, -591954, -138 
1719831289128.00, 0, -591954, -135 
1719831289150.00, 0, -591954, -132 
1719831289170.00, 0, -591955, -131 
1719831289191.00, 0, -591954, -129 
1719831289213.00, 0, -591954, -129 
1719831289234.00, 0, -591954, -126 
1719831289255.00, 0, -591954, -125 
1719831289276.00, 0, -591953, -125 
1719831289297.00, 0, -591954, -124 
1719831289319.00, 0, -591954, -125 
1719831289340.00, 0, -591955, -124 
1719831289361.00, 0, -591954, -125 
1719831289382.00, 0, -591954, -124 
1719831289402.00, 0, -591953, -125 
1719831289424.00, 0, -591953, -125 
1719831289445.00, 0, -591954, -125 
1719831289466.00, 0, -591953, -125 
1719831289488.00, 0, -591954, -125 
1719831289509.00, 0, -591953, -125 
1719831289529.00, 0, -591953, -125 
1719831289550.00, 0, -591954, -125 
1719831289572.00, 0, -591954, -125 
1719831289593.00, 0, -591953, -125 
1719831289614.00, 0, -591953, -125 
1719831289635.00, 0, -591953, -125 
1719831289657.00, 0, -591954, -125 
1719831289677.00, 0, -591955, -125 
1719831289698.00, 0, -591954, -125 
1719831289720.00, 0, -591953, -125 
1719831289741.00, 0, -591954, -125 
1719831289762.00, 0, -591954, -125 
1719831289782.00, 0, -591953, -125 
1719831289804.00, 0, -591955, -125 
1719831289825.00, 0, -591954, -125 
1719831289846.00, 0, -591954, -125 
1719831289867.00, 0, -591954, -125 
1719831289889.00, 0, -591955, -125 
1719831289909.00, 0, -591953, -125 
1719831289930.00, 0, -591953, -125 
1719831289951.00, 0, -591954, -125 
1719831289973.00, 0, -591953, -125 
1719831289994.00, 0, -591954, -125 
1719831290016.00, 0, -591954, -125 
1719831290037.00, 0, -591954, -125 
1719831290058.00, 0, -591954, -125 
1719831290078.00, 0, -591953, -125 
1719831290100.00, 0, -591953, -125 
1719831290120.00, 0, -591954, -125 
1719831290145.00, 0, -591953, -125 
1719831290162.00, 0, -591954, -125 
1719831290184.00, 0, -591955, -125 
1719831290205.00, 0, -591954, -125 
1719831290226.00, 0, -591954, -125 
1719831290247.00, 0, -591954, -125 
1719831290268.00, 0, -591953, -125 
1719831290290.00, 0, -591953, -125 
1719831290311.00, 0, -591954, -125 
1719831290332.00, 0, -591954, -125 
1719831290353.00, 0, -591954, -125 
1719831290374.00, 0, -591953, -125 
1719831290395.00, 0, -591953, -125 
1719831290417.00, 0, -591954, -125 
1719831290438.00, 0, -591954, -125 
1719831290459.00, 0, -591954, -125 
1719831290480.00, 0, -591953, -125 
1719831290501.00, 0, -591954, -125 
1719831290522.00, 0, -591954, -125 
1719831290543.00, 0, -591953, -125 
1719831290564.00, 0, -591954, -125 
1719831290585.00, 0, -591954, -125 
1719831290607.00, 0, -591954, -125 
1719831290628.00, 0, -591953, -125 
1719831290649.00, 0, -591954, -125 
1719831290670.00, 0, -591955, -125 
1719831290691.00, 0, -591953, -125 
1719831290712.00, 0, -591954, -125 
1719831290733.00, 0, -591954, -125 
1719831290754.00, 0, -591954, -125 
1719831290776.00, 0, -591953, -125 
1719831290796.00, 0, -591953, -125 
1719831290817.00, 0, -591954, -125 
1719831290839.00, 0, -591954, -125 
1719831290860.00, 0, -591954, -125 
1719831290881.00, 0, -591954, -125 
1719831290903.00, 0, -591954, -125 
1719831290923.00, 0, -591954, -125 
1719831290944.00, 0, -591954, -125 
1719831290965.00, 0, -591954, -125 
1719831290987.00, 0, -591954, -125 
1719831291017.00, 0, -591954, -125 
1719831291029.00, 0, -591954, -125 
1719831291050.00, 0, -591954, -125 
1719831291071.00, 0, -591955, -125 
1719831291092.00, 0, -591954, -125 
1719831291113.00, 0, -591954, -125 
1719831291136.00, 0, -591954, -125 
1719831291156.00, 0, -591954, -125 
1719831291176.00, 0, -591954, -125 
1719831291197.00, 0, -591953, -125 
1719831291219.00, 0, -591954, -125 
