1721652266385.00, 602, -597270, -431 
1721652266406.00, 614, -597258, -444 
1721652266428.00, 697, -597247, -455 
1721652266450.00, 663, -597233, -476 
1721652266471.00, 663, -597218, -482 
1721652266493.00, 645, -597203, -475 
1721652266514.00, 666, -597189, -475 
1721652266536.00, 670, -597176, -479 
1721652266557.00, 680, -597161, -468 
1721652266579.00, 632, -597146, -465 
1721652266600.00, 609, -597132, -465 
1721652266622.00, 600, -597120, -458 
1721652266644.00, 594, -597106, -452 
1721652266665.00, 575, -597093, -445 
1721652266686.00, 570, -597081, -442 
1721652266707.00, 523, -597067, -440 
1721652266729.00, 492, -597056, -440 
1721652266751.00, 493, -597045, -439 
1721652266773.00, 494, -597035, -433 
1721652266794.00, 471, -597024, -430 
1721652266816.00, 461, -597014, -425 
1721652266837.00, 432, -597004, -422 
1721652266859.00, 465, -596995, -420 
1721652266880.00, 414, -596984, -417 
1721652266902.00, 376, -596974, -413 
1721652266924.00, 352, -596966, -411 
1721652266945.00, 343, -596958, -408 
1721652266967.00, 359, -596950, -401 
1721652266988.00, 364, -596942, -396 
1721652267010.00, 365, -596933, -395 
1721652267033.00, 375, -596926, -394 
1721652267053.00, 376, -596918, -390 
1721652267074.00, 354, -596910, -389 
1721652267096.00, 359, -596903, -388 
1721652267118.00, 365, -596894, -390 
1721652267143.00, 370, -596885, -389 
1721652267161.00, 395, -596878, -381 
1721652267182.00, 369, -596869, -371 
1721652267204.00, 335, -596861, -365 
1721652267225.00, 309, -596853, -362 
1721652267249.00, 270, -596848, -360 
1721652267268.00, 256, -596842, -363 
1721652267289.00, 236, -596838, -366 
1721652267311.00, 246, -596831, -366 
1721652267332.00, 239, -596825, -362 
1721652267356.00, 225, -596819, -356 
1721652267376.00, 227, -596815, -354 
1721652267397.00, 234, -596810, -352 
1721652267419.00, 233, -596805, -349 
1721652267441.00, 324, -596801, -346 
1721652267462.00, 303, -596794, -345 
1721652267484.00, 271, -596788, -345 
1721652267505.00, 245, -596781, -345 
1721652267527.00, 232, -596776, -342 
1721652267548.00, 227, -596770, -339 
1721652267571.00, 198, -596766, -339 
1721652267591.00, 179, -596761, -339 
1721652267613.00, 206, -596758, -333 
1721652267635.00, 228, -596752, -324 
1721652267656.00, 230, -596747, -315 
1721652267678.00, 265, -596742, -303 
1721652267699.00, 304, -596734, -276 
1721652267721.00, 350, -596726, -241 
1721652267742.00, 378, -596718, -210 
1721652267764.00, 422, -596708, -169 
1721652267785.00, 438, -596694, -108 
1721652267807.00, 412, -596680, -44 
1721652267828.00, 374, -596665, 10 
1721652267849.00, 62, -596655, 59 
1721652267871.00, 3752, -596648, 102 
1721652267893.00, 8462, -596570, 120 
1721652267914.00, 12056, -596392, 131 
1721652267936.00, 14896, -596123, 149 
1721652267957.00, 18052, -595799, 171 
1721652267979.00, 21188, -595419, 175 
1721652268001.00, 22950, -594967, 167 
1721652268023.00, 23551, -594465, 165 
1721652268043.00, 23929, -593948, 164 
1721652268065.00, 24016, -593430, 160 
1721652268088.00, 23855, -592915, 145 
1721652268109.00, 22842, -592407, 125 
1721652268131.00, 21018, -591912, 135 
1721652268152.00, 20495, -591451, 139 
1721652268174.00, 20806, -591009, 121 
1721652268196.00, 19446, -590562, 119 
1721652268217.00, 18686, -590131, 139 
1721652268239.00, 19005, -589727, 148 
1721652268261.00, 20043, -589318, 126 
1721652268281.00, 19239, -588893, 93 
1721652268303.00, 17080, -588476, 75 
1721652268325.00, 14442, -588105, 73 
1721652268347.00, 12457, -587792, 55 
1721652268368.00, 10459, -587519, 24 
1721652268389.00, 7387, -587288, 15 
1721652268411.00, 5181, -587122, 38 
1721652268432.00, 5100, -587006, 63 
1721652268454.00, 6972, -586891, 85 
1721652268476.00, 9256, -586746, 112 
1721652268497.00, 11962, -586539, 151 
1721652268519.00, 16142, -586275, 207 
1721652268541.00, 21650, -585931, 238 
1721652268562.00, 27206, -585466, 258 
1721652268583.00, 31656, -584879, 275 
1721652268605.00, 35131, -584198, 288 
1721652268627.00, 38040, -583438, 293 
1721652268649.00, 40073, -582627, 281 
1721652268671.00, 40610, -581760, 285 
1721652268692.00, 41304, -580872, 309 
1721652268713.00, 43102, -579974, 328 
1721652268735.00, 44959, -579057, 321 
1721652268757.00, 45717, -578083, 307 
1721652268785.00, 45346, -577091, 321 
1721652268800.00, 46028, -576110, 355 
1721652268822.00, 48184, -575120, 345 
1721652268844.00, 48936, -574068, 343 
1721652268865.00, 49249, -573004, 360 
1721652268886.00, 50408, -571936, 369 
1721652268909.00, 51705, -570839, 358 
1721652268930.00, 51926, -569728, 351 
1721652268952.00, 51439, -568604, 338 
1721652268973.00, 50426, -567486, 350 
1721652268995.00, 50453, -566393, 357 
1721652269016.00, 51034, -565303, 337 
1721652269038.00, 50146, -564188, 337 
1721652269060.00, 49652, -563111, 357 
1721652269081.00, 50035, -562039, 349 
1721652269103.00, 50137, -560939, 331 
1721652269125.00, 49335, -559858, 343 
1721652269147.00, 49410, -558793, 356 
1721652269168.00, 50145, -557715, 371 
1721652269189.00, 51440, -556635, 376 
1721652269218.00, 52495, -555523, 372 
1721652269233.00, 52902, -554376, 373 
1721652269255.00, 52957, -553237, 364 
1721652269276.00, 52726, -552087, 350 
1721652269298.00, 51752, -550940, 344 
1721652269321.00, 50511, -549832, 339 
1721652269340.00, 49666, -548728, 318 
1721652269362.00, 47923, -547642, 300 
1721652269384.00, 45534, -546609, 297 
1721652269406.00, 43860, -545622, 296 
1721652269427.00, 43164, -544660, 289 
1721652269449.00, 42374, -543732, 292 
1721652269471.00, 42178, -542821, 293 
1721652269492.00, 41974, -541902, 288 
1721652269514.00, 41395, -540988, 276 
1721652269536.00, 40338, -540096, 280 
1721652269558.00, 40027, -539220, 283 
1721652269579.00, 39942, -538349, 279 
1721652269600.00, 39653, -537481, 277 
1721652269622.00, 39468, -536631, 293 
1721652269644.00, 40148, -535774, 308 
1721652269665.00, 41597, -534890, 320 
1721652269687.00, 43076, -533988, 333 
1721652269709.00, 44873, -533063, 346 
1721652269731.00, 46545, -532083, 359 
1721652269752.00, 48444, -531069, 374 
1721652269773.00, 50447, -530033, 379 
1721652269795.00, 51831, -528931, 360 
1721652269817.00, 51620, -527804, 348 
1721652269839.00, 50908, -526701, 342 
1721652269860.00, 49943, -525595, 340 
1721652269882.00, 49245, -524509, 339 
1721652269904.00, 48920, -523452, 326 
1721652269925.00, 47669, -522392, 306 
1721652269947.00, 45737, -521347, 309 
1721652269969.00, 44610, -520365, 316 
1721652269990.00, 44691, -519395, 305 
1721652270012.00, 43884, -518420, 301 
1721652270033.00, 43171, -517470, 303 
1721652270055.00, 42616, -516541, 286 
1721652270077.00, 41563, -515595, 268 
1721652270099.00, 39776, -514684, 270 
1721652270120.00, 39081, -513832, 281 
1721652270142.00, 39299, -512988, 284 
1721652270163.00, 39527, -512133, 287 
1721652270185.00, 39900, -511276, 292 
1721652270207.00, 40497, -510423, 306 
1721652270228.00, 41797, -509546, 310 
1721652270250.00, 42624, -508636, 304 
1721652270271.00, 42529, -507714, 313 
1721652270293.00, 43205, -506801, 312 
1721652270315.00, 43445, -505856, 318 
1721652270336.00, 44155, -504909, 327 
1721652270358.00, 44976, -503968, 336 
1721652270379.00, 46106, -502992, 341 
1721652270401.00, 46903, -501990, 358 
1721652270423.00, 48295, -500971, 369 
1721652270445.00, 50035, -499925, 354 
1721652270466.00, 50046, -498831, 357 
1721652270488.00, 50148, -497754, 362 
1721652270510.00, 50629, -496672, 350 
1721652270532.00, 50093, -495562, 342 
1721652270552.00, 49307, -494483, 334 
1721652270575.00, 48582, -493427, 309 
1721652270596.00, 46436, -492363, 308 
1721652270617.00, 45132, -491356, 307 
1721652270639.00, 44266, -490389, 298 
1721652270661.00, 43361, -489415, 294 
1721652270682.00, 42736, -488475, 285 
1721652270704.00, 41555, -487567, 288 
1721652270726.00, 40712, -486667, 280 
1721652270748.00, 39856, -485769, 283 
1721652270769.00, 39491, -484904, 276 
1721652270790.00, 38685, -484058, 253 
1721652270813.00, 37025, -483200, 212 
1721652270834.00, 33865, -482390, 178 
1721652270857.00, 29956, -481657, 150 
1721652270878.00, 25895, -481022, 126 
1721652270899.00, 22150, -480467, 123 
1721652270921.00, 19682, -479979, 120 
1721652270942.00, 17905, -479553, 115 
1721652270964.00, 16762, -479166, 108 
1721652270986.00, 15715, -478803, 111 
1721652271007.00, 15009, -478464, 126 
1721652271029.00, 15644, -478141, 109 
1721652271050.00, 14883, -477810, 112 
1721652271072.00, 14911, -477495, 106 
1721652271093.00, 14480, -477175, 91 
1721652271115.00, 13010, -476863, 93 
1721652271137.00, 12605, -476575, 90 
1721652271159.00, 11923, -476299, 90 
1721652271180.00, 11691, -476039, 82 
1721652271202.00, 11302, -475785, 89 
1721652271222.00, 11072, -475544, 81 
1721652271245.00, 10540, -475299, 85 
1721652271266.00, 10409, -475069, 94 
1721652271288.00, 10946, -474845, 93 
1721652271309.00, 11285, -474608, 79 
1721652271330.00, 10741, -474370, 72 
1721652271352.00, 10063, -474142, 75 
1721652271373.00, 9631, -473924, 77 
1721652271396.00, 9633, -473711, 89 
1721652271416.00, 10243, -473502, 88 
1721652271438.00, 10469, -473283, 78 
1721652271459.00, 9954, -473048, 66 
1721652271481.00, 9089, -472829, 47 
1721652271502.00, 7762, -472631, 36 
1721652271524.00, 6078, -472465, 31 
1721652271545.00, 4830, -472330, 30 
1721652271567.00, 4045, -472225, 31 
1721652271589.00, 3693, -472138, 39 
1721652271609.00, 3771, -472058, 42 
1721652271631.00, 4226, -471977, 31 
1721652271653.00, 3759, -471889, 21 
1721652271674.00, 2977, -471807, 21 
1721652271696.00, 2475, -471742, 25 
1721652271718.00, 2353, -471688, 25 
1721652271739.00, 2445, -471637, 28 
1721652271760.00, 2594, -471586, 25 
1721652271782.00, 2614, -471531, 14 
1721652271803.00, 1879, -471476, 13 
1721652271824.00, 1422, -471436, 20 
1721652271846.00, 1525, -471406, 28 
1721652271867.00, 2079, -471371, 29 
1721652271889.00, 2539, -471328, 27 
1721652271910.00, 2748, -471277, 18 
1721652271932.00, 2312, -471221, 13 
1721652271954.00, 1703, -471172, 17 
1721652271975.00, 1611, -471136, 14 
1721652271996.00, 1397, -471100, 10 
1721652272017.00, 0, -471073, 8 
1721652272039.00, 6, -471069, 17 
1721652272062.00, 791, -471071, 9 
1721652272081.00, 387, -471058, 7 
1721652272103.00, 218, -471048, 10 
1721652272124.00, -4, -471045, 10 
1721652272144.00, 0, -471044, 9 
1721652272166.00, 0, -471044, 6 
1721652272187.00, 0, -471044, -4 
1721652272208.00, 0, -471044, 10 
1721652272229.00, 0, -471044, 7 
1721652272249.00, 0, -471043, 6 
1721652272272.00, 0, -471043, 13 
1721652272293.00, 779, -471042, 22 
1721652272313.00, 1771, -471028, 3 
1721652272335.00, 1049, -470993, -8 
1721652272357.00, 541, -470966, 13 
1721652272378.00, 1083, -470955, -7 
1721652272400.00, 647, -470933, -19 
1721652272420.00, -75, -470917, 3 
1721652272441.00, 0, -470919, 12 
1721652272463.00, 107, -470918, 15 
1721652272485.00, 844, -470915, 11 
1721652272510.00, 1174, -470900, -1 
1721652272527.00, 718, -470875, -4 
1721652272548.00, 405, -470858, 3 
1721652272570.00, 225, -470849, 3 
1721652272591.00, 107, -470845, -4 
1721652272613.00, 55, -470842, -7 
1721652272634.00, 54, -470841, -9 
1721652272655.00, 58, -470840, -9 
1721652272677.00, 50, -470839, -2 
1721652272697.00, 51, -470837, 0 
1721652272719.00, 64, -470837, -8 
1721652272740.00, 50, -470836, -7 
1721652272761.00, 52, -470835, 4 
1721652272783.00, 61, -470834, 4 
1721652272803.00, -4, -470836, -5 
1721652272831.00, -4, -470834, -13 
1721652272846.00, -79, -470835, -16 
1721652272868.00, -976, -470840, -16 
1721652272889.00, -1639, -470849, -6 
1721652272910.00, -985, -470881, -7 
1721652272932.00, -601, -470903, -17 
1721652272953.00, -1391, -470916, -22 
1721652272974.00, -2124, -470945, -8 
1721652272996.00, -1338, -470989, 3 
1721652273017.00, -774, -471018, 0 
1721652273038.00, -447, -471033, 4 
1721652273060.00, -328, -471044, 7 
1721652273081.00, -191, -471052, -6 
1721652273102.00, -112, -471058, -18 
1721652273124.00, -1184, -471059, -13 
1721652273145.00, -1476, -471081, -4 
1721652273166.00, -839, -471112, -1 
1721652273187.00, -462, -471130, 4 
1721652273209.00, -296, -471141, 4 
1721652273230.00, -139, -471146, 0 
1721652273251.00, -60, -471148, 10 
1721652273272.00, -67, -471148, 24 
1721652273294.00, 920, -471149, 25 
1721652273315.00, 1935, -471138, 17 
1721652273337.00, 2092, -471103, 17 
1721652273358.00, 2240, -471060, 8 
1721652273379.00, 1357, -471014, -13 
1721652273401.00, 1, -470984, -14 
1721652273422.00, -186, -470980, 4 
1721652273443.00, -22, -470986, 8 
1721652273464.00, 0, -470986, 12 
1721652273485.00, 91, -470986, 4 
1721652273506.00, 0, -470982, -5 
1721652273527.00, -20, -470984, 1 
1721652273548.00, -48, -470983, 15 
1721652273570.00, 755, -470983, 9 
1721652273592.00, 422, -470970, 0 
1721652273613.00, 211, -470961, 3 
1721652273634.00, 107, -470957, -11 
1721652273655.00, -61, -470955, -10 
1721652273676.00, -55, -470957, -1 
1721652273697.00, -1, -470957, -4 
1721652273718.00, 0, -470957, -18 
1721652273739.00, -823, -470958, -13 
1721652273762.00, -1158, -470969, 2 
1721652273782.00, -701, -470995, 0 
1721652273804.00, -369, -471009, -22 
1721652273826.00, -1478, -471017, -29 
1721652273847.00, -2716, -471046, 0 
1721652273869.00, -1657, -471099, 16 
1721652273889.00, 0, -471137, -9 
1721652273910.00, 0, -471143, -35 
1721652273932.00, -1999, -471142, -14 
1721652273953.00, -2051, -471180, 0 
1721652273974.00, -1241, -471222, -13 
1721652273996.00, -1476, -471250, -12 
1721652274018.00, -1554, -471281, -5 
1721652274038.00, -902, -471314, -9 
1721652274060.00, -459, -471332, -19 
1721652274081.00, -1420, -471342, -11 
1721652274103.00, -1504, -471372, -7 
1721652274124.00, -896, -471404, -12 
1721652274146.00, -1207, -471423, -14 
1721652274167.00, -1542, -471447, 11 
1721652274189.00, -271, -471479, 5 
1721652274210.00, -69, -471488, -28 
1721652274231.00, -1703, -471487, -1 
1721652274252.00, -982, -471522, 8 
1721652274274.00, -553, -471543, 11 
1721652274294.00, -4, -471555, 18 
1721652274316.00, 760, -471553, 33 
1721652274338.00, 2351, -471541, 26 
1721652274359.00, 2827, -471496, 32 
1721652274380.00, 3677, -471437, 29 
1721652274402.00, 3821, -471360, 32 
1721652274423.00, 4211, -471280, 30 
1721652274445.00, 4167, -471194, 25 
1721652274466.00, 4157, -471101, 27 
1721652274487.00, 3984, -471016, 29 
1721652274509.00, 4211, -470929, 32 
1721652274531.00, 4489, -470840, 32 
1721652274553.00, 4553, -470743, 36 
1721652274574.00, 4760, -470643, 47 
1721652274595.00, 5525, -470539, 46 
1721652274617.00, 5916, -470418, 41 
1721652274638.00, 5795, -470290, 27 
1721652274659.00, 5234, -470161, 16 
1721652274687.00, 4086, -470049, 3 
1721652274702.00, 2477, -469958, 0 
1721652274723.00, 1448, -469901, 6 
1721652274745.00, 761, -469870, 9 
1721652274766.00, 378, -469853, -1 
1721652274787.00, 198, -469846, 1 
1721652274808.00, 83, -469840, 9 
1721652274829.00, -1, -469839, 12 
1721652274851.00, 692, -469839, 5 
1721652274872.00, 356, -469823, 5 
1721652274894.00, 174, -469815, 1 
1721652274915.00, 55, -469811, 0 
1721652274936.00, 17, -469811, -8 
1721652274957.00, -1, -469811, -8 
1721652274978.00, 0, -469810, -14 
1721652275000.00, -82, -469810, -5 
1721652275022.00, -1, -469813, -8 
1721652275042.00, 66, -469814, -5 
1721652275063.00, 0, -469814, -10 
1721652275085.00, 0, -469814, -3 
1721652275106.00, 0, -469813, 10 
1721652275131.00, 0, -469814, -1 
1721652275148.00, -65, -469814, -8 
1721652275169.00, 32, -469815, -26 
1721652275190.00, -1364, -469815, -4 
1721652275212.00, -781, -469835, 19 
1721652275234.00, 76, -469853, -1 
1721652275254.00, 0, -469852, -24 
1721652275275.00, -1117, -469852, -28 
1721652275297.00, -2214, -469870, -13 
1721652275319.00, -2100, -469915, -6 
1721652275341.00, -1269, -469961, -6 
1721652275362.00, -736, -469993, -18 
1721652275383.00, -1534, -470009, -19 
1721652275404.00, -2048, -470042, -13 
1721652275426.00, -2035, -470083, 0 
1721652275447.00, -1265, -470126, 0 
1721652275468.00, -747, -470153, 0 
1721652275489.00, -391, -470168, 13 
1721652275510.00, 34, -470177, 19 
1721652275532.00, 1055, -470174, 29 
1721652275554.00, 2289, -470159, 27 
1721652275575.00, 3004, -470116, -2 
1721652275596.00, 1866, -470054, -23 
1721652275618.00, -55, -470012, -12 
1721652275639.00, -506, -470009, -9 
1721652275660.00, -232, -470016, -12 
1721652275682.00, -754, -470021, -26 
1721652275703.00, -1903, -470036, -23 
1721652275725.00, -2549, -470074, -6 
1721652275746.00, -1580, -470128, -7 
1721652275767.00, -980, -470164, -24 
1721652275789.00, -1962, -470186, -26 
1721652275810.00, -2778, -470228, -14 
1721652275832.00, -2590, -470285, -17 
1721652275854.00, -2500, -470340, -32 
1721652275874.00, -3356, -470395, -28 
1721652275896.00, -3762, -470467, -27 
1721652275917.00, -3753, -470547, -22 
1721652275939.00, -3551, -470630, -19 
1721652275961.00, -3296, -470708, -17 
1721652275982.00, -2817, -470778, -26 
1721652276004.00, -3313, -470839, -20 
1721652276025.00, -3525, -470899, 51 
1721652276047.00, 607, -470978, -36 
1721652276068.00, -1363, -470973, -22 
1721652276089.00, -1922, -470989, 68 
1721652276113.00, 2328, -471023, 82 
1721652276132.00, 6247, -470994, 3 
1721652276154.00, 3853, -470871, -20 
1721652276175.00, 1217, -470785, -28 
1721652276196.00, -522, -470757, -3 
1721652276221.00, -94, -470762, 15 
1721652276239.00, 328, -470764, 30 
1721652276261.00, 1907, -470757, 34 
1721652276282.00, 3035, -470718, 36 
1721652276304.00, 4073, -470652, 17 
1721652276325.00, 3546, -470568, 16 
1721652276346.00, 3063, -470491, 26 
1721652276368.00, 3349, -470422, 32 
1721652276389.00, 3939, -470348, 29 
1721652276411.00, 4074, -470264, 30 
1721652276437.00, 4245, -470176, 26 
1721652276454.00, 4141, -470083, 24 
1721652276475.00, 3982, -469994, 24 
1721652276497.00, 3777, -469905, 25 
1721652276518.00, 3865, -469821, 29 
1721652276542.00, 4003, -469740, 31 
1721652276561.00, 4339, -469653, 39 
1721652276582.00, 4895, -469563, 36 
1721652276604.00, 5105, -469457, 37 
1721652276626.00, 5422, -469348, 30 
1721652276647.00, 5146, -469240, 33 
1721652276668.00, 4898, -469127, 32 
1721652276689.00, 4567, -469016, 30 
1721652276711.00, 4452, -468915, 28 
1721652276733.00, 4344, -468817, 22 
1721652276754.00, 3902, -468726, 28 
1721652276776.00, 3964, -468641, 22 
1721652276797.00, 3848, -468555, 19 
1721652276819.00, 3393, -468476, 29 
1721652276839.00, 3931, -468401, 37 
1721652276861.00, 4536, -468321, 48 
1721652276883.00, 5501, -468225, 48 
1721652276904.00, 6039, -468111, 38 
1721652276926.00, 5728, -467985, 50 
1721652276947.00, 6483, -467858, 63 
1721652276969.00, 7973, -467724, 60 
1721652276989.00, 8306, -467561, 56 
1721652277012.00, 8431, -467383, 62 
1721652277033.00, 8745, -467207, 55 
1721652277055.00, 8456, -467018, 55 
1721652277077.00, 8405, -466833, 53 
1721652277098.00, 7892, -466651, 44 
1721652277119.00, 7171, -466478, 33 
1721652277140.00, 6257, -466322, 24 
1721652277162.00, 4948, -466189, 20 
1721652277183.00, 4132, -466075, 29 
1721652277205.00, 4195, -465985, 37 
1721652277226.00, 4483, -465895, 26 
1721652277248.00, 4163, -465796, 25 
1721652277269.00, 3686, -465705, 33 
1721652277290.00, 4089, -465624, 25 
1721652277317.00, 3893, -465539, 11 
1721652277334.00, 2973, -465456, 22 
1721652277355.00, 2827, -465388, 32 
1721652277377.00, 3576, -465328, -6 
1721652277398.00, 2077, -465256, -25 
1721652277422.00, 5, -465211, -6 
1721652277440.00, 0, -465209, 2 
1721652277461.00, 0, -465209, 1 
1721652277482.00, 0, -465209, 3 
1721652277504.00, 0, -465208, 10 
1721652277525.00, 2, -465208, 15 
1721652277546.00, 552, -465208, 3 
1721652277567.00, 282, -465201, -22 
1721652277589.00, -661, -465196, -20 
1721652277610.00, -1489, -465205, -9 
1721652277630.00, -855, -465229, 6 
1721652277653.00, -459, -465245, -10 
1721652277673.00, 0, -465256, -10 
1721652277695.00, 5, -465256, 0 
1721652277716.00, 0, -465256, 5 
1721652277737.00, 2, -465257, 4 
1721652277759.00, 0, -465257, 1 
1721652277780.00, 0, -465256, 6 
1721652277800.00, -2, -465258, 1 
1721652277821.00, -19, -465258, -4 
1721652277843.00, 0, -465257, -10 
1721652277866.00, -31, -465258, -10 
1721652277885.00, 0, -465258, -9 
1721652277906.00, 0, -465258, -13 
1721652277927.00, -783, -465258, -11 
1721652277949.00, -1174, -465273, -13 
1721652277971.00, -1578, -465297, -24 
1721652277992.00, -2414, -465331, -31 
1721652278013.00, -3221, -465382, -44 
1721652278035.00, -4586, -465450, -14 
1721652278056.00, -3485, -465547, -27 
1721652278080.00, -3613, -465623, -12 
1721652278099.00, -2910, -465701, -2 
1721652278121.00, -1718, -465764, -5 
1721652278141.00, -987, -465803, -16 
1721652278163.00, -1529, -465826, -17 
1721652278190.00, -1902, -465858, -16 
1721652278206.00, -2104, -465898, -26 
1721652278228.00, -2882, -465944, -24 
1721652278249.00, -3251, -466005, -30 
1721652278271.00, -3826, -466074, -33 
1721652278292.00, -4239, -466154, -34 
1721652278314.00, -4418, -466249, -44 
1721652278335.00, -5211, -466346, -37 
1721652278357.00, -5423, -466455, -20 
1721652278378.00, -4424, -466569, -13 
1721652278400.00, -3401, -466667, -19 
1721652278421.00, -3131, -466739, -15 
1721652278442.00, -2753, -466806, -9 
1721652278463.00, -1625, -466866, -7 
1721652278485.00, -975, -466904, -15 
1721652278506.00, -1442, -466927, -21 
1721652278528.00, -2033, -466960, -26 
1721652278549.00, -2750, -467004, -33 
1721652278571.00, -3373, -467063, -35 
1721652278593.00, -4101, -467139, -43 
1721652278614.00, -5141, -467228, -47 
1721652278635.00, -5780, -467337, -49 
1721652278657.00, -6413, -467460, -56 
1721652278678.00, -7305, -467595, -63 
1721652278700.00, -8099, -467750, -70 
1721652278721.00, -8874, -467921, -67 
1721652278742.00, -9257, -468108, -57 
1721652278764.00, -9043, -468302, -47 
1721652278786.00, -8099, -468493, -69 
1721652278806.00, -8784, -468674, -106 
1721652278829.00, -11662, -468867, -127 
1721652278851.00, -14725, -469113, -122 
1721652278872.00, -15903, -469422, -112 
1721652278893.00, -16079, -469771, -149 
1721652278915.00, -18082, -470132, -179 
1721652278937.00, -21320, -470533, -186 
1721652278959.00, -23599, -470995, -184 
1721652278980.00, -25348, -471499, -198 
1721652279002.00, -26767, -472037, -216 
1721652279023.00, -28600, -472616, -216 
1721652279044.00, -29730, -473239, -203 
1721652279067.00, -29900, -473886, -182 
1721652279088.00, -28487, -474527, -166 
1721652279110.00, -26822, -475138, -166 
1721652279132.00, -25825, -475721, -172 
1721652279153.00, -25482, -476285, -165 
1721652279175.00, -24762, -476841, -135 
1721652279197.00, -22446, -477385, -116 
1721652279218.00, -20259, -477870, -104 
1721652279239.00, -18136, -478298, -84 
1721652279261.00, -15501, -478686, -66 
1721652279283.00, -12820, -479022, -42 
1721652279304.00, -9759, -479305, -22 
1721652279326.00, -6765, -479519, -15 
1721652279347.00, -4646, -479670, -10 
1721652279368.00, 42, -479771, -3 
1721652279392.00, 39, -479778, -7 
1721652279410.00, -1, -479777, 9 
1721652279431.00, 24, -479775, 15 
1721652279453.00, 799, -479773, 13 
1721652279475.00, 1211, -479760, 0 
1721652279496.00, 728, -479738, -1 
1721652279518.00, 406, -479724, -11 
1721652279539.00, -2, -479715, -15 
1721652279560.00, -727, -479716, -6 
1721652279581.00, -385, -479723, -4 
1721652279603.00, -212, -479731, -8 
1721652279624.00, -109, -479734, -6 
1721652279645.00, -68, -479736, -2 
1721652279666.00, -18, -479738, -7 
1721652279687.00, -50, -479739, 0 
1721652279709.00, 0, -479738, 19 
1721652279730.00, 352, -479737, 38 
1721652279751.00, 2463, -479730, 44 
1721652279773.00, 4136, -479682, 48 
1721652279794.00, 5347, -479593, 47 
1721652279816.00, 6091, -479481, 50 
1721652279837.00, 6565, -479352, 56 
1721652279859.00, 7351, -479211, 44 
1721652279881.00, 7133, -479056, 30 
1721652279901.00, 6121, -478902, 36 
1721652279923.00, 5911, -478770, 35 
1721652279945.00, 5517, -478645, 41 
1721652279966.00, 5594, -478526, 40 
1721652279988.00, 5660, -478407, 20 
1721652280009.00, 4533, -478287, 18 
1721652280031.00, 3622, -478189, 20 
1721652280052.00, 3249, -478109, 16 
1721652280073.00, 2852, -478040, -14 
1721652280095.00, 803, -477981, -30 
1721652280116.00, -901, -477959, -11 
1721652280137.00, -1139, -477974, -5 
1721652280159.00, -630, -477996, -5 
1721652280180.00, -354, -478007, 0 
1721652280201.00, -262, -478014, 2 
1721652280222.00, -217, -478019, -2 
1721652280244.00, -173, -478026, -15 
1721652280265.00, -1084, -478029, -18 
1721652280287.00, -1792, -478051, 0 
1721652280308.00, -1160, -478087, 11 
1721652280330.00, 0, -478112, 6 
1721652280350.00, 1, -478115, 0 
1721652280372.00, 0, -478115, 7 
1721652280393.00, 0, -478115, 12 
1721652280414.00, 84, -478115, 11 
1721652280435.00, 561, -478110, 7 
1721652280456.00, 301, -478102, 5 
1721652280478.00, 164, -478096, 17 
1721652280499.00, 1126, -478092, 19 
1721652280521.00, 1909, -478070, 3 
1721652280542.00, 1208, -478031, 20 
1721652280563.00, 1831, -478002, 51 
1721652280588.00, 4099, -477963, 36 
1721652280606.00, 4412, -477882, 20 
1721652280628.00, 3959, -477786, 24 
1721652280649.00, 3788, -477702, 35 
1721652280671.00, 4314, -477623, 24 
1721652280692.00, 4051, -477535, -6 
1721652280714.00, 2381, -477452, -5 
1721652280735.00, 1403, -477398, 4 
1721652280757.00, 875, -477367, -5 
1721652280778.00, 524, -477349, -3 
1721652280799.00, 267, -477336, 0 
1721652280820.00, 174, -477332, -21 
1721652280841.00, -233, -477329, -8 
1721652280863.00, 0, -477334, 16 
1721652280884.00, 262, -477332, 42 
1721652280906.00, 2583, -477325, 31 
1721652280927.00, 3397, -477276, 0 
1721652280949.00, 2084, -477202, 3 
1721652280970.00, 1176, -477157, 12 
1721652280991.00, 1390, -477130, 9 
1721652281013.00, 821, -477100, 23 
1721652281034.00, 1780, -477081, 30 
1721652281055.00, 2756, -477044, 17 
1721652281077.00, 2683, -476983, 16 
1721652281099.00, 2538, -476924, 11 
1721652281119.00, 2181, -476869, 9 
1721652281141.00, 1321, -476822, 9 
1721652281163.00, 710, -476794, 12 
1721652281184.00, 1140, -476778, -2 
1721652281205.00, 678, -476754, -10 
1721652281226.00, 0, -476738, 2 
1721652281247.00, 0, -476736, 6 
1721652281268.00, 0, -476738, 0 
1721652281290.00, 0, -476738, -10 
1721652281310.00, 0, -476737, -16 
1721652281332.00, -216, -476738, -24 
1721652281359.00, -1537, -476747, -27 
1721652281375.00, -2527, -476776, -27 
1721652281397.00, -3050, -476827, -29 
1721652281418.00, -3441, -476895, -30 
1721652281440.00, -3950, -476973, -46 
1721652281461.00, -5148, -477057, -43 
1721652281483.00, -5608, -477167, -40 
1721652281504.00, -5834, -477287, -44 
1721652281525.00, -6114, -477415, -50 
1721652281547.00, -6517, -477543, -54 
1721652281568.00, -6940, -477685, -53 
1721652281590.00, -7084, -477833, -51 
1721652281612.00, -7241, -477985, -53 
1721652281632.00, -7652, -478141, -51 
1721652281654.00, -7747, -478300, -51 
1721652281676.00, -7895, -478462, -51 
1721652281697.00, -7541, -478626, -51 
1721652281719.00, -7488, -478792, -49 
1721652281740.00, -7475, -478953, -48 
1721652281762.00, -7298, -479114, -47 
1721652281783.00, -7069, -479272, -53 
1721652281805.00, -7441, -479426, -55 
1721652281828.00, -7783, -479583, -58 
1721652281847.00, -8214, -479749, -61 
1721652281869.00, -8554, -479924, -61 
1721652281891.00, -8792, -480108, -60 
1721652281912.00, -8764, -480297, -63 
1721652281933.00, -8791, -480486, -64 
1721652281955.00, -9073, -480676, -62 
1721652281977.00, -9203, -480868, -63 
1721652281997.00, -9196, -481057, -70 
1721652282019.00, -9732, -481250, -75 
1721652282041.00, -10177, -481455, -76 
1721652282062.00, -10439, -481669, -77 
1721652282084.00, -10631, -481897, -76 
1721652282105.00, -10775, -482131, -71 
1721652282127.00, -10479, -482365, -69 
1721652282149.00, -10195, -482593, -69 
1721652282170.00, -10245, -482818, -69 
1721652282192.00, -9972, -483038, -61 
1721652282213.00, -9344, -483259, -42 
1721652282235.00, -7971, -483465, -38 
1721652282256.00, -6884, -483642, -34 
1721652282277.00, -6108, -483790, -26 
1721652282299.00, -5072, -483920, -17 
1721652282320.00, -4013, -484031, -11 
1721652282342.00, -2755, -484117, -8 
1721652282363.00, -1560, -484180, -8 
1721652282384.00, -815, -484214, -13 
1721652282406.00, -1112, -484231, -13 
1721652282428.00, -1345, -484254, -15 
1721652282449.00, -1520, -484282, -22 
1721652282470.00, -2127, -484315, -24 
1721652282492.00, -2642, -484359, -25 
1721652282513.00, -2874, -484415, -23 
1721652282535.00, -3041, -484477, -22 
1721652282560.00, -2983, -484539, -20 
1721652282577.00, -2835, -484604, -15 
1721652282599.00, -2539, -484667, -16 
1721652282620.00, -2411, -484720, -19 
1721652282642.00, -2455, -484772, -19 
1721652282664.00, -2493, -484824, -21 
1721652282685.00, -2708, -484875, -14 
1721652282707.00, -2281, -484932, -4 
1721652282727.00, -1232, -484980, 2 
1721652282748.00, -562, -485008, 0 
1721652282770.00, -205, -485021, 0 
1721652282791.00, 6, -485025, 2 
1721652282813.00, -2, -485027, 3 
1721652282833.00, 0, -485028, -5 
1721652282855.00, 0, -485027, -3 
1721652282875.00, 0, -485027, 0 
1721652282897.00, 0, -485027, 10 
1721652282917.00, 0, -485026, 4 
1721652282938.00, 0, -485026, 0 
1721652282959.00, 0, -485026, 3 
1721652282981.00, 0, -485026, 6 
1721652283002.00, 0, -485026, 13 
1721652283023.00, 99, -485026, 12 
1721652283045.00, 672, -485019, 7 
1721652283066.00, 378, -485010, 4 
1721652283087.00, 214, -485003, 7 
1721652283108.00, 129, -485000, 3 
1721652283130.00, 110, -484996, 8 
1721652283151.00, 66, -484993, 21 
1721652283172.00, 1317, -484991, 18 
1721652283194.00, 1873, -484968, 4 
1721652283217.00, 1172, -484928, 14 
1721652283237.00, 1660, -484902, 35 
1721652283258.00, 3122, -484866, 48 
1721652283280.00, 4840, -484800, 63 
1721652283301.00, 6585, -484701, 65 
1721652283327.00, 7690, -484563, 44 
1721652283344.00, 7133, -484397, 25 
1721652283365.00, 5860, -484246, 24 
1721652283387.00, 4764, -484121, 35 
1721652283408.00, 4856, -484014, 44 
1721652283431.00, 5526, -483907, 44 
1721652283451.00, 5828, -483790, 39 
1721652283473.00, 5714, -483662, 39 
1721652283494.00, 5869, -483537, 20 
1721652283516.00, 4706, -483413, 15 
1721652283537.00, 3706, -483311, 21 
1721652283559.00, 3311, -483228, 19 
1721652283580.00, 3093, -483155, 23 
1721652283601.00, 3280, -483088, 20 
1721652283623.00, 3193, -483020, 2 
1721652283644.00, 1965, -482952, 8 
1721652283666.00, 1134, -482904, 34 
1721652283687.00, 2503, -482878, 39 
1721652283709.00, 3667, -482824, 1 
1721652283730.00, 2159, -482746, -7 
1721652283752.00, 1245, -482697, 6 
1721652283774.00, 643, -482667, 26 
1721652283794.00, 1878, -482654, 8 
1721652283816.00, 1126, -482618, -20 
1721652283837.00, -17, -482593, -20 
1721652283858.00, -1061, -482592, 3 
1721652283883.00, -620, -482610, 3 
1721652283900.00, -327, -482624, -24 
1721652283922.00, -1611, -482630, -4 
1721652283943.00, -987, -482660, 22 
1721652283965.00, 65, -482682, 21 
1721652283986.00, 1054, -482681, 2 
1721652284007.00, 493, -482664, -13 
1721652284029.00, -61, -482653, -11 
1721652284050.00, -532, -482653, 5 
1721652284071.00, -328, -482659, 3 
1721652284094.00, -197, -482664, 1 
1721652284115.00, -129, -482669, 4 
1721652284135.00, -82, -482670, 4 
1721652284156.00, -71, -482672, 8 
1721652284177.00, -68, -482674, 6 
1721652284198.00, -79, -482675, 2 
1721652284219.00, -65, -482677, 0 
1721652284241.00, -68, -482678, 4 
1721652284262.00, -64, -482680, 0 
1721652284283.00, -60, -482681, 1 
1721652284304.00, -66, -482682, 6 
1721652284325.00, -64, -482684, 2 
1721652284346.00, -63, -482685, -4 
1721652284367.00, -68, -482686, -10 
1721652284388.00, -62, -482689, -13 
1721652284410.00, -882, -482690, -10 
1721652284431.00, -32, -482706, -6 
1721652284453.00, -55, -482707, -13 
1721652284474.00, -877, -482709, -6 
1721652284495.00, -539, -482724, 0 
1721652284516.00, -338, -482738, -2 
1721652284540.00, -196, -482744, -1 
1721652284558.00, -92, -482747, 11 
1721652284580.00, 61, -482750, 29 
1721652284601.00, 1530, -482746, 30 
1721652284623.00, 2485, -482722, 13 
1721652284644.00, 2210, -482672, 7 
1721652284666.00, 1288, -482625, 0 
1721652284687.00, 743, -482596, -1 
1721652284708.00, 398, -482580, 0 
1721652284729.00, 219, -482571, 0 
1721652284751.00, 103, -482567, 1 
1721652284772.00, 58, -482565, 4 
1721652284793.00, -6, -482564, 5 
1721652284814.00, 0, -482563, 10 
1721652284835.00, -5, -482562, 13 
1721652284857.00, 791, -482561, 13 
1721652284878.00, 1233, -482548, 0 
1721652284900.00, 715, -482520, -2 
1721652284921.00, 366, -482505, -1 
1721652284942.00, 174, -482497, -5 
1721652284963.00, 64, -482493, -7 
1721652284984.00, 46, -482491, -5 
1721652285006.00, 1, -482490, -5 
1721652285027.00, 24, -482491, -3 
1721652285048.00, 1, -482489, 6 
1721652285069.00, 0, -482489, 7 
1721652285090.00, 0, -482489, 0 
1721652285111.00, 29, -482489, -3 
1721652285133.00, 0, -482489, -1 
1721652285153.00, 1, -482488, 6 
1721652285174.00, 0, -482488, 7 
1721652285196.00, 0, -482487, 4 
1721652285217.00, 0, -482488, 0 
1721652285238.00, 0, -482488, -4 
1721652285259.00, 51, -482488, -3 
1721652285280.00, -1, -482488, 3 
1721652285302.00, -46, -482488, 5 
1721652285323.00, 0, -482488, -2 
1721652285344.00, 0, -482488, -8 
1721652285365.00, 0, -482488, 1 
1721652285386.00, 0, -482487, 10 
1721652285407.00, 0, -482489, -1 
1721652285428.00, 2, -482487, -13 
1721652285449.00, -103, -482488, -6 
1721652285471.00, 1, -482493, 4 
1721652285491.00, 0, -482492, 2 
1721652285517.00, 2, -482492, -2 
1721652285533.00, 0, -482493, -2 
1721652285555.00, 0, -482494, -12 
1721652285576.00, -627, -482494, -24 
1721652285598.00, -1776, -482503, -11 
1721652285619.00, -1606, -482535, -2 
1721652285641.00, -991, -482569, 2 
1721652285662.00, -556, -482589, 11 
1721652285683.00, 67, -482600, 20 
1721652285704.00, 922, -482599, 28 
1721652285726.00, 2179, -482587, 21 
1721652285747.00, 2500, -482545, 27 
1721652285768.00, 3125, -482490, 36 
1721652285790.00, 4074, -482423, 43 
1721652285812.00, 4901, -482337, 44 
1721652285833.00, 5725, -482228, 44 
1721652285855.00, 6120, -482108, 43 
1721652285876.00, 6061, -481976, 44 
1721652285898.00, 6155, -481840, 45 
1721652285919.00, 6522, -481706, 43 
1721652285941.00, 6508, -481574, 43 
1721652285962.00, 6639, -481438, 43 
1721652285984.00, 6396, -481299, 43 
1721652286004.00, 6388, -481159, 45 
1721652286026.00, 6347, -481026, 44 
1721652286048.00, 6348, -480893, 43 
1721652286070.00, 6336, -480759, 26 
1721652286091.00, 5457, -480622, 40 
1721652286112.00, 5652, -480507, 32 
1721652286134.00, 5156, -480388, 29 
1721652286155.00, 4782, -480275, 21 
1721652286176.00, 4100, -480174, 5 
1721652286198.00, 2448, -480087, 4 
1721652286219.00, 1427, -480033, 5 
1721652286241.00, 791, -479999, 22 
1721652286262.00, 1716, -479979, 34 
1721652286288.00, 3105, -479944, 35 
1721652286305.00, 4012, -479880, 38 
1721652286326.00, 4792, -479794, 41 
1721652286348.00, 5154, -479694, 43 
1721652286370.00, 5682, -479580, 39 
1721652286392.00, 5597, -479463, 35 
1721652286413.00, 5332, -479340, 36 
1721652286434.00, 5442, -479225, 35 
1721652286456.00, 5221, -479111, 31 
1721652286477.00, 4900, -478996, 31 
1721652286497.00, 4642, -478889, 29 
1721652286519.00, 4290, -478787, 30 
1721652286541.00, 4331, -478693, 24 
1721652286562.00, 3904, -478600, 24 
1721652286584.00, 3563, -478515, 24 
1721652286606.00, 3435, -478438, 28 
1721652286627.00, 3570, -478364, 30 
1721652286649.00, 3997, -478286, 25 
1721652286670.00, 3802, -478204, 25 
1721652286691.00, 3727, -478123, 25 
1721652286713.00, 3548, -478043, 21 
1721652286734.00, 3237, -477965, 18 
1721652286755.00, 2959, -477897, 16 
1721652286777.00, 2542, -477834, 19 
1721652286798.00, 2472, -477781, 15 
1721652286820.00, 2323, -477728, 12 
1721652286841.00, 2033, -477679, 7 
1721652286862.00, 1165, -477635, 4 
1721652286884.00, 570, -477611, 2 
1721652286906.00, 265, -477597, 23 
1721652286927.00, 1506, -477593, 14 
1721652286948.00, 1700, -477563, 3 
1721652286970.00, 990, -477527, 6 
1721652286991.00, 493, -477504, 19 
1721652287012.00, 1364, -477494, 22 
1721652287034.00, 2000, -477468, 3 
1721652287055.00, 1095, -477427, -3 
1721652287076.00, 547, -477401, 0 
1721652287098.00, 264, -477388, 0 
1721652287119.00, 72, -477383, -2 
1721652287140.00, 1, -477381, 0 
1721652287161.00, 0, -477380, 0 
1721652287182.00, -3, -477379, 3 
1721652287204.00, 40, -477379, 6 
1721652287225.00, 0, -477379, 8 
1721652287245.00, 0, -477378, 3 
1721652287267.00, 0, -477378, 4 
1721652287288.00, 0, -477377, 9 
1721652287309.00, 0, -477377, 19 
1721652287330.00, 1167, -477376, 20 
1721652287351.00, 2044, -477354, 13 
1721652287377.00, 2038, -477310, 18 
1721652287394.00, 2238, -477264, 16 
1721652287416.00, 2239, -477215, 16 
1721652287438.00, 2172, -477168, 17 
1721652287459.00, 2271, -477117, 15 
1721652287486.00, 2157, -477069, 15 
1721652287502.00, 2172, -477023, 18 
1721652287523.00, 2415, -476976, 25 
1721652287545.00, 2769, -476922, 33 
1721652287566.00, 3590, -476863, 3 
1721652287592.00, 2028, -476788, 3 
1721652287609.00, 1062, -476740, -8 
1721652287630.00, 493, -476718, -25 
1721652287652.00, -841, -476709, -37 
1721652287673.00, -2605, -476720, -38 
1721652287699.00, -4026, -476770, -39 
1721652287716.00, -4826, -476853, -45 
1721652287738.00, -5565, -476954, -61 
1721652287759.00, -7135, -477079, -75 
1721652287781.00, -8871, -477229, -83 
1721652287802.00, -10590, -477421, -90 
1721652287824.00, -11940, -477639, -104 
1721652287846.00, -13437, -477889, -121 
1721652287868.00, -15663, -478173, -132 
1721652287889.00, -17090, -478499, -134 
1721652287910.00, -18525, -478871, -144 
1721652287932.00, -19509, -479270, -166 
1721652287954.00, -21515, -479696, -184 
1721652287975.00, -23726, -480166, -191 
1721652287997.00, -25303, -480679, -197 
1721652288018.00, -27005, -481221, -205 
1721652288041.00, -28368, -481794, -210 
1721652288062.00, -29376, -482411, -221 
1721652288084.00, -30390, -483053, -233 
1721652288105.00, -32025, -483728, -239 
1721652288127.00, -33288, -484416, -252 
1721652288148.00, -35027, -485131, -259 
1721652288169.00, -36179, -485887, -266 
1721652288191.00, -37217, -486682, -289 
1721652288213.00, -39587, -487489, -313 
1721652288235.00, -42167, -488327, -318 
1721652288257.00, -43876, -489236, -326 
1721652288278.00, -45359, -490203, -348 
1721652288300.00, -47560, -491184, -366 
1721652288321.00, -49952, -492214, -372 
1721652288343.00, -51738, -493312, -397 
1721652288370.00, -54427, -494426, -421 
1721652288387.00, -57415, -495600, -421 
1721652288408.00, -59124, -496854, -452 
1721652288430.00, -61826, -498119, -470 
1721652288451.00, -64430, -499473, -457 
1721652288476.00, -65351, -500880, -483 
1721652288494.00, -67561, -502290, -483 
1721652288516.00, -68716, -503764, -504 
1721652288537.00, -70651, -505241, -509 
1721652288560.00, -71911, -506786, -517 
1721652288581.00, -73424, -508339, -509 
1721652288603.00, -73490, -509939, -501 
1721652288624.00, -73046, -511522, -480 
1721652288646.00, -71459, -513114, -467 
1721652288668.00, -69843, -514646, -450 
1721652288690.00, -67908, -516176, -438 
1721652288711.00, -66062, -517649, -465 
1721652288733.00, -66385, -519080, -442 
1721652288754.00, -65191, -520512, -437 
1721652288776.00, -64260, -521923, -437 
1721652288803.00, -63597, -523325, -460 
1721652288820.00, -64645, -524696, -429 
1721652288841.00, -63413, -526112, -438 
1721652288862.00, -63248, -527471, -468 
1721652288884.00, -64739, -528847, -465 
1721652288910.00, -65565, -530247, -476 
1721652288928.00, -66797, -531667, -490 
1721652288949.00, -68270, -533128, -523 
1721652288971.00, -71240, -534601, -508 
1721652288992.00, -72008, -536156, -525 
1721652289015.00, -73575, -537701, -537 
1721652289036.00, -74946, -539300, -553 
1721652289057.00, -76675, -540922, -543 
1721652289079.00, -77225, -542600, -534 
1721652289100.00, -77124, -544260, -526 
1721652289122.00, -76496, -545932, -537 
1721652289144.00, -76918, -547576, -521 
1721652289165.00, -75989, -549254, -547 
1721652289187.00, -77072, -550892, -526 
1721652289209.00, -76277, -552565, -530 
1721652289231.00, -75964, -554204, -521 
1721652289252.00, -75288, -555865, -530 
1721652289274.00, -75345, -557489, -513 
1721652289295.00, -74389, -559131, -526 
1721652289317.00, -74510, -560729, -506 
1721652289342.00, -73504, -562357, -520 
1721652289360.00, -73927, -563940, -516 
1721652289382.00, -73609, -565549, -538 
1721652289404.00, -74878, -567135, -510 
1721652289425.00, -73857, -568766, -535 
1721652289446.00, -74772, -570356, -536 
1721652289468.00, -75306, -571973, -496 
1721652289490.00, -73271, -573602, -481 
1721652289511.00, -71206, -575209, -503 
1721652289533.00, -71348, -576738, -492 
1721652289554.00, -70580, -578277, -483 
1721652289577.00, -69490, -579791, -456 
1721652289598.00, -67074, -581312, -425 
1721652289619.00, -63915, -582773, -428 
1721652289642.00, -62312, -584151, -365 
1721652289663.00, -57413, -585496, -342 
1721652289685.00, -53240, -586736, -335 
1721652289706.00, -50216, -587896, -303 
1721652289728.00, -46580, -588984, -266 
1721652289750.00, -42420, -589992, -267 
1721652289771.00, -39881, -590914, -294 
1721652289793.00, -39817, -591788, -327 
1721652289815.00, -42150, -592650, -325 
1721652289837.00, -43345, -593557, -332 
1721652289858.00, -24493, -594489, -305 
1721652289879.00, -12971, -595045, -323 
1721652289901.00, -6217, -595348, -355 
1721652289922.00, -2263, -595491, -365 
1721652289943.00, 0, -595544, -370 
1721652289966.00, 933, -595549, -365 
1721652289987.00, 527, -595533, -285 
1721652290008.00, 271, -595519, -194 
1721652290030.00, 102, -595510, -153 
1721652290051.00, 5, -595507, -156 
1721652290073.00, 68, -595506, -150 
1721652290094.00, 61, -595502, -111 
1721652290115.00, 34, -595500, -87 
1721652290137.00, -5, -595500, -83 
1721652290158.00, 46, -595498, -79 
1721652290180.00, 50, -595496, -55 
1721652290201.00, 78, -595492, -12 
1721652290222.00, 137, -595488, 29 
1721652290244.00, 1975, -595478, 82 
1721652290265.00, 6239, -595431, 144 
1721652290287.00, 12220, -595294, 217 
1721652290309.00, 20824, -595023, 283 
1721652290330.00, 29625, -594583, 332 
1721652290352.00, 37620, -593952, 369 
1721652290373.00, 44521, -593144, 409 
1721652290395.00, 51130, -592186, 436 
1721652290417.00, 56428, -591080, 467 
1721652290439.00, 61393, -589846, 484 
1721652290460.00, 65636, -588515, 589 
1721652290482.00, 74421, -587086, 557 
1721652290503.00, 77706, -585483, 565 
1721652290525.00, 79866, -583797, 607 
1721652290546.00, 83469, -582065, 610 
1721652290568.00, 85922, -580241, 631 
1721652290590.00, 88757, -578380, 648 
1721652290612.00, 91263, -576462, 641 
1721652290633.00, 92556, -574485, 660 
1721652290657.00, 94041, -572475, 704 
1721652290677.00, 97762, -570431, 709 
1721652290699.00, 100107, -568314, 743 
1721652290720.00, 103492, -566131, 781 
1721652290742.00, 107738, -563865, 795 
1721652290766.00, 111115, -561517, 827 
1721652290785.00, 115061, -559095, 859 
1721652290807.00, 119342, -556577, 907 
1721652290829.00, 124871, -553973, 904 
1721652290850.00, 127739, -551260, 931 
1721652290872.00, 130899, -548466, 981 
1721652290892.00, 135776, -545624, 1020 
1721652290914.00, 141002, -542647, 1039 
1721652290936.00, 145108, -539560, 1058 
1721652290958.00, 148727, -536376, 1093 
1721652290983.00, 152862, -533120, 1116 
1721652291002.00, 156641, -529775, 1131 
1721652291023.00, 159949, -526337, 1151 
1721652291045.00, 162927, -522848, 1199 
1721652291066.00, 167615, -519280, 1184 
1721652291090.00, 169347, -515608, 1194 
1721652291111.00, 170968, -511903, 1198 
1721652291132.00, 172065, -508166, 1185 
1721652291154.00, 171846, -504413, 1155 
1721652291176.00, 170012, -500662, 1124 
1721652291198.00, 166849, -496956, 1120 
1721652291220.00, 164815, -493316, 1104 
1721652291241.00, 162442, -489723, 1089 
1721652291264.00, 159817, -486169, 1057 
1721652291285.00, 156501, -482672, 1057 
1721652291307.00, 154601, -479262, 1053 
1721652291329.00, 153092, -475886, 1068 
1721652291350.00, 153095, -472544, 1025 
1721652291373.00, 150448, -469205, 1018 
1721652291396.00, 148330, -465925, 963 
1721652291417.00, 143810, -462699, 947 
1721652291439.00, 140144, -459570, 904 
1721652291461.00, 135274, -456541, 884 
1721652291483.00, 131149, -453601, 827 
1721652291504.00, 125362, -450754, 792 
1721652291529.00, 119605, -448032, 774 
1721652291547.00, 115055, -445431, 769 
1721652291569.00, 112303, -442933, 745 
1721652291591.00, 109160, -440502, 714 
1721652291613.00, 105214, -438134, 732 
1721652291634.00, 104048, -435835, 710 
1721652291656.00, 102242, -433573, 719 
1721652291678.00, 101382, -431358, 714 
1721652291700.00, 57092, -429159, 660 
1721652291721.00, 31254, -427923, 676 
1721652291743.00, 15593, -427219, 676 
1721652291764.00, 6649, -426867, 587 
1721652291786.00, 1345, -426712, 577 
1721652291807.00, -1313, -426684, 442 
1721652291829.00, -3170, -426708, 299 
1721652291850.00, -4074, -426777, 213 
1721652291871.00, -4676, -426881, 59 
1721652291893.00, -5168, -426999, -85 
1721652291915.00, -10076, -427122, -264 
1721652291936.00, -24165, -427341, -292 
1721652291968.00, -34160, -427868, -538 
1721652291979.00, -54603, -428597, -602 
1721652292001.00, -70447, -429760, -694 
1721652292023.00, -85377, -431300, -750 
1721652292045.00, -97624, -433146, -775 
1721652292067.00, -106136, -435283, -824 
1721652292088.00, -114140, -437606, -879 
1721652292109.00, -121948, -440094, -913 
1721652292131.00, -128510, -442762, -954 
1721652292153.00, -134926, -445576, -943 
1721652292175.00, -137983, -448507, -965 
1721652292197.00, -140996, -451534, -976 
1721652292219.00, -143299, -454598, -960 
1721652292240.00, -143674, -457715, -966 
1721652292262.00, -143979, -460844, -960 
1721652292283.00, -143963, -463972, -949 
1721652292305.00, -143112, -467112, -930 
1721652292327.00, -141208, -470220, -921 
1721652292352.00, -139563, -473281, -877 
1721652292371.00, -136123, -476317, -833 
1721652292392.00, -131088, -479265, -877 
1721652292414.00, -130799, -482104, -865 
1721652292436.00, -129621, -484959, -869 
1721652292458.00, -129054, -487785, -892 
1721652292479.00, -130142, -490592, -893 
1721652292501.00, -130739, -493437, -919 
1721652292522.00, -132585, -496275, -930 
1721652292544.00, -134203, -499158, -963 
1721652292566.00, -137354, -502087, -970 
1721652292587.00, -139519, -505075, -964 
1721652292610.00, -140258, -508112, -948 
1721652292631.00, -139495, -511164, -949 
1721652292658.00, -139189, -514192, -952 
1721652292675.00, -139057, -517238, -953 
1721652292696.00, -139023, -520268, -953 
1721652292718.00, -138903, -523295, -966 
1721652292740.00, -139697, -526323, -964 
1721652292762.00, -139992, -529351, -975 
1721652292783.00, -140736, -532408, -987 
1721652292804.00, -141866, -535463, -1012 
1721652292826.00, -143968, -538561, -1020 
1721652292848.00, -145694, -541723, -1017 
1721652292870.00, -146528, -544889, -996 
1721652292893.00, -145586, -548075, -989 
1721652292914.00, -144668, -551244, -999 
1721652292934.00, -144615, -554396, -1009 
1721652292956.00, -145101, -557559, -1013 
1721652292978.00, -145591, -560717, -1014 
1721652293000.00, -146101, -563896, -1014 
1721652293022.00, -146246, -567091, -1020 
1721652293043.00, -146626, -570278, -1006 
1721652293066.00, -145927, -573485, -995 
1721652293088.00, -144671, -576653, -982 
1721652293110.00, -143285, -579779, -953 
1721652293132.00, -140626, -582911, -903 
1721652293154.00, -135670, -585953, -836 
1721652293175.00, -128788, -588902, -749 
1721652293197.00, -119202, -591694, -647 
1721652293219.00, -107436, -594260, -500 
1721652293240.00, -60992, -596558, -389 
1721652293262.00, -33482, -597893, -394 
1721652293283.00, -17215, -598646, -330 
1721652293305.00, -7945, -599030, -234 
1721652293327.00, -2589, -599213, -221 
1721652293348.00, 62, -599272, -209 
1721652293369.00, 1698, -599274, -144 
1721652293393.00, 2846, -599244, -112 
1721652293413.00, 3479, -599187, -128 
1721652293435.00, 3830, -599114, -150 
1721652293456.00, 4012, -599031, -135 
1721652293478.00, 4109, -598944, -119 
1721652293500.00, 4150, -598857, -130 
1721652293521.00, 4019, -598769, -144 
1721652293542.00, 3679, -598682, -149 
1721652293565.00, 3514, -598599, -176 
1721652293586.00, 3423, -598523, -198 
1721652293607.00, 3255, -598449, -222 
1721652293629.00, 3257, -598378, -263 
1721652293652.00, 3258, -598309, -303 
1721652293672.00, 3234, -598242, -337 
1721652293694.00, 3136, -598172, -363 
1721652293717.00, 3181, -598103, -374 
1721652293737.00, 3344, -598031, -331 
1721652293758.00, 3246, -597959, -297 
1721652293781.00, 3037, -597888, -289 
1721652293802.00, 3091, -597820, -257 
1721652293828.00, 2978, -597750, -193 
1721652293846.00, 2821, -597682, -140 
1721652293866.00, 2723, -597622, -138 
1721652293888.00, 2726, -597561, -131 
1721652293911.00, 2658, -597501, -107 
1721652293932.00, 2570, -597443, -92 
1721652293954.00, 2413, -597386, -86 
1721652293975.00, 2300, -597332, -82 
1721652293997.00, 2333, -597283, -75 
1721652294018.00, 2433, -597232, -65 
1721652294039.00, 2315, -597181, -53 
1721652294061.00, 2141, -597128, -41 
1721652294083.00, 2048, -597081, -37 
1721652294104.00, 1947, -597036, -31 
1721652294125.00, 1909, -596995, -29 
1721652294147.00, 1867, -596954, -30 
1721652294169.00, 1818, -596914, -25 
1721652294190.00, 1843, -596874, -22 
1721652294211.00, 1736, -596834, -19 
1721652294233.00, 1692, -596795, -15 
1721652294255.00, 1659, -596759, -12 
1721652294276.00, 1690, -596723, -4 
1721652294298.00, 1633, -596687, 5 
1721652294319.00, 1564, -596651, 7 
1721652294341.00, 1480, -596616, 10 
1721652294362.00, 56, -596585, 12 
1721652294384.00, 1274, -596581, 17 
1721652294405.00, 2368, -596557, 21 
1721652294427.00, 3237, -596508, 20 
1721652294448.00, 3723, -596438, 22 
1721652294469.00, 4228, -596358, 20 
1721652294491.00, 4082, -596270, 18 
1721652294512.00, 4067, -596184, 17 
1721652294534.00, 3985, -596098, 11 
1721652294555.00, 3514, -596015, 9 
1721652294576.00, 2493, -595942, 5 
1721652294599.00, 1881, -595886, 4 
1721652294619.00, 1490, -595848, 4 
1721652294640.00, 1262, -595814, 3 
1721652294662.00, 1093, -595789, -9 
1721652294684.00, 984, -595765, -30 
1721652294711.00, 917, -595744, -36 
1721652294727.00, 858, -595726, -57 
1721652294747.00, 881, -595710, -88 
1721652294770.00, 908, -595690, -94 
1721652294791.00, 865, -595672, -98 
1721652294816.00, 834, -595654, -115 
1721652294834.00, 825, -595638, -138 
1721652294855.00, 742, -595622, -164 
1721652294877.00, 723, -595609, -219 
1721652294899.00, 632, -595597, -275 
1721652294920.00, 543, -595585, -324 
1721652294942.00, 523, -595578, -385 
1721652294964.00, 493, -595568, -431 
1721652294985.00, 468, -595559, -475 
1721652295007.00, 485, -595554, -531 
1721652295029.00, 496, -595543, -555 
1721652295049.00, 429, -595536, -593 
1721652295071.00, 480, -595529, -646 
1721652295092.00, 531, -595522, -674 
1721652295114.00, 584, -595509, -676 
1721652295138.00, 622, -595498, -678 
1721652295158.00, 650, -595483, -663 
1721652295179.00, 637, -595469, -651 
1721652295200.00, 625, -595455, -643 
1721652295222.00, 641, -595440, -638 
1721652295244.00, 674, -595425, -625 
1721652295265.00, 668, -595410, -596 
1721652295287.00, 687, -595394, -562 
1721652295308.00, 628, -595380, -544 
1721652295329.00, 556, -595365, -535 
1721652295351.00, 495, -595352, -527 
1721652295373.00, 465, -595342, -524 
1721652295394.00, 432, -595331, -530 
1721652295415.00, 378, -595323, -541 
1721652295437.00, 400, -595315, -547 
1721652295459.00, 420, -595307, -550 
1721652295480.00, 452, -595298, -549 
1721652295502.00, 498, -595287, -538 
1721652295524.00, 496, -595276, -518 
1721652295545.00, 486, -595264, -504 
1721652295567.00, 465, -595254, -495 
1721652295588.00, 431, -595244, -483 
1721652295609.00, 396, -595232, -470 
1721652295631.00, 353, -595224, -463 
1721652295653.00, 330, -595216, -459 
1721652295674.00, 331, -595209, -451 
1721652295696.00, 289, -595200, -446 
1721652295718.00, 266, -595193, -444 
1721652295739.00, 281, -595189, -441 
1721652295761.00, 332, -595182, -436 
1721652295782.00, 347, -595175, -433 
1721652295804.00, 303, -595166, -435 
1721652295825.00, 296, -595159, -432 
1721652295847.00, 281, -595152, -427 
1721652295868.00, 285, -595147, -424 
1721652295890.00, 281, -595140, -421 
1721652295911.00, 282, -595133, -417 
1721652295933.00, 267, -595128, -416 
1721652295954.00, 273, -595121, -416 
1721652295976.00, 263, -595117, -414 
1721652295998.00, 257, -595111, -414 
1721652296019.00, 229, -595104, -409 
1721652296041.00, 230, -595100, -406 
1721652296062.00, 230, -595093, -405 
1721652296084.00, 220, -595088, -402 
1721652296105.00, 210, -595083, -398 
1721652296127.00, 186, -595080, -396 
1721652296148.00, 178, -595074, -397 
1721652296170.00, 159, -595071, -399 
1721652296192.00, 163, -595068, -399 
1721652296213.00, 174, -595065, -397 
1721652296241.00, 173, -595060, -397 
1721652296256.00, 185, -595057, -397 
1721652296278.00, 175, -595052, -395 
1721652296299.00, 153, -595049, -393 
1721652296321.00, 158, -595044, -391 
1721652296343.00, 140, -595042, -390 
1721652296364.00, 140, -595039, -390 
1721652296385.00, 132, -595036, -391 
1721652296407.00, 151, -595033, -394 
1721652296428.00, 140, -595030, -393 
1721652296453.00, 123, -595027, -393 
1721652296471.00, 118, -595025, -394 
1721652296492.00, 124, -595021, -394 
1721652296515.00, 131, -595018, -394 
1721652296536.00, 143, -595016, -392 
1721652296557.00, 139, -595012, -390 
1721652296579.00, 108, -595009, -387 
1721652296600.00, 97, -595007, -386 
1721652296622.00, 94, -595005, -386 
1721652296643.00, 77, -595004, -386 
1721652296670.00, 94, -595002, -388 
1721652296687.00, 102, -595000, -389 
1721652296709.00, 102, -594997, -390 
1721652296730.00, 113, -594995, -389 
1721652296751.00, 103, -594993, -387 
1721652296773.00, 98, -594991, -384 
1721652296794.00, 95, -594989, -383 
1721652296816.00, 76, -594987, -381 
1721652296837.00, 74, -594984, -381 
1721652296859.00, 78, -594983, -381 
1721652296880.00, 68, -594981, -382 
1721652296902.00, 71, -594979, -383 
1721652296924.00, 76, -594978, -383 
1721652296944.00, 76, -594976, -385 
1721652296966.00, 83, -594974, -385 
1721652296987.00, 74, -594972, -385 
1721652297009.00, 73, -594971, -384 
1721652297030.00, 72, -594970, -383 
1721652297052.00, 74, -594968, -381 
1721652297074.00, 71, -594966, -379 
1721652297094.00, 56, -594964, -378 
1721652297116.00, 44, -594963, -376 
1721652297138.00, 48, -594961, -376 
1721652297159.00, 54, -594960, -377 
1721652297181.00, 54, -594960, -378 
1721652297202.00, 44, -594959, -378 
1721652297234.00, 57, -594957, -375 
1721652297245.00, 61, -594956, -373 
1721652297266.00, 62, -594955, -373 
1721652297288.00, 62, -594953, -373 
1721652297310.00, 56, -594952, -372 
1721652297333.00, 36, -594951, -371 
1721652297352.00, 65, -594950, -373 
1721652297374.00, 64, -594950, -374 
1721652297395.00, 50, -594947, -374 
1721652297416.00, 62, -594946, -372 
1721652297443.00, 63, -594944, -370 
1721652297460.00, 63, -594944, -368 
1721652297481.00, 63, -594942, -367 
1721652297502.00, 65, -594941, -365 
1721652297524.00, 51, -594940, -366 
1721652297551.00, 40, -594940, -367 
1721652297567.00, 39, -594940, -370 
1721652297588.00, 18, -594938, -370 
1721652297609.00, 59, -594937, -369 
1721652297632.00, 11, -594937, -367 
1721652297653.00, 56, -594936, -364 
1721652297674.00, 41, -594935, -363 
1721652297696.00, 7, -594935, -362 
1721652297717.00, -5, -594934, -363 
1721652297739.00, 19, -594933, -364 
1721652297762.00, 0, -594933, -364 
1721652297781.00, 0, -594932, -364 
1721652297802.00, 0, -594933, -364 
1721652297823.00, 38, -594933, -363 
1721652297845.00, -4, -594932, -361 
1721652297866.00, 7, -594930, -358 
1721652297888.00, 54, -594930, -362 
1721652297908.00, 0, -594931, -365 
1721652297930.00, 0, -594931, -364 
1721652297952.00, 0, -594931, -361 
1721652297973.00, 25, -594931, -360 
1721652297993.00, 0, -594930, -361 
1721652298016.00, 0, -594931, -360 
1721652298037.00, 0, -594930, -358 
1721652298058.00, 0, -594930, -357 
1721652298079.00, 0, -594930, -358 
1721652298101.00, 0, -594930, -360 
1721652298122.00, 12, -594930, -361 
1721652298143.00, 0, -594930, -361 
1721652298164.00, 0, -594930, -360 
1721652298186.00, 0, -594929, -359 
1721652298210.00, 0, -594930, -358 
1721652298228.00, 0, -594929, -358 
1721652298250.00, -35, -594930, -357 
1721652298271.00, 0, -594930, -357 
1721652298293.00, 0, -594928, -358 
1721652298314.00, 0, -594929, -358 
1721652298335.00, 0, -594930, -358 
1721652298357.00, 0, -594929, -359 
1721652298378.00, 0, -594929, -360 
1721652298399.00, 0, -594929, -360 
1721652298420.00, -13, -594928, -359 
1721652298442.00, 0, -594929, -359 
1721652298463.00, 52, -594929, -360 
1721652298484.00, 0, -594929, -360 
1721652298505.00, 0, -594929, -359 
1721652298527.00, 2, -594929, -358 
1721652298548.00, 0, -594929, -359 
1721652298570.00, 0, -594929, -359 
1721652298591.00, -19, -594929, -360 
1721652298612.00, 0, -594930, -362 
1721652298634.00, 0, -594930, -363 
1721652298655.00, 0, -594929, -363 
1721652298676.00, 0, -594929, -362 
1721652298697.00, 0, -594929, -361 
1721652298719.00, 0, -594928, -361 
1721652298740.00, 0, -594928, -361 
1721652298761.00, 0, -594929, -362 
1721652298782.00, 25, -594928, -362 
1721652298804.00, 0, -594928, -362 
1721652298825.00, 0, -594929, -363 
1721652298846.00, 0, -594928, -364 
1721652298868.00, 0, -594928, -364 
1721652298889.00, 0, -594929, -367 
1721652298911.00, 0, -594929, -370 
1721652298932.00, 0, -594929, -368 
1721652298953.00, 0, -594928, -363 
1721652298974.00, 0, -594929, -361 
1721652298996.00, 0, -594929, -360 
1721652299017.00, 0, -594929, -360 
1721652299038.00, 0, -594929, -360 
1721652299059.00, 0, -594929, -360 
1721652299080.00, -14, -594928, -361 
1721652299102.00, 60, -594929, -362 
1721652299123.00, 0, -594929, -365 
1721652299144.00, 0, -594929, -367 
1721652299166.00, 0, -594929, -365 
1721652299198.00, 0, -594929, -361 
1721652299208.00, 0, -594929, -361 
1721652299230.00, 7, -594928, -361 
1721652299251.00, 0, -594928, -360 
1721652299272.00, 0, -594928, -361 
1721652299296.00, 0, -594927, -360 
1721652299315.00, 0, -594929, -360 
1721652299336.00, 0, -594928, -361 
1721652299357.00, 0, -594928, -361 
1721652299379.00, 0, -594928, -361 
1721652299404.00, 0, -594928, -362 
1721652299421.00, 49, -594929, -362 
1721652299443.00, 0, -594928, -361 
1721652299464.00, 0, -594928, -359 
1721652299486.00, 1, -594928, -358 
1721652299512.00, 0, -594928, -357 
1721652299528.00, 0, -594927, -356 
1721652299549.00, 0, -594927, -358 
1721652299571.00, 0, -594928, -361 
1721652299592.00, 0, -594927, -363 
1721652299614.00, 0, -594928, -361 
1721652299635.00, 0, -594928, -359 
1721652299656.00, 0, -594927, -357 
1721652299677.00, 1, -594928, -357 
1721652299698.00, 0, -594927, -356 
1721652299720.00, 0, -594927, -355 
1721652299743.00, 0, -594928, -354 
1721652299762.00, 0, -594928, -354 
1721652299784.00, 0, -594927, -355 
1721652299805.00, 0, -594926, -353 
1721652299826.00, -1, -594927, -354 
1721652299847.00, 0, -594927, -356 
1721652299869.00, 0, -594928, -355 
1721652299890.00, 0, -594928, -354 
1721652299911.00, -39, -594927, -353 
1721652299932.00, 0, -594926, -352 
1721652299954.00, 0, -594927, -352 
1721652299976.00, 0, -594926, -351 
1721652299997.00, 0, -594927, -350 
1721652300018.00, 65, -594927, -350 
1721652300039.00, 0, -594927, -351 
1721652300061.00, 0, -594926, -351 
1721652300082.00, 0, -594928, -351 
1721652300103.00, 0, -594926, -351 
1721652300125.00, 0, -594927, -351 
1721652300146.00, 0, -594927, -352 
1721652300169.00, 0, -594926, -354 
1721652300189.00, 0, -594926, -354 
1721652300210.00, 0, -594927, -353 
1721652300231.00, 0, -594927, -353 
1721652300253.00, 0, -594927, -351 
1721652300278.00, 0, -594926, -350 
1721652300294.00, -4, -594927, -350 
1721652300316.00, 0, -594927, -350 
1721652300338.00, 0, -594926, -351 
1721652300358.00, 0, -594926, -351 
1721652300380.00, 0, -594926, -352 
1721652300401.00, 0, -594927, -353 
1721652300423.00, 0, -594926, -353 
1721652300444.00, 0, -594927, -351 
1721652300465.00, 0, -594927, -350 
1721652300486.00, 0, -594927, -350 
1721652300507.00, 0, -594926, -351 
1721652300529.00, 0, -594927, -350 
1721652300550.00, 0, -594926, -351 
1721652300572.00, 0, -594927, -352 
1721652300593.00, 0, -594927, -352 
1721652300615.00, 52, -594927, -353 
1721652300636.00, -4, -594926, -353 
1721652300657.00, 0, -594927, -401 
1721652300679.00, 0, -594926, -401 
1721652300700.00, 0, -594927, -401 
1721652300721.00, 0, -594927, -401 
1721652300742.00, 0, -594926, -401 
1721652300762.00, 0, -594927, -400 
1721652300784.00, 0, -594926, -400 
1721652300805.00, 0, -594926, -399 
1721652300830.00, 0, -594926, -400 
1721652300847.00, 0, -594926, -399 
1721652300868.00, 0, -594926, -400 
1721652300889.00, 0, -594926, -401 
1721652300911.00, 0, -594926, -401 
1721652300934.00, 0, -594927, -401 
1721652300953.00, 0, -594926, -401 
1721652300974.00, 0, -594926, -403 
1721652300995.00, 0, -594927, -403 
1721652301016.00, 0, -594927, -404 
1721652301037.00, 0, -594926, -402 
1721652301058.00, 0, -594926, -401 
1721652301080.00, 0, -594926, -401 
1721652301100.00, 0, -594927, -400 
1721652301122.00, 0, -594926, -400 
1721652301143.00, 0, -594927, -400 
1721652301164.00, 0, -594926, -402 
1721652301185.00, 0, -594926, -404 
1721652301206.00, 0, -594926, -404 
1721652301227.00, 0, -594926, -403 
1721652301248.00, 0, -594927, -402 
1721652301269.00, 0, -594925, -404 
1721652301291.00, 0, -594927, -405 
1721652301312.00, 0, -594927, -405 
1721652301333.00, 0, -594927, -405 
1721652301354.00, 0, -594927, -406 
1721652301380.00, 0, -594927, -407 
1721652301397.00, 0, -594927, -406 
1721652301418.00, 0, -594926, -405 
1721652301438.00, 0, -594927, -404 
1721652301460.00, 0, -594927, -403 
1721652301486.00, 0, -594926, -402 
1721652301502.00, 0, -594926, -401 
1721652301523.00, 0, -594926, -401 
1721652301544.00, 0, -594926, -402 
1721652301565.00, 0, -594925, -401 
1721652301586.00, 0, -594925, -401 
1721652301607.00, 0, -594926, -402 
1721652301628.00, 0, -594926, -403 
