1719131512713.00, 5488, -578041, 40 
1719131512734.00, 5589, -577921, 40 
1719131512756.00, 5731, -577801, 40 
1719131512778.00, 5682, -577679, 40 
1719131512807.00, 5615, -577557, 40 
1719131512820.00, 5517, -577436, 40 
1719131512842.00, 5570, -577316, 40 
1719131512864.00, 5779, -577196, 40 
1719131512885.00, 5791, -577077, 40 
1719131512913.00, 5661, -576954, 40 
1719131512927.00, 5516, -576829, 41 
1719131512949.00, 5631, -576712, 41 
1719131512971.00, 5792, -576594, 40 
1719131512992.00, 5742, -576471, 40 
1719131513014.00, 5634, -576350, 41 
1719131513035.00, 5576, -576228, 41 
1719131513056.00, 5621, -576106, 41 
1719131513078.00, 5754, -575985, 41 
1719131513100.00, 5736, -575863, 41 
1719131513121.00, 5858, -575742, 41 
1719131513142.00, 5796, -575623, 41 
1719131513163.00, 5719, -575494, 40 
1719131513185.00, 5551, -575368, 41 
1719131513207.00, 5682, -575244, 41 
1719131513228.00, 5727, -575125, 41 
1719131513249.00, 5719, -575004, 41 
1719131513270.00, 5854, -574880, 41 
1719131513293.00, 5727, -574757, 41 
1719131513314.00, 5831, -574633, 41 
1719131513335.00, 5668, -574507, 41 
1719131513357.00, 5605, -574383, 41 
1719131513379.00, 5657, -574263, 42 
1719131513400.00, 5875, -574141, 41 
1719131513422.00, 5959, -574017, 41 
1719131513443.00, 5927, -573892, 41 
1719131513464.00, 6099, -573763, 42 
1719131513487.00, 5988, -573634, 42 
1719131513506.00, 6034, -573507, 42 
1719131513528.00, 5963, -573382, 42 
1719131513550.00, 6086, -573254, 42 
1719131513572.00, 6035, -573126, 42 
1719131513593.00, 5980, -572999, 42 
1719131513615.00, 5916, -572868, 42 
1719131513636.00, 5803, -572741, 42 
1719131513657.00, 5742, -572614, 42 
1719131513680.00, 5886, -572490, 42 
1719131513700.00, 5895, -572365, 42 
1719131513722.00, 6053, -572238, 42 
1719131513743.00, 5918, -572108, 42 
1719131513764.00, 5917, -571978, 42 
1719131513789.00, 5857, -571851, 42 
1719131513808.00, 5978, -571725, 42 
1719131513829.00, 5952, -571604, 42 
1719131513851.00, 5984, -571476, 42 
1719131513872.00, 5974, -571347, 43 
1719131513901.00, 5812, -571217, 43 
1719131513915.00, 5799, -571089, 43 
1719131513936.00, 5825, -570964, 43 
1719131513958.00, 5857, -570840, 43 
1719131513980.00, 6004, -570712, 43 
1719131514002.00, 6043, -570585, 43 
1719131514022.00, 5830, -570454, 43 
1719131514044.00, 5785, -570325, 44 
1719131514065.00, 5784, -570200, 44 
1719131514086.00, 5827, -570074, 43 
1719131514109.00, 5830, -569947, 43 
1719131514130.00, 5989, -569823, 43 
1719131514151.00, 5972, -569695, 41 
1719131514173.00, 6007, -569566, 39 
1719131514194.00, 5730, -569440, 38 
1719131514215.00, 5450, -569315, 35 
1719131514237.00, 5262, -569200, 35 
1719131514259.00, 5208, -569088, 35 
1719131514280.00, 4951, -568977, 34 
1719131514301.00, 4829, -568866, 33 
1719131514323.00, 4577, -568759, 30 
1719131514344.00, 4209, -568660, 29 
1719131514366.00, 4167, -568567, 26 
1719131514387.00, 3869, -568481, 20 
1719131514409.00, 3294, -568399, 9 
1719131514429.00, 1808, -568330, -27 
1719131514452.00, -95, -568289, -50 
1719131514473.00, -2962, -568291, -71 
1719131514495.00, -6179, -568350, -90 
1719131514515.00, -9076, -568479, -102 
1719131514537.00, -11975, -568673, -116 
1719131514561.00, -13458, -568922, -132 
1719131514581.00, -14541, -569217, -147 
1719131514602.00, -14696, -569527, -160 
1719131514624.00, -14483, -569842, -176 
1719131514646.00, -14481, -570156, -190 
1719131514667.00, -14618, -570471, -206 
1719131514689.00, -14757, -570787, -223 
1719131514711.00, -14490, -571101, -237 
1719131514732.00, -14500, -571419, -249 
1719131514754.00, -14554, -571735, -262 
1719131514775.00, -14776, -572053, -273 
1719131514797.00, -14465, -572369, -281 
1719131514819.00, -14528, -572688, -292 
1719131514840.00, -14480, -573004, -304 
1719131514862.00, -14797, -573321, -317 
1719131514884.00, -14476, -573638, -327 
1719131514905.00, -14534, -573956, -337 
1719131514927.00, -14453, -574272, -347 
1719131514949.00, -14753, -574591, -357 
1719131514970.00, -14574, -574908, -367 
1719131514993.00, -14567, -575223, -374 
1719131515013.00, -14455, -575540, -380 
1719131515035.00, -14690, -575852, -382 
1719131515056.00, -14636, -576169, -379 
1719131515079.00, -14486, -576480, -378 
1719131515104.00, -14515, -576793, -379 
1719131515122.00, -14604, -577108, -378 
1719131515143.00, -14795, -577423, -380 
1719131515165.00, -14386, -577738, -383 
1719131515186.00, -14590, -578055, -385 
1719131515208.00, -14493, -578371, -389 
1719131515230.00, -14890, -578686, -392 
1719131515251.00, -14424, -579003, -395 
1719131515273.00, -14519, -579320, -394 
1719131515295.00, -14441, -579633, -396 
1719131515316.00, -14576, -579944, -398 
1719131515338.00, -14697, -580263, -400 
1719131515360.00, -14412, -580579, -402 
1719131515381.00, -14589, -580896, -403 
1719131515403.00, -14689, -581213, -405 
1719131515424.00, -14727, -581530, -404 
1719131515447.00, -14400, -581845, -403 
1719131515468.00, -14575, -582161, -405 
1719131515489.00, -14440, -582476, -407 
1719131515511.00, -14742, -582793, -408 
1719131515535.00, -14452, -583107, -409 
1719131515554.00, -14516, -583423, -412 
1719131515576.00, -14586, -583738, -415 
1719131515598.00, -14746, -584052, -418 
1719131515619.00, -14512, -584369, -419 
1719131515641.00, -14348, -584685, -426 
1719131515663.00, -14586, -585001, -428 
1719131515684.00, -14503, -585317, -426 
1719131515706.00, -14734, -585634, -425 
1719131515727.00, -14394, -585948, -428 
1719131515749.00, -14623, -586263, -430 
1719131515771.00, -14560, -586578, -433 
1719131515791.00, -14712, -586894, -436 
1719131515814.00, -14541, -587208, -437 
1719131515835.00, -14489, -587524, -442 
1719131515857.00, -14386, -587842, -447 
1719131515879.00, -14467, -588154, -449 
1719131515901.00, -14709, -588468, -451 
1719131515922.00, -14473, -588783, -449 
1719131515944.00, -14528, -589097, -450 
1719131515965.00, -14435, -589411, -452 
1719131515986.00, -14561, -589725, -455 
1719131516008.00, -14553, -590038, -456 
1719131516030.00, -14333, -590352, -454 
1719131516052.00, -14361, -590671, -454 
1719131516073.00, -14356, -590985, -457 
1719131516095.00, -14650, -591299, -467 
1719131516117.00, -14581, -591613, -473 
1719131516139.00, -14421, -591932, -473 
1719131516160.00, -14514, -592244, -473 
1719131516182.00, -14519, -592559, -479 
1719131516203.00, -14664, -592873, -486 
1719131516224.00, -8675, -593188, -492 
1719131516246.00, -4652, -593375, -505 
1719131516268.00, -2474, -593482, -520 
1719131516289.00, -1118, -593536, -527 
1719131516311.00, -283, -593560, -523 
1719131516332.00, 2, -593566, -513 
1719131516354.00, 68, -593566, -504 
1719131516375.00, 50, -593565, -486 
1719131516396.00, 0, -593565, -465 
1719131516418.00, 0, -593564, -443 
1719131516439.00, 0, -593564, -420 
1719131516460.00, 0, -593562, -400 
1719131516481.00, 0, -593560, -384 
1719131516503.00, -8, -593561, -366 
1719131516524.00, 0, -593560, -344 
1719131516546.00, 45, -593559, -316 
1719131516567.00, 0, -593557, -290 
1719131516588.00, 0, -593557, -272 
1719131516609.00, -5, -593555, -254 
1719131516631.00, 0, -593554, -236 
1719131516652.00, 1, -593553, -216 
1719131516673.00, 0, -593552, -197 
1719131516695.00, 50, -593551, -172 
1719131516716.00, 12, -593549, -150 
1719131516741.00, 0, -593548, -134 
1719131516759.00, 67, -593546, -114 
1719131516781.00, 50, -593546, -95 
1719131516802.00, 63, -593543, -83 
1719131516823.00, 61, -593542, -69 
1719131516847.00, 52, -593539, -54 
1719131516866.00, 58, -593538, -45 
1719131516887.00, 62, -593537, -45 
1719131516908.00, 60, -593536, -46 
1719131516929.00, -4, -593536, -57 
1719131516951.00, -5, -593537, -66 
1719131516972.00, 0, -593537, -82 
1719131516993.00, 0, -593537, -92 
1719131517015.00, 0, -593537, -98 
1719131517036.00, 0, -593537, -105 
1719131517056.00, 0, -593538, -106 
1719131517078.00, 0, -593537, -101 
1719131517100.00, 1, -593536, -75 
1719131517121.00, 12, -593535, -60 
1719131517143.00, 39, -593534, -31 
1719131517164.00, 35, -593532, -2 
1719131517185.00, 96, -593528, 28 
1719131517206.00, 1881, -593525, 65 
1719131517228.00, 4980, -593482, 110 
1719131517250.00, 9388, -593374, 148 
1719131517271.00, 11826, -593170, 189 
1719131517292.00, 13524, -592913, 223 
1719131517314.00, 14528, -592625, 247 
1719131517336.00, 14451, -592317, 256 
1719131517358.00, 14496, -592004, 251 
1719131517380.00, 14645, -591687, 247 
1719131517401.00, 14824, -591370, 243 
1719131517423.00, 14579, -591055, 238 
1719131517444.00, 14379, -590738, 234 
1719131517466.00, 14502, -590420, 235 
1719131517488.00, 14915, -590106, 232 
1719131517509.00, 14457, -589789, 229 
1719131517531.00, 14503, -589474, 226 
1719131517552.00, 14385, -589161, 228 
1719131517574.00, 14714, -588849, 226 
1719131517596.00, 14799, -588535, 217 
1719131517618.00, 14409, -588217, 211 
1719131517639.00, 14451, -587905, 209 
1719131517661.00, 14565, -587585, 209 
1719131517682.00, 14815, -587268, 206 
1719131517704.00, 14404, -586953, 207 
1719131517729.00, 14435, -586639, 218 
1719131517747.00, 14440, -586323, 225 
1719131517769.00, 14834, -586010, 230 
1719131517791.00, 14356, -585694, 234 
1719131517812.00, 14597, -585381, 237 
1719131517834.00, 14379, -585064, 239 
1719131517856.00, 14728, -584747, 242 
1719131517877.00, 14697, -584430, 249 
1719131517899.00, 14392, -584109, 257 
1719131517920.00, 14448, -583797, 257 
1719131517945.00, 14641, -583480, 250 
1719131517964.00, 14607, -583164, 245 
1719131517986.00, 14665, -582854, 243 
1719131518007.00, 14411, -582539, 235 
1719131518029.00, 14462, -582227, 218 
1719131518052.00, 14682, -581912, 201 
1719131518072.00, 14404, -581596, 189 
1719131518094.00, 14684, -581285, 165 
1719131518115.00, 14281, -580975, 112 
1719131518137.00, 14246, -580665, 57 
1719131518163.00, 12241, -580356, 12 
1719131518180.00, 7866, -580098, -20 
1719131518201.00, 3336, -579922, -44 
1719131518222.00, -211, -579845, -58 
1719131518244.00, -3492, -579845, -75 
1719131518266.00, -6767, -579918, -100 
1719131518287.00, -10167, -580062, -127 
1719131518309.00, -12304, -580277, -150 
1719131518330.00, -13652, -580545, -168 
1719131518352.00, -14489, -580842, -183 
1719131518376.00, -14706, -581156, -203 
1719131518396.00, -14497, -581474, -226 
1719131518417.00, -14493, -581791, -245 
1719131518439.00, -14500, -582109, -261 
1719131518460.00, -14673, -582426, -272 
1719131518482.00, -14516, -582741, -280 
1719131518504.00, -14458, -583055, -288 
1719131518525.00, -14582, -583372, -297 
1719131518547.00, -14685, -583688, -308 
1719131518569.00, -14732, -584001, -315 
1719131518590.00, -14442, -584320, -321 
1719131518612.00, -14555, -584636, -324 
1719131518634.00, -14589, -584953, -329 
1719131518655.00, -14684, -585268, -336 
1719131518677.00, -14415, -585584, -342 
1719131518698.00, -14592, -585900, -345 
1719131518719.00, -14473, -586216, -344 
1719131518742.00, -14708, -586530, -343 
1719131518763.00, -14564, -586846, -345 
1719131518785.00, -14562, -587161, -347 
1719131518806.00, -14475, -587476, -346 
1719131518829.00, -14546, -587792, -348 
1719131518850.00, -14613, -588104, -344 
1719131518871.00, -14402, -588419, -344 
1719131518893.00, -14474, -588737, -345 
1719131518915.00, -14478, -589050, -344 
1719131518937.00, -14680, -589363, -341 
1719131518958.00, -14575, -589677, -340 
1719131518979.00, -14500, -589991, -338 
1719131519002.00, -14371, -590305, -337 
1719131519023.00, -14500, -590624, -340 
1719131519047.00, -14835, -590938, -339 
1719131519066.00, -14484, -591252, -336 
1719131519088.00, -14451, -591569, -335 
1719131519110.00, -14411, -591885, -336 
1719131519131.00, -14633, -592197, -338 
1719131519154.00, -14621, -592513, -337 
1719131519175.00, -14386, -592827, -341 
1719131519196.00, -8046, -593142, -345 
1719131519217.00, -4461, -593328, -344 
1719131519239.00, -2274, -593430, -353 
1719131519263.00, -991, -593480, -356 
1719131519282.00, -209, -593501, -354 
1719131519304.00, 1, -593507, -358 
1719131519325.00, -4, -593507, -361 
1719131519346.00, 32, -593507, -358 
1719131519367.00, 0, -593507, -354 
1719131519389.00, 0, -593506, -354 
1719131519410.00, 44, -593507, -358 
1719131519431.00, 20, -593507, -358 
1719131519453.00, 0, -593506, -354 
1719131519474.00, 0, -593507, -353 
1719131519496.00, 0, -593507, -351 
1719131519517.00, -4, -593507, -346 
1719131519538.00, 0, -593506, -340 
1719131519560.00, 0, -593507, -337 
1719131519583.00, 0, -593507, -337 
1719131519601.00, 0, -593507, -335 
1719131519623.00, 0, -593508, -332 
1719131519645.00, 0, -593507, -329 
1719131519666.00, 0, -593506, -326 
1719131519687.00, 0, -593506, -320 
1719131519709.00, 0, -593508, -318 
1719131519730.00, 0, -593507, -315 
1719131519751.00, 0, -593507, -313 
1719131519772.00, 0, -593506, -311 
1719131519794.00, 0, -593506, -312 
1719131519815.00, 0, -593507, -313 
1719131519836.00, 0, -593506, -312 
1719131519857.00, 0, -593506, -308 
1719131519878.00, 0, -593506, -306 
1719131519900.00, 1, -593505, -304 
1719131519921.00, 0, -593506, -299 
1719131519944.00, 0, -593506, -292 
1719131519964.00, 0, -593505, -289 
1719131519986.00, 0, -593505, -283 
1719131520007.00, 0, -593505, -274 
1719131520029.00, 0, -593504, -268 
1719131520050.00, 0, -593504, -263 
1719131520071.00, 0, -593503, -260 
1719131520092.00, -1, -593503, -253 
1719131520114.00, 0, -593504, -240 
1719131520135.00, 9, -593502, -225 
1719131520156.00, 0, -593501, -212 
1719131520177.00, 0, -593500, -194 
1719131520199.00, 0, -593499, -170 
1719131520220.00, -5, -593497, -134 
1719131520241.00, 0, -593493, -86 
1719131520263.00, 57, -593489, -27 
1719131520283.00, 101, -593483, 46 
1719131520306.00, 2977, -593474, 127 
1719131520327.00, 9414, -593401, 204 
1719131520349.00, 17958, -593202, 256 
1719131520371.00, 26196, -592825, 281 
1719131520392.00, 32677, -592272, 278 
1719131520414.00, 36169, -591575, 283 
1719131520436.00, 38425, -590791, 294 
1719131520459.00, 40543, -589954, 322 
1719131520479.00, 42978, -589081, 327 
1719131520501.00, 43875, -588158, 312 
1719131520522.00, 43665, -587207, 312 
1719131520543.00, 43675, -586262, 338 
1719131520570.00, 43687, -585320, 340 
1719131520587.00, 43634, -584373, 325 
1719131520609.00, 43861, -583425, 314 
1719131520630.00, 43793, -582484, 293 
1719131520652.00, 43192, -581537, 276 
1719131520675.00, 41879, -580595, 235 
1719131520695.00, 38623, -579691, 184 
1719131520717.00, 33821, -578852, 157 
1719131520738.00, 29255, -578115, 143 
1719131520760.00, 25665, -577479, 103 
1719131520782.00, 20937, -576924, 38 
1719131520803.00, 14744, -576471, -8 
1719131520825.00, 8492, -576153, -39 
1719131520846.00, 2204, -575968, -78 
1719131520868.00, -3156, -575913, -116 
1719131520889.00, -8950, -575974, -154 
1719131520911.00, -14878, -576164, -212 
1719131520933.00, -21899, -576480, -260 
1719131520954.00, -29053, -576945, -292 
1719131520976.00, -35058, -577563, -315 
1719131520997.00, -39601, -578317, -327 
1719131521019.00, -42432, -579177, -328 
1719131521040.00, -43789, -580094, -334 
1719131521062.00, -43759, -581041, -338 
1719131521084.00, -43640, -581990, -340 
1719131521106.00, -43896, -582939, -336 
1719131521127.00, -43821, -583884, -336 
1719131521148.00, -43670, -584833, -336 
1719131521170.00, -43489, -585775, -332 
1719131521192.00, -43662, -586722, -325 
1719131521214.00, -43709, -587665, -324 
1719131521236.00, -43680, -588612, -323 
1719131521257.00, -43604, -589555, -321 
1719131521279.00, -43642, -590502, -317 
1719131521300.00, -43436, -591450, -319 
1719131521322.00, -43590, -592395, -312 
1719131521344.00, -43759, -593337, -304 
1719131521365.00, -25009, -594278, -302 
1719131521386.00, -13580, -594842, -305 
1719131521408.00, -6957, -595156, -325 
1719131521430.00, -3062, -595314, -319 
1719131521452.00, -734, -595384, -307 
1719131521473.00, 34, -595399, -289 
1719131521495.00, 860, -595398, -278 
1719131521516.00, 1431, -595387, -263 
1719131521538.00, 1865, -595359, -248 
1719131521559.00, 2152, -595321, -231 
1719131521580.00, 2244, -595274, -198 
1719131521602.00, 2288, -595220, -137 
1719131521624.00, 2424, -595163, -42 
1719131521646.00, 2532, -595104, 76 
1719131521667.00, 6974, -595037, 201 
1719131521689.00, 16902, -594882, 289 
1719131521710.00, 28238, -594522, 313 
1719131521732.00, 36290, -593924, 344 
1719131521754.00, 41223, -593146, 353 
1719131521775.00, 43962, -592264, 366 
1719131521797.00, 43709, -591316, 378 
1719131521818.00, 43742, -590361, 390 
1719131521840.00, 43740, -589414, 414 
1719131521862.00, 43521, -588468, 421 
1719131521884.00, 43641, -587523, 392 
1719131521905.00, 43785, -586579, 368 
1719131521927.00, 43734, -585636, 352 
1719131521949.00, 43637, -584689, 346 
1719131521970.00, 43554, -583741, 335 
1719131521992.00, 43605, -582802, 317 
1719131522013.00, 43748, -581857, 305 
1719131522034.00, 43881, -580905, 293 
1719131522057.00, 43485, -579955, 279 
1719131522078.00, 43100, -579020, 240 
1719131522100.00, 40499, -578092, 181 
1719131522121.00, 35323, -577219, 118 
1719131522143.00, 28270, -576455, 54 
1719131522165.00, 20310, -575839, 3 
1719131522186.00, 12328, -575396, -38 
1719131522208.00, 5023, -575121, -81 
1719131522229.00, -1066, -575006, -146 
1719131522251.00, -8761, -575024, -208 
1719131522272.00, -17387, -575207, -230 
1719131522294.00, -24114, -575581, -324 
1719131522317.00, -32758, -576091, -372 
1719131522337.00, -37872, -576786, -394 
1719131522359.00, -40982, -577603, -404 
1719131522381.00, -42755, -578491, -434 
1719131522402.00, -43743, -579417, -449 
1719131522429.00, -43652, -580364, -470 
1719131522446.00, -43794, -581315, -502 
1719131522467.00, -43704, -582267, -531 
1719131522489.00, -43553, -583211, -531 
1719131522510.00, -43590, -584158, -523 
1719131522532.00, -43743, -585106, -527 
1719131522554.00, -43691, -586050, -524 
1719131522575.00, -43808, -586995, -523 
1719131522597.00, -43643, -587943, -522 
1719131522618.00, -43695, -588887, -515 
1719131522640.00, -43464, -589830, -509 
1719131522662.00, -43760, -590777, -500 
1719131522684.00, -43713, -591727, -496 
1719131522706.00, -43611, -592668, -475 
1719131522726.00, -43733, -593612, -454 
1719131522748.00, -25729, -594552, -436 
1719131522770.00, -14693, -595132, -422 
1719131522791.00, -8242, -595467, -435 
1719131522813.00, -4336, -595650, -405 
1719131522835.00, -2023, -595748, -389 
1719131522856.00, -659, -595794, -369 
1719131522877.00, 0, -595808, -339 
1719131522899.00, 56, -595808, -284 
1719131522920.00, -4, -595804, -210 
1719131522941.00, -1, -595800, -138 
1719131522962.00, 77, -595794, -45 
1719131522984.00, 379, -595783, 100 
1719131523006.00, 6856, -595758, 289 
1719131523027.00, 21599, -595611, 502 
1719131523049.00, 31929, -595163, 549 
1719131523071.00, 38110, -594486, 573 
1719131523092.00, 41297, -593677, 520 
1719131523114.00, 43329, -592788, 505 
1719131523135.00, 43552, -591856, 490 
1719131523157.00, 43759, -590908, 458 
1719131523179.00, 43801, -589959, 458 
1719131523201.00, 43790, -589014, 456 
1719131523222.00, 43616, -588068, 444 
1719131523243.00, 43692, -587120, 427 
1719131523266.00, 43532, -586179, 423 
1719131523287.00, 43551, -585233, 415 
1719131523309.00, 43693, -584289, 398 
1719131523331.00, 43844, -583341, 382 
1719131523352.00, 43543, -582401, 367 
1719131523373.00, 43652, -581449, 352 
1719131523395.00, 43576, -580499, 338 
1719131523418.00, 43568, -579559, 317 
1719131523439.00, 43656, -578619, 283 
1719131523460.00, 42964, -577673, 227 
1719131523482.00, 38969, -576750, 198 
1719131523504.00, 34929, -575911, 183 
1719131523525.00, 31561, -575155, 151 
1719131523547.00, 27498, -574475, 84 
1719131523568.00, 20967, -573879, 35 
1719131523589.00, 14206, -573416, -6 
1719131523612.00, 8393, -573107, -61 
1719131523633.00, 945, -572924, -113 
1719131523655.00, -6224, -572897, -169 
1719131523676.00, -13922, -573019, -218 
1719131523698.00, -21792, -573315, -255 
1719131523719.00, -28548, -573785, -345 
1719131523741.00, -35913, -574397, -357 
1719131523762.00, -40300, -575168, -383 
1719131523784.00, -42734, -576037, -403 
1719131523806.00, -43711, -576957, -422 
1719131523827.00, -43787, -577908, -447 
1719131523850.00, -43813, -578855, -454 
1719131523871.00, -43835, -579800, -456 
1719131523893.00, -43677, -580747, -447 
1719131523914.00, -43636, -581697, -448 
1719131523935.00, -43614, -582646, -441 
1719131523959.00, -43778, -583588, -436 
1719131523979.00, -43725, -584536, -432 
1719131524001.00, -43591, -585483, -420 
1719131524022.00, -43555, -586426, -409 
1719131524044.00, -43558, -587369, -394 
1719131524066.00, -43408, -588314, -389 
1719131524087.00, -43566, -589257, -387 
1719131524109.00, -43641, -590199, -380 
1719131524130.00, -43682, -591144, -366 
1719131524151.00, -43682, -592092, -353 
1719131524174.00, -43497, -593037, -343 
1719131524196.00, -24834, -593976, -325 
1719131524217.00, -13773, -594540, -320 
1719131524239.00, -7303, -594849, -350 
1719131524260.00, -3199, -595012, -365 
1719131524282.00, -800, -595084, -347 
1719131524303.00, 20, -595104, -325 
1719131524325.00, 898, -595103, -293 
1719131524346.00, 1505, -595087, -247 
1719131524367.00, 1875, -595057, -205 
1719131524389.00, 2091, -595015, -187 
1719131524411.00, 2184, -594968, -148 
1719131524432.00, 2239, -594915, -101 
1719131524454.00, 2181, -594861, -57 
1719131524476.00, 2228, -594812, -20 
1719131524497.00, 2214, -594760, 29 
1719131524519.00, 3793, -594712, 61 
1719131524540.00, 6624, -594630, 81 
1719131524562.00, 9503, -594488, 110 
1719131524583.00, 13312, -594282, 142 
1719131524605.00, 17178, -593997, 174 
1719131524627.00, 21709, -593625, 201 
1719131524648.00, 25652, -593167, 225 
1719131524670.00, 29420, -592617, 239 
1719131524691.00, 32515, -591989, 245 
1719131524713.00, 34719, -591284, 254 
1719131524734.00, 36752, -590528, 273 
1719131524756.00, 38843, -589739, 290 
1719131524778.00, 41188, -588908, 293 
1719131524799.00, 42520, -588021, 273 
1719131524822.00, 42072, -587101, 253 
1719131524843.00, 40236, -586193, 242 
1719131524864.00, 38776, -585322, 211 
1719131524886.00, 35817, -584487, 150 
1719131524908.00, 30477, -583711, 86 
1719131524929.00, 23635, -583048, 45 
1719131524951.00, 16973, -582540, 27 
1719131524973.00, 11746, -582170, -8 
1719131524993.00, 7215, -581908, -22 
1719131525015.00, 2890, -581745, -2 
1719131525037.00, 1740, -581672, 11 
1719131525058.00, 1804, -581633, 30 
1719131525080.00, 2928, -581594, 32 
1719131525101.00, 3751, -581533, 30 
1719131525123.00, 4030, -581453, 35 
1719131525144.00, 4480, -581364, 31 
1719131525170.00, 4553, -581264, 34 
1719131525187.00, 4747, -581165, 35 
1719131525208.00, 5139, -581059, 37 
1719131525230.00, 5356, -580948, 40 
1719131525252.00, 5696, -580833, 33 
1719131525277.00, 5422, -580712, 36 
1719131525295.00, 5515, -580594, 35 
1719131525316.00, 5626, -580477, 36 
1719131525337.00, 5619, -580360, 36 
1719131525359.00, 5570, -580238, 33 
1719131525381.00, 5325, -580117, 36 
1719131525402.00, 5234, -580002, 34 
1719131525423.00, 5214, -579886, 36 
1719131525445.00, 5118, -579777, 36 
1719131525466.00, 5433, -579666, 34 
1719131525488.00, 5187, -579553, 36 
1719131525509.00, 5323, -579440, 33 
1719131525530.00, 5085, -579327, 25 
1719131525552.00, 4413, -579215, 24 
1719131525574.00, 4120, -579116, 26 
1719131525596.00, 4009, -579028, 28 
1719131525617.00, 4212, -578944, 26 
1719131525638.00, 4072, -578852, 26 
1719131525660.00, 4026, -578763, 32 
1719131525681.00, 4346, -578677, 33 
1719131525705.00, 4624, -578584, 35 
1719131525723.00, 4742, -578484, 44 
1719131525745.00, 5425, -578379, 53 
1719131525767.00, 6562, -578263, 55 
1719131525788.00, 7334, -578127, 61 
1719131525811.00, 8067, -577972, 66 
1719131525831.00, 8773, -577800, 69 
1719131525853.00, 9479, -577609, 73 
1719131525874.00, 9804, -577410, 77 
1719131525896.00, 10310, -577195, 82 
1719131525916.00, 10955, -576971, 88 
1719131525939.00, 11759, -576731, 99 
1719131525960.00, 12914, -576480, 108 
1719131525982.00, 14109, -576205, 115 
1719131526004.00, 15169, -575899, 123 
1719131526025.00, 16449, -575572, 128 
1719131526048.00, 17343, -575214, 130 
1719131526069.00, 18042, -574840, 137 
1719131526090.00, 18550, -574446, 142 
1719131526112.00, 19624, -574037, 140 
1719131526134.00, 20024, -573615, 126 
1719131526155.00, 19463, -573185, 117 
1719131526177.00, 18436, -572765, 113 
1719131526198.00, 18038, -572364, 105 
1719131526220.00, 16833, -571977, 95 
1719131526241.00, 15840, -571614, 85 
1719131526263.00, 14185, -571276, 75 
1719131526284.00, 12653, -570965, 67 
1719131526306.00, 11402, -570689, 58 
1719131526328.00, 10264, -570441, 53 
1719131526349.00, 9252, -570224, 49 
1719131526370.00, 8287, -570030, 44 
1719131526392.00, 7415, -569854, 41 
1719131526413.00, 6713, -569695, 36 
1719131526435.00, 5734, -569550, 37 
1719131526456.00, 5428, -569421, 38 
1719131526481.00, 5309, -569303, 35 
1719131526498.00, 5209, -569192, 32 
1719131526520.00, 4997, -569083, 30 
1719131526542.00, 4762, -568977, 31 
1719131526563.00, 4690, -568877, 22 
1719131526589.00, 3812, -568778, 25 
1719131526607.00, 3427, -568693, 22 
1719131526627.00, 3073, -568616, 20 
1719131526649.00, 2841, -568548, 20 
1719131526671.00, 2771, -568489, 17 
1719131526699.00, 2426, -568430, 17 
1719131526713.00, 2286, -568376, 13 
1719131526735.00, 2039, -568328, 9 
1719131526757.00, 1054, -568284, 8 
1719131526778.00, 409, -568259, 7 
1719131526800.00, 13, -568250, 9 
1719131526820.00, 0, -568249, 10 
1719131526841.00, 0, -568249, 7 
1719131526862.00, 0, -568248, 7 
1719131526884.00, 0, -568248, 9 
1719131526904.00, 0, -568249, 9 
1719131526925.00, 0, -568248, 9 
1719131526947.00, 0, -568248, 5 
1719131526967.00, 0, -568249, 5 
1719131526989.00, 0, -568248, 5 
1719131527010.00, 0, -568248, 5 
1719131527030.00, 0, -568249, 5 
1719131527052.00, 0, -568249, 6 
1719131527072.00, 0, -568249, 7 
1719131527094.00, 0, -568249, 10 
1719131527115.00, 0, -568249, 11 
1719131527136.00, 594, -568247, 13 
1719131527158.00, 1120, -568241, 13 
1719131527179.00, 1484, -568217, 18 
1719131527201.00, 1986, -568185, 22 
1719131527222.00, 2550, -568144, 24 
1719131527243.00, 3045, -568089, 24 
1719131527265.00, 3292, -568024, 26 
1719131527286.00, 3569, -567953, 26 
1719131527308.00, 3594, -567878, 27 
1719131527329.00, 3889, -567799, 29 
1719131527352.00, 4096, -567718, 29 
1719131527372.00, 4277, -567630, 30 
1719131527394.00, 4150, -567541, 29 
1719131527415.00, 4373, -567453, 31 
1719131527437.00, 4570, -567361, 32 
1719131527458.00, 4782, -567264, 35 
1719131527480.00, 4877, -567160, 38 
1719131527500.00, 5121, -567055, 39 
1719131527523.00, 5355, -566946, 41 
1719131527544.00, 5463, -566832, 41 
1719131527569.00, 5713, -566714, 40 
1719131527587.00, 5877, -566592, 39 
1719131527608.00, 5888, -566468, 38 
1719131527630.00, 5753, -566343, 37 
1719131527651.00, 5661, -566221, 35 
1719131527678.00, 5314, -566102, 34 
1719131527694.00, 5110, -565986, 33 
1719131527716.00, 5096, -565876, 33 
1719131527737.00, 4970, -565767, 35 
1719131527759.00, 5094, -565659, 35 
1719131527781.00, 5013, -565549, 32 
1719131527801.00, 4879, -565440, 33 
1719131527823.00, 4893, -565337, 34 
1719131527844.00, 5026, -565236, 32 
1719131527866.00, 4929, -565131, 29 
1719131527887.00, 4633, -565025, 25 
1719131527909.00, 4170, -564926, 23 
1719131527930.00, 3842, -564833, 20 
1719131527951.00, 3522, -564750, 17 
1719131527973.00, 2905, -564677, 14 
1719131527995.00, 2314, -564612, 11 
1719131528016.00, 1890, -564560, 8 
1719131528037.00, 1049, -564519, 7 
1719131528059.00, 480, -564496, 6 
1719131528080.00, 157, -564485, 5 
1719131528101.00, -1, -564481, 3 
1719131528122.00, 0, -564482, 1 
1719131528143.00, 0, -564482, 0 
1719131528164.00, 0, -564483, -1 
1719131528185.00, 12, -564481, -3 
1719131528207.00, 0, -564483, -4 
1719131528229.00, 0, -564481, -5 
1719131528249.00, 0, -564482, -6 
1719131528270.00, -10, -564482, -4 
1719131528291.00, 0, -564482, -3 
1719131528312.00, 0, -564482, -2 
1719131528338.00, 0, -564482, -4 
1719131528354.00, 0, -564482, -5 
1719131528376.00, 0, -564481, -3 
1719131528397.00, 6, -564482, -1 
1719131528418.00, 0, -564481, 5 
1719131528438.00, -55, -564481, 14 
1719131528460.00, 887, -564481, 19 
1719131528482.00, 1746, -564464, 27 
1719131528503.00, 2765, -564429, 23 
1719131528524.00, 2996, -564370, 27 
1719131528546.00, 3328, -564305, 30 
1719131528568.00, 3674, -564232, 32 
1719131528589.00, 4263, -564151, 37 
1719131528611.00, 5014, -564060, 40 
1719131528632.00, 5174, -563958, 44 
1719131528654.00, 5687, -563840, 46 
1719131528675.00, 6088, -563720, 44 
1719131528696.00, 6228, -563589, 51 
1719131528718.00, 6731, -563456, 41 
1719131528740.00, 6556, -563313, 42 
1719131528760.00, 6295, -563176, 37 
1719131528783.00, 5738, -563037, 41 
1719131528804.00, 5740, -562913, 41 
1719131528825.00, 5842, -562787, 43 
1719131528847.00, 6092, -562663, 48 
1719131528868.00, 6427, -562533, 83 
1719131528889.00, 8615, -562394, 108 
1719131528911.00, 11561, -562202, 157 
1719131528933.00, 16049, -561953, 193 
1719131528955.00, 21065, -561600, 229 
1719131528976.00, 26373, -561144, 252 
1719131528998.00, 30622, -560580, 285 
1719131529019.00, 35277, -559922, 320 
1719131529041.00, 39643, -559164, 349 
1719131529063.00, 42232, -558303, 379 
1719131529084.00, 43648, -557385, 403 
1719131529107.00, 43786, -556442, 413 
1719131529128.00, 43772, -555491, 456 
1719131529149.00, 43435, -554543, 452 
1719131529171.00, 43705, -553598, 453 
1719131529192.00, 43765, -552658, 470 
1719131529215.00, 43736, -551702, 486 
1719131529236.00, 43544, -550756, 491 
1719131529257.00, 43641, -549810, 498 
1719131529279.00, 43634, -548865, 502 
1719131529301.00, 43531, -547910, 508 
1719131529325.00, 43839, -546965, 518 
1719131529344.00, 43770, -546022, 520 
1719131529366.00, 43485, -545069, 519 
1719131529387.00, 43761, -544122, 525 
1719131529409.00, 43703, -543184, 529 
1719131529433.00, 43560, -542237, 532 
1719131529452.00, 43846, -541282, 528 
1719131529474.00, 43871, -540338, 527 
1719131529496.00, 43542, -539393, 530 
1719131529517.00, 43559, -538443, 528 
1719131529538.00, 43783, -537497, 528 
1719131529560.00, 43562, -536558, 538 
1719131529582.00, 43630, -535607, 541 
1719131529604.00, 43876, -534662, 532 
1719131529625.00, 43647, -533715, 520 
1719131529649.00, 43744, -532770, 524 
1719131529669.00, 43636, -531813, 530 
1719131529690.00, 43664, -530865, 535 
1719131529712.00, 43766, -529925, 540 
1719131529734.00, 43636, -528975, 537 
1719131529758.00, 43663, -528030, 533 
1719131529776.00, 43688, -527087, 530 
1719131529798.00, 43441, -526143, 533 
1719131529820.00, 43605, -525192, 530 
1719131529842.00, 43860, -524246, 520 
1719131529865.00, 43643, -523302, 511 
1719131529885.00, 43656, -522354, 502 
1719131529906.00, 43609, -521407, 486 
1719131529928.00, 43516, -520465, 460 
1719131529950.00, 43783, -519524, 428 
1719131529974.00, 43858, -518576, 396 
1719131529993.00, 43486, -517634, 356 
1719131530015.00, 43648, -516699, 309 
1719131530037.00, 43611, -515746, 260 
1719131530058.00, 41161, -514805, 203 
1719131530083.00, 36102, -513923, 140 
1719131530101.00, 29108, -513141, 67 
1719131530123.00, 21181, -512499, -1 
1719131530145.00, 11820, -512039, -50 
1719131530166.00, 3388, -511769, -95 
1719131530187.00, -3431, -511688, -147 
1719131530209.00, -11162, -511754, -185 
1719131530231.00, -18221, -511989, -218 
1719131530252.00, -24254, -512371, -237 
1719131530274.00, -29121, -512896, -287 
1719131530296.00, -34988, -513527, -311 
1719131530317.00, -39836, -514270, -365 
1719131530339.00, -42618, -515131, -376 
1719131530361.00, -43880, -516059, -411 
1719131530382.00, -43668, -517012, -454 
1719131530404.00, -43538, -517962, -476 
1719131530425.00, -43582, -518907, -485 
1719131530447.00, -43868, -519861, -506 
1719131530469.00, -43686, -520804, -536 
1719131530491.00, -43414, -521749, -542 
1719131530512.00, -43733, -522699, -548 
1719131530534.00, -43756, -523649, -568 
1719131530555.00, -43600, -524590, -566 
1719131530577.00, -43687, -525538, -561 
1719131530599.00, -43851, -526494, -574 
1719131530621.00, -43639, -527434, -588 
1719131530642.00, -43728, -528380, -592 
1719131530664.00, -43730, -529330, -608 
1719131530685.00, -43776, -530276, -618 
1719131530707.00, -43606, -531218, -629 
1719131530729.00, -43590, -532168, -637 
1719131530750.00, -43808, -533123, -652 
1719131530772.00, -43712, -534069, -656 
1719131530794.00, -43679, -535015, -670 
1719131530815.00, -43731, -535971, -699 
1719131530837.00, -43731, -536916, -710 
1719131530858.00, -43616, -537857, -723 
1719131530880.00, -43681, -538805, -741 
1719131530902.00, -43632, -539754, -760 
1719131530923.00, -43566, -540703, -785 
1719131530945.00, -43660, -541648, -795 
1719131530967.00, -43686, -542601, -802 
1719131530988.00, -43671, -543544, -814 
1719131531010.00, -43586, -544486, -823 
1719131531032.00, -43628, -545438, -826 
1719131531053.00, -43685, -546385, -834 
1719131531075.00, -43611, -547327, -843 
1719131531096.00, -43719, -548272, -837 
1719131531118.00, -43781, -549228, -832 
1719131531139.00, -43639, -550174, -829 
1719131531161.00, -43742, -551116, -832 
1719131531183.00, -43742, -552065, -839 
1719131531205.00, -43589, -553013, -834 
1719131531226.00, -43511, -553954, -832 
1719131531248.00, -43582, -554901, -836 
1719131531270.00, -43627, -555849, -838 
1719131531291.00, -43653, -556789, -830 
1719131531313.00, -43625, -557732, -832 
1719131531335.00, -43628, -558685, -843 
1719131531356.00, -43560, -559632, -850 
1719131531378.00, -43690, -560577, -853 
1719131531400.00, -43670, -561518, -849 
1719131531421.00, -43591, -562468, -851 
1719131531442.00, -43749, -563406, -848 
1719131531464.00, -43789, -564352, -839 
1719131531486.00, -43429, -565305, -849 
1719131531508.00, -43641, -566253, -857 
1719131531530.00, -43631, -567196, -855 
1719131531551.00, -43428, -568145, -851 
1719131531573.00, -43583, -569095, -860 
1719131531594.00, -43848, -570030, -864 
1719131531616.00, -43603, -570970, -857 
1719131531637.00, -43786, -571919, -868 
1719131531659.00, -43605, -572869, -875 
1719131531681.00, -43442, -573814, -875 
1719131531703.00, -43671, -574764, -872 
1719131531724.00, -43778, -575708, -879 
1719131531745.00, -43619, -576648, -876 
1719131531767.00, -43522, -577591, -874 
1719131531789.00, -43660, -578544, -890 
1719131531810.00, -43536, -579486, -894 
1719131531834.00, -43571, -580429, -896 
1719131531854.00, -43681, -581376, -900 
1719131531875.00, -43655, -582327, -895 
1719131531897.00, -43755, -583267, -886 
1719131531919.00, -43769, -584214, -883 
1719131531940.00, -43607, -585163, -895 
1719131531962.00, -43471, -586106, -893 
1719131531984.00, -43681, -587047, -881 
1719131532005.00, -43545, -587995, -884 
1719131532027.00, -43743, -588943, -884 
1719131532049.00, -43640, -589880, -888 
1719131532070.00, -43529, -590830, -878 
1719131532092.00, -43454, -591777, -867 
1719131532113.00, -43569, -592718, -850 
1719131532135.00, -43439, -593657, -815 
1719131532160.00, -24849, -594594, -788 
1719131532178.00, -13927, -595161, -800 
1719131532200.00, -6994, -595471, -779 
1719131532221.00, -3127, -595629, -737 
1719131532242.00, -666, -595696, -716 
1719131532264.00, 51, -595713, -660 
1719131532286.00, 977, -595710, -589 
1719131532307.00, 1685, -595693, -504 
1719131532328.00, 2120, -595658, -425 
1719131532350.00, 2344, -595606, -350 
1719131532372.00, 2510, -595551, -252 
1719131532394.00, 2633, -595488, -126 
1719131532415.00, 2628, -595419, 29 
1719131532437.00, 4356, -595343, 209 
1719131532459.00, 16012, -595240, 369 
1719131532481.00, 29071, -594891, 563 
1719131532502.00, 37049, -594273, 629 
1719131532523.00, 41650, -593479, 679 
1719131532545.00, 43865, -592584, 712 
1719131532567.00, 43532, -591642, 694 
1719131532588.00, 43868, -590689, 694 
1719131532614.00, 43908, -589741, 724 
1719131532632.00, 43572, -588798, 738 
1719131532653.00, 43409, -587848, 736 
1719131532675.00, 43834, -586900, 734 
1719131532697.00, 43561, -585958, 743 
1719131532722.00, 43697, -585012, 744 
1719131532740.00, 43689, -584063, 746 
1719131532761.00, 43668, -583115, 759 
1719131532783.00, 43624, -582172, 765 
1719131532805.00, 43837, -581219, 759 
1719131532826.00, 43688, -580271, 763 
1719131532848.00, 43538, -579326, 761 
1719131532870.00, 43617, -578381, 758 
1719131532891.00, 43735, -577434, 759 
1719131532913.00, 43556, -576489, 758 
1719131532936.00, 43534, -575552, 742 
1719131532957.00, 43791, -574602, 719 
1719131532978.00, 43641, -573654, 703 
1719131533000.00, 43688, -572710, 698 
1719131533021.00, 43794, -571758, 695 
1719131533047.00, 43630, -570812, 679 
1719131533064.00, 43475, -569872, 659 
1719131533085.00, 43726, -568932, 640 
1719131533108.00, 43855, -567984, 625 
1719131533129.00, 43750, -567035, 620 
1719131533153.00, 43397, -566091, 620 
1719131533173.00, 43728, -565143, 616 
1719131533194.00, 43598, -564193, 608 
1719131533215.00, 43731, -563248, 599 
1719131533237.00, 43825, -562307, 589 
1719131533259.00, 43708, -561358, 580 
1719131533281.00, 43612, -560416, 580 
1719131533302.00, 43800, -559468, 581 
1719131533324.00, 43616, -558523, 581 
1719131533346.00, 43561, -557571, 583 
1719131533368.00, 43732, -556627, 588 
1719131533389.00, 43767, -555684, 582 
1719131533410.00, 43522, -554736, 568 
1719131533432.00, 43494, -553788, 557 
1719131533454.00, 43697, -552851, 538 
1719131533481.00, 43667, -551904, 507 
1719131533497.00, 43586, -550957, 469 
1719131533519.00, 43775, -550016, 428 
1719131533540.00, 43703, -549075, 383 
1719131533562.00, 43475, -548125, 339 
1719131533585.00, 43638, -547183, 298 
1719131533605.00, 43575, -546248, 249 
1719131533627.00, 41487, -545307, 187 
1719131533649.00, 36510, -544415, 127 
1719131533670.00, 29535, -543626, 78 
1719131533693.00, 21923, -542986, 27 
1719131533714.00, 15190, -542507, -164 
1719131533735.00, -61, -542179, -188 
1719131533756.00, -10850, -542161, -210 
1719131533778.00, -18964, -542384, -257 
1719131533802.00, -26478, -542793, -417 
1719131533821.00, -34146, -543353, -407 
1719131533843.00, -38736, -544080, -432 
1719131533865.00, -41561, -544915, -448 
1719131533887.00, -43078, -545818, -483 
1719131533911.00, -43775, -546750, -525 
1719131533930.00, -43720, -547696, -548 
1719131533951.00, -43863, -548651, -597 
1719131533973.00, -43656, -549607, -634 
1719131533994.00, -43793, -550557, -676 
1719131534016.00, -43786, -551500, -709 
1719131534038.00, -43715, -552455, -742 
1719131534059.00, -43664, -553397, -757 
1719131534081.00, -43713, -554343, -768 
1719131534103.00, -43693, -555290, -790 
1719131534124.00, -43579, -556244, -804 
1719131534146.00, -43704, -557185, -806 
1719131534168.00, -43770, -558132, -815 
1719131534189.00, -43587, -559085, -833 
1719131534211.00, -43709, -560034, -837 
1719131534233.00, -43764, -560973, -835 
1719131534254.00, -43646, -561920, -847 
1719131534275.00, -43681, -562866, -859 
1719131534298.00, -43884, -563809, -871 
1719131534319.00, -43675, -564757, -876 
1719131534341.00, -43511, -565712, -887 
1719131534362.00, -43703, -566656, -890 
1719131534384.00, -43728, -567599, -892 
1719131534406.00, -43500, -568551, -899 
1719131534427.00, -43783, -569499, -903 
1719131534449.00, -43702, -570435, -903 
1719131534471.00, -43466, -571378, -906 
1719131534492.00, -43462, -572330, -913 
1719131534514.00, -43599, -573275, -917 
1719131534535.00, -43415, -574220, -923 
1719131534557.00, -43725, -575172, -942 
1719131534579.00, -43739, -576112, -944 
1719131534600.00, -43625, -577051, -949 
1719131534622.00, -43795, -577997, -960 
1719131534644.00, -43746, -578949, -981 
1719131534666.00, -43552, -579888, -1001 
1719131534687.00, -43590, -580842, -1010 
1719131534709.00, -43631, -581801, -1028 
1719131534730.00, -43669, -582749, -1029 
1719131534752.00, -43673, -583694, -1040 
1719131534774.00, -43619, -584646, -1039 
1719131534796.00, -43681, -585599, -1036 
1719131534818.00, -43734, -586543, -1021 
1719131534839.00, -43690, -587493, -1000 
1719131534861.00, -43514, -588446, -985 
1719131534883.00, -43644, -589384, -950 
1719131534904.00, -43636, -590317, -876 
1719131534926.00, -43492, -591266, -803 
1719131534947.00, -43673, -592211, -757 
1719131534969.00, -43746, -593149, -704 
1719131534991.00, -24915, -594085, -659 
1719131535012.00, -13836, -594651, -640 
1719131535034.00, -7030, -594959, -618 
1719131535056.00, -3106, -595117, -565 
1719131535076.00, -616, -595187, -532 
1719131535098.00, 93, -595200, -456 
1719131535120.00, 1113, -595195, -357 
1719131535142.00, 1850, -595174, -244 
1719131535163.00, 2480, -595126, -109 
1719131535184.00, 2693, -595055, 101 
1719131535206.00, 8733, -594974, 336 
1719131535228.00, 24921, -594780, 487 
1719131535250.00, 34777, -594254, 671 
1719131535271.00, 40425, -593512, 726 
1719131535292.00, 43422, -592643, 785 
1719131535315.00, 43778, -591704, 802 
1719131535335.00, 43806, -590752, 828 
1719131535357.00, 43651, -589803, 840 
1719131535380.00, 43721, -588858, 852 
1719131535401.00, 43806, -587911, 860 
1719131535422.00, 43593, -586964, 846 
1719131535444.00, 43644, -586020, 807 
1719131535466.00, 43686, -585082, 764 
1719131535488.00, 43622, -584134, 738 
1719131535509.00, 43654, -583190, 732 
1719131535531.00, 43714, -582249, 716 
1719131535553.00, 43606, -581297, 711 
1719131535574.00, 43664, -580348, 699 
1719131535596.00, 43654, -579408, 673 
1719131535617.00, 43846, -578464, 654 
1719131535639.00, 43608, -577516, 643 
1719131535660.00, 43762, -576573, 634 
1719131535683.00, 43569, -575636, 627 
1719131535704.00, 43613, -574687, 619 
1719131535726.00, 43713, -573737, 612 
1719131535747.00, 43878, -572793, 602 
1719131535771.00, 43527, -571846, 594 
1719131535790.00, 43575, -570896, 585 
1719131535812.00, 43733, -569955, 580 
1719131535834.00, 43548, -569016, 569 
1719131535855.00, 43521, -568070, 544 
1719131535877.00, 43889, -567122, 522 
1719131535899.00, 43750, -566182, 492 
1719131535920.00, 43479, -565235, 458 
1719131535942.00, 43491, -564284, 415 
1719131535964.00, 43526, -563348, 361 
1719131535985.00, 43761, -562414, 295 
1719131536007.00, 43690, -561474, 223 
1719131536028.00, 39950, -560542, 140 
1719131536050.00, 32740, -559686, 19 
1719131536072.00, 20871, -558977, -37 
1719131536093.00, 10648, -558514, -121 
1719131536115.00, -67, -558280, -219 
1719131536136.00, -12663, -558268, -240 
1719131536158.00, -21229, -558538, -418 
1719131536180.00, -31102, -558995, -408 
1719131536201.00, -36729, -559655, -443 
1719131536223.00, -40301, -560448, -486 
1719131536245.00, -42186, -561321, -570 
1719131536266.00, -43460, -562238, -559 
1719131536288.00, -43621, -563168, -562 
1719131536310.00, -43724, -564114, -567 
1719131536331.00, -43776, -565061, -532 
1719131536353.00, -43601, -566011, -478 
1719131536374.00, -43506, -566950, -432 
1719131536396.00, -43490, -567890, -356 
1719131536418.00, -43249, -568830, -272 
1719131536439.00, -41221, -569763, -153 
1719131536461.00, -32915, -570645, -12 
1719131536482.00, -19608, -571345, 156 
1719131536504.00, -1434, -571775, 317 
1719131536525.00, 17944, -571827, 392 
1719131536547.00, 29946, -571463, 450 
1719131536569.00, 37228, -570821, 538 
1719131536590.00, 41339, -570025, 556 
1719131536612.00, 43806, -569137, 571 
1719131536634.00, 43757, -568192, 532 
1719131536654.00, 43647, -567242, 507 
1719131536677.00, 43746, -566301, 473 
1719131536699.00, 43551, -565361, 401 
1719131536720.00, 43382, -564410, 323 
1719131536741.00, 43461, -563479, 229 
1719131536763.00, 39789, -562555, 87 
1719131536785.00, 28760, -561701, -8 
1719131536807.00, 17360, -561065, -94 
1719131536828.00, 4972, -560684, -184 
1719131536850.00, -7419, -560570, -226 
1719131536871.00, -17671, -560712, -252 
1719131536893.00, -25496, -561078, -260 
1719131536914.00, -30693, -561625, -306 
1719131536936.00, -36432, -562284, -306 
1719131536958.00, -39998, -563061, -310 
1719131536982.00, -42082, -563917, -304 
1719131537001.00, -42848, -564826, -283 
1719131537023.00, -42032, -565758, -237 
1719131537045.00, -38653, -566661, -151 
1719131537065.00, -31368, -567494, -16 
1719131537088.00, -19218, -568166, 123 
1719131537109.00, -3358, -568585, 252 
1719131537130.00, 13435, -568671, 353 
1719131537152.00, 27530, -568403, 468 
1719131537174.00, 35922, -567832, 480 
1719131537197.00, 40677, -567066, 489 
1719131537218.00, 43475, -566195, 469 
1719131537239.00, 43654, -565259, 448 
1719131537260.00, 43544, -564306, 421 
1719131537282.00, 43700, -563368, 399 
1719131537304.00, 43721, -562430, 362 
1719131537325.00, 43780, -561479, 326 
1719131537347.00, 43538, -560538, 299 
1719131537369.00, 43628, -559602, 267 
1719131537390.00, 42063, -558659, 224 
1719131537413.00, 38513, -557747, 174 
1719131537434.00, 33234, -556913, 112 
1719131537455.00, 26583, -556189, 50 
1719131537477.00, 18665, -555611, 3 
1719131537498.00, 11468, -555202, -30 
1719131537522.00, 4900, -554951, -68 
1719131537541.00, -679, -554841, -114 
1719131537563.00, -7060, -554850, -151 
1719131537584.00, -13030, -554994, -180 
1719131537606.00, -18718, -555272, -208 
1719131537630.00, -23847, -555672, -248 
1719131537649.00, -29166, -556190, -384 
1719131537671.00, -36153, -556813, -415 
1719131537693.00, -40233, -557591, -500 
1719131537715.00, -42742, -558465, -587 
1719131537739.00, -43861, -559391, -645 
1719131537758.00, -43842, -560335, -692 
1719131537778.00, -43768, -561286, -737 
1719131537801.00, -43855, -562238, -781 
1719131537823.00, -43656, -563180, -805 
1719131537849.00, -43673, -564125, -836 
1719131537866.00, -43826, -565079, -872 
1719131537887.00, -43718, -566037, -920 
1719131537908.00, -43711, -566978, -953 
1719131537931.00, -43806, -567929, -966 
1719131537952.00, -43655, -568882, -998 
1719131537974.00, -43532, -569823, -1010 
1719131537995.00, -43506, -570766, -1021 
1719131538018.00, -43822, -571717, -1034 
1719131538039.00, -43823, -572676, -1040 
1719131538061.00, -43527, -573623, -1050 
1719131538082.00, -43626, -574576, -1060 
1719131538104.00, -43601, -575533, -1076 
1719131538126.00, -43854, -576475, -1093 
1719131538147.00, -43732, -577422, -1096 
1719131538170.00, -43867, -578375, -1115 
1719131538194.00, -43605, -579329, -1133 
1719131538213.00, -43655, -580275, -1158 
1719131538235.00, -43775, -581227, -1174 
1719131538256.00, -43741, -582187, -1205 
1719131538278.00, -43548, -583132, -1231 
1719131538300.00, -43677, -584082, -1239 
1719131538322.00, -43799, -585039, -1271 
1719131538343.00, -43711, -585990, -1286 
1719131538365.00, -43672, -586934, -1303 
1719131538386.00, -43562, -587891, -1325 
1719131538408.00, -43819, -588843, -1348 
1719131538430.00, -43790, -589787, -1360 
1719131538452.00, -43781, -590738, -1370 
1719131538474.00, -43647, -591696, -1390 
1719131538495.00, -43479, -592643, -1384 
1719131538517.00, -43604, -593590, -1390 
1719131538539.00, -25355, -594536, -1413 
1719131538561.00, -13954, -595106, -1484 
1719131538582.00, -7308, -595422, -1489 
1719131538603.00, -3107, -595584, -1508 
1719131538631.00, -621, -595654, -1507 
1719131538647.00, 42, -595670, -1469 
1719131538669.00, 281, -595670, -1434 
1719131538690.00, 807, -595667, -1369 
1719131538712.00, 1368, -595655, -1314 
1719131538737.00, 1805, -595625, -1270 
1719131538755.00, 2043, -595587, -1228 
1719131538776.00, 2232, -595539, -1185 
1719131538799.00, 2333, -595487, -1121 
1719131538821.00, 2289, -595434, -1060 
1719131538847.00, 2356, -595383, -1015 
1719131538864.00, 2329, -595331, -975 
1719131538886.00, 2201, -595280, -918 
1719131538907.00, 2227, -595228, -854 
1719131538929.00, 2220, -595178, -795 
1719131538954.00, 2180, -595126, -737 
1719131538972.00, 2085, -595077, -689 
1719131538994.00, 2057, -595029, -636 
1719131539015.00, 2088, -594980, -591 
1719131539037.00, 2024, -594933, -537 
1719131539063.00, 1889, -594886, -478 
1719131539080.00, 1797, -594841, -427 
1719131539101.00, 1734, -594801, -391 
1719131539124.00, 1676, -594762, -369 
1719131539145.00, 1579, -594724, -343 
1719131539171.00, 1479, -594689, -310 
1719131539189.00, 1378, -594655, -276 
1719131539210.00, 1306, -594624, -261 
1719131539232.00, 1328, -594593, -226 
1719131539253.00, 1264, -594563, -203 
1719131539277.00, 1194, -594533, -168 
1719131539297.00, 1110, -594505, -144 
1719131539318.00, 1126, -594480, -134 
1719131539340.00, 1162, -594457, -122 
1719131539362.00, 1174, -594430, -96 
1719131539388.00, 1233, -594404, -69 
1719131539405.00, 1241, -594375, -15 
1719131539426.00, 1085, -594346, 28 
1719131539447.00, 2718, -594321, 28 
1719131539469.00, 3786, -594265, 35 
1719131539493.00, 4677, -594187, 31 
1719131539512.00, 5164, -594088, 31 
1719131539533.00, 5196, -593980, 30 
1719131539555.00, 5134, -593866, 33 
1719131539576.00, 5366, -593756, 31 
1719131539601.00, 5277, -593643, 29 
1719131539619.00, 5244, -593527, 33 
1719131539641.00, 5289, -593416, 30 
1719131539662.00, 5303, -593303, 31 
1719131539683.00, 5292, -593190, 29 
1719131539705.00, 5124, -593076, 32 
1719131539726.00, 5145, -592967, 30 
1719131539748.00, 4932, -592857, 30 
1719131539769.00, 4843, -592750, 31 
1719131539791.00, 5053, -592646, 31 
1719131539812.00, 5122, -592539, 32 
1719131539834.00, 5219, -592432, 29 
1719131539855.00, 5145, -592320, 33 
1719131539877.00, 5099, -592210, 30 
1719131539898.00, 4867, -592102, 32 
1719131539920.00, 4820, -591998, 30 
1719131539941.00, 4823, -591891, 31 
1719131539962.00, 4954, -591785, 31 
1719131539984.00, 4934, -591681, 31 
1719131540006.00, 5057, -591574, 31 
1719131540027.00, 4816, -591465, 31 
1719131540048.00, 4820, -591359, 31 
1719131540070.00, 4879, -591255, 31 
1719131540091.00, 4965, -591153, 31 
1719131540113.00, 5051, -591047, 31 
1719131540134.00, 4962, -590942, 31 
1719131540156.00, 4920, -590837, 32 
1719131540177.00, 4850, -590729, 31 
1719131540198.00, 4731, -590621, 31 
1719131540220.00, 4646, -590517, 32 
1719131540241.00, 4702, -590415, 31 
1719131540263.00, 4658, -590312, 31 
1719131540284.00, 4538, -590213, 25 
1719131540306.00, 4269, -590114, 0 
1719131540327.00, 2543, -590026, -38 
1719131540349.00, -140, -589970, -77 
1719131540370.00, -4411, -589970, -106 
1719131540392.00, -8885, -590062, -142 
1719131540413.00, -13797, -590255, -189 
1719131540435.00, -19555, -590554, -237 
1719131540457.00, -25912, -590977, -289 
1719131540478.00, -32907, -591538, -362 
1719131540500.00, -38519, -592245, -426 
1719131540522.00, -41426, -593071, -473 
1719131540543.00, -24708, -593964, -523 
1719131540565.00, -14956, -594529, -574 
1719131540588.00, -8877, -594860, -654 
1719131540608.00, -5320, -595059, -700 
1719131540629.00, -2873, -595174, -730 
1719131540651.00, -1352, -595240, -707 
1719131540672.00, -387, -595270, -641 
1719131540695.00, 4, -595278, -571 
1719131540715.00, 1, -595277, -517 
1719131540737.00, 0, -595276, -475 
1719131540758.00, 17, -595275, -437 
1719131540779.00, -4, -595272, -392 
1719131540802.00, -5, -595270, -345 
1719131540822.00, 0, -595268, -304 
1719131540843.00, 0, -595267, -278 
1719131540865.00, -66, -595266, -261 
1719131540886.00, 0, -595265, -248 
1719131540914.00, 33, -595264, -222 
1719131540929.00, 0, -595262, -190 
1719131540950.00, 0, -595260, -166 
1719131540971.00, 0, -595260, -146 
1719131540993.00, 0, -595258, -141 
1719131541017.00, 0, -595259, -138 
1719131541035.00, 0, -595259, -138 
1719131541057.00, 43, -595259, -132 
1719131541078.00, 0, -595258, -124 
1719131541099.00, 0, -595258, -120 
1719131541121.00, 2, -595258, -115 
1719131541142.00, 0, -595257, -111 
1719131541163.00, 2, -595257, -107 
1719131541185.00, 0, -595257, -108 
1719131541206.00, 0, -595256, -109 
1719131541227.00, 0, -595257, -108 
1719131541253.00, 0, -595257, -103 
1719131541270.00, 0, -595256, -100 
1719131541291.00, 0, -595255, -93 
1719131541312.00, 0, -595255, -85 
1719131541333.00, 0, -595255, -88 
1719131541356.00, 0, -595255, -97 
1719131541376.00, 0, -595256, -106 
1719131541397.00, 0, -595257, -115 
1719131541418.00, 0, -595257, -124 
1719131541440.00, 0, -595257, -130 
1719131541461.00, -50, -595257, -135 
1719131541482.00, 0, -595259, -147 
1719131541504.00, 0, -595259, -165 
1719131541524.00, 0, -595259, -179 
1719131541546.00, 0, -595259, -173 
1719131541567.00, 0, -595259, -160 
1719131541588.00, 0, -595259, -150 
1719131541610.00, 0, -595258, -146 
1719131541631.00, 0, -595259, -152 
1719131541652.00, -20, -595258, -160 
1719131541674.00, 0, -595259, -170 
1719131541695.00, 1, -595259, -178 
1719131541717.00, -32, -595260, -191 
1719131541738.00, 0, -595261, -211 
1719131541759.00, 1, -595262, -228 
1719131541781.00, 0, -595262, -235 
1719131541802.00, 0, -595262, -237 
1719131541823.00, 0, -595263, -247 
1719131541845.00, 51, -595263, -260 
1719131541866.00, 0, -595263, -266 
1719131541887.00, 0, -595264, -270 
1719131541908.00, 0, -595263, -270 
1719131541930.00, -3, -595264, -265 
1719131541951.00, 2, -595264, -264 
1719131541972.00, -3, -595264, -267 
1719131541994.00, -2, -595263, -269 
1719131542015.00, 0, -595264, -269 
1719131542036.00, 0, -595264, -272 
1719131542057.00, 0, -595264, -277 
1719131542079.00, 0, -595263, -280 
1719131542099.00, 0, -595265, -283 
1719131542122.00, 70, -595265, -287 
1719131542143.00, -51, -595265, -286 
1719131542164.00, 0, -595264, -284 
1719131542186.00, -35, -595265, -283 
1719131542207.00, 0, -595265, -287 
1719131542228.00, 0, -595265, -292 
1719131542250.00, 0, -595265, -295 
1719131542270.00, -16, -595266, -295 
1719131542292.00, 0, -595265, -299 
1719131542313.00, 0, -595267, -302 
1719131542334.00, 0, -595266, -305 
1719131542356.00, 0, -595266, -305 
1719131542377.00, 0, -595266, -307 
1719131542398.00, 66, -595265, -307 
1719131542420.00, 0, -595266, -304 
1719131542443.00, -23, -595266, -302 
1719131542463.00, 0, -595265, -300 
1719131542484.00, 0, -595265, -297 
1719131542505.00, 0, -595266, -296 
1719131542527.00, 0, -595265, -298 
1719131542553.00, 0, -595266, -299 
1719131542569.00, 0, -595266, -298 
1719131542590.00, 0, -595267, -295 
1719131542611.00, 0, -595265, -293 
1719131542632.00, 0, -595265, -294 
1719131542654.00, 8, -595266, -292 
1719131542676.00, 61, -595265, -291 
1719131542697.00, 0, -595265, -291 
1719131542718.00, 0, -595265, -293 
1719131542739.00, 0, -595266, -294 
1719131542761.00, 0, -595264, -295 
1719131542782.00, 0, -595265, -295 
1719131542803.00, 0, -595265, -294 
1719131542824.00, -48, -595266, -292 
1719131542845.00, 0, -595266, -292 
1719131542868.00, 0, -595266, -293 
1719131542889.00, 0, -595265, -293 
1719131542910.00, 0, -595265, -291 
1719131542931.00, 0, -595266, -289 
1719131542953.00, 0, -595265, -290 
1719131542974.00, 0, -595265, -291 
1719131542996.00, 0, -595265, -290 
1719131543017.00, 0, -595265, -290 
1719131543038.00, 0, -595265, -290 
1719131543059.00, 0, -595266, -290 
1719131543080.00, 0, -595266, -290 
1719131543103.00, 0, -595266, -289 
1719131543123.00, 0, -595266, -289 
1719131543144.00, 0, -595266, -289 
1719131543165.00, 0, -595267, -287 
1719131543187.00, 0, -595265, -287 
1719131543215.00, 0, -595265, -288 
1719131543229.00, 0, -595266, -290 
1719131543251.00, 0, -595265, -292 
1719131543272.00, 0, -595264, -292 
1719131543293.00, 0, -595266, -290 
1719131543318.00, 0, -595265, -287 
1719131543336.00, 0, -595265, -285 
1719131543357.00, 0, -595266, -286 
1719131543378.00, 0, -595265, -288 
1719131543399.00, 0, -595265, -288 
1719131543422.00, 0, -595266, -287 
1719131543442.00, 0, -595266, -287 
1719131543463.00, 0, -595265, -287 
1719131543485.00, 0, -595265, -286 
1719131543506.00, 0, -595266, -285 
1719131543527.00, 0, -595266, -286 
1719131543549.00, 0, -595265, -286 
1719131543570.00, 0, -595265, -286 
1719131543591.00, 0, -595265, -286 
1719131543612.00, 0, -595265, -286 
1719131543634.00, 0, -595266, -285 
1719131543655.00, 0, -595265, -284 
1719131543676.00, 0, -595264, -284 
1719131543697.00, 0, -595266, -286 
1719131543719.00, 0, -595266, -286 
1719131543740.00, 0, -595265, -285 
1719131543761.00, 0, -595266, -284 
1719131543782.00, 0, -595265, -283 
1719131543803.00, 0, -595265, -283 
1719131543825.00, 0, -595264, -284 
1719131543847.00, 0, -595266, -284 
1719131543868.00, 0, -595266, -284 
1719131543889.00, 0, -595265, -283 
1719131543910.00, 0, -595265, -283 
1719131543932.00, 0, -595265, -283 
1719131543953.00, 0, -595264, -282 
1719131543974.00, 0, -595265, -281 
1719131543996.00, 0, -595265, -281 
1719131544017.00, 0, -595265, -282 
1719131544038.00, 0, -595265, -281 
1719131544060.00, 0, -595265, -281 
1719131544084.00, 0, -595265, -283 
1719131544102.00, 0, -595266, -283 
1719131544123.00, 0, -595265, -282 
1719131544144.00, 0, -595265, -280 
1719131544165.00, 0, -595266, -280 
1719131544188.00, 0, -595264, -281 
1719131544209.00, 0, -595264, -283 
1719131544230.00, 0, -595265, -282 
1719131544251.00, 0, -595265, -282 
1719131544272.00, 0, -595266, -281 
1719131544294.00, 0, -595265, -281 
1719131544314.00, 0, -595265, -281 
1719131544336.00, 0, -595265, -279 
1719131544357.00, 0, -595266, -279 
1719131544379.00, 0, -595265, -280 
1719131544400.00, 0, -595264, -280 
1719131544421.00, 0, -595266, -280 
1719131544443.00, 0, -595265, -280 
1719131544464.00, 0, -595265, -280 
1719131544485.00, 0, -595265, -279 
1719131544507.00, 0, -595265, -280 
1719131544528.00, 0, -595265, -281 
1719131544549.00, 0, -595265, -280 
1719131544573.00, 0, -595265, -278 
1719131544591.00, 0, -595265, -277 
1719131544613.00, 0, -595265, -276 
1719131544640.00, 0, -595265, -276 
1719131544656.00, 0, -595265, -278 
1719131544677.00, 0, -595266, -280 
1719131544698.00, 25, -595265, -280 
1719131544719.00, 0, -595266, -277 
1719131544740.00, 0, -595265, -276 
1719131544761.00, 0, -595266, -277 
1719131544783.00, 0, -595264, -276 
1719131544804.00, 0, -595265, -276 
1719131544826.00, 0, -595266, -276 
1719131544847.00, 0, -595265, -277 
1719131544869.00, 0, -595265, -277 
1719131544890.00, 0, -595265, -277 
1719131544911.00, 0, -595265, -276 
1719131544932.00, 0, -595265, -274 
1719131544953.00, 0, -595264, -272 
1719131544975.00, 0, -595265, -272 
1719131544996.00, 0, -595265, -272 
1719131545018.00, 0, -595264, -273 
1719131545038.00, 0, -595266, -274 
1719131545060.00, 0, -595265, -274 
1719131545081.00, 0, -595266, -273 
1719131545102.00, 0, -595265, -273 
1719131545124.00, 0, -595265, -274 
1719131545145.00, 0, -595266, -274 
1719131545166.00, 0, -595265, -274 
1719131545188.00, 0, -595265, -273 
1719131545209.00, 0, -595265, -274 
1719131545230.00, 0, -595265, -274 
1719131545252.00, 0, -595265, -274 
1719131545273.00, 0, -595264, -274 
1719131545293.00, 0, -595265, -273 
1719131545315.00, 0, -595266, -274 
1719131545337.00, 0, -595264, -274 
1719131545357.00, 0, -595265, -273 
1719131545379.00, 0, -595265, -272 
1719131545402.00, 0, -595266, -273 
1719131545422.00, 0, -595265, -273 
1719131545443.00, 0, -595264, -273 
1719131545464.00, 0, -595265, -273 
1719131545486.00, 0, -595265, -272 
1719131545510.00, 0, -595265, -274 
1719131545528.00, 0, -595265, -276 
1719131545550.00, 0, -595265, -276 
1719131545571.00, 0, -595265, -274 
1719131545592.00, 0, -595265, -272 
1719131545614.00, 0, -595265, -270 
1719131545635.00, 0, -595265, -270 
1719131545656.00, 0, -595265, -271 
1719131545677.00, 0, -595265, -272 
1719131545698.00, 0, -595266, -272 
1719131545720.00, 0, -595264, -271 
1719131545741.00, 0, -595265, -271 
1719131545763.00, 0, -595265, -272 
1719131545784.00, 0, -595265, -273 
1719131545804.00, 0, -595266, -272 
1719131545826.00, 0, -595265, -270 
1719131545848.00, 0, -595266, -270 
1719131545869.00, 0, -595265, -271 
1719131545890.00, 0, -595265, -271 
1719131545911.00, 0, -595265, -271 
1719131545932.00, 0, -595265, -271 
1719131545953.00, 0, -595265, -270 
1719131545975.00, 0, -595265, -270 
1719131545997.00, 0, -595265, -270 
1719131546018.00, 0, -595265, -270 
1719131546040.00, 0, -595265, -271 
1719131546061.00, 0, -595264, -272 
1719131546082.00, 0, -595265, -272 
1719131546103.00, 0, -595264, -272 
1719131546124.00, 0, -595265, -272 
1719131546145.00, 0, -595265, -272 
1719131546168.00, 0, -595265, -271 
1719131546188.00, 0, -595265, -271 
1719131546209.00, 0, -595264, -272 
1719131546231.00, 0, -595265, -272 
1719131546252.00, 0, -595266, -271 
1719131546273.00, 0, -595264, -270 
1719131546294.00, 0, -595266, -269 
1719131546316.00, 0, -595264, -268 
1719131546337.00, 0, -595265, -269 
1719131546358.00, 0, -595265, -270 
1719131546379.00, 0, -595265, -271 
1719131546401.00, 0, -595265, -271 
1719131546422.00, 0, -595264, -271 
1719131546443.00, 0, -595265, -271 
1719131546464.00, 0, -595265, -271 
1719131546488.00, 0, -595266, -271 
1719131546507.00, 0, -595265, -272 
1719131546528.00, 0, -595265, -273 
1719131546550.00, 0, -595265, -273 
1719131546571.00, 0, -595264, -271 
1719131546592.00, 0, -595265, -270 
1719131546614.00, 0, -595265, -270 
1719131546635.00, 0, -595264, -269 
1719131546656.00, 0, -595265, -269 
1719131546678.00, 0, -595265, -268 
1719131546699.00, 0, -595264, -266 
1719131546720.00, 0, -595265, -266 
1719131546741.00, 0, -595265, -268 
1719131546762.00, 0, -595266, -270 
1719131546784.00, 0, -595265, -272 
1719131546806.00, 0, -595265, -272 
1719131546827.00, 0, -595265, -271 
1719131546847.00, 0, -595265, -269 
1719131546869.00, 0, -595264, -267 
1719131546890.00, 0, -595265, -267 
1719131546912.00, 0, -595264, -268 
1719131546933.00, 0, -595265, -269 
1719131546955.00, 34, -595266, -268 
1719131546976.00, 0, -595264, -268 
1719131546997.00, 0, -595265, -267 
1719131547018.00, 0, -595265, -267 
1719131547041.00, 0, -595265, -267 
1719131547061.00, 0, -595265, -266 
1719131547082.00, 0, -595265, -266 
1719131547103.00, 0, -595264, -266 
1719131547125.00, 0, -595264, -266 
1719131547151.00, 0, -595265, -265 
1719131547168.00, 0, -595264, -262 
1719131547189.00, 0, -595264, -261 
1719131547210.00, 0, -595266, -265 
1719131547231.00, 0, -595265, -269 
1719131547256.00, 0, -595265, -270 
1719131547273.00, 0, -595264, -269 
1719131547295.00, 0, -595264, -267 
1719131547316.00, 0, -595266, -265 
1719131547338.00, 0, -595264, -263 
1719131547360.00, 0, -595265, -263 
1719131547380.00, 0, -595265, -263 
1719131547402.00, 0, -595265, -264 
1719131547423.00, 0, -595265, -264 
1719131547444.00, 0, -595265, -264 
1719131547465.00, 0, -595265, -265 
1719131547486.00, 0, -595266, -266 
1719131547508.00, 0, -595265, -266 
1719131547529.00, 0, -595265, -264 
1719131547550.00, 0, -595264, -263 
1719131547572.00, 0, -595265, -264 
1719131547593.00, 0, -595264, -265 
1719131547614.00, 0, -595265, -264 
1719131547636.00, 0, -595265, -262 
1719131547657.00, 0, -595264, -262 
1719131547678.00, 0, -595264, -263 
1719131547700.00, 0, -595264, -264 
1719131547721.00, 0, -595264, -263 
1719131547741.00, 0, -595264, -261 
1719131547763.00, 0, -595264, -261 
1719131547784.00, 0, -595264, -261 
1719131547809.00, 0, -595265, -262 
1719131547827.00, 0, -595264, -263 
1719131547848.00, 0, -595264, -264 
1719131547870.00, 0, -595264, -264 
1719131547891.00, 0, -595265, -263 
1719131547913.00, 0, -595265, -262 
1719131547935.00, 0, -595265, -261 
1719131547955.00, 0, -595264, -261 
1719131547977.00, 0, -595265, -261 
1719131547997.00, 0, -595264, -263 
1719131548019.00, 0, -595264, -263 
1719131548040.00, 0, -595266, -262 
1719131548061.00, 0, -595265, -261 
1719131548083.00, 0, -595265, -259 
1719131548104.00, 0, -595265, -259 
1719131548125.00, 0, -595264, -260 
1719131548146.00, 0, -595264, -261 
1719131548167.00, 0, -595264, -261 
1719131548189.00, 0, -595265, -260 
1719131548210.00, 0, -595265, -260 
1719131548231.00, 0, -595264, -260 
1719131548253.00, 0, -595264, -259 
1719131548274.00, 0, -595264, -257 
1719131548296.00, -67, -595264, -257 
1719131548317.00, 5, -595263, -258 
1719131548339.00, -2, -595264, -259 
1719131548360.00, 0, -595265, -259 
1719131548381.00, 0, -595265, -259 
1719131548402.00, 0, -595265, -259 
1719131548423.00, 0, -595264, -260 
1719131548445.00, 3, -595264, -261 
1719131548466.00, 4, -595264, -262 
1719131548487.00, 0, -595265, -261 
1719131548508.00, -2, -595266, -261 
1719131548530.00, -2, -595265, -261 
1719131548551.00, 4, -595264, -261 
1719131548573.00, 0, -595265, -261 
1719131548594.00, 46, -595264, -262 
1719131548615.00, 0, -595265, -262 
1719131548636.00, 0, -595265, -260 
1719131548658.00, 0, -595265, -260 
1719131548679.00, 0, -595264, -260 
1719131548700.00, 0, -595264, -260 
1719131548721.00, 0, -595265, -262 
1719131548743.00, 0, -595264, -263 
1719131548764.00, 0, -595264, -262 
1719131548789.00, 0, -595265, -261 
1719131548806.00, 0, -595265, -261 
1719131548828.00, 0, -595264, -261 
1719131548850.00, 0, -595265, -260 
1719131548871.00, 0, -595264, -260 
1719131548896.00, 0, -595265, -261 
1719131548913.00, 0, -595264, -263 
1719131548935.00, 0, -595264, -263 
1719131548955.00, 0, -595264, -261 
1719131548977.00, 0, -595265, -260 
1719131548999.00, 0, -595264, -259 
1719131549019.00, 0, -595265, -259 
1719131549041.00, 0, -595265, -259 
1719131549062.00, 0, -595266, -259 
1719131549084.00, 0, -595265, -260 
1719131549105.00, 0, -595264, -260 
1719131549127.00, 0, -595264, -260 
1719131549148.00, 0, -595264, -259 
1719131549168.00, 0, -595264, -258 
1719131549190.00, 0, -595264, -257 
1719131549211.00, 0, -595264, -257 
1719131549233.00, 0, -595265, -257 
1719131549256.00, 0, -595265, -259 
1719131549275.00, 0, -595265, -261 
1719131549297.00, 60, -595265, -260 
1719131549318.00, 0, -595264, -258 
1719131549339.00, 0, -595265, -257 
1719131549360.00, 0, -595264, -257 
1719131549382.00, 0, -595263, -257 
1719131549403.00, 0, -595264, -441 
1719131549425.00, 0, -595265, -441 
1719131549448.00, 0, -595264, -440 
1719131549467.00, 0, -595265, -441 
1719131549487.00, 0, -595264, -442 
1719131549509.00, 0, -595264, -442 
1719131549530.00, 0, -595264, -442 
1719131549551.00, 0, -595264, -441 
1719131549572.00, 0, -595264, -441 
1719131549593.00, 0, -595265, -441 
1719131549614.00, 0, -595264, -441 
1719131549635.00, 0, -595265, -441 
1719131549657.00, 0, -595264, -441 
1719131549678.00, 0, -595264, -441 
1719131549699.00, 0, -595264, -441 
1719131549720.00, 0, -595265, -440 
1719131549741.00, 0, -595264, -440 
1719131549762.00, 0, -595265, -441 
1719131549783.00, 0, -595264, -441 
1719131549804.00, 0, -595264, -441 
1719131549826.00, 0, -595264, -440 
1719131549847.00, 0, -595264, -441 
1719131549867.00, 0, -595265, -442 
1719131549889.00, 0, -595265, -443 
1719131549910.00, 0, -595264, -444 
1719131549931.00, 0, -595265, -444 
1719131549953.00, 0, -595263, -444 
1719131549973.00, 0, -595265, -445 
1719131549995.00, 0, -595264, -447 
1719131550015.00, 0, -595265, -449 
1719131550037.00, 0, -595264, -449 
1719131550058.00, 0, -595265, -445 
1719131550079.00, 0, -595265, -438 
1719131550100.00, 0, -595264, -432 
1719131550122.00, 0, -595263, -421 
1719131550142.00, 0, -595262, -409 
1719131550164.00, 0, -595262, -395 
1719131550185.00, 0, -595262, -379 
1719131550208.00, 0, -595261, -361 
1719131550227.00, 0, -595261, -337 
1719131550248.00, 0, -595258, -309 
1719131550269.00, 0, -595256, -274 
1719131550290.00, 0, -595253, -239 
1719131550311.00, 0, -595251, -203 
1719131550332.00, 0, -595250, -178 
1719131550354.00, 0, -595249, -163 
1719131550375.00, 0, -595248, -153 
1719131550396.00, 0, -595248, -156 
1719131550417.00, 0, -595249, -154 
1719131550438.00, 0, -595248, -156 
1719131550459.00, 0, -595248, -152 
1719131550480.00, 0, -595249, -156 
1719131550501.00, 0, -595248, -154 
1719131550523.00, 0, -595248, -155 
1719131550544.00, 0, -595249, -154 
1719131550565.00, 0, -595247, -155 
1719131550585.00, 0, -595249, -155 
1719131550606.00, 0, -595247, -153 
1719131550628.00, 0, -595247, -156 
1719131550649.00, 0, -595248, -153 
1719131550670.00, 0, -595247, -155 
1719131550691.00, 0, -595248, -153 
1719131550713.00, 0, -595248, -155 
1719131550733.00, 0, -595248, -154 
1719131550758.00, 0, -595248, -154 
1719131550776.00, 0, -595248, -155 
1719131550797.00, 0, -595248, -154 
1719131550817.00, 0, -595248, -155 
1719131550839.00, 0, -595248, -153 
