1721392378163.00, 0, -594096, -321 
1721392378184.00, 0, -594097, -323 
1721392378205.00, 0, -594097, -325 
1721392378226.00, 0, -594096, -325 
1721392378254.00, 0, -594096, -324 
1721392378269.00, 0, -594097, -325 
1721392378291.00, 0, -594097, -328 
1721392378312.00, 0, -594097, -329 
1721392378333.00, 7, -594096, -329 
1721392378360.00, 12, -594096, -330 
1721392378376.00, 34, -594097, -332 
1721392378397.00, 0, -594097, -333 
1721392378419.00, 0, -594096, -334 
1721392378440.00, 0, -594097, -334 
1721392378461.00, 0, -594097, -334 
1721392378483.00, 0, -594097, -334 
1721392378504.00, 0, -594098, -335 
1721392378525.00, 0, -594097, -335 
1721392378546.00, 0, -594097, -334 
1721392378568.00, 0, -594096, -334 
1721392378589.00, 0, -594097, -334 
1721392378620.00, 0, -594099, -335 
1721392378632.00, 0, -594097, -334 
1721392378653.00, 0, -594098, -332 
1721392378674.00, 0, -594097, -331 
1721392378695.00, 0, -594097, -330 
1721392378717.00, 0, -594097, -329 
1721392378738.00, 0, -594098, -327 
1721392378759.00, 0, -594098, -326 
1721392378780.00, 0, -594097, -325 
1721392378801.00, 0, -594097, -325 
1721392378823.00, 0, -594097, -324 
1721392378845.00, 0, -594098, -324 
1721392378865.00, 0, -594098, -324 
1721392378886.00, 0, -594097, -324 
1721392378908.00, 0, -594097, -322 
1721392378930.00, 0, -594098, -322 
1721392378951.00, 0, -594097, -323 
1721392378972.00, 0, -594098, -323 
1721392378993.00, 0, -594097, -323 
1721392379016.00, 0, -594098, -324 
1721392379036.00, 0, -594098, -325 
1721392379057.00, 0, -594098, -326 
1721392379079.00, 0, -594097, -326 
1721392379100.00, -18, -594098, -326 
1721392379123.00, -24, -594097, -324 
1721392379142.00, 0, -594097, -322 
1721392379164.00, 0, -594097, -320 
1721392379185.00, 0, -594098, -320 
1721392379207.00, 0, -594097, -322 
1721392379228.00, 0, -594098, -322 
1721392379248.00, 0, -594097, -323 
1721392379270.00, 0, -594098, -323 
1721392379291.00, 0, -594097, -323 
1721392379313.00, 0, -594098, -321 
1721392379334.00, 0, -594097, -321 
1721392379355.00, 0, -594098, -319 
1721392379377.00, 0, -594097, -317 
1721392379398.00, 0, -594097, -317 
1721392379420.00, 0, -594097, -318 
1721392379441.00, 0, -594098, -318 
1721392379462.00, 0, -594097, -315 
1721392379483.00, -21, -594097, -311 
1721392379505.00, 0, -594097, -308 
1721392379526.00, 0, -594097, -308 
1721392379547.00, 0, -594098, -309 
1721392379569.00, 0, -594097, -308 
1721392379589.00, 0, -594096, -306 
1721392379611.00, 0, -594097, -302 
1721392379632.00, 22, -594096, -298 
1721392379654.00, -2, -594097, -291 
1721392379675.00, 0, -594096, -287 
1721392379696.00, 0, -594095, -287 
1721392379718.00, 0, -594097, -289 
1721392379738.00, 0, -594095, -284 
1721392379760.00, 0, -594096, -279 
1721392379782.00, 0, -594095, -270 
1721392379803.00, 0, -594095, -259 
1721392379824.00, 0, -594094, -247 
1721392379845.00, 0, -594094, -237 
1721392379866.00, 0, -594093, -226 
1721392379888.00, 0, -594092, -214 
1721392379909.00, -46, -594093, -211 
1721392379930.00, 0, -594093, -209 
1721392379951.00, 0, -594092, -200 
1721392379973.00, -16, -594091, -186 
1721392379995.00, 0, -594090, -178 
1721392380016.00, 0, -594090, -171 
1721392380037.00, 0, -594090, -160 
1721392380058.00, 0, -594088, -152 
1721392380080.00, 0, -594088, -150 
1721392380101.00, -24, -594088, -148 
1721392380123.00, 50, -594088, -145 
1721392380143.00, 0, -594088, -137 
1721392380165.00, 0, -594087, -129 
1721392380186.00, 0, -594087, -126 
1721392380208.00, 0, -594086, -122 
1721392380229.00, 0, -594087, -122 
1721392380250.00, 0, -594086, -125 
1721392380271.00, 0, -594086, -123 
1721392380292.00, 0, -594087, -117 
1721392380314.00, 0, -594085, -115 
1721392380335.00, 0, -594086, -113 
1721392380356.00, 0, -594086, -109 
1721392380378.00, 0, -594086, -110 
1721392380399.00, 0, -594085, -113 
1721392380420.00, 0, -594085, -114 
1721392380442.00, 0, -594086, -116 
1721392380463.00, 0, -594086, -111 
1721392380484.00, 0, -594085, -112 
1721392380505.00, 0, -594086, -118 
1721392380527.00, 0, -594087, -125 
1721392380548.00, 0, -594086, -125 
1721392380570.00, 0, -594086, -125 
1721392380590.00, 0, -594086, -128 
1721392380612.00, 0, -594086, -132 
1721392380633.00, -20, -594087, -135 
1721392380656.00, 0, -594086, -138 
1721392380676.00, 0, -594086, -142 
1721392380697.00, 0, -594087, -147 
1721392380718.00, 0, -594087, -151 
1721392380740.00, 0, -594087, -152 
1721392380761.00, 0, -594088, -157 
1721392380782.00, 0, -594087, -158 
1721392380803.00, -7, -594087, -160 
1721392380825.00, 0, -594087, -163 
1721392380846.00, 0, -594088, -166 
1721392380868.00, 0, -594087, -168 
1721392380888.00, 0, -594089, -173 
1721392380910.00, 0, -594088, -181 
1721392380931.00, 0, -594089, -182 
1721392380953.00, 0, -594088, -183 
1721392380973.00, 0, -594089, -184 
1721392380999.00, 0, -594089, -185 
1721392381017.00, 0, -594090, -187 
1721392381037.00, 0, -594090, -189 
1721392381059.00, 0, -594088, -191 
1721392381080.00, 0, -594090, -195 
1721392381102.00, 0, -594090, -199 
1721392381123.00, 0, -594090, -199 
1721392381144.00, 0, -594090, -198 
1721392381166.00, -60, -594089, -196 
1721392381187.00, -25, -594090, -195 
1721392381214.00, 0, -594090, -196 
1721392381230.00, 0, -594091, -194 
1721392381251.00, 0, -594090, -196 
1721392381272.00, 0, -594090, -199 
1721392381293.00, 0, -594089, -202 
1721392381314.00, 0, -594090, -202 
1721392381336.00, 0, -594090, -204 
1721392381357.00, 0, -594090, -209 
1721392381379.00, 0, -594091, -211 
1721392381400.00, 0, -594090, -211 
1721392381423.00, 0, -594090, -210 
1721392381442.00, 0, -594090, -211 
1721392381464.00, 0, -594090, -214 
1721392381485.00, 0, -594091, -217 
1721392381506.00, 0, -594091, -220 
1721392381528.00, 0, -594091, -220 
1721392381549.00, 0, -594091, -224 
1721392381570.00, 0, -594091, -229 
1721392381591.00, 0, -594092, -232 
1721392381613.00, 0, -594092, -232 
1721392381634.00, 0, -594091, -233 
1721392381655.00, 0, -594092, -235 
1721392381677.00, 0, -594092, -236 
1721392381698.00, 0, -594092, -236 
1721392381719.00, 0, -594091, -236 
1721392381740.00, 0, -594093, -238 
1721392381762.00, 0, -594091, -237 
1721392381783.00, 0, -594092, -234 
1721392381804.00, 0, -594091, -234 
1721392381825.00, 0, -594092, -236 
1721392381846.00, 0, -594092, -240 
1721392381868.00, 13, -594093, -243 
1721392381890.00, 0, -594092, -243 
1721392381911.00, 6, -594093, -240 
1721392381932.00, -5, -594092, -235 
1721392381953.00, -25, -594093, -230 
1721392381975.00, 48, -594092, -225 
1721392381996.00, 0, -594092, -224 
1721392382018.00, 0, -594091, -226 
1721392382038.00, 0, -594092, -227 
1721392382060.00, 0, -594092, -226 
1721392382081.00, 0, -594092, -225 
1721392382103.00, 0, -594092, -223 
1721392382124.00, 0, -594092, -219 
1721392382145.00, 0, -594092, -215 
1721392382167.00, 7, -594092, -211 
1721392382188.00, 56, -594091, -204 
1721392382209.00, -27, -594090, -201 
1721392382231.00, 0, -594091, -200 
1721392382252.00, 57, -594091, -199 
1721392382274.00, 1, -594091, -195 
1721392382295.00, 0, -594090, -183 
1721392382316.00, 0, -594089, -183 
1721392382337.00, 0, -594089, -177 
1721392382359.00, -1, -594089, -172 
1721392382380.00, 0, -594090, -170 
1721392382401.00, 0, -594089, -171 
1721392382423.00, 0, -594088, -172 
1721392382444.00, 40, -594089, -174 
1721392382465.00, 0, -594089, -174 
1721392382487.00, 0, -594088, -179 
1721392382508.00, 0, -594089, -177 
1721392382529.00, 0, -594090, -174 
1721392382551.00, 0, -594090, -180 
1721392382571.00, 0, -594090, -185 
1721392382593.00, 0, -594089, -185 
1721392382615.00, 0, -594090, -197 
1721392382635.00, 0, -594091, -203 
1721392382657.00, 0, -594091, -220 
1721392382678.00, 0, -594093, -241 
1721392382699.00, -8, -594092, -249 
1721392382720.00, 0, -594094, -262 
1721392382741.00, 0, -594095, -275 
1721392382763.00, 0, -594095, -282 
1721392382785.00, -23, -594095, -288 
1721392382806.00, 0, -594096, -298 
1721392382827.00, 0, -594095, -307 
1721392382852.00, 0, -594097, -316 
1721392382869.00, 0, -594097, -318 
1721392382891.00, -4, -594097, -320 
1721392382913.00, 0, -594098, -320 
1721392382934.00, -31, -594097, -320 
1721392382955.00, 0, -594097, -317 
1721392382976.00, 0, -594097, -310 
1721392382998.00, 0, -594098, -302 
1721392383019.00, 0, -594096, -288 
1721392383040.00, 0, -594095, -266 
1721392383062.00, 0, -594095, -241 
1721392383083.00, 0, -594092, -211 
1721392383104.00, 0, -594091, -175 
1721392383125.00, 0, -594089, -147 
1721392383146.00, 0, -594087, -119 
1721392383168.00, -1, -594087, -97 
1721392383189.00, -6, -594085, -77 
1721392383210.00, 0, -594084, -60 
1721392383231.00, 0, -594083, -45 
1721392383253.00, 0, -594082, -38 
1721392383273.00, 0, -594082, -33 
1721392383295.00, 0, -594082, -30 
1721392383316.00, 0, -594082, -23 
1721392383337.00, 0, -594080, -14 
1721392383358.00, 0, -594080, -11 
1721392383379.00, 0, -594080, -10 
1721392383400.00, 0, -594081, -9 
1721392383422.00, 0, -594080, -9 
1721392383443.00, 0, -594080, -8 
1721392383463.00, 0, -594079, -7 
1721392383485.00, 0, -594080, -6 
1721392383506.00, 0, -594081, -6 
1721392383527.00, 0, -594080, -6 
1721392383549.00, 0, -594080, -6 
1721392383570.00, 0, -594080, -5 
1721392383591.00, 0, -594079, -6 
1721392383612.00, 0, -594079, -5 
1721392383633.00, 0, -594080, -5 
1721392383654.00, 0, -594080, -4 
1721392383675.00, 0, -594079, -4 
1721392383696.00, 0, -594079, -3 
1721392383720.00, 0, -594079, -4 
1721392383739.00, 0, -594080, -3 
1721392383760.00, 0, -594080, -3 
1721392383781.00, 0, -594079, -3 
1721392383802.00, 1, -594079, -2 
1721392383824.00, 0, -594079, -2 
1721392383844.00, 0, -594079, -1 
1721392383865.00, 0, -594080, 0 
1721392383886.00, 0, -594079, 0 
1721392383908.00, 0, -594079, 0 
1721392383929.00, 0, -594080, 0 
1721392383949.00, 0, -594080, 0 
1721392383971.00, 0, -594079, 0 
1721392383991.00, 0, -594079, 0 
1721392384012.00, 0, -594078, 0 
1721392384034.00, 0, -594079, 0 
1721392384055.00, 0, -594079, 0 
1721392384076.00, 0, -594079, 1 
1721392384096.00, 0, -594079, 1 
1721392384118.00, 0, -594079, 1 
1721392384139.00, 0, -594080, 1 
1721392384161.00, 0, -594079, 2 
1721392384180.00, 0, -594079, 2 
1721392384202.00, 0, -594078, 2 
1721392384223.00, 0, -594078, 2 
1721392384244.00, -2, -594079, 2 
1721392384269.00, 0, -594078, 2 
1721392384286.00, 0, -594079, 2 
1721392384307.00, 0, -594078, 2 
1721392384328.00, 0, -594079, 2 
1721392384349.00, 0, -594079, 3 
1721392384375.00, 0, -594079, 3 
1721392384391.00, 0, -594079, 3 
1721392384411.00, 0, -594079, 3 
1721392384433.00, 0, -594079, 3 
1721392384454.00, 0, -594079, 4 
1721392384475.00, 0, -594079, 4 
1721392384496.00, 0, -594078, 4 
1721392384517.00, 0, -594078, 4 
1721392384538.00, 0, -594079, 4 
1721392384559.00, 0, -594079, 4 
1721392384580.00, 0, -594078, 4 
1721392384606.00, 0, -594079, 4 
1721392384622.00, 0, -594078, 4 
1721392384644.00, 27, -594078, 4 
1721392384664.00, 0, -594078, 4 
1721392384686.00, 0, -594078, 5 
1721392384710.00, -41, -594078, 5 
1721392384727.00, 0, -594079, 6 
1721392384749.00, 0, -594078, 6 
1721392384769.00, 0, -594078, 6 
1721392384790.00, 0, -594079, 5 
1721392384811.00, 0, -594079, 5 
1721392384833.00, 0, -594079, 5 
1721392384854.00, 0, -594079, 5 
1721392384875.00, 0, -594078, 5 
1721392384896.00, 0, -594079, 5 
1721392384917.00, 0, -594078, 6 
1721392384938.00, 0, -594079, 6 
1721392384958.00, 0, -594078, 6 
1721392384979.00, 0, -594079, 6 
1721392385001.00, 0, -594079, 6 
1721392385022.00, 0, -594078, 7 
1721392385043.00, 0, -594078, 7 
1721392385064.00, 0, -594078, 7 
1721392385085.00, 0, -594078, 7 
1721392385106.00, 0, -594079, 7 
1721392385127.00, 0, -594078, 7 
1721392385148.00, 0, -594080, 7 
1721392385169.00, -5, -594078, 6 
1721392385190.00, 0, -594079, 6 
1721392385210.00, 0, -594078, 6 
1721392385232.00, 0, -594079, 6 
1721392385254.00, 0, -594079, 6 
1721392385274.00, 0, -594079, 6 
1721392385295.00, 0, -594078, 5 
1721392385316.00, 0, -594079, 6 
1721392385337.00, 0, -594078, 6 
1721392385362.00, 0, -594078, 5 
1721392385379.00, 0, -594079, 5 
1721392385401.00, 0, -594078, 5 
1721392385421.00, 0, -594078, 4 
1721392385442.00, 0, -594078, 4 
1721392385464.00, 0, -594078, 4 
1721392385484.00, 0, -594078, 4 
1721392385506.00, 0, -594078, 4 
1721392385527.00, 17, -594079, 4 
1721392385548.00, -50, -594078, 5 
1721392385568.00, 0, -594079, 5 
1721392385590.00, 0, -594079, 6 
1721392385611.00, 0, -594078, 6 
1721392385631.00, 0, -594077, 5 
1721392385653.00, 0, -594078, 5 
1721392385674.00, 0, -594079, 4 
1721392385695.00, 0, -594078, 4 
1721392385715.00, 0, -594078, 4 
1721392385737.00, 0, -594078, 5 
1721392385758.00, 0, -594078, 5 
1721392385779.00, 0, -594078, 5 
1721392385801.00, 0, -594079, 5 
1721392385821.00, 0, -594079, 5 
1721392385842.00, 0, -594078, 5 
1721392385863.00, 0, -594078, 6 
1721392385884.00, 0, -594078, 5 
1721392385905.00, 0, -594079, 5 
1721392385926.00, 0, -594079, 5 
1721392385947.00, 0, -594078, 5 
1721392385968.00, 0, -594078, 5 
1721392385990.00, 0, -594079, 5 
1721392386013.00, 0, -594078, 5 
1721392386032.00, 0, -594078, 6 
1721392386052.00, 0, -594079, 6 
1721392386074.00, 0, -594078, 7 
1721392386095.00, 0, -594079, 7 
1721392386116.00, 0, -594077, 8 
1721392386137.00, 0, -594079, 8 
1721392386158.00, 0, -594077, 8 
1721392386179.00, 0, -594078, 9 
1721392386200.00, 0, -594079, 9 
1721392386220.00, 0, -594078, 9 
1721392386242.00, 0, -594078, 9 
1721392386262.00, 0, -594078, 9 
1721392386283.00, 0, -594079, 9 
1721392386304.00, 0, -594079, 9 
1721392386326.00, 0, -594077, 9 
1721392386347.00, 0, -594077, 9 
1721392386368.00, 0, -594079, 10 
1721392386389.00, 0, -594078, 10 
1721392386410.00, 0, -594078, 10 
1721392386431.00, 0, -594079, 9 
1721392386458.00, 0, -594079, 8 
1721392386473.00, 0, -594079, 8 
1721392386494.00, 0, -594077, 8 
1721392386515.00, 0, -594079, 8 
1721392386536.00, 0, -594078, 9 
1721392386557.00, 0, -594078, 9 
1721392386578.00, 0, -594078, 9 
1721392386600.00, 0, -594078, 9 
1721392386620.00, 0, -594078, 9 
1721392386641.00, 0, -594078, 9 
1721392386662.00, 0, -594078, 9 
1721392386683.00, 0, -594078, 9 
1721392386704.00, 0, -594078, 9 
1721392386725.00, 0, -594077, 8 
1721392386747.00, 0, -594079, 7 
1721392386767.00, 0, -594078, 6 
1721392386795.00, 0, -594078, 5 
1721392386810.00, 0, -594077, 4 
1721392386831.00, 0, -594079, 4 
1721392386851.00, 0, -594079, 3 
1721392386873.00, 0, -594080, 3 
1721392386895.00, 0, -594079, 3 
1721392386915.00, 0, -594079, 4 
1721392386936.00, 0, -594079, 5 
1721392386957.00, 0, -594078, 5 
1721392386978.00, 0, -594078, 6 
1721392387000.00, 0, -594078, 6 
1721392387020.00, 0, -594078, 6 
1721392387041.00, 0, -594078, 6 
1721392387063.00, 0, -594079, 6 
1721392387083.00, 0, -594078, 7 
1721392387108.00, 0, -594078, 7 
1721392387125.00, 0, -594079, 7 
1721392387146.00, 0, -594077, 7 
1721392387167.00, 3, -594077, 8 
1721392387188.00, 0, -594078, 9 
1721392387209.00, 0, -594078, 9 
1721392387230.00, 0, -594078, 8 
1721392387251.00, 0, -594078, 7 
1721392387272.00, 0, -594079, 7 
1721392387293.00, 0, -594078, 7 
1721392387315.00, 0, -594078, 7 
1721392387336.00, 0, -594078, 7 
1721392387357.00, 0, -594078, 8 
1721392387378.00, 0, -594078, 9 
1721392387399.00, 6, -594078, 9 
1721392387420.00, 50, -594079, 10 
1721392387441.00, -67, -594077, 10 
1721392387462.00, 5, -594077, 10 
1721392387483.00, -1, -594078, 10 
1721392387504.00, -34, -594079, 11 
1721392387526.00, 92, -594077, 10 
1721392387548.00, 0, -594075, 10 
1721392387568.00, 0, -594076, 11 
1721392387589.00, 684, -594075, 11 
1721392387611.00, 1082, -594066, 9 
1721392387632.00, 634, -594044, 9 
1721392387653.00, 346, -594031, 11 
1721392387674.00, 921, -594022, 10 
1721392387695.00, 0, -594003, 8 
1721392387717.00, 0, -594003, 11 
1721392387738.00, 642, -594002, 10 
1721392387760.00, 0, -593990, 7 
1721392387780.00, -11, -593987, 10 
1721392387803.00, 0, -593988, 10 
1721392387824.00, 25, -593987, 8 
1721392387845.00, -3, -593987, 9 
1721392387866.00, 0, -593986, 9 
1721392387887.00, 0, -593987, 8 
1721392387908.00, 0, -593987, 9 
1721392387929.00, 15, -593987, 9 
1721392387949.00, 0, -593986, 8 
1721392387971.00, 0, -593987, 8 
1721392387992.00, 0, -593987, 8 
1721392388013.00, 32, -593987, 8 
1721392388035.00, 0, -593986, 8 
1721392388055.00, 0, -593986, 8 
1721392388076.00, 0, -593986, 8 
1721392388097.00, -3, -593987, 7 
1721392388118.00, 0, -593987, 6 
1721392388140.00, 0, -593986, 5 
1721392388161.00, 0, -593987, 5 
1721392388181.00, 0, -593987, 5 
1721392388205.00, 0, -593986, 5 
1721392388224.00, 0, -593987, 5 
1721392388245.00, 0, -593986, 5 
1721392388266.00, 59, -593986, 5 
1721392388287.00, 63, -593987, 5 
1721392388308.00, 0, -593987, 5 
1721392388329.00, -16, -593986, 5 
1721392388350.00, 0, -593986, 5 
1721392388371.00, 0, -593986, 5 
1721392388392.00, -4, -593986, 5 
1721392388413.00, 0, -593986, 5 
1721392388434.00, 0, -593985, 5 
1721392388455.00, 0, -593986, 5 
1721392388477.00, 1, -593986, 4 
1721392388498.00, 45, -593986, 5 
1721392388519.00, 68, -593985, 5 
1721392388540.00, 0, -593985, 5 
1721392388561.00, -6, -593985, 5 
1721392388582.00, 0, -593985, 5 
1721392388603.00, 0, -593985, 5 
1721392388624.00, 0, -593984, 5 
1721392388647.00, 0, -593985, 5 
1721392388666.00, 0, -593985, 5 
1721392388687.00, 0, -593986, 5 
1721392388708.00, 0, -593985, 5 
1721392388729.00, 0, -593985, 5 
1721392388753.00, 63, -593985, 5 
1721392388772.00, 25, -593985, 5 
1721392388793.00, 0, -593984, 5 
1721392388813.00, -1, -593985, 5 
1721392388835.00, 0, -593984, 5 
1721392388856.00, 0, -593984, 6 
1721392388876.00, 1, -593984, 6 
1721392388898.00, 0, -593985, 6 
1721392388918.00, 0, -593985, 6 
1721392388940.00, -4, -593984, 5 
1721392388961.00, 9, -593985, 5 
1721392388981.00, 0, -593985, 5 
1721392389003.00, 0, -593984, 6 
1721392389024.00, 0, -593984, 6 
1721392389045.00, 63, -593984, 7 
1721392389066.00, -2, -593983, 7 
1721392389087.00, 0, -593984, 8 
1721392389108.00, 0, -593984, 8 
1721392389129.00, 0, -593984, 8 
1721392389150.00, 0, -593983, 8 
1721392389171.00, 0, -593984, 9 
1721392389192.00, 0, -593984, 9 
1721392389214.00, 0, -593983, 8 
1721392389234.00, 0, -593983, 8 
1721392389256.00, 0, -593982, 8 
1721392389276.00, 66, -593983, 9 
1721392389299.00, 1, -593984, 9 
1721392389319.00, 0, -593983, 9 
1721392389340.00, 1, -593983, 9 
1721392389361.00, 0, -593982, 9 
1721392389382.00, 0, -593982, 8 
1721392389405.00, 2, -593983, 8 
1721392389424.00, 0, -593983, 8 
1721392389445.00, 0, -593982, 9 
1721392389466.00, 0, -593982, 9 
1721392389487.00, 0, -593982, 9 
1721392389508.00, 0, -593982, 9 
1721392389529.00, 57, -593982, 9 
1721392389550.00, 0, -593982, 9 
1721392389571.00, -38, -593982, 9 
1721392389592.00, 0, -593982, 8 
1721392389614.00, 0, -593982, 9 
1721392389635.00, 67, -593982, 9 
1721392389656.00, 56, -593982, 9 
1721392389677.00, 0, -593981, 10 
1721392389698.00, 0, -593982, 11 
1721392389720.00, 754, -593981, 11 
1721392389741.00, 1239, -593969, 9 
1721392389762.00, 757, -593943, 8 
1721392389783.00, 395, -593925, 9 
1721392389804.00, 193, -593916, 8 
1721392389826.00, 69, -593912, 7 
1721392389847.00, 33, -593910, 8 
1721392389868.00, 67, -593909, 8 
1721392389890.00, 0, -593908, 8 
1721392389910.00, 0, -593907, 9 
1721392389932.00, 0, -593907, 9 
1721392389953.00, 0, -593907, 9 
1721392389974.00, 0, -593907, 10 
1721392389995.00, 0, -593907, 11 
1721392390016.00, 674, -593907, 11 
1721392390037.00, 1104, -593895, 9 
1721392390062.00, 644, -593870, 9 
1721392390080.00, 337, -593855, 12 
1721392390102.00, 938, -593848, 15 
1721392390123.00, 1494, -593827, 19 
1721392390144.00, 2087, -593796, 26 
1721392390168.00, 2807, -593752, 45 
1721392390187.00, 4424, -593690, 60 
1721392390208.00, 6049, -593595, 80 
1721392390230.00, 8248, -593454, 105 
1721392390252.00, 11418, -593267, 140 
1721392390275.00, 14997, -593023, 167 
1721392390295.00, 18973, -592699, 203 
1721392390316.00, 23404, -592290, 240 
1721392390338.00, 28645, -591786, 281 
1721392390360.00, 34010, -591167, 313 
1721392390382.00, 39201, -590431, 340 
1721392390404.00, 43638, -589587, 378 
1721392390425.00, 48607, -588652, 417 
1721392390447.00, 54042, -587597, 452 
1721392390468.00, 59120, -586420, 495 
1721392390490.00, 64774, -585143, 519 
1721392390513.00, 69657, -583727, 536 
1721392390533.00, 73530, -582222, 581 
1721392390554.00, 78664, -580621, 600 
1721392390576.00, 82596, -578923, 629 
1721392390598.00, 86536, -577126, 635 
1721392390620.00, 89338, -575261, 661 
1721392390641.00, 92428, -573318, 646 
1721392390663.00, 93349, -571317, 656 
1721392390685.00, 94071, -569296, 683 
1721392390706.00, 96380, -567245, 635 
1721392390732.00, 94960, -565161, 662 
1721392390749.00, 95716, -563101, 673 
1721392390771.00, 96786, -561025, 659 
1721392390793.00, 96460, -558936, 693 
1721392390814.00, 98310, -556842, 696 
1721392390836.00, 99499, -554715, 688 
1721392390857.00, 99729, -552560, 710 
1721392390879.00, 101110, -550390, 707 
1721392390901.00, 101754, -548195, 709 
1721392390922.00, 101976, -545985, 730 
1721392390948.00, 103585, -543753, 732 
1721392390966.00, 104679, -541498, 727 
1721392390988.00, 104963, -539227, 746 
1721392391010.00, 106064, -536944, 735 
1721392391032.00, 106204, -534636, 714 
1721392391053.00, 104960, -532325, 729 
1721392391075.00, 105045, -530051, 732 
1721392391096.00, 105267, -527757, 715 
1721392391118.00, 104221, -525469, 719 
1721392391140.00, 103817, -523215, 720 
1721392391161.00, 103604, -520940, 712 
1721392391183.00, 103148, -518693, 706 
1721392391205.00, 102182, -516449, 708 
1721392391227.00, 101678, -514218, 703 
1721392391249.00, 101273, -512002, 688 
1721392391271.00, 100202, -509809, 697 
1721392391292.00, 99900, -507619, 693 
1721392391314.00, 99628, -505449, 674 
1721392391335.00, 98283, -503305, 690 
1721392391356.00, 98105, -501174, 684 
1721392391381.00, 97820, -499036, 648 
1721392391400.00, 95286, -496925, 663 
1721392391422.00, 94811, -494850, 634 
1721392391443.00, 92938, -492795, 605 
1721392391465.00, 89933, -490794, 614 
1721392391488.00, 88696, -488837, 583 
1721392391508.00, 86119, -486924, 576 
1721392391530.00, 84144, -485052, 563 
1721392391552.00, 82032, -483227, 543 
1721392391573.00, 79588, -481450, 539 
1721392391600.00, 77910, -479721, 516 
1721392391617.00, 75695, -478038, 507 
1721392391638.00, 73711, -476398, 462 
1721392391660.00, 69732, -474805, 448 
1721392391682.00, 66595, -473293, 409 
1721392391703.00, 62523, -471851, 388 
1721392391725.00, 58646, -470510, 341 
1721392391746.00, 53752, -469236, 316 
1721392391767.00, 49145, -468082, 296 
1721392391790.00, 45038, -467012, 251 
1721392391815.00, 40181, -466019, 234 
1721392391833.00, 36093, -465155, 210 
1721392391854.00, 32398, -464382, 170 
1721392391877.00, 27937, -463670, 154 
1721392391898.00, 24225, -463060, 144 
1721392391920.00, 21586, -462532, 136 
1721392391941.00, 19417, -462070, 125 
1721392391963.00, 17760, -461649, 129 
1721392391984.00, 16857, -461272, 127 
1721392392006.00, 16113, -460910, 121 
1721392392027.00, 15471, -460556, 105 
1721392392049.00, 14143, -460216, 105 
1721392392071.00, 13175, -459910, 94 
1721392392092.00, 12198, -459623, 63 
1721392392114.00, 9660, -459361, 47 
1721392392135.00, 7095, -459151, 35 
1721392392156.00, 4980, -458995, 18 
1721392392178.00, 2813, -458886, 3 
1721392392199.00, 298, -458826, -9 
1721392392221.00, -450, -458815, -22 
1721392392242.00, -2758, -458824, -38 
1721392392264.00, -5166, -458873, -42 
1721392392285.00, -6707, -458979, -52 
1721392392306.00, -8350, -459121, -66 
1721392392329.00, -9963, -459296, -71 
1721392392349.00, -11476, -459508, -72 
1721392392371.00, -12304, -459751, -77 
1721392392393.00, -12757, -460013, -81 
1721392392414.00, -13526, -460289, -79 
1721392392435.00, -14016, -460584, -84 
1721392392457.00, -14516, -460883, -90 
1721392392479.00, -14713, -461186, -92 
1721392392501.00, -14856, -461506, -95 
1721392392522.00, -15303, -461823, -103 
1721392392544.00, -16198, -462152, -111 
1721392392565.00, -16978, -462500, -117 
1721392392587.00, -17943, -462871, -123 
1721392392608.00, -18775, -463255, -138 
1721392392630.00, -20059, -463665, -149 
1721392392652.00, -21418, -464106, -154 
1721392392673.00, -22696, -464568, -153 
1721392392695.00, -23652, -465048, -152 
1721392392717.00, -23785, -465546, -149 
1721392392739.00, -23530, -466063, -159 
1721392392759.00, -23937, -466579, -165 
1721392392782.00, -24736, -467108, -169 
1721392392803.00, -25400, -467643, -184 
1721392392825.00, -26783, -468188, -196 
1721392392846.00, -28292, -468762, -205 
1721392392868.00, -29303, -469370, -219 
1721392392890.00, -30941, -470012, -236 
1721392392912.00, -32842, -470690, -243 
1721392392932.00, -34370, -471394, -251 
1721392392954.00, -35722, -472130, -255 
1721392392976.00, -36803, -472904, -260 
1721392392998.00, -37636, -473707, -264 
1721392393020.00, -38631, -474524, -277 
1721392393041.00, -39778, -475348, -284 
1721392393063.00, -40786, -476215, -299 
1721392393085.00, -42333, -477111, -313 
1721392393106.00, -44159, -478020, -328 
1721392393128.00, -45788, -478966, -328 
1721392393148.00, -47003, -479968, -346 
1721392393171.00, -48704, -480985, -364 
1721392393193.00, -51149, -482029, -361 
1721392393214.00, -52051, -483141, -356 
1721392393236.00, -52232, -484276, -394 
1721392393257.00, -54520, -485401, -393 
1721392393279.00, -55681, -486591, -380 
1721392393301.00, -55722, -487795, -406 
1721392393323.00, -57262, -489004, -404 
1721392393346.00, -58202, -490257, -419 
1721392393366.00, -59442, -491508, -428 
1721392393388.00, -60926, -492803, -426 
1721392393409.00, -61600, -494129, -449 
1721392393431.00, -63180, -495454, -454 
1721392393452.00, -64426, -496834, -474 
1721392393474.00, -66625, -498216, -484 
1721392393496.00, -68296, -499668, -490 
1721392393517.00, -69613, -501148, -508 
1721392393539.00, -71473, -502662, -506 
1721392393561.00, -72319, -504211, -523 
1721392393582.00, -73714, -505771, -510 
1721392393604.00, -73853, -507379, -525 
1721392393626.00, -74838, -508991, -515 
1721392393647.00, -74825, -510614, -541 
1721392393669.00, -76201, -512230, -525 
1721392393691.00, -76061, -513882, -545 
1721392393712.00, -77188, -515534, -529 
1721392393734.00, -76932, -517223, -551 
1721392393755.00, -78175, -518885, -533 
1721392393779.00, -77589, -520571, -553 
1721392393799.00, -78718, -522256, -539 
1721392393820.00, -78528, -523960, -560 
1721392393842.00, -79641, -525669, -542 
1721392393864.00, -79132, -527382, -559 
1721392393885.00, -79818, -529097, -550 
1721392393907.00, -79414, -530814, -561 
1721392393928.00, -79830, -532553, -547 
1721392393950.00, -79323, -534285, -556 
1721392393972.00, -79583, -536018, -559 
1721392393993.00, -80048, -537728, -558 
1721392394015.00, -80172, -539463, -561 
1721392394037.00, -80278, -541196, -552 
1721392394058.00, -79680, -542941, -558 
1721392394080.00, -79707, -544663, -543 
1721392394103.00, -78828, -546389, -563 
1721392394124.00, -79494, -548100, -552 
1721392394144.00, -79430, -549830, -563 
1721392394167.00, -79980, -551545, -541 
1721392394188.00, -78902, -553272, -551 
1721392394210.00, -78840, -554981, -521 
1721392394232.00, -76961, -556688, -530 
1721392394253.00, -76250, -558361, -506 
1721392394275.00, -74238, -560007, -494 
1721392394296.00, -72462, -561617, -451 
1721392394318.00, -68927, -563176, -440 
1721392394340.00, -66111, -564670, -413 
1721392394361.00, -62665, -566107, -389 
1721392394383.00, -59200, -567459, -334 
1721392394404.00, -53904, -568746, -303 
1721392394426.00, -48905, -569901, -256 
1721392394448.00, -43104, -570953, -182 
1721392394469.00, -35206, -571891, -141 
1721392394491.00, -28125, -572662, -93 
1721392394513.00, -20817, -573273, -109 
1721392394534.00, -17679, -573736, -111 
1721392394556.00, -15829, -574124, -112 
1721392394578.00, -15005, -574471, -120 
1721392394599.00, -14792, -574798, -136 
1721392394620.00, -15899, -575124, -146 
1721392394642.00, -16980, -575464, -149 
1721392394664.00, -17764, -575831, -158 
1721392394685.00, -18801, -576216, -168 
1721392394707.00, -19905, -576624, -181 
1721392394728.00, -21587, -577058, -193 
1721392394750.00, -23355, -577527, -209 
1721392394772.00, -25401, -578034, -225 
1721392394794.00, -27759, -578586, -254 
1721392394816.00, -30908, -579183, -276 
1721392394837.00, -34178, -579838, -285 
1721392394859.00, -36401, -580575, -290 
1721392394881.00, -38220, -581367, -302 
1721392394902.00, -40063, -582195, -308 
1721392394923.00, -41275, -583054, -307 
1721392394945.00, -41943, -583945, -303 
1721392394966.00, -42034, -584859, -314 
1721392394989.00, -42694, -585771, -310 
1721392395010.00, -42944, -586692, -305 
1721392395032.00, -42684, -587626, -302 
1721392395054.00, -42620, -588556, -301 
1721392395075.00, -42494, -589470, -296 
1721392395097.00, -42148, -590389, -288 
1721392395118.00, -41256, -591306, -287 
1721392395139.00, -40846, -592200, -278 
1721392395162.00, -40024, -593082, -267 
1721392395183.00, -22941, -593943, -257 
1721392395207.00, -12542, -594458, -254 
1721392395227.00, -6329, -594738, -251 
1721392395248.00, -2687, -594879, -228 
1721392395270.00, -420, -594942, -226 
1721392395291.00, 75, -594956, -236 
1721392395313.00, 846, -594956, -211 
1721392395334.00, 1475, -594941, -179 
1721392395356.00, 1883, -594912, -156 
1721392395377.00, 2092, -594871, -140 
1721392395399.00, 2111, -594823, -111 
1721392395422.00, 2200, -594774, -79 
1721392395442.00, 2188, -594727, -59 
1721392395463.00, 2100, -594677, -43 
1721392395485.00, 2006, -594630, -25 
1721392395506.00, 1881, -594586, -11 
1721392395528.00, 1866, -594544, -1 
1721392395549.00, 1785, -594504, 5 
1721392395571.00, 1688, -594464, 14 
1721392395593.00, 2536, -594427, 17 
1721392395614.00, 3280, -594373, 24 
1721392395639.00, 4060, -594305, 24 
1721392395657.00, 4560, -594219, 30 
1721392395679.00, 5135, -594119, 34 
1721392395699.00, 5967, -594012, 32 
1721392395721.00, 6006, -593887, 49 
1721392395744.00, 6986, -593756, 44 
1721392395765.00, 7456, -593607, 48 
1721392395786.00, 7811, -593448, 52 
1721392395806.00, 8214, -593280, 55 
1721392395828.00, 8751, -593103, 59 
1721392395850.00, 9258, -592918, 53 
1721392395871.00, 9003, -592724, 48 
1721392395893.00, 8622, -592529, 42 
1721392395914.00, 8258, -592345, 38 
1721392395936.00, 7462, -592167, 33 
1721392395957.00, 6769, -592011, 29 
1721392395986.00, 5998, -591862, 29 
1721392396000.00, 5623, -591731, 24 
1721392396022.00, 5241, -591605, 21 
1721392396043.00, 4767, -591495, 17 
1721392396065.00, 3946, -591392, 15 
1721392396086.00, 3433, -591303, 12 
1721392396107.00, 2983, -591226, 7 
1721392396128.00, 2107, -591162, 2 
1721392396151.00, 1538, -591118, 3 
1721392396171.00, 1160, -591084, 0 
1721392396192.00, 993, -591060, -4 
1721392396214.00, 831, -591039, -7 
1721392396236.00, 763, -591021, -8 
1721392396257.00, 666, -591008, -12 
1721392396279.00, 0, -590993, -18 
1721392396300.00, -151, -590991, -22 
1721392396322.00, -1126, -590992, -29 
1721392396342.00, -2251, -591012, -40 
1721392396364.00, -3609, -591056, -55 
1721392396386.00, -5074, -591131, -69 
1721392396408.00, -6993, -591244, -86 
1721392396429.00, -9242, -591392, -104 
1721392396450.00, -11578, -591587, -114 
1721392396472.00, -13451, -591841, -128 
1721392396493.00, -15530, -592130, -145 
1721392396516.00, -17582, -592465, -159 
1721392396537.00, -19724, -592844, -169 
1721392396559.00, -11693, -593270, -174 
1721392396580.00, -6643, -593530, -190 
1721392396601.00, -3549, -593683, -201 
1721392396623.00, -1835, -593767, -203 
1721392396644.00, -852, -593807, -211 
1721392396666.00, -313, -593827, -220 
1721392396688.00, -36, -593833, -217 
1721392396709.00, 0, -593834, -206 
1721392396733.00, 0, -593833, -191 
1721392396751.00, 0, -593832, -180 
1721392396773.00, 0, -593831, -167 
1721392396794.00, -1, -593830, -146 
1721392396815.00, 12, -593830, -128 
1721392396837.00, 0, -593829, -113 
1721392396858.00, 0, -593828, -97 
1721392396879.00, -33, -593826, -78 
1721392396900.00, 0, -593824, -60 
1721392396922.00, 0, -593824, -46 
1721392396942.00, 0, -593823, -39 
1721392396964.00, 0, -593824, -30 
1721392396985.00, 0, -593822, -22 
1721392397006.00, 0, -593821, -16 
1721392397028.00, 0, -593823, -11 
1721392397049.00, -31, -593822, -6 
1721392397070.00, -38, -593820, 1 
1721392397091.00, 0, -593820, 6 
1721392397112.00, -68, -593820, 9 
1721392397133.00, 0, -593819, 14 
1721392397154.00, 797, -593820, 18 
1721392397176.00, 1427, -593812, 20 
1721392397197.00, 1991, -593782, 24 
1721392397218.00, 2556, -593738, 25 
1721392397241.00, 3106, -593682, 26 
1721392397262.00, 3448, -593619, 24 
1721392397285.00, 3496, -593544, 25 
1721392397305.00, 3639, -593469, 26 
1721392397326.00, 3679, -593391, 26 
1721392397348.00, 3885, -593315, 26 
1721392397369.00, 3808, -593235, 26 
1721392397393.00, 3770, -593155, 27 
1721392397412.00, 3668, -593074, 28 
1721392397433.00, 3771, -592991, 29 
1721392397455.00, 3917, -592913, 28 
1721392397476.00, 3884, -592829, 29 
1721392397500.00, 3937, -592747, 28 
1721392397519.00, 3983, -592662, 27 
1721392397540.00, 3914, -592580, 26 
1721392397562.00, 3629, -592496, 26 
1721392397584.00, 3684, -592416, 24 
1721392397610.00, 3546, -592337, 22 
1721392397626.00, 3242, -592258, 21 
1721392397651.00, 3040, -592185, 19 
1721392397670.00, 2808, -592121, 19 
1721392397691.00, 2809, -592063, 18 
1721392397712.00, 2651, -592008, 16 
1721392397734.00, 2352, -591950, 15 
1721392397755.00, 2172, -591897, 14 
1721392397776.00, 2114, -591849, 14 
1721392397798.00, 2071, -591803, 13 
1721392397819.00, 1925, -591761, 13 
1721392397841.00, 1858, -591719, 13 
1721392397862.00, 1803, -591678, 12 
1721392397884.00, 1733, -591639, 12 
1721392397906.00, 1626, -591601, 11 
1721392397927.00, 1570, -591565, 11 
1721392397948.00, 1567, -591532, 11 
1721392397970.00, 1563, -591499, 10 
1721392397991.00, 0, -591465, 10 
1721392398012.00, 0, -591462, 14 
1721392398034.00, 718, -591462, 12 
1721392398054.00, 1101, -591449, 10 
1721392398076.00, 39, -591425, 11 
1721392398098.00, 617, -591422, 16 
1721392398119.00, 1281, -591411, 14 
1721392398141.00, 1581, -591385, 12 
1721392398162.00, 1603, -591349, 13 
1721392398184.00, 1775, -591317, 14 
1721392398205.00, 1840, -591279, 13 
1721392398226.00, 1817, -591240, 11 
1721392398248.00, 1716, -591201, 11 
1721392398269.00, 1672, -591164, 10 
1721392398291.00, 0, -591128, 8 
1721392398311.00, 0, -591124, 12 
1721392398333.00, 617, -591125, 11 
1721392398356.00, 1052, -591113, 9 
1721392398375.00, 618, -591090, 9 
1721392398397.00, 329, -591078, 12 
1721392398418.00, 993, -591070, 12 
1721392398440.00, 1342, -591050, 9 
1721392398460.00, 796, -591022, 10 
1721392398485.00, 41, -591006, 13 
1721392398503.00, 752, -591004, 16 
1721392398525.00, 1415, -590989, 14 
1721392398546.00, 1781, -590959, 14 
1721392398568.00, 1940, -590921, 16 
1721392398593.00, 2112, -590880, 17 
1721392398611.00, 2314, -590834, 16 
1721392398632.00, 2370, -590784, 14 
1721392398654.00, 2294, -590733, 12 
1721392398676.00, 2131, -590682, 11 
1721392398701.00, 1917, -590637, 11 
1721392398719.00, 1766, -590594, 11 
1721392398740.00, 1664, -590556, 11 
1721392398761.00, 1643, -590519, 10 
1721392398782.00, 0, -590485, 9 
1721392398805.00, 0, -590481, 11 
1721392398825.00, 531, -590480, 8 
1721392398845.00, 285, -590471, 5 
1721392398868.00, 128, -590465, 7 
1721392398889.00, 59, -590464, 8 
1721392398910.00, 68, -590463, 9 
1721392398931.00, 42, -590461, 9 
1721392398952.00, 50, -590461, 11 
1721392398973.00, 738, -590460, 12 
1721392398995.00, 1193, -590445, 10 
1721392399016.00, -23, -590420, 11 
1721392399039.00, 628, -590417, 15 
1721392399059.00, 1326, -590405, 14 
1721392399081.00, 1680, -590377, 12 
1721392399102.00, 1746, -590341, 13 
1721392399123.00, 1685, -590304, 13 
1721392399148.00, 1751, -590266, 11 
1721392399167.00, 1658, -590228, 10 
1721392399187.00, 0, -590193, 8 
1721392399208.00, 0, -590188, 10 
1721392399229.00, 0, -590187, 6 
1721392399251.00, 0, -590189, 5 
1721392399272.00, 0, -590187, 5 
1721392399293.00, 0, -590188, 5 
1721392399313.00, 0, -590188, 5 
1721392399335.00, 0, -590189, 5 
1721392399355.00, 0, -590188, 6 
1721392399376.00, 0, -590188, 6 
1721392399398.00, 0, -590188, 6 
1721392399419.00, 0, -590187, 5 
1721392399440.00, 0, -590189, 5 
1721392399461.00, 0, -590189, 5 
1721392399482.00, 0, -590188, 5 
1721392399503.00, 0, -590188, 5 
1721392399524.00, 0, -590188, 4 
1721392399545.00, 0, -590189, 4 
1721392399566.00, 0, -590188, 3 
1721392399587.00, 0, -590188, 3 
1721392399609.00, 0, -590189, 3 
1721392399629.00, 0, -590188, 3 
1721392399650.00, 0, -590187, 3 
1721392399671.00, 0, -590189, 3 
1721392399692.00, 0, -590188, 3 
1721392399713.00, 0, -590188, 3 
1721392399734.00, 0, -590188, 2 
1721392399755.00, 0, -590188, 2 
1721392399776.00, 1, -590189, 2 
1721392399798.00, 2, -590188, 3 
1721392399819.00, 1, -590188, 3 
1721392399840.00, 17, -590188, 4 
1721392399861.00, 0, -590189, 4 
1721392399882.00, 0, -590189, 4 
1721392399902.00, 0, -590189, 3 
1721392399924.00, 0, -590188, 2 
1721392399945.00, 0, -590190, 2 
1721392399966.00, 0, -590189, 1 
1721392399986.00, 0, -590188, 1 
1721392400008.00, 0, -590188, 1 
1721392400029.00, 0, -590189, 1 
1721392400049.00, 0, -590188, 0 
1721392400071.00, 0, -590189, 0 
1721392400092.00, 0, -590188, 1 
1721392400113.00, 0, -590188, 2 
1721392400134.00, 0, -590188, 3 
1721392400155.00, 0, -590188, 4 
1721392400176.00, 0, -590188, 5 
1721392400197.00, 0, -590188, 6 
1721392400218.00, 0, -590187, 7 
1721392400239.00, 0, -590187, 8 
1721392400260.00, 0, -590188, 8 
1721392400281.00, 0, -590188, 8 
1721392400302.00, 0, -590187, 7 
1721392400323.00, 0, -590189, 7 
1721392400348.00, 0, -590188, 8 
1721392400365.00, 0, -590188, 8 
1721392400386.00, 0, -590190, 9 
1721392400407.00, 0, -590188, 9 
1721392400428.00, 0, -590186, 9 
1721392400451.00, 0, -590188, 10 
1721392400471.00, 0, -590187, 9 
1721392400492.00, 0, -590188, 10 
1721392400512.00, 0, -590188, 10 
1721392400533.00, 0, -590189, 11 
1721392400555.00, 753, -590188, 11 
1721392400577.00, 1152, -590181, 9 
1721392400598.00, 658, -590157, 6 
1721392400619.00, 329, -590142, 6 
1721392400641.00, 139, -590135, 5 
1721392400662.00, 41, -590133, 3 
1721392400682.00, 39, -590130, 3 
1721392400704.00, 1, -590129, 5 
1721392400725.00, 60, -590129, 7 
1721392400746.00, -2, -590128, 8 
1721392400767.00, 0, -590129, 9 
1721392400791.00, 22, -590128, 9 
1721392400810.00, 65, -590127, 9 
1721392400830.00, 50, -590127, 10 
1721392400852.00, 63, -590127, 10 
1721392400873.00, 60, -590127, 11 
1721392400902.00, 757, -590126, 11 
1721392400916.00, 1162, -590111, 10 
1721392400937.00, 0, -590090, 9 
1721392400959.00, 0, -590086, 12 
1721392400980.00, 664, -590086, 10 
1721392401001.00, 0, -590075, 6 
1721392401022.00, 0, -590072, 8 
1721392401043.00, 0, -590072, 8 
1721392401063.00, 0, -590072, 7 
1721392401085.00, 0, -590073, 7 
1721392401113.00, 0, -590072, 7 
1721392401127.00, 0, -590072, 7 
1721392401148.00, 0, -590072, 7 
1721392401169.00, 2, -590073, 8 
1721392401190.00, 21, -590072, 8 
1721392401211.00, 0, -590072, 8 
1721392401233.00, 0, -590072, 8 
1721392401253.00, 0, -590072, 9 
1721392401275.00, 61, -590072, 9 
1721392401295.00, 0, -590072, 8 
1721392401317.00, 0, -590072, 7 
1721392401338.00, 0, -590072, 7 
1721392401358.00, 0, -590071, 6 
1721392401380.00, 0, -590073, 6 
1721392401400.00, 0, -590072, 6 
1721392401422.00, 56, -590072, 6 
1721392401442.00, 0, -590072, 6 
1721392401464.00, 0, -590072, 6 
1721392401484.00, 0, -590072, 6 
1721392401506.00, 9, -590072, 6 
1721392401527.00, 0, -590071, 6 
1721392401556.00, -1, -590072, 6 
1721392401569.00, 0, -590071, 7 
1721392401590.00, 0, -590072, 6 
1721392401611.00, 0, -590071, 6 
1721392401631.00, 0, -590073, 6 
1721392401653.00, 0, -590071, 5 
1721392401674.00, 0, -590072, 5 
1721392401696.00, 0, -590072, 4 
1721392401716.00, 0, -590072, 4 
1721392401737.00, -51, -590071, 4 
1721392401760.00, 0, -590071, 4 
1721392401779.00, 0, -590071, 4 
1721392401801.00, 0, -590073, 3 
1721392401822.00, 0, -590072, 3 
1721392401842.00, 0, -590072, 3 
1721392401863.00, 0, -590071, 4 
1721392401884.00, 0, -590072, 4 
1721392401905.00, 0, -590072, 4 
1721392401927.00, 0, -590071, 3 
1721392401948.00, 0, -590071, 3 
1721392401969.00, 0, -590072, 3 
1721392401989.00, 0, -590073, 3 
1721392402010.00, -19, -590072, 3 
1721392402032.00, 12, -590073, 3 
1721392402053.00, 0, -590072, 3 
1721392402074.00, 0, -590073, 3 
1721392402104.00, 0, -590071, 3 
1721392402116.00, 0, -590072, 3 
1721392402137.00, 0, -590072, 4 
1721392402158.00, 0, -590072, 3 
1721392402179.00, 0, -590072, 3 
1721392402201.00, 0, -590071, 3 
1721392402222.00, 0, -590071, 3 
1721392402242.00, 0, -590073, 3 
1721392402264.00, 0, -590071, 2 
1721392402284.00, -17, -590072, 2 
1721392402305.00, 0, -590071, 3 
1721392402327.00, 46, -590072, 3 
1721392402348.00, 0, -590071, 2 
1721392402368.00, 0, -590071, 2 
1721392402389.00, 0, -590072, 2 
1721392402411.00, 0, -590072, 3 
1721392402432.00, 2, -590072, 3 
1721392402453.00, 0, -590072, 3 
1721392402474.00, 0, -590071, 3 
1721392402495.00, 0, -590071, 4 
1721392402516.00, 0, -590073, 4 
1721392402537.00, 0, -590072, 4 
1721392402558.00, 0, -590072, 4 
1721392402579.00, 0, -590071, 5 
1721392402600.00, 0, -590071, 5 
1721392402621.00, 0, -590072, 6 
1721392402644.00, 0, -590071, 6 
1721392402663.00, 12, -590072, 6 
1721392402684.00, 0, -590072, 6 
1721392402705.00, 0, -590071, 7 
1721392402726.00, 0, -590071, 7 
1721392402749.00, 0, -590072, 7 
1721392402769.00, 1, -590071, 6 
1721392402790.00, 0, -590071, 6 
1721392402810.00, 0, -590072, 6 
1721392402832.00, 0, -590071, 7 
1721392402852.00, 0, -590070, 7 
1721392402874.00, 0, -590071, 7 
1721392402895.00, 0, -590071, 7 
1721392402916.00, 0, -590071, 7 
1721392402937.00, -3, -590072, 7 
1721392402958.00, 0, -590071, 8 
1721392402979.00, 0, -590072, 8 
1721392402999.00, 0, -590071, 7 
1721392403021.00, 0, -590071, 7 
1721392403042.00, 0, -590070, 7 
1721392403063.00, 0, -590070, 7 
1721392403086.00, 0, -590071, 7 
1721392403105.00, 0, -590071, 7 
1721392403126.00, -7, -590071, 7 
1721392403147.00, -8, -590071, 8 
1721392403168.00, 0, -590071, 8 
1721392403192.00, 0, -590071, 8 
1721392403210.00, 0, -590070, 8 
1721392403231.00, 0, -590071, 8 
1721392403252.00, 0, -590072, 9 
1721392403273.00, 0, -590071, 9 
1721392403295.00, 0, -590072, 9 
1721392403316.00, 0, -590070, 9 
1721392403336.00, 0, -590071, 9 
1721392403357.00, 0, -590072, 9 
1721392403378.00, 0, -590070, 9 
1721392403400.00, 0, -590070, 9 
1721392403420.00, 0, -590072, 9 
1721392403442.00, 0, -590071, 9 
1721392403463.00, 0, -590071, 9 
1721392403484.00, 0, -590071, 9 
1721392403504.00, 0, -590070, 9 
1721392403525.00, 0, -590071, 9 
1721392403547.00, 0, -590071, 9 
1721392403568.00, 0, -590072, 9 
1721392403589.00, 0, -590072, 9 
1721392403610.00, 0, -590071, 9 
1721392403641.00, 0, -590070, 9 
1721392403652.00, 0, -590071, 9 
1721392403672.00, 0, -590072, 9 
1721392403694.00, -2, -590071, 9 
1721392403715.00, 1, -590071, 9 
1721392403739.00, 0, -590071, 9 
1721392403757.00, 0, -590071, 9 
1721392403778.00, 0, -590071, 9 
1721392403798.00, 0, -590071, 10 
1721392403820.00, 0, -590071, 10 
1721392403842.00, 0, -590070, 10 
1721392403862.00, 0, -590071, 9 
1721392403884.00, 0, -590071, 9 
1721392403905.00, -31, -590070, 9 
1721392403926.00, 5, -590071, 9 
1721392403946.00, -57, -590071, 9 
1721392403968.00, 0, -590071, 9 
1721392403988.00, 0, -590071, 9 
1721392404009.00, 0, -590071, 10 
1721392404031.00, 0, -590072, 10 
1721392404052.00, 0, -590070, 10 
1721392404073.00, 0, -590072, 10 
1721392404094.00, 1, -590070, 10 
1721392404116.00, 32, -590071, 10 
1721392404137.00, 0, -590071, 10 
1721392404158.00, 0, -590071, 10 
1721392404183.00, -21, -590071, 10 
1721392404200.00, 7, -590071, 10 
1721392404221.00, -5, -590071, 10 
1721392404242.00, -3, -590071, 9 
1721392404263.00, 2, -590071, 9 
1721392404297.00, -45, -590071, 9 
1721392404305.00, 0, -590071, 9 
1721392404327.00, 0, -590070, 9 
1721392404347.00, 0, -590069, 8 
1721392404368.00, 0, -590071, 8 
1721392404390.00, 0, -590070, 8 
1721392404411.00, 0, -590070, 8 
1721392404432.00, 0, -590072, 8 
1721392404453.00, 0, -590071, 7 
1721392404474.00, 0, -590072, 7 
1721392404500.00, 0, -590071, 7 
1721392404516.00, 0, -590071, 7 
1721392404537.00, 0, -590071, 7 
1721392404558.00, 0, -590070, 7 
1721392404579.00, 0, -590071, 7 
1721392404600.00, 0, -590071, 6 
1721392404621.00, 0, -590071, 6 
1721392404642.00, 0, -590071, 6 
1721392404663.00, 0, -590071, 7 
1721392404684.00, -4, -590071, 7 
1721392404705.00, 0, -590071, 7 
1721392404727.00, 0, -590072, 6 
1721392404747.00, 0, -590071, 6 
1721392404768.00, 24, -590070, 5 
1721392404790.00, 0, -590072, 5 
1721392404811.00, 18, -590070, 5 
1721392404839.00, 0, -590071, 5 
1721392404853.00, 0, -590072, 5 
1721392404874.00, 0, -590071, 5 
1721392404895.00, 0, -590070, 5 
1721392404916.00, 0, -590072, 5 
1721392404939.00, 0, -590071, 5 
1721392404958.00, 0, -590070, 6 
1721392404979.00, 0, -590071, 6 
1721392405000.00, 0, -590071, 6 
1721392405021.00, 0, -590071, 6 
1721392405042.00, 0, -590071, 6 
1721392405063.00, 0, -590071, 6 
1721392405084.00, 0, -590071, 5 
1721392405107.00, 0, -590070, 5 
1721392405126.00, 0, -590073, 5 
1721392405147.00, 0, -590071, 5 
1721392405168.00, 0, -590072, 6 
1721392405188.00, 0, -590072, 6 
1721392405210.00, 0, -590071, 6 
1721392405231.00, 0, -590071, 6 
1721392405252.00, 0, -590070, 7 
1721392405279.00, 0, -590072, 7 
1721392405294.00, 0, -590071, 7 
1721392405315.00, 0, -590072, 7 
1721392405336.00, 0, -590071, 7 
1721392405358.00, 0, -590071, 7 
1721392405381.00, 0, -590071, 7 
1721392405400.00, 0, -590072, 8 
1721392405420.00, 0, -590071, 8 
1721392405441.00, 0, -590071, 8 
1721392405463.00, 0, -590072, 8 
1721392405495.00, 0, -590070, 8 
1721392405504.00, 0, -590072, 9 
1721392405525.00, 0, -590071, 9 
1721392405547.00, 0, -590070, 9 
1721392405567.00, 0, -590071, 9 
1721392405591.00, 0, -590072, 9 
1721392405610.00, 0, -590071, 9 
1721392405631.00, 0, -590071, 9 
1721392405651.00, 0, -590071, 9 
1721392405673.00, 0, -590071, 9 
1721392405694.00, 0, -590071, 9 
1721392405715.00, 0, -590071, 9 
1721392405736.00, 0, -590071, 9 
1721392405757.00, 0, -590071, 9 
1721392405778.00, 0, -590072, 9 
1721392405799.00, 0, -590071, 9 
1721392405824.00, 0, -590071, 9 
1721392405841.00, 0, -590071, 9 
1721392405862.00, 0, -590071, 9 
1721392405883.00, 3, -590071, 9 
1721392405904.00, 0, -590071, 9 
1721392405927.00, 51, -590071, 9 
1721392405946.00, 0, -590071, 9 
1721392405967.00, 0, -590072, 9 
1721392405988.00, 0, -590072, 9 
1721392406010.00, 0, -590071, 10 
1721392406035.00, 0, -590072, 10 
1721392406052.00, 0, -590071, 10 
1721392406073.00, 0, -590070, 10 
1721392406094.00, 0, -590071, 10 
1721392406114.00, 0, -590071, 10 
1721392406138.00, 0, -590071, 10 
1721392406156.00, 0, -590071, 10 
1721392406178.00, 0, -590069, 10 
1721392406199.00, 0, -590070, 10 
1721392406221.00, 0, -590072, 10 
1721392406241.00, 67, -590070, 10 
1721392406263.00, -3, -590071, 10 
1721392406284.00, -15, -590072, 9 
1721392406305.00, 5, -590071, 8 
1721392406326.00, -3, -590071, 7 
1721392406347.00, 0, -590071, 8 
1721392406372.00, 1, -590071, 8 
1721392406389.00, 0, -590071, 8 
1721392406411.00, 0, -590071, 7 
1721392406431.00, 68, -590071, 6 
1721392406453.00, 0, -590071, 5 
1721392406479.00, 0, -590071, 4 
1721392406495.00, 0, -590071, 2 
1721392406516.00, 0, -590071, 0 
1721392406537.00, 0, -590070, -1 
1721392406557.00, 0, -590072, -2 
1721392406585.00, -15, -590071, -2 
1721392406600.00, 0, -590072, -2 
1721392406621.00, 0, -590071, -2 
1721392406643.00, 0, -590071, -2 
1721392406664.00, 1, -590072, -1 
1721392406685.00, 0, -590073, 1 
1721392406706.00, 0, -590071, 5 
1721392406727.00, 0, -590072, 8 
1721392406748.00, 0, -590072, 11 
1721392406768.00, 909, -590072, 14 
1721392406790.00, 1513, -590062, 12 
1721392406812.00, 1673, -590030, 15 
1721392406834.00, 1921, -589993, 15 
1721392406855.00, 2123, -589953, 15 
1721392406876.00, 2217, -589907, 16 
1721392406898.00, 2285, -589860, 17 
1721392406920.00, 2295, -589812, 15 
1721392406941.00, 2143, -589762, 16 
1721392406962.00, 2222, -589714, 13 
1721392406983.00, 2077, -589666, 10 
1721392407004.00, 3, -589623, 9 
1721392407026.00, 0, -589617, 10 
1721392407047.00, 0, -589618, 7 
1721392407068.00, 0, -589617, 7 
1721392407089.00, 0, -589617, 9 
1721392407110.00, 0, -589617, 9 
1721392407135.00, 0, -589618, 7 
1721392407152.00, 0, -589617, 7 
1721392407172.00, 0, -589617, 7 
1721392407194.00, 0, -589617, 7 
1721392407215.00, 0, -589618, 7 
1721392407241.00, 0, -589617, 7 
1721392407257.00, 0, -589618, 5 
1721392407278.00, 0, -589618, 4 
1721392407299.00, 0, -589618, 1 
1721392407321.00, 0, -589618, -1 
1721392407343.00, 0, -589618, -5 
1721392407363.00, 0, -589619, -10 
1721392407384.00, 6, -589619, -13 
1721392407406.00, -91, -589618, -14 
1721392407426.00, -873, -589621, -15 
1721392407449.00, -1413, -589634, -14 
1721392407470.00, -1714, -589662, -18 
1721392407491.00, -2150, -589699, -20 
1721392407513.00, -2524, -589743, -20 
1721392407534.00, -2765, -589795, -20 
1721392407555.00, -2855, -589852, -21 
1721392407577.00, -3011, -589913, -22 
1721392407598.00, -3092, -589977, -21 
1721392407620.00, -3116, -590045, -20 
1721392407641.00, -3077, -590113, -20 
1721392407663.00, -3026, -590177, -19 
1721392407684.00, -2899, -590242, -17 
1721392407706.00, -2665, -590304, -16 
1721392407727.00, -2531, -590362, -15 
1721392407749.00, -2370, -590418, -13 
1721392407770.00, -2120, -590470, -13 
1721392407792.00, -1969, -590518, -13 
1721392407813.00, -1978, -590559, -13 
1721392407835.00, -1971, -590600, -13 
1721392407856.00, -1952, -590645, -15 
1721392407878.00, -2060, -590686, -16 
1721392407899.00, -2248, -590730, -18 
1721392407921.00, -2454, -590778, -19 
1721392407942.00, -2657, -590832, -20 
1721392407963.00, -2798, -590887, -20 
1721392407985.00, -2894, -590948, -20 
1721392408011.00, -2842, -591010, -20 
1721392408028.00, -2757, -591069, -19 
1721392408049.00, -2771, -591129, -17 
1721392408071.00, -2597, -591188, -15 
1721392408092.00, -2417, -591244, -15 
1721392408113.00, -2330, -591293, -15 
1721392408134.00, -2242, -591341, -15 
1721392408156.00, -2109, -591390, -15 
1721392408178.00, -2098, -591435, -15 
1721392408199.00, -2086, -591479, -14 
1721392408221.00, -2056, -591526, -12 
1721392408242.00, -1861, -591570, -9 
1721392408264.00, -1010, -591608, -1 
1721392408285.00, -460, -591632, 6 
1721392408306.00, -177, -591641, 16 
1721392408327.00, 123, -591645, 25 
1721392408349.00, 1483, -591644, 29 
1721392408371.00, 2578, -591620, 25 
1721392408392.00, 3143, -591568, 18 
1721392408413.00, 3141, -591504, 11 
1721392408435.00, 2507, -591438, 5 
1721392408456.00, 1424, -591382, -1 
1721392408478.00, 834, -591349, -4 
1721392408499.00, 478, -591331, -6 
1721392408520.00, 326, -591321, -5 
1721392408542.00, 269, -591315, -3 
1721392408563.00, 231, -591309, 0 
1721392408584.00, 184, -591304, 2 
1721392408606.00, 148, -591299, 3 
1721392408626.00, 130, -591296, 4 
1721392408648.00, 116, -591292, 6 
1721392408669.00, 111, -591290, 9 
1721392408690.00, 112, -591288, 13 
1721392408712.00, 965, -591285, 19 
1721392408734.00, 1782, -591264, 25 
1721392408755.00, 2636, -591226, 31 
1721392408776.00, 3502, -591171, 35 
1721392408797.00, 4271, -591096, 37 
1721392408820.00, 4912, -591008, 39 
1721392408841.00, 5137, -590906, 39 
1721392408862.00, 5600, -590791, 40 
1721392408883.00, 5827, -590672, 39 
1721392408905.00, 5561, -590547, 40 
1721392408927.00, 5515, -590427, 39 
1721392408948.00, 5485, -590307, 31 
1721392408970.00, 4738, -590190, 25 
1721392408994.00, 4273, -590084, 20 
1721392409012.00, 3530, -589992, 19 
1721392409034.00, 3171, -589914, 16 
1721392409055.00, 2612, -589847, 6 
1721392409076.00, 1334, -589789, 6 
1721392409101.00, 556, -589758, 6 
1721392409119.00, 122, -589745, 4 
1721392409140.00, 0, -589742, 0 
1721392409162.00, -45, -589743, -13 
1721392409183.00, -185, -589745, -46 
1721392409205.00, -2842, -589750, -108 
1721392409226.00, -8374, -589808, -147 
1721392409247.00, -13917, -589979, -180 
1721392409269.00, -19186, -590278, -229 
1721392409291.00, -25476, -590692, -270 
1721392409316.00, -31673, -591233, -296 
1721392409334.00, -36669, -591909, -299 
1721392409356.00, -39936, -592689, -298 
1721392409378.00, -41871, -593543, -285 
1721392409399.00, -24884, -594440, -277 
1721392409426.00, -14521, -595003, -315 
1721392409442.00, -8430, -595334, -315 
1721392409463.00, -4689, -595521, -323 
1721392409486.00, -2657, -595630, -323 
1721392409506.00, -1425, -595689, -348 
1721392409529.00, -633, -595721, -349 
1721392409550.00, -164, -595735, -343 
1721392409571.00, 0, -595737, -330 
1721392409593.00, 10, -595738, -326 
1721392409614.00, 0, -595737, -327 
1721392409638.00, -12, -595738, -335 
1721392409657.00, 0, -595739, -345 
1721392409678.00, 0, -595739, -355 
1721392409699.00, 0, -595740, -363 
1721392409720.00, 0, -595739, -369 
1721392409742.00, 0, -595743, -379 
1721392409762.00, 0, -595743, -388 
1721392409784.00, 0, -595743, -393 
1721392409805.00, 0, -595743, -395 
1721392409826.00, 0, -595743, -398 
1721392409848.00, 0, -595743, -399 
1721392409872.00, 0, -595743, -402 
1721392409891.00, 0, -595744, -407 
1721392409912.00, 0, -595744, -413 
1721392409933.00, 0, -595743, -411 
1721392409955.00, 0, -595743, -409 
1721392409976.00, -49, -595743, -405 
1721392409997.00, -58, -595744, -401 
1721392410019.00, 0, -595744, -401 
1721392410040.00, 0, -595743, -404 
1721392410061.00, 0, -595744, -404 
1721392410082.00, 0, -595744, -403 
1721392410103.00, 0, -595744, -403 
1721392410124.00, 0, -595744, -404 
1721392410145.00, 0, -595744, -404 
1721392410167.00, 14, -595744, -405 
1721392410189.00, 0, -595744, -407 
1721392410210.00, 0, -595744, -405 
1721392410232.00, 0, -595744, -403 
1721392410253.00, -33, -595743, -402 
1721392410274.00, 12, -595744, -402 
1721392410296.00, 1, -595745, -400 
1721392410316.00, 0, -595744, -397 
1721392410338.00, 0, -595744, -394 
1721392410359.00, 0, -595744, -390 
1721392410380.00, 0, -595744, -387 
1721392410405.00, 4, -595744, -384 
1721392410423.00, 0, -595743, -380 
1721392410444.00, -1, -595744, -379 
1721392410466.00, 0, -595743, -380 
1721392410487.00, 0, -595744, -379 
1721392410509.00, 0, -595744, -378 
1721392410530.00, 0, -595744, -377 
1721392410551.00, 0, -595744, -376 
1721392410573.00, 0, -595743, -374 
1721392410594.00, 0, -595744, -373 
1721392410615.00, 0, -595744, -372 
1721392410636.00, 0, -595743, -374 
1721392410658.00, 0, -595744, -372 
1721392410679.00, 0, -595744, -372 
1721392410700.00, 0, -595744, -371 
1721392410722.00, 0, -595744, -375 
1721392410743.00, 0, -595744, -378 
1721392410764.00, 0, -595744, -379 
1721392410785.00, 0, -595743, -380 
1721392410807.00, 0, -595744, -380 
1721392410827.00, 0, -595743, -378 
1721392410850.00, 0, -595743, -375 
1721392410870.00, 0, -595744, -375 
1721392410892.00, 0, -595744, -374 
1721392410913.00, 0, -595743, -371 
1721392410935.00, 0, -595743, -368 
1721392410957.00, -33, -595744, -368 
1721392410977.00, 0, -595743, -367 
1721392410998.00, 0, -595743, -367 
1721392411020.00, 0, -595744, -366 
1721392411040.00, 0, -595743, -367 
1721392411062.00, 0, -595743, -367 
1721392411083.00, -3, -595744, -368 
1721392411105.00, 0, -595744, -369 
1721392411126.00, 0, -595743, -369 
1721392411147.00, 0, -595745, -370 
1721392411173.00, 0, -595743, -369 
1721392411189.00, 0, -595743, -365 
1721392411211.00, 0, -595745, -364 
1721392411232.00, 0, -595743, -363 
1721392411254.00, 0, -595743, -361 
1721392411275.00, 0, -595743, -356 
1721392411296.00, 0, -595744, -355 
1721392411318.00, 0, -595744, -359 
1721392411338.00, 0, -595743, -362 
1721392411360.00, 0, -595744, -363 
1721392411381.00, 0, -595743, -362 
1721392411403.00, -1, -595744, -361 
1721392411424.00, -18, -595743, -358 
1721392411445.00, 0, -595743, -407 
1721392411467.00, 0, -595743, -407 
1721392411487.00, 0, -595743, -404 
1721392411509.00, 0, -595742, -400 
1721392411530.00, 0, -595744, -398 
1721392411551.00, 0, -595743, -397 
1721392411572.00, 0, -595744, -396 
1721392411594.00, 0, -595743, -397 
1721392411615.00, 0, -595744, -395 
1721392411636.00, 0, -595744, -392 
1721392411656.00, 0, -595743, -389 
1721392411677.00, 0, -595743, -386 
1721392411699.00, 0, -595742, -383 
1721392411723.00, 0, -595743, -383 
1721392411741.00, 0, -595742, -383 
1721392411762.00, 0, -595743, -385 
1721392411784.00, 0, -595742, -384 
1721392411805.00, 0, -595742, -381 
1721392411826.00, 0, -595744, -378 
1721392411847.00, 0, -595743, -377 
1721392411868.00, 0, -595742, -376 
1721392411889.00, 0, -595742, -372 
1721392411910.00, 0, -595742, -370 
1721392411931.00, 0, -595742, -370 
1721392411952.00, 0, -595743, -370 
1721392411974.00, 0, -595743, -368 
1721392411994.00, 0, -595743, -365 
1721392412016.00, 0, -595743, -364 
1721392412037.00, 0, -595742, -364 
1721392412058.00, 0, -595742, -363 
1721392412079.00, 0, -595743, -361 
1721392412100.00, 0, -595742, -360 
1721392412121.00, 0, -595743, -355 
1721392412142.00, 0, -595742, -349 
1721392412163.00, 0, -595740, -341 
1721392412185.00, 0, -595740, -340 
1721392412206.00, 0, -595740, -339 
1721392412227.00, 0, -595740, -338 
1721392412248.00, 0, -595739, -336 
1721392412269.00, 0, -595740, -334 
1721392412290.00, 0, -595742, -331 
1721392412311.00, 0, -595739, -329 
1721392412333.00, 0, -595740, -328 
1721392412354.00, 0, -595740, -328 
1721392412374.00, 0, -595740, -326 
1721392412396.00, 0, -595739, -323 
1721392412417.00, 0, -595739, -321 
1721392412438.00, 0, -595738, -318 
1721392412459.00, 0, -595739, -314 
1721392412480.00, 0, -595739, -308 
1721392412502.00, 0, -595738, -302 
