1721289376025.00, 994, -596051, -20 
1721289376046.00, 1049, -596030, -20 
1721289376068.00, 1028, -596008, -20 
1721289376090.00, 983, -595987, -21 
1721289376111.00, 990, -595966, -21 
1721289376133.00, 919, -595944, -21 
1721289376154.00, 868, -595925, -21 
1721289376175.00, 855, -595906, -21 
1721289376196.00, 774, -595886, -21 
1721289376218.00, 768, -595870, -21 
1721289376240.00, 788, -595854, -21 
1721289376261.00, 826, -595839, -21 
1721289376283.00, 809, -595822, -21 
1721289376304.00, 808, -595803, -21 
1721289376326.00, 777, -595788, -21 
1721289376346.00, 735, -595771, -21 
1721289376369.00, 686, -595755, -21 
1721289376390.00, 654, -595739, -21 
1721289376412.00, 639, -595726, -21 
1721289376432.00, 620, -595713, -21 
1721289376454.00, 620, -595699, -21 
1721289376476.00, 606, -595685, -21 
1721289376497.00, 593, -595673, -21 
1721289376518.00, 578, -595660, -21 
1721289376540.00, 575, -595648, -21 
1721289376562.00, 546, -595635, -21 
1721289376583.00, 544, -595623, -21 
1721289376604.00, 549, -595612, -21 
1721289376626.00, 559, -595600, -21 
1721289376648.00, 593, -595589, -21 
1721289376671.00, 538, -595579, -21 
1721289376691.00, 493, -595565, -21 
1721289376711.00, 462, -595554, -21 
1721289376733.00, 422, -595544, -21 
1721289376755.00, 413, -595536, -21 
1721289376777.00, 380, -595527, -21 
1721289376798.00, 367, -595520, -21 
1721289376819.00, 348, -595510, -21 
1721289376841.00, 350, -595503, -21 
1721289376862.00, 350, -595495, -21 
1721289376883.00, 347, -595485, -21 
1721289376905.00, 370, -595479, -21 
1721289376926.00, 340, -595472, -21 
1721289376947.00, 328, -595466, -21 
1721289376970.00, 319, -595457, -21 
1721289376991.00, 323, -595451, -21 
1721289377012.00, 304, -595444, -21 
1721289377034.00, 298, -595437, -21 
1721289377055.00, 298, -595429, -21 
1721289377077.00, 296, -595424, -21 
1721289377098.00, 292, -595419, -21 
1721289377122.00, 263, -595412, -21 
1721289377141.00, 262, -595407, -21 
1721289377163.00, 244, -595402, -21 
1721289377184.00, 229, -595396, -21 
1721289377205.00, 224, -595391, -21 
1721289377229.00, 233, -595386, -21 
1721289377248.00, 219, -595382, -21 
1721289377270.00, 209, -595378, -21 
1721289377291.00, 213, -595373, -21 
1721289377313.00, 211, -595367, -21 
1721289377340.00, 232, -595363, -21 
1721289377356.00, 234, -595358, -21 
1721289377377.00, 205, -595353, -21 
1721289377398.00, 187, -595349, -21 
1721289377420.00, 174, -595345, -21 
1721289377445.00, 165, -595341, -21 
1721289377463.00, 153, -595337, -21 
1721289377484.00, 157, -595333, -21 
1721289377505.00, 166, -595331, -21 
1721289377527.00, 164, -595327, -21 
1721289377550.00, 163, -595325, -21 
1721289377570.00, 140, -595321, -21 
1721289377592.00, 148, -595318, -21 
1721289377613.00, 131, -595314, -21 
1721289377634.00, 122, -595312, -21 
1721289377656.00, 132, -595308, -21 
1721289377678.00, 134, -595305, -21 
1721289377699.00, 129, -595303, -21 
1721289377721.00, 123, -595299, -21 
1721289377742.00, 130, -595297, -21 
1721289377763.00, 123, -595294, -21 
1721289377784.00, 123, -595291, -21 
1721289377806.00, 130, -595288, -21 
1721289377828.00, 122, -595286, -21 
1721289377849.00, 99, -595283, -21 
1721289377871.00, 91, -595282, -26 
1721289377892.00, 173, -595281, -39 
1721289377914.00, 98, -595274, -44 
1721289377935.00, 117, -595275, -19 
1721289377956.00, 220, -595272, -34 
1721289377978.00, 140, -595264, -20 
1721289377999.00, 166, -595264, 1 
1721289378020.00, 153, -595257, -4 
1721289378041.00, 156, -595255, 17 
1721289378063.00, 1390, -595251, 38 
1721289378085.00, 3059, -595215, 108 
1721289378106.00, 8418, -595147, 107 
1721289378128.00, 11551, -594962, 164 
1721289378150.00, 16896, -594707, 221 
1721289378172.00, 23620, -594342, 259 
1721289378193.00, 29857, -593838, 304 
1721289378214.00, 36228, -593204, 323 
1721289378236.00, 40555, -592433, 346 
1721289378258.00, 42880, -591563, 356 
1721289378280.00, 43978, -590631, 368 
1721289378301.00, 43702, -589684, 373 
1721289378323.00, 43591, -588744, 373 
1721289378345.00, 43637, -587788, 381 
1721289378366.00, 43643, -586841, 384 
1721289378388.00, 43601, -585900, 388 
1721289378409.00, 43925, -584956, 390 
1721289378433.00, 43727, -584002, 391 
1721289378452.00, 43534, -583057, 404 
1721289378475.00, 43515, -582115, 410 
1721289378496.00, 43840, -581161, 418 
1721289378517.00, 43662, -580207, 425 
1721289378539.00, 43750, -579268, 428 
1721289378560.00, 43826, -578320, 417 
1721289378582.00, 43600, -577370, 432 
1721289378604.00, 43601, -576427, 441 
1721289378625.00, 43770, -575490, 445 
1721289378647.00, 43774, -574536, 448 
1721289378669.00, 43757, -573587, 446 
1721289378691.00, 43786, -572645, 443 
1721289378713.00, 43759, -571690, 448 
1721289378733.00, 43587, -570741, 458 
1721289378756.00, 43588, -569802, 462 
1721289378777.00, 43856, -568861, 465 
1721289378799.00, 43933, -567912, 458 
1721289378820.00, 43624, -566960, 458 
1721289378842.00, 43671, -566020, 470 
1721289378864.00, 43725, -565065, 473 
1721289378885.00, 43644, -564117, 452 
1721289378907.00, 43701, -563177, 422 
1721289378928.00, 43841, -562236, 391 
1721289378950.00, 43569, -561286, 373 
1721289378972.00, 43525, -560341, 361 
1721289378994.00, 43687, -559405, 343 
1721289379015.00, 43574, -558456, 327 
1721289379037.00, 43495, -557503, 300 
1721289379059.00, 43879, -556567, 275 
1721289379080.00, 42396, -555624, 248 
1721289379102.00, 39805, -554701, 223 
1721289379123.00, 36584, -553833, 197 
1721289379145.00, 33459, -553043, 173 
1721289379166.00, 30396, -552319, 151 
1721289379188.00, 27106, -551656, 137 
1721289379210.00, 23968, -551060, 246 
1721289379231.00, 28598, -550535, 215 
1721289379253.00, 29943, -549923, 219 
1721289379275.00, 30880, -549285, 201 
1721289379299.00, 30413, -548609, 223 
1721289379318.00, 31065, -547945, 261 
1721289379340.00, 33631, -547267, 280 
1721289379361.00, 36606, -546544, 285 
1721289379383.00, 38492, -545754, 295 
1721289379411.00, 40253, -544912, 316 
1721289379427.00, 42233, -544041, 343 
1721289379448.00, 43570, -543134, 355 
1721289379469.00, 43837, -542187, 376 
1721289379491.00, 43805, -541227, 401 
1721289379513.00, 43635, -540281, 423 
1721289379535.00, 43780, -539338, 435 
1721289379556.00, 43648, -538378, 447 
1721289379578.00, 43538, -537429, 462 
1721289379599.00, 43764, -536496, 469 
1721289379621.00, 43901, -535544, 475 
1721289379643.00, 43716, -534592, 488 
1721289379664.00, 43404, -533649, 498 
1721289379686.00, 43743, -532700, 505 
1721289379707.00, 43676, -531742, 510 
1721289379732.00, 43651, -530793, 514 
1721289379751.00, 43684, -529858, 517 
1721289379773.00, 43739, -528907, 512 
1721289379795.00, 43583, -527956, 517 
1721289379816.00, 43654, -527021, 521 
1721289379837.00, 43687, -526083, 513 
1721289379859.00, 43567, -525125, 511 
1721289379881.00, 43608, -524176, 509 
1721289379903.00, 43742, -523238, 504 
1721289379924.00, 43492, -522285, 489 
1721289379946.00, 43327, -521340, 478 
1721289379967.00, 43444, -520405, 467 
1721289379989.00, 43571, -519468, 442 
1721289380010.00, 43753, -518514, 421 
1721289380032.00, 43696, -517573, 399 
1721289380054.00, 43680, -516641, 371 
1721289380075.00, 43599, -515680, 344 
1721289380097.00, 43614, -514732, 325 
1721289380119.00, 43554, -513796, 337 
1721289380140.00, 43699, -512847, 334 
1721289380162.00, 43694, -511896, 335 
1721289380184.00, 43542, -510958, 329 
1721289380206.00, 43397, -510019, 326 
1721289380227.00, 43519, -509063, 340 
1721289380249.00, 43534, -508115, 336 
1721289380270.00, 43905, -507179, 329 
1721289380292.00, 43758, -506229, 328 
1721289380314.00, 43527, -505271, 342 
1721289380335.00, 43367, -504333, 345 
1721289380357.00, 43597, -503402, 319 
1721289380378.00, 43529, -502447, 313 
1721289380400.00, 43712, -501502, 310 
1721289380421.00, 43637, -500568, 311 
1721289380444.00, 43484, -499613, 295 
1721289380465.00, 42535, -498660, 287 
1721289380486.00, 41465, -497743, 303 
1721289380508.00, 41830, -496853, 296 
1721289380530.00, 41450, -495933, 303 
1721289380552.00, 41826, -495032, 305 
1721289380573.00, 42289, -494138, 308 
1721289380595.00, 42495, -493221, 303 
1721289380616.00, 42359, -492287, 307 
1721289380638.00, 42631, -491368, 311 
1721289380660.00, 43003, -490453, 306 
1721289380681.00, 42936, -489509, 306 
1721289380703.00, 42982, -488577, 302 
1721289380725.00, 42734, -487656, 308 
1721289380746.00, 42990, -486731, 300 
1721289380768.00, 42666, -485793, 297 
1721289380790.00, 42164, -484874, 300 
1721289380811.00, 42232, -483969, 292 
1721289380836.00, 41621, -483042, 294 
1721289380854.00, 41355, -482137, 283 
1721289380876.00, 40837, -481247, 280 
1721289380897.00, 40192, -480376, 273 
1721289380919.00, 39303, -479494, 279 
1721289380940.00, 39206, -478645, 271 
1721289380963.00, 38539, -477810, 263 
1721289380985.00, 37631, -476974, 261 
1721289381006.00, 36902, -476144, 271 
1721289381028.00, 37152, -475340, 267 
1721289381049.00, 37094, -474543, 257 
1721289381070.00, 36583, -473737, 254 
1721289381093.00, 35896, -472938, 252 
1721289381114.00, 35528, -472158, 246 
1721289381136.00, 34922, -471399, 243 
1721289381157.00, 34304, -470647, 241 
1721289381179.00, 33854, -469892, 238 
1721289381201.00, 33522, -469159, 231 
1721289381222.00, 32818, -468440, 227 
1721289381244.00, 32263, -467733, 225 
1721289381265.00, 31562, -467028, 223 
1721289381287.00, 31351, -466330, 215 
1721289381309.00, 30755, -465651, 204 
1721289381330.00, 29533, -464997, 197 
1721289381352.00, 28425, -464366, 183 
1721289381377.00, 26874, -463745, 166 
1721289381395.00, 25062, -463152, 157 
1721289381417.00, 23149, -462609, 145 
1721289381439.00, 21657, -462108, 139 
1721289381460.00, 20187, -461649, 123 
1721289381482.00, 18277, -461215, 107 
1721289381503.00, 16301, -460817, 92 
1721289381524.00, 14649, -460459, 79 
1721289381547.00, 12493, -460139, 74 
1721289381568.00, 10905, -459869, 74 
1721289381594.00, 10148, -459629, 65 
1721289381611.00, 9064, -459409, 60 
1721289381632.00, 8302, -459210, 54 
1721289381654.00, 7194, -459036, 46 
1721289381675.00, 6432, -458882, 33 
1721289381697.00, 5024, -458746, 27 
1721289381719.00, 4005, -458636, 27 
1721289381740.00, 3114, -458551, 27 
1721289381761.00, 2768, -458483, 26 
1721289381783.00, 2449, -458426, 22 
1721289381804.00, 2004, -458374, 15 
1721289381826.00, 1315, -458336, -4 
1721289381847.00, 66, -458308, -25 
1721289381869.00, -1661, -458304, -5 
1721289381889.00, -1492, -458325, 8 
1721289381911.00, -1487, -458356, 0 
1721289381932.00, -1461, -458385, -1 
1721289381954.00, -1512, -458415, 13 
1721289381975.00, -678, -458445, 25 
1721289381996.00, 20, -458461, 28 
1721289382017.00, 845, -458460, 20 
1721289382039.00, 1095, -458451, 1 
1721289382061.00, 42, -458430, 0 
1721289382081.00, -63, -458428, -22 
1721289382102.00, -1650, -458433, -27 
1721289382125.00, -3057, -458459, -35 
1721289382146.00, -4484, -458521, -38 
1721289382168.00, -5318, -458612, -53 
1721289382192.00, -7031, -458729, -62 
1721289382211.00, -8378, -458872, -51 
1721289382232.00, -8678, -459048, -46 
1721289382253.00, -8374, -459230, -39 
1721289382274.00, -7792, -459409, -42 
1721289382296.00, -7714, -459577, -46 
1721289382318.00, -7486, -459743, -52 
1721289382339.00, -7800, -459909, -54 
1721289382360.00, -8144, -460078, -58 
1721289382382.00, -8750, -460256, -60 
1721289382403.00, -9133, -460443, -55 
1721289382425.00, -9057, -460641, -46 
1721289382447.00, -8449, -460837, -42 
1721289382468.00, -7958, -461017, -28 
1721289382490.00, -6546, -461183, -32 
1721289382511.00, -6143, -461326, -15 
1721289382532.00, -4841, -461457, -17 
1721289382554.00, -4089, -461560, -24 
1721289382577.00, -4071, -461648, -28 
1721289382597.00, -4271, -461735, -29 
1721289382618.00, -4391, -461823, -30 
1721289382640.00, -4430, -461919, -26 
1721289382661.00, -4368, -462015, -21 
1721289382682.00, -4144, -462110, -19 
1721289382704.00, -3854, -462197, -23 
1721289382725.00, -3764, -462281, -32 
1721289382747.00, -4406, -462362, -37 
1721289382768.00, -5050, -462453, -36 
1721289382791.00, -5193, -462559, -33 
1721289382811.00, -5223, -462673, -24 
1721289382833.00, -4735, -462785, -14 
1721289382854.00, -3829, -462888, -1 
1721289382876.00, -2364, -462969, 3 
1721289382896.00, -1474, -463025, -6 
1721289382918.00, -987, -463059, -17 
1721289382939.00, -1670, -463080, -21 
1721289382961.00, -2417, -463115, -24 
1721289382982.00, -2866, -463165, -24 
1721289383004.00, -3251, -463228, -17 
1721289383025.00, -3063, -463295, -7 
1721289383047.00, -1770, -463360, 4 
1721289383068.00, -1027, -463394, 20 
1721289383089.00, 58, -463415, 35 
1721289383111.00, 1879, -463413, 48 
1721289383136.00, 3789, -463386, 58 
1721289383153.00, 5676, -463309, 66 
1721289383175.00, 7467, -463189, 71 
1721289383196.00, 8643, -463037, 77 
1721289383218.00, 9755, -462852, 82 
1721289383240.00, 10471, -462640, 84 
1721289383261.00, 11320, -462413, 90 
1721289383282.00, 12353, -462172, 98 
1721289383304.00, 12930, -461913, 104 
1721289383326.00, 13739, -461633, 105 
1721289383348.00, 14482, -461342, 104 
1721289383369.00, 14819, -461033, 104 
1721289383391.00, 14877, -460710, 105 
1721289383412.00, 14831, -460379, 104 
1721289383434.00, 15051, -460047, 103 
1721289383460.00, 15117, -459726, 100 
1721289383477.00, 15041, -459401, 93 
1721289383499.00, 14593, -459081, 89 
1721289383520.00, 14131, -458772, 86 
1721289383542.00, 13250, -458473, 82 
1721289383569.00, 12583, -458190, 73 
1721289383586.00, 11624, -457923, 63 
1721289383606.00, 10475, -457670, 43 
1721289383628.00, 8534, -457442, 39 
1721289383649.00, 7148, -457252, 30 
1721289383671.00, 5906, -457096, 3 
1721289383692.00, 3351, -456970, -6 
1721289383714.00, 1712, -456891, 2 
1721289383735.00, 796, -456850, 5 
1721289383756.00, 262, -456835, -10 
1721289383777.00, 0, -456831, -25 
1721289383800.00, -1227, -456831, -36 
1721289383821.00, -2845, -456847, -46 
1721289383842.00, -4675, -456907, -56 
1721289383864.00, -6432, -457004, -53 
1721289383885.00, -7285, -457137, -57 
1721289383907.00, -7927, -457291, -55 
1721289383928.00, -8065, -457464, -52 
1721289383950.00, -7940, -457639, -53 
1721289383971.00, -8051, -457812, -58 
1721289383992.00, -8348, -457984, -63 
1721289384014.00, -8831, -458163, -71 
1721289384036.00, -9544, -458350, -78 
1721289384057.00, -10590, -458551, -82 
1721289384079.00, -11466, -458777, -93 
1721289384100.00, -12606, -459022, -113 
1721289384121.00, -14519, -459291, -132 
1721289384144.00, -16743, -459602, -138 
1721289384165.00, -18190, -459964, -143 
1721289384186.00, -19559, -460361, -140 
1721289384208.00, -20003, -460786, -147 
1721289384229.00, -20618, -461221, -155 
1721289384252.00, -21564, -461664, -165 
1721289384273.00, -22629, -462124, -167 
1721289384294.00, -23618, -462614, -183 
1721289384317.00, -24940, -463127, -180 
1721289384338.00, -25369, -463668, -158 
1721289384360.00, -24457, -464224, -125 
1721289384381.00, -21978, -464751, -97 
1721289384403.00, -18968, -465215, -71 
1721289384424.00, -15289, -465621, -54 
1721289384450.00, -12199, -465960, -62 
1721289384468.00, -10856, -466235, -74 
1721289384489.00, -10645, -466468, -50 
1721289384511.00, -9178, -466702, -36 
1721289384532.00, -7418, -466904, -29 
1721289384553.00, -5895, -467070, -30 
1721289384575.00, -5239, -467204, -31 
1721289384597.00, -4738, -467320, -49 
1721289384618.00, -5729, -467424, -47 
1721289384639.00, -6238, -467543, -45 
1721289384661.00, -6192, -467676, -44 
1721289384682.00, -6388, -467812, -59 
1721289384703.00, -7362, -467948, -82 
1721289384725.00, -9110, -468101, -99 
1721289384746.00, -11107, -468293, -98 
1721289384769.00, -12479, -468531, -90 
1721289384790.00, -12784, -468796, -81 
1721289384811.00, -12242, -469069, -74 
1721289384833.00, -11472, -469334, -66 
1721289384855.00, -10579, -469587, -58 
1721289384876.00, -9819, -469817, -63 
1721289384897.00, -9736, -470029, -71 
1721289384919.00, -9821, -470236, -62 
1721289384939.00, -9179, -470447, -35 
1721289384961.00, -7287, -470651, -31 
1721289384984.00, -6104, -470812, -35 
1721289385005.00, -5597, -470942, -20 
1721289385026.00, -4423, -471062, -14 
1721289385048.00, -3323, -471154, -17 
1721289385069.00, -2779, -471226, -16 
1721289385090.00, -2369, -471283, 6 
1721289385111.00, -1244, -471333, 6 
1721289385133.00, -526, -471362, -16 
1721289385155.00, -1075, -471374, -14 
1721289385175.00, -1373, -471395, 3 
1721289385197.00, -659, -471423, -5 
1721289385218.00, -219, -471439, -16 
1721289385240.00, -975, -471444, -9 
1721289385261.00, -419, -471460, 5 
1721289385282.00, -85, -471469, 1 
1721289385303.00, 0, -471472, -12 
1721289385325.00, -547, -471473, -21 
1721289385346.00, -1481, -471485, -8 
1721289385367.00, -770, -471514, -4 
1721289385389.00, -322, -471532, -14 
1721289385410.00, -916, -471539, -11 
1721289385433.00, -1121, -471558, -7 
1721289385452.00, -533, -471582, -7 
1721289385474.00, -205, -471593, -2 
1721289385495.00, 1, -471598, -8 
1721289385516.00, 0, -471598, -11 
1721289385538.00, -600, -471599, -7 
1721289385558.00, -378, -471608, 17 
1721289385580.00, 82, -471616, 13 
1721289385601.00, 676, -471610, 4 
1721289385623.00, 356, -471603, -1 
1721289385645.00, 226, -471596, -10 
1721289385665.00, 68, -471593, -6 
1721289385686.00, 50, -471591, 8 
1721289385708.00, 33, -471591, 4 
1721289385729.00, 18, -471590, -6 
1721289385754.00, 15, -471590, -11 
1721289385772.00, -40, -471589, 0 
1721289385793.00, 0, -471593, -1 
1721289385814.00, 0, -471592, -3 
1721289385835.00, 0, -471592, 4 
1721289385860.00, 0, -471593, 0 
1721289385877.00, 0, -471592, 11 
1721289385898.00, 190, -471591, 5 
1721289385919.00, 77, -471588, -18 
1721289385941.00, -139, -471587, -9 
1721289385962.00, 0, -471590, 20 
1721289385983.00, 693, -471590, -2 
1721289386005.00, 317, -471587, -64 
1721289386026.00, -2976, -471585, -85 
1721289386048.00, -6708, -471630, -5 
1721289386069.00, -4222, -471752, 73 
1721289386090.00, 1137, -471854, 3 
1721289386112.00, 528, -471843, -59 
1721289386134.00, -2614, -471833, -28 
1721289386155.00, -3294, -471879, -13 
1721289386176.00, -2674, -471946, -45 
1721289386198.00, -4016, -472007, -54 
1721289386219.00, -5599, -472093, -33 
1721289386241.00, -5306, -472210, -24 
1721289386262.00, -4541, -472325, -28 
1721289386284.00, -4401, -472424, -27 
1721289386305.00, -4345, -472518, -28 
1721289386327.00, -4272, -472610, -28 
1721289386348.00, -4164, -472701, -10 
1721289386369.00, 0, -472791, 6 
1721289386390.00, 0, -472801, -11 
1721289386412.00, -470, -472803, -10 
1721289386433.00, 0, -472808, 5 
1721289386454.00, 24, -472810, 9 
1721289386474.00, 0, -472810, 9 
1721289386496.00, 0, -472809, 18 
1721289386518.00, 733, -472809, 26 
1721289386539.00, 1857, -472800, 34 
1721289386561.00, 3110, -472764, 32 
1721289386582.00, 3884, -472699, 22 
1721289386603.00, 3639, -472618, 18 
1721289386626.00, 3329, -472538, 19 
1721289386646.00, 3289, -472468, 22 
1721289386668.00, 3241, -472399, 19 
1721289386689.00, 3072, -472328, 21 
1721289386711.00, 3109, -472262, 30 
1721289386733.00, 3689, -472195, 34 
1721289386753.00, 4123, -472118, 27 
1721289386775.00, 4001, -472030, 17 
1721289386796.00, 3491, -471944, 19 
1721289386818.00, 3089, -471870, 28 
1721289386840.00, 3488, -471799, 31 
1721289386860.00, 3890, -471723, 39 
1721289386882.00, 4617, -471640, 46 
1721289386904.00, 5431, -471542, 36 
1721289386925.00, 5370, -471428, 31 
1721289386947.00, 5086, -471316, 32 
1721289386968.00, 4943, -471210, 30 
1721289386989.00, 4723, -471107, 22 
1721289387011.00, 4162, -471009, -2 
1721289387033.00, 2501, -470919, 10 
1721289387054.00, 0, -470864, 25 
1721289387075.00, 1352, -470859, 28 
1721289387096.00, 2490, -470834, -5 
1721289387118.00, 1540, -470783, -25 
1721289387139.00, -65, -470750, -22 
1721289387160.00, -1149, -470752, -18 
1721289387182.00, -1690, -470770, -20 
1721289387204.00, -2179, -470805, -34 
1721289387225.00, -3443, -470849, -15 
1721289387246.00, -2914, -470916, 16 
1721289387268.00, -781, -470984, -6 
1721289387290.00, -332, -471004, -25 
1721289387310.00, -1678, -471010, 3 
1721289387332.00, -1052, -471043, 18 
1721289387353.00, 57, -471067, 11 
1721289387374.00, 536, -471065, 6 
1721289387396.00, 334, -471058, 15 
1721289387417.00, 988, -471051, 35 
1721289387439.00, 2592, -471034, -20 
1721289387460.00, 281, -470983, -41 
1721289387482.00, -1803, -470972, -12 
1721289387504.00, -1588, -471003, -16 
1721289387524.00, -1894, -471031, 7 
1721289387546.00, -1147, -471073, -5 
1721289387568.00, -693, -471098, -17 
1721289387589.00, -1426, -471113, -18 
1721289387612.00, -1862, -471142, -12 
1721289387631.00, -1733, -471182, -15 
1721289387653.00, -1963, -471217, -6 
1721289387675.00, -1215, -471255, 18 
1721289387696.00, 60, -471285, -25 
1721289387718.00, -1166, -471288, -52 
1721289387739.00, -3620, -471310, -19 
1721289387760.00, -3255, -471380, 5 
1721289387781.00, -1866, -471451, 6 
1721289387802.00, -1089, -471490, 21 
1721289387824.00, 42, -471516, 14 
1721289387846.00, 750, -471517, -32 
1721289387867.00, -906, -471505, -7 
1721289387888.00, -443, -471514, 44 
1721289387910.00, 1898, -471523, 24 
1721289387930.00, 2551, -471495, 7 
1721289387951.00, 1514, -471444, 51 
1721289387973.00, 3897, -471412, 47 
1721289387995.00, 5106, -471333, 4 
1721289388017.00, 3064, -471226, 34 
1721289388038.00, 3735, -471155, 55 
1721289388059.00, 5679, -471079, 32 
1721289388081.00, 5220, -470963, 27 
1721289388103.00, 4706, -470846, 45 
1721289388124.00, 5418, -470744, 19 
1721289388145.00, 4373, -470629, -13 
1721289388167.00, 1864, -470532, 9 
1721289388188.00, 1150, -470486, 39 
1721289388210.00, 3025, -470457, 62 
1721289388231.00, 5523, -470396, 50 
1721289388253.00, 6450, -470282, 43 
1721289388274.00, 6313, -470148, 42 
1721289388295.00, 6325, -470010, 20 
1721289388316.00, 5035, -469869, 16 
1721289388339.00, 3821, -469761, 13 
1721289388360.00, 3019, -469676, 23 
1721289388381.00, 3199, -469611, 21 
1721289388403.00, 2992, -469545, 10 
1721289388424.00, 18, -469479, 0 
1721289388445.00, 0, -469473, 15 
1721289388467.00, 807, -469471, 16 
1721289388488.00, 1522, -469456, 19 
1721289388510.00, 2112, -469424, 26 
1721289388531.00, 2899, -469378, 21 
1721289388552.00, 3081, -469318, 23 
1721289388574.00, 3280, -469255, 27 
1721289388595.00, 3589, -469182, 36 
1721289388617.00, 4377, -469102, 39 
1721289388639.00, 4962, -469008, 46 
1721289388660.00, 5820, -468902, 49 
1721289388681.00, 6490, -468778, 54 
1721289388705.00, 7214, -468643, 56 
1721289388724.00, 7721, -468491, 58 
1721289388746.00, 7968, -468328, 55 
1721289388767.00, 7914, -468155, 51 
1721289388789.00, 7886, -467987, 47 
1721289388810.00, 7549, -467822, 46 
1721289388831.00, 7258, -467663, 44 
1721289388853.00, 6758, -467503, 46 
1721289388874.00, 6891, -467354, 45 
1721289388896.00, 6945, -467208, 39 
1721289388917.00, 6379, -467061, 32 
1721289388939.00, 5742, -466922, 26 
1721289388960.00, 5018, -466797, 19 
1721289388982.00, 3945, -466686, 14 
1721289389003.00, 3206, -466596, 10 
1721289389024.00, 2, -466529, 5 
1721289389045.00, 0, -466524, 6 
1721289389066.00, 0, -466524, -4 
1721289389088.00, 0, -466525, -15 
1721289389109.00, -741, -466524, -14 
1721289389130.00, -1247, -466532, -19 
1721289389151.00, -1853, -466556, -24 
1721289389173.00, -2491, -466595, -32 
1721289389194.00, -3420, -466650, -41 
1721289389216.00, -4571, -466723, -49 
1721289389238.00, -5656, -466822, -56 
1721289389259.00, -6882, -466945, -64 
1721289389280.00, -7852, -467095, -81 
1721289389302.00, -9281, -467266, -92 
1721289389323.00, -11347, -467471, -102 
1721289389345.00, -12718, -467710, -108 
1721289389367.00, -13710, -467987, -118 
1721289389389.00, -15246, -468286, -135 
1721289389410.00, -17320, -468615, -155 
1721289389431.00, -19535, -468985, -164 
1721289389453.00, -21310, -469405, -172 
1721289389475.00, -23285, -469871, -194 
1721289389497.00, -25458, -470377, -211 
1721289389519.00, -27560, -470930, -233 
1721289389539.00, -30175, -471522, -250 
1721289389561.00, -32943, -472169, -257 
1721289389583.00, -35142, -472881, -260 
1721289389605.00, -36408, -473641, -272 
1721289389627.00, -37927, -474432, -288 
1721289389648.00, -39872, -475246, -294 
1721289389670.00, -41534, -476107, -299 
1721289389692.00, -42417, -477011, -309 
1721289389713.00, -43543, -477928, -325 
1721289389734.00, -43555, -478860, -322 
1721289389756.00, -43658, -479811, -334 
1721289389778.00, -43765, -480768, -352 
1721289389801.00, -43818, -481700, -368 
1721289389821.00, -43613, -482650, -365 
1721289389843.00, -43726, -483611, -373 
1721289389864.00, -43541, -484556, -392 
1721289389886.00, -43485, -485497, -393 
1721289389908.00, -43657, -486450, -401 
1721289389929.00, -43919, -487403, -410 
1721289389951.00, -43576, -488336, -415 
1721289389972.00, -43575, -489282, -415 
1721289389993.00, -43677, -490242, -415 
1721289390016.00, -43752, -491182, -425 
1721289390037.00, -43755, -492125, -423 
1721289390059.00, -43841, -493082, -428 
1721289390081.00, -43622, -494034, -430 
1721289390102.00, -43622, -494968, -431 
1721289390125.00, -43718, -495912, -439 
1721289390145.00, -43629, -496871, -443 
1721289390168.00, -43694, -497808, -448 
1721289390189.00, -43718, -498750, -446 
1721289390210.00, -43679, -499709, -454 
1721289390233.00, -43697, -500657, -460 
1721289390254.00, -43705, -501596, -452 
1721289390276.00, -43756, -502546, -452 
1721289390298.00, -43814, -503502, -454 
1721289390319.00, -43607, -504437, -461 
1721289390341.00, -43705, -505378, -457 
1721289390362.00, -43634, -506332, -461 
1721289390384.00, -43447, -507280, -470 
1721289390406.00, -43474, -508223, -468 
1721289390427.00, -43623, -509170, -472 
1721289390449.00, -43651, -510127, -474 
1721289390470.00, -43692, -511058, -476 
1721289390492.00, -43617, -512005, -474 
1721289390514.00, -43545, -512957, -476 
1721289390535.00, -43632, -513900, -486 
1721289390557.00, -43789, -514837, -477 
1721289390579.00, -43750, -515790, -479 
1721289390600.00, -43604, -516749, -483 
1721289390622.00, -43675, -517687, -487 
1721289390643.00, -43712, -518632, -483 
1721289390665.00, -43635, -519591, -485 
1721289390687.00, -43857, -520525, -488 
1721289390709.00, -43858, -521465, -480 
1721289390730.00, -43479, -522420, -484 
1721289390752.00, -43610, -523369, -489 
1721289390774.00, -43709, -524309, -487 
1721289390795.00, -43682, -525255, -481 
1721289390817.00, -43694, -526213, -489 
1721289390838.00, -43777, -527153, -503 
1721289390859.00, -43651, -528095, -497 
1721289390881.00, -43534, -529047, -500 
1721289390904.00, -43560, -529993, -510 
1721289390925.00, -43622, -530928, -503 
1721289390947.00, -43710, -531877, -504 
1721289390968.00, -43703, -532832, -513 
1721289390990.00, -43690, -533774, -522 
1721289391011.00, -43573, -534721, -519 
1721289391033.00, -43607, -535675, -522 
1721289391055.00, -43701, -536622, -532 
1721289391077.00, -43800, -537554, -524 
1721289391098.00, -43741, -538507, -524 
1721289391119.00, -43730, -539459, -534 
1721289391141.00, -43596, -540401, -542 
1721289391163.00, -43438, -541349, -536 
1721289391184.00, -43668, -542305, -539 
1721289391206.00, -43732, -543246, -549 
1721289391227.00, -43506, -544186, -541 
1721289391249.00, -43562, -545131, -546 
1721289391271.00, -43531, -546081, -559 
1721289391292.00, -43500, -547019, -559 
1721289391314.00, -43752, -547964, -551 
1721289391336.00, -43855, -548918, -558 
1721289391358.00, -43597, -549864, -562 
1721289391379.00, -43788, -550807, -560 
1721289391401.00, -43659, -551753, -565 
1721289391423.00, -43573, -552709, -579 
1721289391444.00, -43661, -553645, -580 
1721289391466.00, -43831, -554587, -573 
1721289391487.00, -43477, -555541, -582 
1721289391509.00, -43716, -556486, -592 
1721289391530.00, -43694, -557427, -587 
1721289391552.00, -43550, -558376, -588 
1721289391574.00, -43624, -559328, -598 
1721289391595.00, -43766, -560263, -592 
1721289391617.00, -43517, -561212, -588 
1721289391638.00, -43521, -562163, -599 
1721289391661.00, -43614, -563100, -603 
1721289391682.00, -43619, -564043, -604 
1721289391704.00, -43574, -564993, -606 
1721289391726.00, -43738, -565948, -612 
1721289391747.00, -43564, -566886, -607 
1721289391769.00, -43563, -567833, -594 
1721289391790.00, -43630, -568781, -590 
1721289391812.00, -43695, -569719, -573 
1721289391834.00, -43644, -570660, -546 
1721289391855.00, -43770, -571607, -518 
1721289391877.00, -43592, -572551, -485 
1721289391898.00, -43454, -573490, -462 
1721289391920.00, -43494, -574442, -438 
1721289391942.00, -43563, -575385, -416 
1721289391964.00, -43683, -576321, -400 
1721289391985.00, -43831, -577264, -398 
1721289392007.00, -43478, -578213, -381 
1721289392028.00, -43485, -579157, -373 
1721289392050.00, -43563, -580093, -359 
1721289392072.00, -43484, -581040, -353 
1721289392093.00, -43644, -581989, -364 
1721289392115.00, -43873, -582931, -375 
1721289392137.00, -43744, -583875, -358 
1721289392158.00, -43585, -584830, -398 
1721289392180.00, -43555, -585771, -353 
1721289392201.00, -43498, -586713, -376 
1721289392223.00, -43614, -587660, -378 
1721289392245.00, -43828, -588602, -374 
1721289392266.00, -43632, -589544, -373 
1721289392288.00, -43312, -590492, -369 
1721289392310.00, -43500, -591437, -357 
1721289392331.00, -43515, -592381, -338 
1721289392353.00, -43683, -593320, -342 
1721289392375.00, -24996, -594260, -339 
1721289392396.00, -13695, -594828, -359 
1721289392418.00, -7074, -595141, -368 
1721289392439.00, -3014, -595298, -342 
1721289392461.00, -628, -595372, -336 
1721289392482.00, 50, -595388, -329 
1721289392504.00, 759, -595388, -325 
1721289392525.00, 1276, -595380, -316 
1721289392547.00, 1650, -595352, -322 
1721289392569.00, 1864, -595320, -325 
1721289392590.00, 2071, -595279, -317 
1721289392612.00, 2142, -595232, -295 
1721289392633.00, 2102, -595186, -276 
1721289392655.00, 2109, -595139, -248 
1721289392676.00, 2064, -595091, -234 
1721289392698.00, 2022, -595047, -227 
1721289392720.00, 2090, -595001, -206 
1721289392742.00, 2018, -594955, -175 
1721289392764.00, 1954, -594908, -143 
1721289392784.00, 1976, -594863, -120 
1721289392807.00, 1854, -594818, -92 
1721289392828.00, 1800, -594778, -66 
1721289392849.00, 1750, -594736, -33 
1721289392871.00, 1695, -594696, -14 
1721289392892.00, 1588, -594658, 8 
1721289392913.00, 1553, -594620, 45 
1721289392935.00, 4324, -594584, 69 
1721289392956.00, 7293, -594497, 83 
1721289392979.00, 10119, -594341, 113 
1721289392999.00, 13445, -594120, 141 
1721289393021.00, 16994, -593832, 153 
1721289393043.00, 19975, -593468, 181 
1721289393065.00, 23081, -593039, 208 
1721289393087.00, 26558, -592542, 237 
1721289393108.00, 30494, -591972, 251 
1721289393129.00, 33694, -591311, 252 
1721289393151.00, 35647, -590579, 260 
1721289393173.00, 37195, -589812, 271 
1721289393201.00, 38797, -589015, 277 
1721289393217.00, 39947, -588171, 287 
1721289393238.00, 41523, -587308, 236 
1721289393260.00, 39278, -586414, 274 
1721289393281.00, 40044, -585563, 336 
1721289393303.00, 42762, -584690, 400 
1721289393325.00, 43642, -583764, 424 
1721289393346.00, 43593, -582821, 431 
1721289393368.00, 43728, -581875, 429 
1721289393389.00, 44078, -580919, 435 
1721289393412.00, 43612, -579954, 579 
1721289393433.00, 43512, -579017, 553 
1721289393454.00, 43793, -578068, 590 
1721289393476.00, 43706, -577117, 601 
1721289393498.00, 43659, -576171, 652 
1721289393523.00, 43670, -575230, 647 
1721289393541.00, 43856, -574278, 647 
1721289393562.00, 43709, -573326, 671 
1721289393584.00, 43724, -572381, 699 
1721289393605.00, 43705, -571430, 705 
1721289393629.00, 43626, -570481, 717 
1721289393649.00, 43596, -569540, 734 
1721289393670.00, 43850, -568596, 755 
1721289393692.00, 43722, -567641, 772 
1721289393713.00, 43503, -566694, 787 
1721289393741.00, 43775, -565751, 807 
1721289393757.00, 43734, -564798, 818 
1721289393779.00, 43590, -563846, 827 
1721289393800.00, 43710, -562899, 851 
1721289393822.00, 43849, -561956, 889 
1721289393844.00, 43726, -561004, 907 
1721289393865.00, 43714, -560062, 899 
1721289393887.00, 43764, -559121, 918 
1721289393909.00, 43733, -558167, 927 
1721289393930.00, 43628, -557216, 932 
1721289393956.00, 43757, -556273, 939 
1721289393974.00, 43767, -555327, 929 
1721289393995.00, 43838, -554374, 934 
1721289394017.00, 43611, -553432, 953 
1721289394038.00, 43852, -552492, 960 
1721289394066.00, 43717, -551540, 948 
1721289394083.00, 43573, -550593, 967 
1721289394104.00, 43793, -549648, 984 
1721289394125.00, 43685, -548699, 993 
1721289394147.00, 43578, -547747, 975 
1721289394174.00, 43961, -546799, 971 
1721289394190.00, 43592, -545858, 982 
1721289394212.00, 43516, -544912, 959 
1721289394234.00, 43666, -543967, 922 
1721289394255.00, 43670, -543028, 911 
1721289394276.00, 43502, -542081, 925 
1721289394299.00, 43709, -541128, 904 
1721289394320.00, 43725, -540182, 883 
1721289394341.00, 43689, -539242, 872 
1721289394363.00, 43626, -538289, 868 
1721289394384.00, 43744, -537341, 868 
1721289394406.00, 43740, -536407, 867 
1721289394428.00, 43617, -535456, 860 
1721289394449.00, 43628, -534505, 854 
1721289394471.00, 43679, -533562, 848 
1721289394494.00, 43480, -532616, 845 
1721289394514.00, 43590, -531661, 846 
1721289394536.00, 43673, -530718, 838 
1721289394558.00, 43509, -529781, 829 
1721289394579.00, 43659, -528835, 814 
1721289394601.00, 43586, -527888, 802 
1721289394623.00, 43638, -526950, 804 
1721289394644.00, 43835, -526008, 806 
1721289394666.00, 43714, -525053, 794 
1721289394687.00, 43603, -524105, 786 
1721289394709.00, 43519, -523166, 778 
1721289394730.00, 43646, -522217, 771 
1721289394753.00, 43595, -521271, 764 
1721289394774.00, 43657, -520328, 763 
1721289394796.00, 43726, -519392, 738 
1721289394818.00, 43601, -518440, 738 
1721289394839.00, 43609, -517488, 752 
1721289394860.00, 43619, -516551, 738 
1721289394883.00, 43541, -515598, 723 
1721289394905.00, 43500, -514646, 726 
1721289394926.00, 43691, -513706, 742 
1721289394947.00, 43711, -512763, 738 
1721289394969.00, 43507, -511817, 707 
1721289394991.00, 43697, -510869, 710 
1721289395013.00, 43572, -509934, 726 
1721289395034.00, 43541, -508982, 715 
1721289395055.00, 43599, -508029, 725 
1721289395077.00, 43741, -507087, 751 
1721289395099.00, 43526, -506140, 767 
1721289395121.00, 43733, -505188, 765 
1721289395142.00, 43795, -504246, 769 
1721289395164.00, 43493, -503308, 788 
1721289395185.00, 43680, -502355, 778 
1721289395207.00, 43683, -501410, 768 
1721289395228.00, 43540, -500468, 776 
1721289395250.00, 43639, -499514, 775 
1721289395272.00, 43751, -498564, 763 
1721289395294.00, 43411, -497623, 736 
1721289395315.00, 43556, -496686, 714 
1721289395337.00, 43694, -495735, 717 
1721289395359.00, 43437, -494793, 701 
1721289395384.00, 43617, -493860, 678 
1721289395402.00, 43655, -492911, 662 
1721289395423.00, 43494, -491959, 649 
1721289395445.00, 43531, -491016, 638 
1721289395466.00, 43637, -490077, 624 
1721289395488.00, 43423, -489126, 598 
1721289395510.00, 43655, -488182, 603 
1721289395531.00, 43631, -487246, 607 
1721289395553.00, 43677, -486296, 581 
1721289395575.00, 43707, -485348, 569 
1721289395598.00, 43864, -484405, 564 
1721289395618.00, 43601, -483461, 534 
1721289395640.00, 43502, -482506, 508 
1721289395661.00, 43566, -481562, 502 
1721289395683.00, 43539, -480635, 491 
1721289395705.00, 43814, -479682, 458 
1721289395727.00, 43727, -478737, 428 
1721289395748.00, 43375, -477804, 417 
1721289395770.00, 43486, -476855, 410 
1721289395791.00, 43505, -475905, 415 
1721289395813.00, 43445, -474962, 399 
1721289395835.00, 43780, -474026, 377 
1721289395856.00, 43793, -473072, 389 
1721289395878.00, 43333, -472123, 394 
1721289395900.00, 43299, -471191, 374 
1721289395924.00, 43398, -470251, 344 
1721289395943.00, 43425, -469301, 366 
1721289395964.00, 43629, -468361, 372 
1721289395986.00, 43833, -467424, 345 
1721289396008.00, 43543, -466465, 333 
1721289396029.00, 43573, -465517, 326 
1721289396051.00, 43499, -464581, 332 
1721289396073.00, 43460, -463631, 324 
1721289396094.00, 43670, -462685, 316 
1721289396116.00, 43732, -461748, 307 
1721289396138.00, 43403, -460812, 294 
1721289396159.00, 42327, -459858, 300 
1721289396181.00, 41873, -458937, 297 
1721289396202.00, 41782, -458031, 292 
1721289396224.00, 41364, -457121, 296 
1721289396246.00, 41359, -456219, 298 
1721289396267.00, 41561, -455327, 299 
1721289396288.00, 41704, -454439, 282 
1721289396311.00, 40777, -453525, 279 
1721289396332.00, 40055, -452641, 278 
1721289396354.00, 39456, -451781, 275 
1721289396375.00, 38854, -450929, 261 
1721289396397.00, 37853, -450072, 251 
1721289396418.00, 36326, -449248, 242 
1721289396440.00, 35016, -448465, 231 
1721289396462.00, 33637, -447710, 223 
1721289396483.00, 32471, -446967, 214 
1721289396506.00, 31164, -446264, 198 
1721289396527.00, 29357, -445594, 183 
1721289396549.00, 27219, -444965, 169 
1721289396570.00, 25328, -444371, 176 
1721289396592.00, 24610, -443803, 173 
1721289396614.00, 23975, -443272, 157 
1721289396635.00, 23041, -442745, 151 
1721289396657.00, 21758, -442257, 138 
1721289396679.00, 20338, -441792, 122 
1721289396700.00, 18493, -441350, 118 
1721289396721.00, 16996, -440944, 112 
1721289396744.00, 15897, -440564, 110 
1721289396765.00, 15413, -440218, 102 
1721289396787.00, 14300, -439892, 86 
1721289396808.00, 12795, -439582, 78 
1721289396830.00, 11427, -439304, 74 
1721289396851.00, 10174, -439055, 74 
1721289396873.00, 9559, -438835, 60 
1721289396894.00, 8728, -438633, 32 
1721289396916.00, 6462, -438455, 8 
1721289396937.00, 3070, -438318, -16 
1721289396958.00, -1, -438252, -44 
1721289396980.00, -3136, -438249, -85 
1721289397001.00, -7544, -438306, -132 
1721289397023.00, -13135, -438467, -174 
1721289397044.00, -18871, -438742, -188 
1721289397066.00, -23499, -439142, -207 
1721289397088.00, -26971, -439639, -213 
1721289397110.00, -29450, -440221, -219 
1721289397131.00, -31206, -440859, -210 
1721289397153.00, -31831, -441537, -191 
1721289397174.00, -31255, -442223, -216 
1721289397195.00, -32163, -442896, -257 
1721289397217.00, -34959, -443593, -257 
1721289397240.00, -36677, -444355, -247 
1721289397261.00, -37110, -445144, -251 
1721289397283.00, -37612, -445940, -257 
1721289397304.00, -38095, -446755, -261 
1721289397326.00, -38724, -447585, -260 
1721289397347.00, -38779, -448422, -268 
1721289397369.00, -39470, -449257, -268 
1721289397391.00, -39837, -450115, -279 
1721289397413.00, -40801, -450989, -278 
1721289397434.00, -41167, -451867, -282 
1721289397455.00, -41624, -452755, -291 
1721289397477.00, -42314, -453657, -306 
1721289397499.00, -43504, -454576, -291 
1721289397520.00, -43430, -455506, -259 
1721289397542.00, -41497, -456455, -362 
1721289397563.00, -43557, -457358, -314 
1721289397586.00, -43636, -458295, -313 
1721289397607.00, -43715, -459234, -311 
1721289397629.00, -43646, -460188, -310 
1721289397650.00, -43500, -461141, -314 
1721289397672.00, -43721, -462077, -315 
1721289397694.00, -43704, -463020, -316 
1721289397715.00, -43539, -463974, -318 
1721289397737.00, -43703, -464917, -320 
1721289397758.00, -43581, -465854, -306 
1721289397780.00, -43589, -466810, -316 
1721289397802.00, -43656, -467764, -315 
1721289397823.00, -43867, -468701, -308 
1721289397845.00, -43448, -469646, -299 
1721289397867.00, -43593, -470603, -293 
1721289397891.00, -43486, -471540, -296 
1721289397909.00, -43422, -472476, -276 
1721289397931.00, -42304, -473425, -280 
1721289397953.00, -41814, -474345, -277 
1721289397975.00, -41446, -475244, -274 
1721289397998.00, -41085, -476144, -275 
1721289398018.00, -40669, -477045, -275 
1721289398040.00, -40379, -477924, -274 
1721289398061.00, -40366, -478792, -266 
1721289398083.00, -39673, -479667, -278 
1721289398105.00, -40026, -480533, -271 
1721289398126.00, -39806, -481389, -276 
1721289398148.00, -39981, -482249, -275 
1721289398169.00, -39908, -483123, -282 
1721289398191.00, -40230, -483999, -279 
1721289398213.00, -40536, -484863, -279 
1721289398235.00, -40785, -485735, -271 
1721289398256.00, -40093, -486619, -271 
1721289398277.00, -39832, -487491, -270 
1721289398299.00, -39521, -488343, -264 
1721289398321.00, -38911, -489198, -270 
1721289398342.00, -38944, -490052, -272 
1721289398364.00, -38980, -490895, -280 
1721289398386.00, -39601, -491735, -277 
1721289398407.00, -39621, -492599, -278 
1721289398429.00, -39571, -493466, -279 
1721289398451.00, -39694, -494323, -291 
1721289398473.00, -40627, -495179, -281 
1721289398494.00, -40580, -496060, -281 
1721289398516.00, -40461, -496947, -281 
1721289398537.00, -40467, -497817, -290 
1721289398558.00, -41180, -498690, -283 
1721289398581.00, -41090, -499585, -281 
1721289398608.00, -40721, -500479, -282 
1721289398624.00, -40446, -501354, -284 
1721289398646.00, -40601, -502235, -286 
1721289398674.00, -40599, -503119, -283 
1721289398688.00, -40564, -503998, -286 
1721289398710.00, -40767, -504868, -281 
1721289398732.00, -40403, -505753, -286 
1721289398754.00, -40689, -506637, -282 
1721289398775.00, -40534, -507511, -281 
1721289398797.00, -40194, -508388, -272 
1721289398819.00, -39636, -509269, -281 
1721289398840.00, -39743, -510136, -280 
1721289398862.00, -39728, -510985, -279 
1721289398883.00, -39500, -511848, -282 
1721289398905.00, -39719, -512711, -286 
1721289398927.00, -40055, -513574, -287 
1721289398948.00, -40463, -514429, -283 
1721289398970.00, -40471, -515311, -280 
1721289398992.00, -40038, -516198, -280 
1721289399013.00, -39738, -517069, -282 
1721289399035.00, -39847, -517929, -289 
1721289399057.00, -40529, -518795, -297 
1721289399078.00, -41115, -519680, -300 
1721289399099.00, -41863, -520559, -305 
1721289399121.00, -42707, -521459, -304 
1721289399143.00, -42800, -522387, -309 
1721289399165.00, -43225, -523321, -312 
1721289399187.00, -43688, -524249, -307 
1721289399208.00, -43701, -525200, -310 
1721289399230.00, -43597, -526158, -317 
1721289399253.00, -43837, -527097, -316 
1721289399273.00, -43720, -528036, -300 
1721289399294.00, -43173, -528990, -303 
1721289399316.00, -42923, -529931, -317 
1721289399338.00, -43246, -530852, -314 
1721289399360.00, -43785, -531797, -309 
1721289399381.00, -43878, -532755, -307 
1721289399403.00, -43534, -533697, -314 
1721289399431.00, -43675, -534644, -312 
1721289399446.00, -43691, -535594, -307 
1721289399468.00, -43555, -536541, -303 
1721289399489.00, -43548, -537475, -301 
1721289399511.00, -43130, -538414, -300 
1721289399532.00, -42797, -539361, -295 
1721289399554.00, -42382, -540281, -285 
1721289399576.00, -41395, -541200, -287 
1721289399597.00, -40883, -542111, -293 
1721289399619.00, -41101, -543001, -287 
1721289399640.00, -40633, -543883, -275 
1721289399662.00, -39843, -544767, -281 
1721289399684.00, -39717, -545635, -289 
1721289399705.00, -40274, -546492, -277 
1721289399727.00, -39872, -547354, -263 
1721289399749.00, -38707, -548226, -276 
1721289399770.00, -38912, -549072, -293 
1721289399792.00, -39968, -549905, -288 
1721289399814.00, -40220, -550765, -266 
1721289399836.00, -39066, -551639, -271 
1721289399860.00, -38550, -552493, -290 
1721289399879.00, -39295, -553324, -284 
1721289399900.00, -39425, -554172, -258 
1721289399922.00, -38027, -555033, -260 
1721289399943.00, -37339, -555866, -281 
1721289399967.00, -38175, -556669, -278 
1721289399987.00, -38295, -557495, -258 
1721289400009.00, -37227, -558335, -261 
1721289400031.00, -36751, -559152, -283 
1721289400052.00, -37824, -559946, -281 
1721289400074.00, -38549, -560765, -259 
1721289400096.00, -37618, -561602, -252 
1721289400117.00, -36751, -562421, -267 
1721289400139.00, -36930, -563210, -273 
1721289400160.00, -37473, -564010, -252 
1721289400182.00, -36353, -564824, -235 
1721289400203.00, -34732, -565623, -241 
1721289400225.00, -34145, -566379, -246 
1721289400247.00, -34386, -567119, -233 
1721289400269.00, -33447, -567865, -220 
1721289400290.00, -32248, -568595, -225 
1721289400313.00, -32067, -569294, -231 
1721289400333.00, -32046, -569976, -222 
1721289400355.00, -31429, -570673, -211 
1721289400377.00, -30261, -571357, -220 
1721289400398.00, -30215, -572021, -227 
1721289400420.00, -30702, -572681, -220 
1721289400441.00, -30667, -573343, -210 
1721289400463.00, -29930, -574011, -213 
1721289400484.00, -29599, -574667, -221 
1721289400507.00, -30159, -575313, -219 
1721289400528.00, -30466, -575961, -199 
1721289400549.00, -29324, -576610, -194 
1721289400571.00, -28326, -577245, -204 
1721289400593.00, -28425, -577862, -206 
1721289400614.00, -28382, -578476, -198 
1721289400636.00, -28164, -579089, -194 
1721289400658.00, -27783, -579693, -200 
1721289400680.00, -27637, -580293, -202 
1721289400702.00, -27819, -580897, -194 
1721289400723.00, -27314, -581501, -192 
1721289400745.00, -27054, -582096, -190 
1721289400766.00, -26536, -582680, -191 
1721289400788.00, -26659, -583258, -192 
1721289400810.00, -26657, -583834, -188 
1721289400831.00, -26151, -584410, -189 
1721289400853.00, -26119, -584981, -194 
1721289400874.00, -26547, -585551, -196 
1721289400896.00, -26579, -586119, -200 
1721289400918.00, -27318, -586698, -198 
1721289400939.00, -27601, -587285, -191 
1721289400960.00, -27000, -587880, -193 
1721289400983.00, -26856, -588467, -201 
1721289401004.00, -27088, -589048, -192 
1721289401025.00, -27240, -589634, -181 
1721289401047.00, -26202, -590218, -193 
1721289401068.00, -26323, -590792, -205 
1721289401091.00, -27264, -591366, -205 
1721289401112.00, -27845, -591956, -183 
1721289401134.00, -26638, -592552, -162 
1721289401155.00, -24530, -593133, -174 
1721289401177.00, -13922, -593670, -155 
1721289401199.00, -7589, -593983, -136 
1721289401220.00, -3881, -594154, -134 
1721289401241.00, -1461, -594241, -148 
1721289401263.00, -56, -594276, -134 
1721289401285.00, 56, -594280, -120 
1721289401306.00, 512, -594279, -124 
1721289401328.00, 894, -594275, -126 
1721289401350.00, 1190, -594256, -115 
1721289401370.00, 1382, -594231, -93 
1721289401393.00, 1508, -594201, -80 
1721289401414.00, 1530, -594170, -82 
1721289401436.00, 1501, -594136, -80 
1721289401457.00, 1443, -594103, -67 
1721289401478.00, 1403, -594069, -51 
1721289401502.00, 1415, -594040, -55 
1721289401522.00, 1393, -594010, -61 
1721289401543.00, 1430, -593981, -57 
1721289401565.00, 1364, -593950, -50 
1721289401587.00, 1225, -593920, -46 
1721289401613.00, 1169, -593891, -49 
1721289401629.00, 1141, -593866, -51 
1721289401650.00, 1105, -593842, -50 
1721289401673.00, 1039, -593817, -47 
1721289401695.00, 1038, -593795, -48 
1721289401717.00, 1055, -593773, -49 
1721289401736.00, 1054, -593752, -47 
1721289401758.00, 980, -593729, -45 
1721289401780.00, 958, -593707, -46 
1721289401801.00, 928, -593687, -48 
1721289401823.00, 916, -593668, -44 
1721289401844.00, 920, -593648, -41 
1721289401866.00, 942, -593627, -42 
1721289401887.00, 861, -593607, -43 
1721289401909.00, 818, -593587, -39 
1721289401936.00, 756, -593568, -36 
1721289401952.00, 727, -593553, -36 
1721289401973.00, 735, -593537, -37 
1721289401994.00, 737, -593521, -33 
1721289402016.00, 754, -593505, -31 
1721289402038.00, 761, -593490, -30 
1721289402059.00, 775, -593475, -31 
1721289402081.00, 747, -593458, -30 
1721289402102.00, 694, -593442, -28 
1721289402123.00, 659, -593426, -27 
1721289402145.00, 612, -593412, -27 
1721289402167.00, 563, -593400, -29 
1721289402188.00, 548, -593385, -29 
1721289402209.00, 548, -593374, -27 
1721289402230.00, 525, -593362, -26 
1721289402252.00, 521, -593351, -27 
1721289402273.00, 502, -593340, -27 
1721289402295.00, 493, -593330, -26 
1721289402316.00, 493, -593318, -24 
1721289402337.00, 492, -593307, -24 
1721289402359.00, 497, -593298, -25 
1721289402381.00, 494, -593287, -26 
1721289402402.00, 461, -593277, -26 
1721289402424.00, 441, -593267, -25 
1721289402445.00, 426, -593256, -24 
1721289402466.00, 444, -593247, -25 
1721289402488.00, 423, -593239, -26 
1721289402510.00, 416, -593228, -25 
1721289402531.00, 388, -593220, -25 
1721289402553.00, 361, -593212, -27 
1721289402574.00, 354, -593205, -28 
1721289402596.00, 305, -593197, -29 
1721289402617.00, 329, -593189, -30 
1721289402639.00, 321, -593183, -31 
1721289402659.00, 310, -593176, -32 
1721289402681.00, 324, -593169, -33 
1721289402707.00, 388, -593163, -34 
1721289402724.00, 401, -593156, -34 
1721289402746.00, 382, -593148, -36 
1721289402767.00, 337, -593140, -37 
1721289402789.00, 297, -593133, -39 
1721289402812.00, 268, -593126, -40 
1721289402832.00, 264, -593120, -41 
1721289402853.00, 281, -593114, -42 
1721289402874.00, 279, -593109, -44 
1721289402896.00, 262, -593103, -45 
1721289402919.00, 246, -593098, -47 
1721289402938.00, 235, -593093, -49 
1721289402961.00, 226, -593089, -50 
1721289402982.00, 219, -593083, -51 
1721289403003.00, 212, -593079, -52 
1721289403025.00, 197, -593074, -52 
1721289403046.00, 198, -593069, -54 
1721289403068.00, 186, -593065, -56 
1721289403089.00, 174, -593061, -57 
1721289403111.00, 165, -593058, -60 
1721289403132.00, 176, -593053, -63 
1721289403154.00, 156, -593051, -64 
1721289403175.00, 152, -593047, -66 
1721289403197.00, 153, -593044, -68 
1721289403218.00, 152, -593041, -71 
1721289403239.00, 158, -593037, -72 
1721289403260.00, 148, -593035, -72 
1721289403282.00, 127, -593031, -73 
1721289403304.00, 117, -593028, -75 
1721289403325.00, 116, -593026, -77 
1721289403347.00, 123, -593024, -78 
1721289403368.00, 125, -593021, -78 
1721289403390.00, 116, -593019, -79 
1721289403411.00, 108, -593017, -81 
1721289403432.00, 100, -593014, -84 
1721289403454.00, 110, -593013, -91 
1721289403475.00, 108, -593010, -92 
1721289403497.00, 124, -593007, -92 
1721289403518.00, 114, -593005, -85 
1721289403539.00, 100, -593002, -85 
1721289403561.00, 186, -592999, -85 
1721289403582.00, 226, -592993, -40 
1721289403604.00, 246, -592984, 0 
1721289403625.00, 226, -592977, 41 
1721289403646.00, 2821, -592970, 67 
1721289403668.00, 5713, -592911, 86 
1721289403690.00, 8562, -592788, 109 
1721289403711.00, 11970, -592604, 118 
1721289403733.00, 14381, -592356, 124 
1721289403755.00, 15878, -592049, 134 
1721289403776.00, 17712, -591700, 139 
1721289403801.00, 18978, -591319, 142 
1721289403820.00, 19876, -590909, 153 
1721289403841.00, 20892, -590473, 158 
1721289403863.00, 21885, -590025, 157 
1721289403884.00, 22334, -589550, 159 
1721289403909.00, 22816, -589070, 161 
1721289403928.00, 23534, -588583, 153 
1721289403949.00, 23125, -588075, 151 
1721289403971.00, 22529, -587573, 153 
1721289403993.00, 22424, -587078, 155 
1721289404024.00, 22559, -586591, 156 
1721289404035.00, 22597, -586109, 152 
1721289404057.00, 22461, -585623, 148 
1721289404079.00, 21801, -585139, 132 
1721289404101.00, 20582, -584663, 112 
1721289404129.00, 18530, -584218, 77 
1721289404144.00, 15477, -583814, 35 
1721289404165.00, 10926, -583478, -1 
1721289404187.00, 6091, -583234, -27 
1721289404208.00, 1664, -583096, -57 
1721289404230.00, -2207, -583057, -87 
1721289404251.00, -6603, -583094, -119 
1721289404273.00, -11169, -583234, -149 
1721289404295.00, -15826, -583473, -180 
1721289404316.00, -20248, -583817, -207 
1721289404340.00, -24636, -584255, -231 
1721289404360.00, -28641, -584787, -250 
1721289404382.00, -32206, -585405, -261 
1721289404403.00, -34988, -586095, -269 
1721289404425.00, -37136, -586850, -269 
1721289404451.00, -38337, -587651, -275 
1721289404468.00, -39448, -588481, -286 
1721289404490.00, -40856, -589330, -290 
1721289404511.00, -41921, -590208, -296 
1721289404533.00, -42890, -591116, -311 
1721289404554.00, -43826, -592044, -324 
1721289404576.00, -43481, -592988, -352 
1721289404598.00, -26135, -593932, -388 
1721289404620.00, -15468, -594525, -478 
1721289404641.00, -8839, -594868, -482 
1721289404662.00, -5068, -595075, -527 
1721289404684.00, -2903, -595194, -561 
1721289404706.00, -1595, -595262, -630 
1721289404727.00, -791, -595297, -632 
1721289404748.00, -301, -595314, -612 
1721289404770.00, 1, -595320, -623 
1721289404791.00, 1, -595321, -621 
1721289404812.00, 0, -595321, -619 
1721289404833.00, 0, -595322, -615 
1721289404855.00, 0, -595321, -621 
1721289404876.00, 0, -595322, -621 
1721289404898.00, 0, -595322, -609 
1721289404919.00, 10, -595321, -602 
1721289404940.00, 0, -595321, -607 
1721289404961.00, 0, -595322, -620 
1721289404983.00, 0, -595322, -618 
1721289405007.00, 0, -595322, -624 
1721289405025.00, 0, -595323, -639 
1721289405047.00, 0, -595324, -659 
1721289405068.00, 0, -595324, -684 
1721289405090.00, 0, -595327, -737 
1721289405113.00, 0, -595328, -753 
1721289405139.00, 0, -595327, -731 
1721289405153.00, 3, -595328, -757 
1721289405175.00, 0, -595329, -791 
1721289405196.00, 0, -595328, -768 
1721289405218.00, 0, -595328, -734 
1721289405239.00, -17, -595328, -753 
1721289405260.00, 0, -595328, -762 
1721289405281.00, 0, -595328, -739 
1721289405303.00, 0, -595326, -712 
1721289405325.00, 0, -595328, -732 
1721289405345.00, 0, -595328, -757 
1721289405367.00, 0, -595327, -742 
1721289405388.00, 33, -595327, -710 
1721289405409.00, 0, -595327, -704 
1721289405430.00, 0, -595327, -707 
1721289405452.00, 0, -595326, -688 
1721289405473.00, 0, -595325, -659 
1721289405494.00, 0, -595324, -643 
1721289405515.00, 0, -595325, -636 
1721289405537.00, 0, -595324, -624 
1721289405558.00, 0, -595325, -608 
1721289405580.00, 0, -595324, -594 
1721289405608.00, 0, -595324, -596 
1721289405622.00, 0, -595324, -603 
1721289405643.00, -43, -595323, -594 
1721289405664.00, 0, -595324, -586 
1721289405686.00, 0, -595323, -585 
1721289405707.00, 0, -595323, -584 
1721289405728.00, 0, -595323, -572 
1721289405749.00, 0, -595323, -558 
1721289405771.00, 0, -595322, -552 
1721289405793.00, 0, -595322, -550 
1721289405814.00, 0, -595322, -547 
1721289405835.00, 0, -595322, -539 
1721289405855.00, 0, -595322, -529 
1721289405877.00, -33, -595321, -528 
1721289405898.00, 0, -595322, -526 
1721289405920.00, 63, -595321, -517 
1721289405941.00, -5, -595321, -507 
1721289405963.00, 0, -595321, -503 
1721289405984.00, 0, -595320, -504 
1721289406005.00, 0, -595320, -501 
1721289406027.00, 0, -595321, -497 
1721289406048.00, 0, -595320, -495 
1721289406071.00, 0, -595320, -496 
1721289406091.00, -49, -595320, -496 
1721289406112.00, 0, -595320, -493 
1721289406133.00, 0, -595320, -492 
1721289406155.00, 0, -595320, -489 
1721289406176.00, 0, -595320, -484 
1721289406198.00, 0, -595320, -478 
1721289406219.00, 0, -595319, -472 
1721289406240.00, 0, -595319, -472 
1721289406261.00, 0, -595319, -471 
1721289406282.00, 0, -595319, -466 
1721289406303.00, 0, -595319, -460 
1721289406325.00, 0, -595318, -454 
1721289406346.00, 0, -595319, -448 
1721289406367.00, 1, -595318, -442 
1721289406389.00, 0, -595318, -441 
1721289406411.00, -5, -595319, -441 
1721289406431.00, 0, -595319, -439 
1721289406453.00, 0, -595317, -438 
1721289406474.00, 0, -595318, -437 
1721289406495.00, 0, -595318, -485 
1721289406517.00, 20, -595317, -480 
1721289406538.00, 1, -595317, -476 
1721289406559.00, 0, -595318, -475 
1721289406580.00, 1, -595318, -473 
1721289406601.00, 0, -595317, -470 
1721289406622.00, 0, -595317, -469 
1721289406644.00, 53, -595316, -467 
1721289406665.00, 7, -595317, -466 
1721289406686.00, -14, -595317, -466 
1721289406708.00, 19, -595318, -467 
1721289406729.00, 3, -595317, -467 
1721289406754.00, 0, -595317, -466 
1721289406770.00, -7, -595317, -466 
1721289406792.00, -45, -595317, -465 
1721289406813.00, 0, -595317, -462 
1721289406834.00, 0, -595316, -461 
1721289406857.00, 0, -595317, -459 
1721289406877.00, -28, -595316, -460 
1721289406898.00, 0, -595316, -461 
1721289406919.00, 0, -595317, -463 
1721289406940.00, 0, -595317, -461 
1721289406961.00, 0, -595317, -461 
1721289406982.00, 0, -595317, -462 
1721289407004.00, 0, -595317, -461 
1721289407024.00, 0, -595317, -459 
1721289407045.00, 0, -595317, -459 
1721289407066.00, -7, -595317, -460 
1721289407088.00, 0, -595317, -462 
1721289407109.00, 30, -595317, -463 
1721289407129.00, 0, -595317, -461 
1721289407151.00, 0, -595318, -460 
1721289407173.00, 0, -595316, -459 
1721289407193.00, 0, -595317, -460 
1721289407215.00, 0, -595316, -459 
1721289407236.00, 0, -595317, -458 
