1721374647764.00, -2345, -593496, -142 
1721374647785.00, -953, -593548, -139 
1721374647807.00, -97, -593569, -121 
1721374647829.00, -5, -593574, -109 
1721374647850.00, 25, -593572, -92 
1721374647889.00, 27, -593571, -73 
1721374647893.00, 175, -593569, -52 
1721374647914.00, 442, -593565, -27 
1721374647935.00, 632, -593555, 0 
1721374647957.00, 728, -593540, 47 
1721374647984.00, 3664, -593519, 95 
1721374648000.00, 8265, -593435, 141 
1721374648021.00, 11693, -593261, 175 
1721374648043.00, 13348, -593014, 197 
1721374648065.00, 14555, -592726, 218 
1721374648087.00, 14523, -592417, 226 
1721374648108.00, 14616, -592103, 224 
1721374648129.00, 14676, -591787, 216 
1721374648151.00, 14414, -591470, 222 
1721374648173.00, 14469, -591150, 239 
1721374648195.00, 14590, -590836, 239 
1721374648216.00, 14695, -590518, 213 
1721374648240.00, 14582, -590207, 179 
1721374648259.00, 14445, -589896, 159 
1721374648281.00, 14307, -589588, 132 
1721374648303.00, 14623, -589281, 89 
1721374648324.00, 14326, -588972, 44 
1721374648346.00, 11591, -588670, 5 
1721374648368.00, 7024, -588424, -33 
1721374648389.00, 2314, -588266, -56 
1721374648410.00, -1449, -588209, -73 
1721374648431.00, -5083, -588231, -85 
1721374648453.00, -8248, -588334, -101 
1721374648474.00, -10663, -588506, -126 
1721374648497.00, -12452, -588740, -144 
1721374648518.00, -13418, -589006, -157 
1721374648540.00, -13928, -589296, -169 
1721374648561.00, -14313, -589600, -181 
1721374648584.00, -14365, -589911, -186 
1721374648604.00, -14729, -590228, -192 
1721374648627.00, -14665, -590544, -193 
1721374648648.00, -14497, -590860, -188 
1721374648669.00, -14445, -591176, -190 
1721374648691.00, -14690, -591492, -198 
1721374648713.00, -14752, -591809, -203 
1721374648735.00, -14471, -592122, -203 
1721374648760.00, -14513, -592433, -182 
1721374648778.00, -14394, -592747, -169 
1721374648800.00, -8334, -593058, -168 
1721374648821.00, -4895, -593248, -164 
1721374648843.00, -2693, -593356, -163 
1721374648868.00, -1233, -593417, -161 
1721374648885.00, -465, -593448, -157 
1721374648907.00, 0, -593459, -145 
1721374648928.00, 0, -593461, -128 
1721374648950.00, 0, -593460, -121 
1721374648970.00, 0, -593460, -108 
1721374648993.00, 0, -593459, -87 
1721374649013.00, 27, -593459, -64 
1721374649034.00, 0, -593457, -41 
1721374649056.00, 0, -593454, -21 
1721374649083.00, -13, -593455, -16 
1721374649098.00, 67, -593455, -9 
1721374649119.00, 0, -593455, -9 
1721374649140.00, 0, -593455, -10 
1721374649161.00, 0, -593455, -9 
1721374649183.00, 0, -593454, -9 
1721374649204.00, 0, -593454, -12 
1721374649225.00, 0, -593455, -12 
1721374649246.00, 0, -593455, -11 
1721374649268.00, 0, -593455, -12 
1721374649289.00, 63, -593455, -13 
1721374649310.00, 0, -593455, -11 
1721374649331.00, 0, -593455, -11 
1721374649352.00, 0, -593454, -10 
1721374649374.00, -1, -593455, -12 
1721374649395.00, -18, -593455, -23 
1721374649416.00, 0, -593455, -31 
1721374649437.00, 0, -593456, -48 
1721374649458.00, 0, -593457, -71 
1721374649480.00, 46, -593459, -85 
1721374649501.00, 59, -593459, -100 
1721374649522.00, 0, -593462, -118 
1721374649544.00, 0, -593462, -134 
1721374649566.00, 0, -593462, -143 
1721374649586.00, 0, -593463, -155 
1721374649608.00, 2, -593464, -172 
1721374649629.00, 0, -593466, -189 
1721374649651.00, 0, -593466, -181 
1721374649672.00, 6, -593466, -212 
1721374649693.00, 0, -593467, -210 
1721374649714.00, 0, -593468, -224 
1721374649736.00, 0, -593468, -231 
1721374649757.00, 0, -593469, -240 
1721374649778.00, -5, -593469, -246 
1721374649800.00, 0, -593469, -254 
1721374649821.00, 0, -593470, -258 
1721374649846.00, 0, -593470, -255 
1721374649863.00, 0, -593471, -258 
1721374649885.00, 0, -593470, -263 
1721374649906.00, 0, -593472, -272 
1721374649928.00, 0, -593471, -268 
1721374649949.00, -61, -593471, -263 
1721374649970.00, 0, -593471, -276 
1721374649991.00, 0, -593472, -281 
1721374650013.00, 0, -593471, -271 
1721374650034.00, 0, -593471, -256 
1721374650055.00, -2, -593470, -244 
1721374650077.00, -1, -593470, -229 
1721374650097.00, 0, -593468, -198 
1721374650119.00, 0, -593465, -146 
1721374650140.00, -49, -593464, -111 
1721374650162.00, 8, -593463, -104 
1721374650183.00, 0, -593462, -89 
1721374650204.00, 0, -593460, -71 
1721374650225.00, 0, -593460, -51 
1721374650246.00, 0, -593459, -36 
1721374650268.00, 7, -593458, -31 
1721374650289.00, 0, -593457, -23 
1721374650310.00, 0, -593458, -15 
1721374650331.00, 0, -593456, -10 
1721374650352.00, 0, -593456, -6 
1721374650374.00, 0, -593457, -6 
1721374650394.00, -51, -593454, 16 
1721374650416.00, 174, -593455, 10 
1721374650437.00, 7, -593452, 0 
1721374650458.00, 0, -593451, -5 
1721374650479.00, 1, -593451, -7 
1721374650504.00, 33, -593451, -12 
1721374650523.00, 0, -593451, -11 
1721374650544.00, 18, -593451, -13 
1721374650565.00, 0, -593451, -14 
1721374650586.00, 0, -593450, -13 
1721374650607.00, 9, -593450, -13 
1721374650629.00, 2, -593451, -8 
1721374650650.00, 0, -593450, -2 
1721374650670.00, 0, -593449, -3 
1721374650691.00, 0, -593450, -7 
1721374650713.00, 68, -593450, -10 
1721374650734.00, 0, -593449, -10 
1721374650756.00, 0, -593450, -18 
1721374650777.00, 25, -593450, -20 
1721374650798.00, 0, -593449, -17 
1721374650819.00, 0, -593449, -15 
1721374650841.00, 0, -593448, -9 
1721374650861.00, 0, -593449, -8 
1721374650883.00, 0, -593448, -11 
1721374650904.00, 0, -593449, -8 
1721374650925.00, 0, -593448, -9 
1721374650953.00, 0, -593449, -11 
1721374650967.00, 0, -593448, -7 
1721374650988.00, 0, -593448, -10 
1721374651010.00, 0, -593449, -10 
1721374651031.00, 0, -593448, -8 
1721374651051.00, 0, -593448, -11 
1721374651073.00, 0, -593448, -9 
1721374651094.00, 0, -593448, -8 
1721374651115.00, 0, -593448, -11 
1721374651137.00, 6, -593447, -8 
1721374651158.00, 0, -593448, -9 
1721374651179.00, 0, -593448, -10 
1721374651200.00, 0, -593448, -8 
1721374651221.00, 0, -593448, -10 
1721374651242.00, 0, -593448, -9 
1721374651264.00, 0, -593448, -8 
1721374651284.00, 0, -593447, -10 
1721374651305.00, 0, -593448, -9 
1721374651327.00, 5, -593448, -9 
1721374651348.00, 0, -593448, -9 
1721374651369.00, 0, -593447, -9 
1721374651390.00, 0, -593448, -9 
1721374651411.00, 0, -593448, -10 
1721374651433.00, 0, -593447, -9 
1721374651454.00, 0, -593448, -9 
1721374651475.00, 0, -593448, -10 
1721374651496.00, 0, -593447, -9 
1721374651517.00, 0, -593447, -10 
1721374651538.00, 0, -593448, -9 
1721374651559.00, 0, -593447, -8 
1721374651580.00, 0, -593448, -9 
1721374651602.00, 0, -593447, -9 
1721374651623.00, -9, -593447, -9 
1721374651644.00, 0, -593447, -10 
1721374651665.00, 0, -593447, -9 
1721374651686.00, 0, -593448, -9 
1721374651707.00, 0, -593447, -9 
1721374651728.00, -1, -593447, -9 
1721374651750.00, 0, -593447, -10 
1721374651771.00, 0, -593447, -9 
1721374651792.00, 24, -593448, -9 
1721374651818.00, 0, -593447, -10 
1721374651835.00, 0, -593447, -9 
1721374651855.00, 0, -593447, -9 
1721374651876.00, 0, -593446, -9 
1721374651897.00, 0, -593448, -9 
1721374651919.00, 0, -593447, -9 
1721374651940.00, 0, -593447, -9 
1721374651961.00, 0, -593447, -9 
1721374651982.00, 0, -593447, -9 
1721374652003.00, 0, -593447, -9 
1721374652024.00, 0, -593448, -9 
1721374652045.00, 0, -593447, -9 
1721374652066.00, 0, -593446, -9 
1721374652087.00, 0, -593448, -9 
1721374652109.00, 0, -593446, -9 
1721374652131.00, 0, -593447, -9 
1721374652152.00, 36, -593447, -9 
1721374652173.00, 0, -593447, -9 
1721374652194.00, 0, -593447, -9 
1721374652215.00, 0, -593447, -9 
1721374652236.00, -44, -593447, -9 
1721374652257.00, 0, -593448, -9 
1721374652280.00, 0, -593447, -9 
1721374652300.00, 0, -593447, -9 
1721374652321.00, 0, -593447, -9 
1721374652341.00, 0, -593447, -9 
1721374652363.00, 0, -593448, -9 
1721374652385.00, 68, -593448, -9 
1721374652405.00, 0, -593447, -9 
1721374652427.00, 39, -593448, -9 
1721374652448.00, 0, -593448, -9 
1721374652470.00, 0, -593447, -9 
1721374652490.00, 0, -593447, -9 
1721374652511.00, 0, -593446, -9 
1721374652532.00, 0, -593447, -9 
1721374652553.00, -5, -593447, -9 
1721374652586.00, 0, -593447, -9 
1721374652596.00, 0, -593447, -9 
1721374652616.00, 0, -593448, -9 
1721374652637.00, 0, -593447, -9 
1721374652658.00, -1, -593446, -9 
1721374652679.00, 0, -593446, -9 
1721374652701.00, 0, -593445, -9 
1721374652722.00, 0, -593447, -9 
1721374652743.00, 0, -593447, -9 
1721374652765.00, 0, -593447, -9 
1721374652786.00, 0, -593447, -9 
1721374652807.00, 0, -593446, -9 
1721374652828.00, 0, -593446, -9 
1721374652849.00, 0, -593447, -9 
1721374652870.00, 0, -593447, -9 
1721374652890.00, 0, -593446, -9 
1721374652912.00, 0, -593447, -9 
1721374652933.00, 0, -593446, -9 
1721374652954.00, 0, -593447, -9 
1721374652976.00, 0, -593446, -9 
1721374652997.00, 0, -593446, -9 
1721374653018.00, 44, -593446, -9 
1721374653039.00, 0, -593446, -9 
1721374653060.00, 0, -593447, -9 
1721374653081.00, 0, -593446, -9 
1721374653102.00, 0, -593447, -9 
1721374653129.00, 60, -593447, -9 
1721374653145.00, 65, -593446, -10 
1721374653165.00, 0, -593447, -9 
1721374653187.00, 0, -593447, -9 
1721374653208.00, 0, -593446, -9 
1721374653232.00, 0, -593447, -9 
1721374653251.00, 0, -593446, -9 
1721374653272.00, 0, -593446, -9 
1721374653293.00, 0, -593446, -9 
1721374653314.00, -38, -593446, -9 
1721374653336.00, 0, -593446, -9 
1721374653356.00, 0, -593446, -9 
1721374653378.00, 45, -593446, -9 
1721374653399.00, 0, -593446, -9 
1721374653420.00, 0, -593445, -9 
1721374653441.00, 42, -593446, -9 
1721374653462.00, 33, -593442, 2 
1721374653483.00, -5, -593439, 48 
1721374653504.00, 2919, -593439, 45 
1721374653526.00, 4418, -593389, 22 
1721374653547.00, 4025, -593295, 11 
1721374653569.00, 3123, -593210, -5 
1721374653590.00, 1863, -593144, -9 
1721374653612.00, 1121, -593102, -6 
1721374653633.00, 601, -593078, -9 
1721374653654.00, 298, -593062, -7 
1721374653676.00, 107, -593056, -7 
1721374653697.00, 68, -593055, -11 
1721374653718.00, 0, -593053, -8 
1721374653740.00, -5, -593053, -11 
1721374653761.00, 0, -593052, -11 
1721374653782.00, 0, -593052, -8 
1721374653804.00, -1, -593052, -10 
1721374653825.00, 0, -593052, -7 
1721374653845.00, 0, -593051, -9 
1721374653867.00, 25, -593051, -10 
1721374653889.00, 0, -593052, -7 
1721374653909.00, -25, -593050, -11 
1721374653931.00, 0, -593051, -10 
1721374653951.00, 0, -593051, -8 
1721374653972.00, -1, -593051, -10 
1721374653994.00, 0, -593051, -6 
1721374654015.00, 0, -593051, -4 
1721374654036.00, 5, -593051, -4 
1721374654057.00, 4, -593049, 1 
1721374654078.00, 0, -593051, 4 
1721374654100.00, 32, -593050, 3 
1721374654121.00, 0, -593051, 6 
1721374654142.00, 0, -593050, 2 
1721374654163.00, 0, -593050, 1 
1721374654184.00, 3, -593050, 4 
1721374654204.00, -22, -593050, 5 
1721374654226.00, 0, -593050, 10 
1721374654247.00, 0, -593050, 10 
1721374654268.00, 0, -593050, 10 
1721374654289.00, 0, -593050, 9 
1721374654310.00, 0, -593050, 2 
1721374654331.00, 0, -593050, -4 
1721374654352.00, 0, -593050, -8 
1721374654373.00, -62, -593050, -9 
1721374654394.00, 0, -593051, -9 
1721374654415.00, 62, -593050, -9 
1721374654437.00, 0, -593051, -9 
1721374654458.00, 0, -593050, -5 
1721374654479.00, 10, -593050, 3 
1721374654500.00, 42, -593048, 11 
1721374654522.00, 745, -593049, 16 
1721374654544.00, 1351, -593037, 15 
1721374654565.00, 1660, -593006, 13 
1721374654586.00, 1763, -592970, 9 
1721374654608.00, 1077, -592933, 14 
1721374654629.00, 1460, -592908, 24 
1721374654650.00, 2263, -592874, 32 
1721374654672.00, 3282, -592828, 31 
1721374654693.00, 3919, -592759, 28 
1721374654715.00, 3892, -592678, 29 
1721374654737.00, 4052, -592594, 30 
1721374654759.00, 4080, -592508, 30 
1721374654780.00, 4334, -592420, 32 
1721374654801.00, 4408, -592331, 27 
1721374654823.00, 4130, -592232, 31 
1721374654844.00, 4173, -592143, 34 
1721374654866.00, 4303, -592058, 31 
1721374654887.00, 4362, -591965, 32 
1721374654908.00, 4524, -591872, 35 
1721374654930.00, 4790, -591776, 37 
1721374654951.00, 5146, -591674, 34 
1721374654972.00, 5072, -591568, 33 
1721374654996.00, 4719, -591459, 33 
1721374655016.00, 4568, -591352, 35 
1721374655037.00, 4545, -591253, 32 
1721374655058.00, 4562, -591155, 26 
1721374655079.00, 4258, -591058, 23 
1721374655101.00, 3834, -590969, 21 
1721374655123.00, 3411, -590887, 20 
1721374655144.00, 3156, -590811, 18 
1721374655165.00, 2849, -590743, 14 
1721374655187.00, 2377, -590681, 11 
1721374655208.00, 1958, -590628, 7 
1721374655230.00, 1047, -590584, 7 
1721374655251.00, 459, -590561, 8 
1721374655272.00, 91, -590551, 5 
1721374655293.00, 33, -590549, -1 
1721374655322.00, 0, -590548, -8 
1721374655336.00, 8, -590549, -12 
1721374655357.00, -75, -590548, -11 
1721374655379.00, -625, -590550, -9 
1721374655400.00, -370, -590558, -6 
1721374655421.00, -233, -590564, -7 
1721374655443.00, -122, -590570, -9 
1721374655464.00, -66, -590573, -8 
1721374655485.00, -41, -590574, -5 
1721374655506.00, -67, -590574, -2 
1721374655527.00, -64, -590576, 1 
1721374655548.00, -59, -590576, 3 
1721374655569.00, -62, -590577, 5 
1721374655591.00, -61, -590578, 7 
1721374655612.00, -59, -590579, 7 
1721374655633.00, -57, -590580, 5 
1721374655655.00, -48, -590581, 1 
1721374655676.00, -49, -590582, -2 
1721374655697.00, -62, -590584, -3 
1721374655718.00, -64, -590584, -2 
1721374655739.00, -53, -590586, -2 
1721374655760.00, -12, -590586, -2 
1721374655781.00, -45, -590586, -2 
1721374655802.00, -65, -590588, -1 
1721374655824.00, -64, -590588, 0 
1721374655845.00, -25, -590588, 3 
1721374655866.00, -31, -590589, 6 
1721374655887.00, -31, -590589, 8 
1721374655908.00, 5, -590589, 9 
1721374655930.00, 0, -590589, 11 
1721374655950.00, 58, -590589, 11 
1721374655980.00, 248, -590589, 9 
1721374655993.00, 108, -590588, 6 
1721374656014.00, 63, -590586, 6 
1721374656036.00, 41, -590585, 5 
1721374656056.00, 60, -590584, 5 
1721374656079.00, 33, -590582, 5 
1721374656099.00, 54, -590581, 5 
1721374656120.00, 34, -590581, 6 
1721374656142.00, 68, -590580, 7 
1721374656162.00, 58, -590579, 7 
1721374656184.00, 63, -590577, 7 
1721374656205.00, 58, -590576, 7 
1721374656226.00, 43, -590577, 8 
1721374656248.00, 38, -590575, 10 
1721374656269.00, 1, -590574, 10 
1721374656290.00, 0, -590575, 11 
1721374656311.00, 685, -590573, 10 
1721374656332.00, 0, -590560, 8 
1721374656353.00, 2, -590559, 7 
1721374656375.00, 0, -590559, 10 
1721374656396.00, 0, -590560, 9 
1721374656417.00, 0, -590560, 10 
1721374656438.00, 0, -590558, 9 
1721374656458.00, 6, -590559, 7 
1721374656479.00, 0, -590559, 5 
1721374656501.00, 0, -590559, 4 
1721374656522.00, 0, -590558, 1 
1721374656543.00, 0, -590559, 0 
1721374656564.00, 0, -590560, -2 
1721374656585.00, -5, -590559, -3 
1721374656605.00, 0, -590559, -7 
1721374656630.00, 0, -590559, -8 
1721374656648.00, 0, -590559, -8 
1721374656669.00, 0, -590559, -7 
1721374656691.00, 0, -590559, -7 
1721374656712.00, 0, -590560, -7 
1721374656737.00, 0, -590560, -7 
1721374656754.00, 0, -590560, -8 
1721374656775.00, 0, -590559, -10 
1721374656796.00, 17, -590560, -11 
1721374656817.00, -55, -590560, -10 
1721374656840.00, 0, -590561, -10 
1721374656860.00, 0, -590561, -11 
1721374656882.00, -554, -590561, -15 
1721374656903.00, -1223, -590565, -13 
1721374656925.00, -1525, -590589, -13 
1721374656946.00, -1737, -590620, -11 
1721374656968.00, -1674, -590655, -13 
1721374656989.00, -1785, -590693, -10 
1721374657010.00, 0, -590729, -7 
1721374657031.00, 0, -590733, -5 
1721374657053.00, 0, -590734, -6 
1721374657073.00, 0, -590734, -4 
1721374657094.00, 0, -590734, -7 
1721374657115.00, 0, -590733, -6 
1721374657136.00, 0, -590734, -6 
1721374657158.00, 0, -590734, -7 
1721374657179.00, 0, -590734, -7 
1721374657200.00, 0, -590735, -8 
1721374657221.00, 0, -590735, -8 
1721374657242.00, -43, -590735, -8 
1721374657263.00, 0, -590735, -9 
1721374657285.00, 0, -590734, -9 
1721374657306.00, 0, -590734, -9 
1721374657327.00, 0, -590735, -9 
1721374657347.00, -3, -590734, -9 
1721374657368.00, 0, -590734, -9 
1721374657391.00, 0, -590735, -9 
1721374657411.00, 0, -590735, -9 
1721374657432.00, 0, -590735, -9 
1721374657454.00, 0, -590734, -9 
1721374657475.00, 0, -590734, -9 
1721374657499.00, 0, -590734, -9 
1721374657517.00, 0, -590735, -9 
1721374657537.00, 0, -590735, -9 
1721374657558.00, 0, -590735, -9 
1721374657580.00, 0, -590735, -9 
1721374657602.00, 0, -590735, -9 
1721374657622.00, 0, -590734, -9 
1721374657644.00, 0, -590733, -2 
1721374657664.00, 0, -590732, 13 
1721374657686.00, 101, -590730, 33 
1721374657708.00, 2078, -590720, 78 
1721374657729.00, 6000, -590686, 103 
1721374657751.00, 9774, -590552, 141 
1721374657772.00, 14338, -590341, 172 
1721374657794.00, 18739, -590035, 216 
1721374657816.00, 24101, -589625, 246 
1721374657837.00, 29087, -589111, 269 
1721374657859.00, 33369, -588481, 287 
1721374657881.00, 37013, -587751, 305 
1721374657902.00, 40281, -586946, 321 
1721374657924.00, 43166, -586082, 339 
1721374657947.00, 46046, -585155, 348 
1721374657967.00, 48342, -584156, 351 
1721374657988.00, 49702, -583108, 364 
1721374658010.00, 51192, -582035, 369 
1721374658032.00, 52473, -580914, 380 
1721374658053.00, 53833, -579777, 397 
1721374658075.00, 55832, -578615, 408 
1721374658097.00, 57298, -577397, 419 
1721374658118.00, 59030, -576165, 427 
1721374658139.00, 60619, -574886, 424 
1721374658162.00, 61113, -573566, 431 
1721374658184.00, 62017, -572249, 460 
1721374658205.00, 64060, -570893, 454 
1721374658226.00, 64955, -569515, 455 
1721374658248.00, 65514, -568103, 443 
1721374658269.00, 65269, -566681, 446 
1721374658291.00, 65167, -565277, 425 
1721374658313.00, 63623, -563853, 415 
1721374658335.00, 62348, -562490, 380 
1721374658356.00, 59271, -561132, 374 
1721374658378.00, 56957, -559856, 388 
1721374658400.00, 56639, -558619, 388 
1721374658421.00, 56346, -557384, 368 
1721374658443.00, 55046, -556177, 358 
1721374658465.00, 53555, -554976, 366 
1721374658488.00, 53170, -553814, 372 
1721374658508.00, 53424, -552675, 362 
1721374658530.00, 52709, -551512, 358 
1721374658551.00, 52196, -550368, 373 
1721374658573.00, 52804, -549239, 373 
1721374658598.00, 53257, -548087, 383 
1721374658616.00, 54005, -546933, 442 
1721374658638.00, 57734, -545769, 460 
1721374658660.00, 61065, -544507, 417 
1721374658681.00, 60682, -543198, 394 
1721374658703.00, 58820, -541872, 385 
1721374658725.00, 57567, -540595, 397 
1721374658746.00, 57155, -539358, 452 
1721374658768.00, 60200, -538100, 505 
1721374658789.00, 65391, -536814, 434 
1721374658811.00, 64229, -535391, 412 
1721374658832.00, 61899, -533998, 456 
1721374658854.00, 63249, -532655, 488 
1721374658876.00, 65870, -531272, 457 
1721374658898.00, 65518, -529856, 453 
1721374658919.00, 65166, -528422, 469 
1721374658941.00, 66117, -527014, 490 
1721374658963.00, 67691, -525581, 474 
1721374658984.00, 67811, -524112, 455 
1721374659005.00, 66605, -522649, 450 
1721374659031.00, 65766, -521198, 454 
1721374659048.00, 65490, -519792, 443 
1721374659070.00, 64477, -518362, 429 
1721374659092.00, 63082, -516970, 442 
1721374659114.00, 63128, -515593, 438 
1721374659135.00, 62689, -514235, 429 
1721374659157.00, 61824, -512878, 415 
1721374659179.00, 60677, -511533, 416 
1721374659200.00, 59947, -510237, 413 
1721374659222.00, 59234, -508919, 386 
1721374659243.00, 57243, -507643, 368 
1721374659265.00, 55005, -506407, 341 
1721374659287.00, 51925, -505206, 331 
1721374659308.00, 49641, -504093, 326 
1721374659330.00, 47904, -503012, 312 
1721374659352.00, 45928, -501974, 295 
1721374659374.00, 43942, -500982, 282 
1721374659395.00, 42054, -500033, 274 
1721374659417.00, 40262, -499103, 274 
1721374659439.00, 39375, -498229, 274 
1721374659460.00, 38868, -497390, 260 
1721374659482.00, 37890, -496547, 250 
1721374659503.00, 36479, -495724, 252 
1721374659525.00, 35786, -494940, 254 
1721374659547.00, 35575, -494182, 240 
1721374659568.00, 34564, -493414, 236 
1721374659590.00, 33575, -492653, 239 
1721374659612.00, 32947, -491923, 237 
1721374659633.00, 32503, -491209, 233 
1721374659655.00, 32204, -490505, 216 
1721374659676.00, 30884, -489802, 198 
1721374659698.00, 29349, -489123, 186 
1721374659720.00, 27578, -488495, 177 
1721374659742.00, 25778, -487908, 160 
1721374659763.00, 23855, -487354, 148 
1721374659785.00, 21955, -486834, 138 
1721374659806.00, 20511, -486345, 147 
1721374659827.00, 19954, -485895, 161 
1721374659850.00, 20221, -485462, 166 
1721374659872.00, 21120, -485022, 157 
1721374659893.00, 20863, -484574, 150 
1721374659914.00, 20755, -484124, 148 
1721374659937.00, 20149, -483679, 140 
1721374659958.00, 19811, -483233, 133 
1721374659979.00, 18846, -482804, 129 
1721374660001.00, 18251, -482394, 134 
1721374660024.00, 17757, -482003, 136 
1721374660044.00, 17853, -481614, 143 
1721374660066.00, 18543, -481236, 138 
1721374660088.00, 18681, -480850, 130 
1721374660110.00, 17807, -480454, 118 
1721374660135.00, 16807, -480062, 106 
1721374660152.00, 15275, -479694, 94 
1721374660174.00, 13821, -479357, 88 
1721374660196.00, 12854, -479056, 81 
1721374660217.00, 11904, -478780, 79 
1721374660238.00, 10879, -478527, 83 
1721374660261.00, 10661, -478290, 91 
1721374660282.00, 11237, -478063, 95 
1721374660303.00, 11683, -477829, 90 
1721374660325.00, 11432, -477587, 74 
1721374660346.00, 10418, -477341, 64 
1721374660368.00, 9202, -477111, 69 
1721374660389.00, 8862, -476906, 78 
1721374660411.00, 9409, -476713, 74 
1721374660433.00, 9412, -476517, 60 
1721374660457.00, 8355, -476312, 50 
1721374660475.00, 7246, -476129, 50 
1721374660497.00, 6601, -475970, 57 
1721374660518.00, 6772, -475826, 62 
1721374660540.00, 7127, -475680, 58 
1721374660563.00, 7050, -475529, 50 
1721374660582.00, 6368, -475378, 40 
1721374660604.00, 5547, -475239, 32 
1721374660625.00, 4548, -475118, 26 
1721374660647.00, 3661, -475020, 28 
1721374660673.00, 3226, -474940, 30 
1721374660690.00, 3193, -474871, 28 
1721374660711.00, 3070, -474804, 21 
1721374660733.00, 2462, -474740, 15 
1721374660754.00, 1761, -474687, 14 
1721374660781.00, 1339, -474650, 7 
1721374660797.00, 224, -474622, -1 
1721374660818.00, -1, -474615, -3 
1721374660839.00, -50, -474616, 0 
1721374660860.00, 0, -474619, 8 
1721374660881.00, 0, -474619, 6 
1721374660903.00, 0, -474618, 1 
1721374660924.00, 0, -474619, -2 
1721374660944.00, 3, -474620, -1 
1721374660966.00, 0, -474619, -4 
1721374660987.00, -3, -474619, -8 
1721374661008.00, 0, -474618, -4 
1721374661029.00, 0, -474619, 1 
1721374661050.00, 0, -474619, 4 
1721374661071.00, 1, -474618, 5 
1721374661092.00, -46, -474618, 6 
1721374661114.00, 0, -474619, 17 
1721374661134.00, 514, -474618, 18 
1721374661156.00, 1361, -474612, -11 
1721374661178.00, 129, -474588, -17 
1721374661199.00, -140, -474583, 3 
1721374661220.00, 0, -474584, 15 
1721374661242.00, 274, -474584, 10 
1721374661263.00, 0, -474580, 14 
1721374661283.00, 741, -474578, 25 
1721374661305.00, 1907, -474565, 24 
1721374661327.00, 2625, -474527, 22 
1721374661348.00, 2932, -474472, 20 
1721374661370.00, 2853, -474410, 8 
1721374661391.00, 1686, -474349, -1 
1721374661412.00, 999, -474312, 4 
1721374661433.00, 592, -474288, 14 
1721374661456.00, 1209, -474275, 13 
1721374661477.00, 1541, -474252, 2 
1721374661498.00, 923, -474218, 12 
1721374661519.00, 1334, -474198, 21 
1721374661541.00, 1982, -474168, 34 
1721374661563.00, 3368, -474129, 8 
1721374661583.00, 2080, -474062, -16 
1721374661606.00, 231, -474013, -2 
1721374661626.00, 75, -474003, 16 
1721374661648.00, 987, -474001, 10 
1721374661669.00, -4, -473981, 2 
1721374661689.00, 0, -473978, 9 
1721374661711.00, 0, -473978, -10 
1721374661732.00, 0, -473978, -10 
1721374661754.00, 0, -473978, -8 
1721374661867.00, 0, -473977, 6 
1721374661868.00, 0, -473977, 9 
1721374661868.00, 0, -473977, 10 
1721374661869.00, 20, -473977, 8 
1721374661870.00, 0, -473977, 4 
1721374661880.00, 0, -473976, 1 
1721374661901.00, 0, -473977, 1 
1721374661922.00, 0, -473978, 1 
1721374661943.00, 0, -473978, 2 
1721374661964.00, 0, -473977, 7 
1721374661988.00, 4, -473976, 11 
1721374662007.00, 623, -473977, 13 
1721374662027.00, 1206, -473965, 10 
1721374662049.00, 0, -473941, 11 
1721374662070.00, 615, -473938, 18 
1721374662097.00, 1409, -473927, 13 
1721374662114.00, 1709, -473895, 17 
1721374662135.00, 1974, -473860, 20 
1721374662156.00, 2296, -473815, 13 
1721374662178.00, 2198, -473766, 3 
1721374662204.00, 1388, -473717, 3 
1721374662221.00, 806, -473687, 17 
1721374662242.00, 1420, -473669, 12 
1721374662263.00, 1571, -473635, 9 
1721374662285.00, 987, -473602, 8 
1721374662307.00, 587, -473580, 15 
1721374662327.00, 1260, -473566, 14 
1721374662349.00, 1669, -473543, -1 
1721374662370.00, 1004, -473507, -1 
1721374662392.00, 552, -473483, 10 
1721374662412.00, -33, -473473, 9 
1721374662439.00, 0, -473472, 2 
1721374662455.00, 0, -473472, -2 
1721374662476.00, 0, -473471, 2 
1721374662497.00, 0, -473471, 2 
1721374662518.00, 1, -473472, 0 
1721374662542.00, 0, -473472, -1 
1721374662560.00, 0, -473471, -2 
1721374662581.00, 0, -473471, -2 
1721374662602.00, 0, -473471, 0 
1721374662623.00, 0, -473472, 3 
1721374662645.00, 0, -473471, 0 
1721374662666.00, 0, -473471, 0 
1721374662686.00, 0, -473472, -1 
1721374662708.00, 0, -473473, -3 
1721374662729.00, 0, -473473, -8 
1721374662750.00, 0, -473473, -15 
1721374662771.00, -94, -473473, -17 
1721374662793.00, -1054, -473477, -14 
1721374662814.00, -1461, -473491, -11 
1721374662836.00, -1528, -473520, -21 
1721374662857.00, -2255, -473553, -21 
1721374662878.00, -2480, -473599, -14 
1721374662899.00, -2379, -473650, -4 
1721374662921.00, -1479, -473701, 5 
1721374662943.00, -886, -473734, 0 
1721374662964.00, -546, -473755, -6 
1721374662985.00, -322, -473768, -13 
1721374663007.00, -934, -473774, -13 
1721374663030.00, -1348, -473795, 1 
1721374663049.00, -796, -473821, 10 
1721374663070.00, 0, -473840, -1 
1721374663091.00, 0, -473842, 0 
1721374663112.00, 0, -473843, 3 
1721374663133.00, 0, -473841, 6 
1721374663154.00, 0, -473842, 11 
1721374663175.00, 76, -473842, 12 
1721374663196.00, 627, -473839, 4 
1721374663218.00, 377, -473833, -7 
1721374663239.00, 186, -473826, 6 
1721374663260.00, 111, -473823, -4 
1721374663282.00, 81, -473819, 2 
1721374663304.00, 21, -473818, 7 
1721374663324.00, 2, -473816, 1 
1721374663346.00, 7, -473816, -1 
1721374663368.00, 1, -473815, 3 
1721374663387.00, 0, -473815, 6 
1721374663408.00, -4, -473815, 10 
1721374663430.00, 0, -473813, 8 
1721374663451.00, 0, -473814, 4 
1721374663472.00, 0, -473814, 12 
1721374663493.00, 697, -473812, 18 
1721374663515.00, 1472, -473801, 15 
1721374663537.00, 1853, -473770, 10 
1721374663558.00, 0, -473733, 10 
1721374663579.00, 0, -473728, 19 
1721374663600.00, 1139, -473728, 12 
1721374663622.00, 1458, -473706, 8 
1721374663643.00, 888, -473677, 11 
1721374663664.00, 1216, -473656, 15 
1721374663685.00, 1667, -473629, 14 
1721374663707.00, 1984, -473593, 15 
1721374663729.00, 2121, -473553, 20 
1721374663749.00, 2426, -473505, 29 
1721374663771.00, 3171, -473453, 28 
1721374663793.00, 3614, -473389, 13 
1721374663814.00, 3109, -473312, 13 
1721374663836.00, 2700, -473242, 31 
1721374663858.00, 3442, -473181, 30 
1721374663879.00, 3758, -473108, 15 
1721374663900.00, 3195, -473028, 6 
1721374663922.00, 1946, -472958, 18 
1721374663943.00, 2177, -472913, 35 
1721374663965.00, 3410, -472866, 28 
1721374663986.00, 3588, -472796, 19 
1721374664007.00, 3298, -472714, 19 
1721374664029.00, 3189, -472642, 16 
1721374664050.00, 2808, -472572, 19 
1721374664073.00, 2910, -472510, 26 
1721374664094.00, 3348, -472449, 22 
1721374664114.00, 3177, -472378, 9 
1721374664136.00, 1890, -472309, 1 
1721374664158.00, 1047, -472266, 6 
1721374664189.00, 556, -472241, 7 
1721374664200.00, 293, -472228, 10 
1721374664221.00, 0, -472223, 9 
1721374664242.00, 0, -472222, 3 
1721374664263.00, 0, -472222, 5 
1721374664288.00, 0, -472222, 7 
1721374664306.00, 0, -472221, -5 
1721374664329.00, 41, -472221, -12 
1721374664348.00, -60, -472221, -5 
1721374664369.00, 0, -472224, -10 
1721374664390.00, 0, -472224, -5 
1721374664411.00, 0, -472224, -7 
1721374664432.00, 0, -472223, -8 
1721374664454.00, 3, -472224, -14 
1721374664475.00, -702, -472224, -10 
1721374664500.00, 0, -472233, -14 
1721374664518.00, -784, -472234, -11 
1721374664539.00, -1094, -472248, -11 
1721374664560.00, -1365, -472270, -12 
1721374664582.00, -1587, -472298, -22 
1721374664603.00, -2245, -472331, -23 
1721374664625.00, -2662, -472380, -28 
1721374664647.00, -3266, -472438, -29 
1721374664668.00, -3652, -472505, -13 
1721374664689.00, -3058, -472588, -24 
1721374664711.00, -3394, -472656, -41 
1721374664732.00, -4313, -472729, -40 
1721374664754.00, -4906, -472824, -27 
1721374664775.00, -4506, -472931, -32 
1721374664797.00, -4504, -473029, -37 
1721374664818.00, -4833, -473127, -22 
1721374664840.00, -4304, -473234, -30 
1721374664861.00, -4500, -473332, -56 
1721374664882.00, -6114, -473423, -26 
1721374664904.00, -5050, -473547, 0 
1721374664925.00, -2954, -473661, -13 
1721374664953.00, -2498, -473729, -3 
1721374664968.00, -1446, -473778, 21 
1721374664989.00, 7, -473809, 30 
1721374665011.00, 1511, -473811, 24 
1721374665032.00, 2271, -473789, 31 
1721374665061.00, 3269, -473742, 47 
1721374665075.00, 4677, -473675, 33 
1721374665097.00, 4727, -473572, 30 
1721374665118.00, 4591, -473469, 32 
1721374665139.00, 4619, -473371, 29 
1721374665169.00, 4490, -473268, 26 
1721374665183.00, 4203, -473168, 22 
1721374665204.00, 3806, -473075, 27 
1721374665226.00, 3894, -472994, 24 
1721374665247.00, 3902, -472910, 29 
1721374665268.00, 4020, -472824, 53 
1721374665290.00, 5697, -472738, 41 
1721374665311.00, 5942, -472623, 7 
1721374665332.00, 3627, -472497, 9 
1721374665354.00, 2119, -472414, 19 
1721374665375.00, 2313, -472365, 17 
1721374665397.00, 2354, -472314, 24 
1721374665418.00, 2661, -472265, 20 
1721374665440.00, 2760, -472204, 16 
1721374665461.00, 2573, -472146, 19 
1721374665485.00, 2670, -472090, 11 
1721374665504.00, 2149, -472034, 7 
1721374665526.00, 1297, -471986, 13 
1721374665547.00, 1592, -471953, 71 
1721374665569.00, 5181, -471918, 67 
1721374665592.00, 7066, -471814, 43 
1721374665611.00, 6884, -471665, 27 
1721374665633.00, 5509, -471519, 41 
1721374665654.00, 5620, -471397, 18 
1721374665676.00, 4480, -471278, 20 
1721374665697.00, 3714, -471183, 45 
1721374665719.00, 4807, -471100, 47 
1721374665740.00, 5604, -470998, 43 
1721374665761.00, 5982, -470879, 33 
1721374665783.00, 5566, -470752, 28 
1721374665808.00, 4868, -470632, 23 
1721374665829.00, 4326, -470525, 21 
1721374665847.00, 3824, -470430, 46 
1721374665868.00, 4905, -470342, 80 
1721374665890.00, 7637, -470238, 69 
1721374665912.00, 8774, -470082, 23 
1721374665939.00, 6494, -469892, 10 
1721374665955.00, -23, -469748, 14 
1721374665976.00, 692, -469736, 30 
1721374665997.00, 2189, -469727, 17 
1721374666019.00, 2196, -469685, 3 
1721374666044.00, 1440, -469643, -106 
1721374666062.00, -4668, -469611, -66 
1721374666083.00, -6610, -469696, -61 
1721374666105.00, -7465, -469836, -95 
1721374666126.00, -10253, -469998, -83 
1721374666151.00, -10900, -470213, -74 
1721374666169.00, -10835, -470452, -95 
1721374666190.00, -12218, -470686, -75 
1721374666212.00, -11921, -470939, -30 
1721374666234.00, -8880, -471190, -34 
1721374666255.00, -7233, -471378, -39 
1721374666277.00, -6496, -471529, -6 
1721374666298.00, -3846, -471663, 17 
1721374666319.00, -1178, -471746, 20 
1721374666341.00, 50, -471773, 26 
1721374666367.00, 1572, -471770, 33 
1721374666384.00, 2990, -471746, 18 
1721374666405.00, 2955, -471687, 6 
1721374666427.00, 1965, -471622, 30 
1721374666448.00, 3127, -471580, 42 
1721374666475.00, 4326, -471517, 16 
1721374666491.00, 3662, -471424, 5 
1721374666512.00, 2262, -471344, 14 
1721374666534.00, 2273, -471295, 18 
1721374666555.00, 2581, -471249, 15 
1721374666582.00, 2553, -471196, 16 
1721374666598.00, 2490, -471142, 6 
1721374666620.00, 1602, -471089, -14 
1721374666641.00, 172, -471055, -7 
1721374666662.00, 182, -471049, -1 
1721374666684.00, 184, -471043, 8 
1721374666705.00, 160, -471041, 7 
1721374666726.00, 190, -471038, -10 
1721374666747.00, 67, -471033, -6 
1721374666769.00, 197, -471033, -11 
1721374666792.00, 6, -471029, 28 
1721374666812.00, 1595, -471030, -2 
1721374666832.00, 1060, -471008, -43 
1721374666855.00, -1315, -470983, -11 
1721374666876.00, -1304, -471000, 32 
1721374666898.00, 737, -471025, 8 
1721374666919.00, 393, -471016, -19 
1721374666940.00, -183, -471011, -1 
1721374666961.00, -17, -471018, -16 
1721374666983.00, -807, -471018, -17 
1721374667005.00, -1432, -471032, -22 
1721374667028.00, -2158, -471062, -29 
1721374667047.00, -2990, -471107, -33 
1721374667069.00, -3659, -471169, -33 
1721374667090.00, -4077, -471247, -41 
1721374667112.00, -4877, -471332, -44 
1721374667133.00, -5367, -471432, -39 
1721374667154.00, -5577, -471547, -45 
1721374667176.00, -5954, -471663, -54 
1721374667198.00, -6933, -471790, -46 
1721374667219.00, -6868, -471934, -40 
1721374667241.00, -6455, -472079, -40 
1721374667261.00, -6097, -472218, -42 
1721374667283.00, -6073, -472350, -42 
1721374667305.00, -6136, -472479, -38 
1721374667328.00, -6017, -472611, -29 
1721374667347.00, -5032, -472739, -21 
1721374667368.00, -4192, -472853, -16 
1721374667391.00, -3422, -472944, -15 
1721374667412.00, -2855, -473017, -15 
1721374667434.00, -2546, -473079, -14 
1721374667464.00, -2287, -473134, -14 
1721374667476.00, -2084, -473184, -15 
1721374667498.00, -2075, -473231, -21 
1721374667520.00, -2391, -473279, -29 
1721374667541.00, -3235, -473333, -24 
1721374667562.00, -3286, -473399, -19 
1721374667584.00, -2977, -473466, -12 
1721374667605.00, -2450, -473532, -4 
1721374667627.00, -1383, -473583, 0 
1721374667649.00, -766, -473613, 0 
1721374667669.00, -262, -473629, 4 
1721374667690.00, -61, -473636, 7 
1721374667711.00, 0, -473638, -4 
1721374667732.00, 0, -473642, -25 
1721374667755.00, -1478, -473642, -27 
1721374667775.00, -2537, -473672, -12 
1721374667797.00, -2342, -473724, -1 
1721374667818.00, -1419, -473774, -7 
1721374667839.00, -776, -473807, -19 
1721374667861.00, -1520, -473825, -22 
1721374667883.00, -2163, -473858, -11 
1721374667903.00, -1956, -473904, -7 
1721374667925.00, -1224, -473948, -11 
1721374667947.00, -1362, -473976, -21 
1721374667968.00, -2049, -474004, -20 
1721374667989.00, -2431, -474047, -15 
1721374668013.00, -2360, -474097, -13 
1721374668033.00, -2180, -474150, -12 
1721374668054.00, -2040, -474199, -12 
1721374668075.00, -1917, -474241, -9 
1721374668098.00, -1136, -474282, -9 
1721374668127.00, -646, -474307, -11 
1721374668140.00, -1040, -474321, -8 
1721374668161.00, -559, -474341, -3 
1721374668182.00, -328, -474355, -7 
1721374668203.00, -149, -474361, -9 
1721374668230.00, -55, -474364, -9 
1721374668246.00, 0, -474365, -8 
1721374668267.00, 0, -474366, -5 
1721374668288.00, 0, -474366, -5 
1721374668309.00, 0, -474366, -4 
1721374668338.00, 0, -474367, -3 
1721374668351.00, 0, -474366, -2 
1721374668371.00, 0, -474367, -4 
1721374668393.00, 1, -474367, -8 
1721374668414.00, 0, -474367, -10 
1721374668437.00, 0, -474367, -9 
1721374668457.00, 0, -474367, -3 
1721374668478.00, 4, -474367, -1 
1721374668499.00, 0, -474368, -4 
1721374668520.00, 0, -474367, -2 
1721374668541.00, 0, -474367, 0 
1721374668562.00, 0, -474367, -2 
1721374668584.00, 0, -474369, -7 
1721374668605.00, 0, -474369, -11 
1721374668625.00, -706, -474368, -11 
1721374668647.00, -1146, -474379, -2 
1721374668669.00, -731, -474402, 6 
1721374668689.00, -406, -474418, -1 
1721374668711.00, -216, -474428, -10 
1721374668733.00, 0, -474431, -10 
1721374668754.00, 0, -474432, -1 
1721374668774.00, 0, -474432, 4 
1721374668796.00, 0, -474433, -2 
1721374668816.00, 0, -474432, -5 
1721374668838.00, 0, -474432, 3 
1721374668859.00, 0, -474431, 13 
1721374668880.00, 67, -474430, 27 
1721374668902.00, 1548, -474425, 24 
1721374668923.00, 2356, -474404, -1 
1721374668945.00, 1413, -474357, 3 
1721374668966.00, 845, -474324, 27 
1721374668991.00, 2200, -474304, 40 
1721374669009.00, 3732, -474260, 31 
1721374669030.00, 4146, -474184, 25 
1721374669052.00, 4184, -474092, 34 
1721374669074.00, 4424, -474005, 37 
1721374669095.00, 4741, -473907, 40 
1721374669116.00, 5366, -473803, 34 
1721374669138.00, 5181, -473694, 19 
1721374669159.00, 4269, -473580, 17 
1721374669181.00, 3456, -473486, 16 
1721374669202.00, 3125, -473414, 0 
1721374669223.00, 1850, -473351, -15 
1721374669245.00, 138, -473307, -10 
1721374669266.00, 0, -473301, 4 
1721374669288.00, -66, -473300, 5 
1721374669308.00, 0, -473300, 8 
1721374669329.00, 0, -473300, 2 
1721374669350.00, 0, -473300, 2 
1721374669371.00, 0, -473300, 14 
1721374669392.00, 708, -473299, 12 
1721374669414.00, 1138, -473289, -22 
1721374669436.00, -66, -473267, -32 
1721374669457.00, -1724, -473267, -6 
1721374669478.00, -927, -473292, 7 
1721374669499.00, -495, -473310, 18 
1721374669520.00, 88, -473312, 43 
1721374669542.00, 2324, -473309, 49 
1721374669564.00, 4512, -473275, 26 
1721374669587.00, 4270, -473184, 14 
1721374669607.00, 3385, -473087, 31 
1721374669627.00, 3861, -473011, 67 
1721374669650.00, 6295, -472930, 61 
1721374669670.00, 7403, -472799, 49 
1721374669693.00, 7458, -472639, 49 
1721374669714.00, 7328, -472478, 53 
1721374669735.00, 7639, -472318, 51 
1721374669759.00, 7487, -472158, 52 
1721374669778.00, 7407, -471996, 50 
1721374669799.00, 7462, -471837, 44 
1721374669821.00, 7211, -471679, 35 
1721374669843.00, 6105, -471530, 24 
1721374669866.00, 5007, -471393, 25 
1721374669886.00, 4457, -471289, 18 
1721374669907.00, 3760, -471197, 9 
1721374669928.00, 2187, -471119, 8 
1721374669949.00, 1230, -471072, 10 
1721374669973.00, 0, -471044, 8 
1721374669992.00, 10, -471042, 4 
1721374670013.00, 7, -471042, -6 
1721374670034.00, 0, -471042, 2 
1721374670055.00, 0, -471041, 9 
1721374670083.00, 0, -471041, 8 
1721374670097.00, 0, -471042, 3 
1721374670118.00, 4, -471042, -7 
1721374670140.00, 2, -471043, -17 
1721374670161.00, -819, -471043, -18 
1721374670186.00, -1521, -471052, -11 
1721374670204.00, -1545, -471080, -8 
1721374670225.00, -928, -471110, -12 
1721374670247.00, -1262, -471131, -17 
1721374670268.00, -1787, -471157, -25 
1721374670290.00, -2613, -471195, -29 
1721374670311.00, -3193, -471247, -17 
1721374670332.00, -2924, -471315, -12 
1721374670355.00, -2433, -471375, -17 
1721374670375.00, -2425, -471427, -17 
1721374670397.00, -2441, -471478, -16 
1721374670418.00, -2411, -471530, -15 
1721374670440.00, -2318, -471583, -16 
1721374670461.00, -2220, -471631, -10 
1721374670482.00, -59, -471678, 3 
1721374670503.00, 0, -471685, -24 
1721374670525.00, -1436, -471686, -23 
1721374670546.00, -2301, -471711, -5 
1721374670568.00, -1513, -471759, 2 
1721374670589.00, -950, -471791, -8 
1721374670610.00, -582, -471811, 7 
1721374670631.00, -388, -471825, -2 
1721374670653.00, -230, -471835, -29 
1721374670674.00, -1890, -471839, -18 
1721374670696.00, -2286, -471876, 26 
1721374670717.00, 1, -471926, 0 
1721374670738.00, 0, -471932, -31 
1721374670760.00, -1801, -471931, -16 
1721374670781.00, -1987, -471962, 11 
1721374670802.00, -393, -472007, -8 
1721374670823.00, -159, -472018, -12 
1721374670845.00, -810, -472022, -5 
1721374670866.00, -461, -472040, -10 
1721374670887.00, 0, -472050, -20 
1721374670908.00, -1165, -472050, -3 
1721374670933.00, -765, -472072, 14 
1721374670951.00, 24, -472092, -25 
1721374670972.00, -1329, -472093, -30 
1721374670994.00, -2649, -472114, 10 
1721374671015.00, 0, -472167, 17 
1721374671036.00, 600, -472175, -31 
1721374671058.00, -985, -472168, -29 
1721374671080.00, -2276, -472181, 23 
1721374671101.00, -56, -472227, 26 
1721374671122.00, 926, -472236, -12 
1721374671143.00, 0, -472224, -39 
1721374671165.00, -2138, -472224, -44 
1721374671186.00, -3878, -472260, -24 
1721374671208.00, -3800, -472340, -8 
1721374671229.00, -2425, -472421, -7 
1721374671251.00, -1489, -472474, -9 
1721374671272.00, -929, -472507, -10 
1721374671293.00, 0, -472528, -12 
1721374671315.00, -747, -472530, -8 
1721374671335.00, -508, -472542, 4 
1721374671357.00, -368, -472553, 3 
1721374671378.00, -293, -472561, 1 
1721374671399.00, -250, -472567, -4 
1721374671421.00, -230, -472574, -10 
1721374671441.00, 0, -472579, -20 
1721374671464.00, -1259, -472581, -26 
1721374671485.00, -2405, -472605, 0 
1721374671511.00, -1578, -472653, 14 
1721374671527.00, -150, -472691, -11 
1721374671548.00, -787, -472699, -30 
1721374671570.00, -2277, -472715, -17 
1721374671592.00, -2378, -472762, -1 
1721374671614.00, -1461, -472815, -1 
1721374671634.00, -925, -472848, -16 
1721374671656.00, -1527, -472869, -17 
1721374671677.00, -1961, -472900, -12 
1721374671698.00, -1972, -472944, -22 
1721374671725.00, -2578, -472986, -23 
1721374671741.00, -2858, -473039, -17 
1721374671763.00, -2764, -473103, -23 
1721374671784.00, -3060, -473162, -26 
1721374671805.00, -3397, -473229, -22 
1721374671827.00, -3505, -473305, -31 
1721374671849.00, -3915, -473381, -39 
1721374671870.00, -4685, -473465, -29 
1721374671892.00, -4503, -473562, -12 
1721374671913.00, -3445, -473663, -26 
1721374671934.00, -3576, -473739, -37 
1721374671956.00, -4340, -473819, -40 
1721374671977.00, -5044, -473908, -10 
1721374671998.00, 0, -474012, 0 
1721374672020.00, 1, -474023, -51 
1721374672041.00, -2931, -474026, -59 
1721374672062.00, -5316, -474080, -14 
1721374672086.00, -3876, -474190, 13 
1721374672106.00, -1622, -474278, 8 
1721374672127.00, -921, -474319, -39 
1721374672148.00, -2793, -474341, -48 
1721374672170.00, -4580, -474393, -4 
1721374672190.00, -2723, -474486, 3 
1721374672212.00, -1586, -474549, -26 
1721374672234.00, -2510, -474587, -40 
1721374672255.00, -3881, -474637, -35 
1721374672277.00, -4373, -474716, -33 
1721374672298.00, -4485, -474809, -24 
1721374672319.00, -4193, -474905, -17 
1721374672341.00, -3533, -474994, -22 
1721374672363.00, -3441, -475073, -24 
1721374672385.00, -3599, -475144, -20 
1721374672406.00, -3322, -475219, -14 
1721374672437.00, -2739, -475287, -5 
1721374672448.00, -1613, -475346, -3 
1721374672469.00, -922, -475380, 0 
1721374672492.00, -472, -475402, 8 
1721374672512.00, -261, -475412, 12 
1721374672533.00, 55, -475417, 4 
1721374672553.00, 0, -475414, 4 
1721374672576.00, 21, -475415, 4 
1721374672596.00, 0, -475416, 9 
1721374672618.00, 0, -475415, 16 
1721374672639.00, 820, -475414, 27 
1721374672662.00, 2074, -475402, 26 
1721374672682.00, 2831, -475361, 26 
1721374672703.00, 3277, -475302, 26 
1721374672725.00, 3611, -475233, 27 
1721374672746.00, 3827, -475161, 27 
1721374672768.00, 3880, -475080, 17 
1721374672789.00, 3335, -474998, 2 
1721374672810.00, 1942, -474926, 1 
1721374672831.00, 1184, -474885, 0 
1721374672853.00, 738, -474861, -3 
1721374672875.00, 395, -474845, 4 
1721374672895.00, 362, -474836, 8 
1721374672917.00, 93, -474817, 106 
1721374672939.00, 6540, -474822, 45 
1721374672960.00, 6536, -474694, 26 
1721374672981.00, 5387, -474556, 27 
1721374673003.00, 4590, -474436, 62 
1721374673025.00, 6454, -474338, 20 
1721374673046.00, 5073, -474208, -2 
1721374673067.00, 3096, -474095, -2 
1721374673089.00, 1805, -474027, 1 
1721374673110.00, 1021, -473988, 0 
1721374673132.00, 496, -473964, -1 
1721374673153.00, 248, -473955, -23 
1721374673174.00, -893, -473951, -13 
1721374673196.00, -1258, -473960, -15 
1721374673217.00, -1622, -473982, -14 
1721374673239.00, -1884, -474014, -13 
1721374673260.00, -1966, -474054, -25 
1721374673282.00, -2761, -474096, -26 
1721374673303.00, -3217, -474154, -10 
1721374673325.00, -46, -474223, -10 
1721374673346.00, 0, -474230, -33 
1721374673368.00, -1902, -474231, -27 
1721374673388.00, -2787, -474267, -12 
1721374673410.00, -2460, -474326, -4 
1721374673431.00, -1597, -474378, -7 
1721374673452.00, -1064, -474412, -14 
1721374673478.00, -1517, -474436, -22 
1721374673495.00, -2339, -474470, -23 
1721374673517.00, -2757, -474518, -26 
1721374673539.00, -3342, -474579, -39 
1721374673560.00, -4414, -474647, -39 
1721374673581.00, -5157, -474736, -30 
1721374673603.00, -4982, -474843, -16 
1721374673624.00, -4120, -474949, -13 
1721374673646.00, -3331, -475035, -15 
1721374673667.00, -3031, -475107, -24 
1721374673689.00, -3273, -475172, -26 
1721374673710.00, -3583, -475242, -33 
1721374673731.00, -4108, -475317, -39 
1721374673753.00, -4738, -475405, -25 
1721374673774.00, -4444, -475506, -20 
1721374673801.00, -3733, -475601, -23 
1721374673818.00, -3637, -475684, -17 
1721374673839.00, -3191, -475763, -5 
1721374673861.00, -1944, -475835, -16 
1721374673882.00, -2187, -475879, -14 
1721374673907.00, -2195, -475925, -2 
1721374673925.00, -1276, -475972, 4 
1721374673946.00, -738, -476002, -1 
1721374673967.00, -393, -476017, 0 
1721374673988.00, -246, -476027, 8 
1721374674010.00, -142, -476031, 10 
1721374674031.00, 0, -476035, 12 
1721374674052.00, 63, -476034, 16 
1721374674073.00, 860, -476028, 25 
1721374674094.00, 1906, -476019, 12 
1721374674116.00, 1863, -475981, 15 
1721374674138.00, 2072, -475939, 32 
1721374674159.00, 3108, -475893, 61 
1721374674180.00, 5541, -475827, 38 
1721374674202.00, 5444, -475712, 17 
1721374674223.00, 4238, -475590, 5 
1721374674245.00, 2544, -475498, 5 
1721374674266.00, 1448, -475441, 14 
1721374674288.00, 1601, -475410, 22 
1721374674309.00, 2254, -475374, 10 
1721374674330.00, 0, -475329, -1 
1721374674357.00, 0, -475323, 9 
1721374674373.00, 0, -475324, -5 
1721374674393.00, 0, -475324, -7 
1721374674415.00, 0, -475324, -4 
1721374674435.00, 0, -475325, -12 
1721374674459.00, -86, -475325, -12 
1721374674479.00, -691, -475330, -8 
1721374674500.00, -394, -475342, -1 
1721374674521.00, -272, -475350, -10 
1721374674542.00, 0, -475356, -22 
1721374674566.00, -1376, -475356, -24 
1721374674585.00, -2254, -475383, -29 
1721374674607.00, -3055, -475432, -51 
1721374674627.00, -4910, -475498, -51 
1721374674650.00, -6097, -475597, -26 
1721374674673.00, -5130, -475726, -19 
1721374674692.00, -4285, -475840, -24 
1721374674714.00, -3932, -475936, -30 
1721374674734.00, -4168, -476025, -26 
1721374674757.00, -3926, -476110, -22 
1721374674778.00, -3691, -476197, -20 
1721374674800.00, -3273, -476276, -16 
1721374674821.00, -2847, -476350, -18 
1721374674843.00, -2777, -476413, -18 
1721374674864.00, -2778, -476473, -18 
1721374674886.00, -2719, -476533, -15 
1721374674907.00, -2582, -476593, -11 
1721374674928.00, -2171, -476647, -8 
1721374674950.00, -1215, -476695, -9 
1721374674972.00, -699, -476725, -12 
1721374674993.00, -1099, -476739, -14 
1721374675014.00, -1490, -476762, -12 
1721374675036.00, -1606, -476795, -13 
1721374675057.00, -1683, -476831, -12 
1721374675079.00, -1633, -476867, -9 
1721374675100.00, -924, -476902, -8 
1721374675121.00, -459, -476922, -10 
1721374675142.00, 0, -476932, -7 
1721374675163.00, 0, -476932, -5 
1721374675184.00, 0, -476933, -3 
1721374675206.00, 0, -476933, -3 
1721374675227.00, 0, -476933, -3 
1721374675248.00, 0, -476933, -1 
1721374675269.00, 0, -476933, -1 
1721374675290.00, 0, -476933, -2 
1721374675311.00, 0, -476933, 1 
1721374675332.00, 0, -476932, 9 
1721374675354.00, 5, -476932, 16 
1721374675375.00, 140, -476930, 21 
1721374675396.00, 1222, -476924, 24 
1721374675417.00, 2100, -476903, 17 
1721374675439.00, 2350, -476862, 17 
1721374675461.00, 2498, -476814, 14 
1721374675482.00, 2311, -476759, 13 
1721374675505.00, 2172, -476707, 16 
1721374675525.00, 2390, -476660, 22 
1721374675546.00, 2779, -476610, 25 
1721374675568.00, 3214, -476550, 20 
1721374675590.00, 3144, -476481, 14 
1721374675611.00, 2684, -476413, 12 
1721374675632.00, 2274, -476353, 15 
1721374675654.00, 2274, -476303, 13 
1721374675675.00, 2069, -476254, 10 
1721374675696.00, 0, -476210, 7 
1721374675717.00, 0, -476206, 14 
1721374675738.00, 733, -476205, 6 
1721374675759.00, 369, -476192, 6 
1721374675781.00, 170, -476184, 9 
1721374675802.00, 62, -476181, -1 
1721374675823.00, 67, -476180, -7 
1721374675845.00, 28, -476179, -7 
1721374675866.00, 7, -476178, -11 
1721374675888.00, -49, -476179, -4 
1721374675909.00, 0, -476183, -10 
1721374675930.00, 0, -476181, -17 
1721374675951.00, -879, -476181, -17 
1721374675973.00, -1562, -476193, -9 
1721374675994.00, -963, -476223, 0 
1721374676015.00, -591, -476244, -14 
1721374676037.00, -1201, -476258, -33 
1721374676059.00, -2664, -476281, -27 
1721374676079.00, -3233, -476340, -13 
1721374676100.00, -2798, -476410, -26 
1721374676123.00, -3282, -476472, -45 
1721374676144.00, -4657, -476541, -32 
1721374676165.00, -4688, -476638, -17 
1721374676187.00, -3920, -476740, -25 
1721374676208.00, -3669, -476826, -31 
1721374676231.00, -3935, -476907, -19 
1721374676251.00, -3433, -476990, -3 
1721374676272.00, -1914, -477068, -18 
1721374676294.00, -2178, -477116, -23 
1721374676321.00, -2582, -477162, -17 
1721374676336.00, -2535, -477216, -10 
1721374676357.00, 0, -477270, -9 
1721374676379.00, 0, -477273, -6 
1721374676400.00, 0, -477275, -1 
1721374676424.00, 0, -477275, 5 
1721374676442.00, 0, -477276, -1 
1721374676463.00, 0, -477275, 0 
1721374676485.00, 0, -477275, -8 
1721374676505.00, 0, -477277, -10 
1721374676531.00, 0, -477276, -6 
1721374676548.00, 0, -477277, -9 
1721374676569.00, 0, -477276, -5 
1721374676590.00, 0, -477275, -7 
1721374676611.00, 0, -477275, -6 
1721374676632.00, 0, -477275, -4 
1721374676654.00, -51, -477275, 3 
1721374676675.00, 0, -477274, 9 
1721374676696.00, 0, -477275, 5 
1721374676717.00, 0, -477274, 2 
1721374676738.00, 0, -477275, 4 
1721374676758.00, 0, -477274, 6 
1721374676780.00, 0, -477274, 8 
1721374676801.00, 0, -477273, 10 
1721374676821.00, 0, -477275, 10 
1721374676843.00, 0, -477274, 7 
1721374676865.00, 0, -477273, 5 
1721374676885.00, 0, -477274, 2 
1721374676906.00, -5, -477274, -2 
1721374676927.00, 0, -477275, -2 
1721374676948.00, 0, -477274, 8 
1721374676970.00, 0, -477274, 15 
1721374676991.00, 199, -477273, 18 
1721374677012.00, 1132, -477266, 16 
1721374677033.00, 1659, -477246, 4 
1721374677055.00, 987, -477216, -2 
1721374677076.00, 564, -477193, 0 
1721374677098.00, 332, -477181, -1 
1721374677119.00, 211, -477174, 5 
1721374677140.00, 117, -477170, 4 
1721374677162.00, 58, -477169, -1 
1721374677182.00, 62, -477168, -7 
1721374677204.00, 31, -477166, -6 
1721374677226.00, 68, -477166, -1 
1721374677247.00, 54, -477165, -7 
1721374677268.00, 62, -477163, -4 
1721374677289.00, 61, -477163, -7 
1721374677310.00, 48, -477162, -8 
1721374677333.00, 46, -477161, -8 
1721374677353.00, 23, -477161, -15 
1721374677375.00, -105, -477160, -5 
1721374677395.00, 0, -477165, -7 
1721374677417.00, 0, -477164, -14 
1721374677438.00, -762, -477164, -6 
1721374677459.00, -431, -477173, 12 
1721374677481.00, 7, -477181, 7 
1721374677502.00, 0, -477180, -5 
1721374677528.00, 0, -477180, -1 
1721374677544.00, -58, -477179, 3 
1721374677565.00, 0, -477179, 15 
1721374677586.00, 700, -477178, 16 
1721374677608.00, 1310, -477171, 13 
1721374677638.00, 1544, -477146, 6 
1721374677650.00, 916, -477113, 5 
1721374677672.00, 523, -477093, 9 
1721374677693.00, 294, -477080, 10 
1721374677714.00, 0, -477074, 9 
1721374677741.00, 1, -477074, 5 
1721374677756.00, 0, -477073, 4 
1721374677777.00, 0, -477073, 9 
1721374677798.00, 0, -477071, 21 
1721374677820.00, 1225, -477070, 24 
1721374677840.00, 2138, -477047, 17 
1721374677862.00, 2333, -477000, 13 
1721374677884.00, 2199, -476952, 6 
1721374677907.00, 1320, -476906, 0 
1721374677926.00, 712, -476877, 3 
1721374677948.00, 379, -476861, 2 
1721374677969.00, 198, -476852, 2 
1721374677991.00, 69, -476847, 4 
1721374678012.00, 67, -476846, 0 
1721374678033.00, 33, -476845, 6 
1721374678054.00, 65, -476845, 2 
1721374678076.00, -1, -476844, 4 
1721374678096.00, 0, -476843, 2 
1721374678117.00, 1, -476845, -6 
1721374678138.00, 0, -476844, -8 
1721374678160.00, 26, -476844, -10 
1721374678181.00, 0, -476843, -15 
1721374678202.00, -131, -476844, -9 
1721374678223.00, 0, -476849, -3 
1721374678245.00, 0, -476849, -17 
1721374678265.00, -875, -476849, -13 
1721374678289.00, -1276, -476863, -5 
1721374678308.00, -737, -476889, -9 
1721374678330.00, -392, -476903, -16 
1721374678351.00, -1258, -476914, -14 
1721374678373.00, -1594, -476937, -21 
1721374678396.00, -2294, -476973, -23 
1721374678416.00, -2697, -477021, -27 
1721374678437.00, -3214, -477079, -18 
1721374678458.00, -2918, -477147, -12 
1721374678480.00, -2375, -477209, 0 
1721374678511.00, -1391, -477260, 11 
1721374678523.00, -68, -477291, 31 
1721374678544.00, 1459, -477294, 31 
1721374678566.00, 2624, -477270, 38 
1721374678587.00, 3937, -477220, 46 
1721374678615.00, 5056, -477137, 58 
1721374678630.00, 6449, -477031, 52 
1721374678651.00, 7040, -476892, 56 
1721374678673.00, 7565, -476740, 55 
1721374678694.00, 7951, -476579, 56 
1721374678718.00, 7978, -476409, 45 
1721374678737.00, 7288, -476232, 39 
1721374678759.00, 6538, -476076, 24 
1721374678780.00, 5349, -475934, 6 
1721374678802.00, 3177, -475821, -24 
1721374678829.00, 293, -475749, -35 
1721374678845.00, -1497, -475738, -48 
1721374678866.00, -3669, -475766, -70 
1721374678888.00, -6422, -475842, -94 
1721374678909.00, -9515, -475981, -112 
1721374678932.00, -12274, -476182, -132 
1721374678952.00, -15540, -476451, -150 
1721374678973.00, -18009, -476785, -164 
1721374678996.00, -20309, -477182, -175 
1721374679017.00, -22612, -477624, -182 
1721374679039.00, -24289, -478103, -199 
1721374679060.00, -26427, -478628, -200 
1721374679082.00, -27745, -479199, -204 
1721374679104.00, -28648, -479802, -216 
1721374679126.00, -30176, -480431, -234 
1721374679147.00, -32121, -481075, -249 
1721374679169.00, -34129, -481754, -254 
1721374679190.00, -35491, -482493, -274 
1721374679212.00, -37562, -483272, -314 
1721374679234.00, -41093, -484092, -343 
1721374679255.00, -44983, -484972, -347 
1721374679277.00, -47461, -485942, -350 
1721374679298.00, -48958, -486982, -375 
1721374679320.00, -51521, -488033, -375 
1721374679342.00, -53128, -489139, -363 
1721374679363.00, -53148, -490305, -447 
1721374679393.00, -58121, -491448, -407 
1721374679410.00, -58809, -492714, -400 
1721374679428.00, -58570, -493990, -416 
1721374679450.00, -59554, -495251, -421 
1721374679472.00, -60228, -496547, -418 
1721374679495.00, -60563, -497843, -424 
1721374679514.00, -61088, -499159, -418 
1721374679537.00, -60831, -500497, -428 
1721374679558.00, -61362, -501810, -420 
1721374679580.00, -61281, -503149, -419 
1721374679604.00, -60951, -504463, -421 
1721374679623.00, -61136, -505788, -417 
1721374679644.00, -60875, -507121, -429 
1721374679667.00, -61264, -508431, -417 
1721374679688.00, -60975, -509774, -425 
1721374679710.00, -61035, -511080, -426 
1721374679731.00, -61120, -512408, -411 
1721374679753.00, -60501, -513736, -425 
1721374679775.00, -60819, -515036, -420 
1721374679796.00, -60731, -516369, -424 
1721374679818.00, -60808, -517674, -422 
1721374679839.00, -60583, -518999, -414 
1721374679861.00, -60246, -520318, -420 
1721374679882.00, -60154, -521608, -401 
1721374679905.00, -59111, -522925, -408 
1721374679930.00, -58779, -524197, -416 
1721374679948.00, -58923, -525481, -407 
1721374679969.00, -58838, -526762, -411 
1721374679991.00, -58880, -528025, -405 
1721374680012.00, -58555, -529309, -420 
1721374680034.00, -59113, -530566, -425 
1721374680055.00, -59635, -531854, -413 
1721374680077.00, -59400, -533160, -430 
1721374680099.00, -60259, -534439, -425 
1721374680121.00, -60444, -535750, -424 
1721374680143.00, -60424, -537055, -435 
1721374680164.00, -60989, -538364, -432 
1721374680186.00, -61364, -539692, -444 
1721374680208.00, -62055, -541016, -429 
1721374680229.00, -61722, -542375, -435 
1721374680251.00, -62118, -543703, -453 
1721374680273.00, -63049, -545044, -445 
1721374680293.00, -63207, -546412, -457 
1721374680316.00, -64157, -547778, -450 
1721374680337.00, -64105, -549176, -455 
1721374680359.00, -64225, -550568, -456 
1721374680381.00, -64520, -551965, -458 
1721374680402.00, -64755, -553358, -472 
1721374680424.00, -65749, -554758, -459 
1721374680445.00, -65540, -556191, -478 
1721374680467.00, -66548, -557612, -467 
1721374680489.00, -66607, -559060, -471 
1721374680510.00, -66808, -560492, -472 
1721374680532.00, -66799, -561940, -477 
1721374680554.00, -67065, -563382, -484 
1721374680575.00, -67805, -564848, -470 
1721374680597.00, -67654, -566319, -479 
1721374680618.00, -67863, -567776, -471 
1721374680640.00, -67444, -569251, -481 
1721374680663.00, -67566, -570699, -452 
1721374680686.00, -66082, -572171, -440 
1721374680705.00, -64646, -573602, -427 
1721374680727.00, -62807, -575009, -422 
1721374680748.00, -61375, -576362, -416 
1721374680770.00, -60160, -577692, -398 
1721374680792.00, -58316, -578994, -403 
1721374680813.00, -57854, -580254, -400 
1721374680835.00, -57036, -581512, -407 
1721374680857.00, -57196, -582753, -423 
1721374680878.00, -58079, -583989, -431 
1721374680900.00, -59126, -585253, -442 
1721374680921.00, -60506, -586526, -446 
1721374680943.00, -61554, -587841, -458 
1721374680965.00, -62889, -589173, -467 
1721374680986.00, -64187, -590536, -460 
1721374681010.00, -64505, -591927, -474 
1721374681030.00, -65481, -593321, -465 
1721374681051.00, -37748, -594734, -458 
1721374681073.00, -20776, -595581, -541 
1721374681095.00, -10750, -596046, -467 
1721374681116.00, -5095, -596291, -491 
1721374681138.00, -1718, -596404, -482 
1721374681159.00, -5, -596447, -514 
1721374681181.00, 745, -596452, -503 
1721374681202.00, 1624, -596443, -505 
1721374681223.00, 2174, -596412, -484 
1721374681253.00, 2552, -596363, -464 
1721374681267.00, 2583, -596308, -444 
1721374681288.00, 2596, -596250, -428 
1721374681310.00, 2639, -596197, -415 
1721374681332.00, 2547, -596139, -401 
1721374681361.00, 2516, -596081, -377 
1721374681375.00, 2561, -596025, -354 
1721374681397.00, 2577, -595970, -330 
1721374681418.00, 2410, -595914, -303 
1721374681440.00, 2308, -595860, -296 
1721374681466.00, 2264, -595811, -309 
1721374681483.00, 2169, -595763, -319 
1721374681505.00, 2199, -595716, -311 
1721374681527.00, 2221, -595669, -298 
1721374681548.00, 2182, -595621, -287 
1721374681582.00, 2040, -595572, -280 
1721374681591.00, 1869, -595526, -270 
1721374681613.00, 1833, -595484, -286 
1721374681635.00, 1775, -595447, -304 
1721374681657.00, 1732, -595410, -306 
1721374681679.00, 1675, -595372, -293 
1721374681700.00, 1585, -595333, -275 
1721374681723.00, 1569, -595299, -281 
1721374681743.00, 1498, -595266, -288 
1721374681764.00, 1507, -595234, -311 
1721374681791.00, 1468, -595202, -308 
1721374681808.00, 1417, -595172, -320 
1721374681830.00, 1375, -595142, -334 
1721374681852.00, 1369, -595112, -343 
1721374681872.00, 1350, -595082, -346 
1721374681901.00, 1275, -595052, -340 
1721374681916.00, 1257, -595021, -332 
1721374681938.00, 1207, -594995, -339 
1721374681959.00, 1202, -594968, -353 
1721374681981.00, 1221, -594944, -369 
1721374682009.00, 1222, -594919, -374 
1721374682024.00, 1212, -594891, -375 
1721374682046.00, 1182, -594865, -372 
1721374682068.00, 1130, -594838, -359 
1721374682089.00, 1164, -594813, -345 
1721374682114.00, 1135, -594788, -337 
1721374682133.00, 1104, -594764, -333 
1721374682154.00, 993, -594741, -328 
1721374682176.00, 933, -594719, -336 
1721374682197.00, 904, -594698, -351 
1721374682227.00, 867, -594679, -356 
1721374682240.00, 854, -594662, -355 
1721374682262.00, 794, -594643, -349 
1721374682283.00, 754, -594625, -340 
1721374682305.00, 749, -594608, -335 
1721374682333.00, 757, -594591, -339 
1721374682348.00, 813, -594575, -342 
1721374682369.00, 721, -594559, -335 
1721374682391.00, 731, -594542, -341 
1721374682413.00, 730, -594527, -330 
1721374682435.00, 689, -594509, -322 
1721374682456.00, 645, -594494, -314 
1721374682477.00, 605, -594480, -314 
1721374682499.00, 565, -594467, -309 
1721374682521.00, 492, -594455, -310 
1721374682542.00, 494, -594443, -332 
1721374682564.00, 522, -594434, -336 
1721374682584.00, 537, -594424, -337 
1721374682607.00, 522, -594412, -339 
1721374682628.00, 511, -594401, -342 
1721374682649.00, 476, -594389, -344 
1721374682671.00, 493, -594379, -351 
1721374682693.00, 541, -594370, -369 
1721374682714.00, 510, -594359, -368 
1721374682736.00, 493, -594347, -368 
1721374682757.00, 461, -594336, -372 
1721374682779.00, 451, -594326, -373 
1721374682800.00, 406, -594317, -374 
1721374682822.00, 353, -594308, -383 
1721374682843.00, 372, -594300, -394 
1721374682865.00, 402, -594293, -394 
1721374682887.00, 408, -594284, -388 
1721374682908.00, 361, -594276, -390 
1721374682930.00, 353, -594268, -397 
1721374682951.00, 344, -594260, -400 
1721374682973.00, 335, -594253, -404 
1721374682994.00, 378, -594246, -401 
1721374683015.00, 378, -594236, -392 
1721374683037.00, 397, -594229, -388 
1721374683059.00, 349, -594221, -389 
1721374683081.00, 334, -594214, -393 
1721374683102.00, 339, -594206, -395 
1721374683124.00, 292, -594198, -390 
1721374683146.00, 331, -594192, -405 
1721374683167.00, 328, -594184, -401 
1721374683189.00, 307, -594177, -392 
1721374683210.00, 309, -594171, -397 
1721374683232.00, 314, -594165, -400 
1721374683253.00, 289, -594159, -390 
1721374683275.00, 247, -594151, -390 
1721374683296.00, 233, -594146, -398 
1721374683318.00, 221, -594141, -396 
1721374683339.00, 219, -594135, -396 
1721374683360.00, 230, -594130, -393 
1721374683382.00, 232, -594126, -388 
1721374683404.00, 229, -594120, -385 
1721374683426.00, 219, -594116, -389 
1721374683447.00, 200, -594112, -389 
1721374683468.00, 174, -594107, -389 
1721374683490.00, 187, -594103, -388 
1721374683511.00, 211, -594101, -386 
1721374683536.00, 209, -594097, -385 
1721374683554.00, 196, -594092, -380 
1721374683576.00, 186, -594086, -377 
1721374683597.00, 168, -594082, -380 
1721374683619.00, 174, -594079, -383 
1721374683643.00, 167, -594075, -382 
1721374683662.00, 156, -594071, -379 
1721374683683.00, 142, -594067, -379 
1721374683705.00, 148, -594065, -383 
1721374683727.00, 157, -594061, -381 
1721374683748.00, 156, -594058, -381 
1721374683772.00, 147, -594053, -380 
1721374683792.00, 156, -594051, -379 
1721374683813.00, 164, -594048, -377 
1721374683835.00, 152, -594045, -374 
1721374683856.00, 157, -594041, -373 
1721374683878.00, 139, -594038, -373 
1721374683899.00, 123, -594035, -374 
1721374683921.00, 96, -594032, -374 
1721374683942.00, 107, -594030, -375 
1721374683964.00, 116, -594027, -377 
1721374683985.00, 128, -594025, -377 
1721374684007.00, 133, -594022, -377 
1721374684028.00, 117, -594020, -374 
1721374684050.00, 108, -594016, -372 
1721374684071.00, 110, -594015, -374 
1721374684092.00, 115, -594013, -375 
1721374684114.00, 123, -594010, -372 
1721374684136.00, 132, -594006, -367 
1721374684157.00, 153, -594003, -362 
1721374684179.00, 197, -594001, -361 
1721374684201.00, 213, -593997, -356 
1721374684222.00, 186, -593992, -352 
1721374684244.00, 148, -593989, -347 
1721374684265.00, 133, -593984, -341 
1721374684287.00, 93, -593981, -334 
1721374684308.00, 77, -593979, -332 
1721374684329.00, 90, -593977, -328 
1721374684351.00, 116, -593975, -317 
1721374684372.00, 149, -593972, -299 
1721374684394.00, 174, -593968, -276 
1721374684416.00, 185, -593963, -253 
1721374684438.00, 198, -593957, -230 
1721374684459.00, 226, -593953, -204 
1721374684480.00, 219, -593945, -164 
1721374684501.00, 210, -593937, -122 
1721374684527.00, 222, -593930, -88 
1721374684545.00, 181, -593922, -45 
1721374684567.00, 129, -593918, -24 
1721374684588.00, 75, -593914, -12 
1721374684609.00, 63, -593911, -12 
1721374684630.00, 56, -593910, -8 
1721374684651.00, -5, -593910, -11 
1721374684672.00, 0, -593909, -11 
1721374684694.00, 1, -593909, -10 
1721374684715.00, 0, -593907, -8 
1721374684742.00, 11, -593906, -10 
1721374684758.00, 0, -593908, -11 
1721374684779.00, 0, -593907, -9 
1721374684799.00, 0, -593907, -8 
1721374684821.00, 0, -593907, -9 
1721374684850.00, 16, -593907, -9 
1721374684863.00, 0, -593906, -9 
1721374684885.00, 1, -593907, -9 
1721374684905.00, 0, -593906, -9 
1721374684927.00, 0, -593907, -9 
1721374684948.00, 0, -593907, -9 
1721374684972.00, 0, -593907, -9 
1721374684990.00, 0, -593907, -9 
1721374685011.00, 0, -593907, -9 
1721374685032.00, 0, -593906, -8 
1721374685054.00, 54, -593907, -8 
1721374685074.00, 0, -593907, -8 
1721374685096.00, 0, -593906, -9 
1721374685117.00, -8, -593905, -9 
1721374685138.00, 67, -593905, -9 
1721374685159.00, 12, -593906, -9 
1721374685181.00, 17, -593906, -9 
1721374685202.00, 0, -593905, -10 
1721374685224.00, 6, -593906, -10 
1721374685245.00, 1, -593905, -11 
1721374685265.00, 0, -593905, -11 
1721374685290.00, 0, -593905, -11 
1721374685309.00, 0, -593905, -12 
1721374685330.00, 0, -593906, -12 
1721374685350.00, 0, -593905, -12 
1721374685372.00, 0, -593905, -12 
1721374685401.00, 4, -593905, -12 
1721374685414.00, 5, -593906, -11 
1721374685436.00, 0, -593906, -11 
1721374685457.00, 0, -593906, -11 
1721374685478.00, 0, -593904, -11 
1721374685505.00, 0, -593905, -11 
1721374685521.00, -24, -593905, -11 
1721374685542.00, 0, -593905, -11 
1721374685563.00, 0, -593905, -12 
1721374685585.00, 5, -593905, -12 
1721374685609.00, 0, -593904, -12 
1721374685627.00, 32, -593905, -12 
1721374685648.00, -1, -593904, -12 
1721374685670.00, 26, -593905, -12 
1721374685691.00, 0, -593905, -12 
1721374685711.00, 0, -593904, -12 
1721374685733.00, 0, -593904, -12 
1721374685755.00, 0, -593904, -13 
1721374685775.00, 0, -593905, -13 
1721374685797.00, 3, -593904, -14 
1721374685819.00, 0, -593904, -14 
1721374685842.00, 0, -593905, -14 
1721374685860.00, 0, -593905, -14 
1721374685882.00, 0, -593904, -15 
1721374685903.00, 32, -593904, -15 
1721374685924.00, 58, -593904, -15 
1721374685950.00, 0, -593905, -15 
1721374685967.00, 0, -593904, -15 
1721374685988.00, 0, -593903, -15 
1721374686008.00, 0, -593904, -15 
1721374686030.00, 0, -593904, -16 
1721374686051.00, 0, -593904, -16 
1721374686073.00, 0, -593903, -16 
1721374686094.00, 14, -593903, -16 
1721374686115.00, 0, -593904, -15 
1721374686136.00, 0, -593904, -16 
1721374686159.00, 4, -593903, -16 
1721374686179.00, 2, -593903, -16 
1721374686200.00, 0, -593904, -16 
1721374686221.00, 0, -593904, -16 
1721374686243.00, 0, -593904, -16 
1721374686263.00, 70, -593904, -16 
1721374686285.00, 0, -593904, -16 
1721374686306.00, 0, -593903, -16 
1721374686328.00, 3, -593904, -16 
1721374686349.00, 0, -593903, -16 
1721374686373.00, 33, -593904, -16 
1721374686391.00, 0, -593903, -16 
1721374686413.00, 47, -593904, -16 
1721374686434.00, 0, -593904, -15 
1721374686455.00, 0, -593903, -15 
1721374686476.00, 0, -593903, -15 
1721374686498.00, 33, -593903, -15 
1721374686519.00, 0, -593903, -15 
1721374686541.00, 26, -593904, -15 
1721374686561.00, -2, -593903, -15 
1721374686583.00, -2, -593903, -15 
1721374686604.00, 0, -593903, -15 
1721374686625.00, 1, -593903, -15 
1721374686647.00, 0, -593903, -15 
1721374686668.00, 0, -593903, -15 
1721374686688.00, 0, -593903, -16 
1721374686712.00, 50, -593903, -15 
1721374686731.00, 0, -593903, -15 
1721374686752.00, -4, -593903, -15 
1721374686773.00, 0, -593902, -16 
1721374686795.00, 0, -593903, -16 
1721374686823.00, 0, -593903, -15 
1721374686837.00, 67, -593902, -14 
1721374686858.00, 0, -593903, -15 
1721374686880.00, 0, -593903, -16 
1721374686901.00, -3, -593903, -15 
1721374686926.00, 0, -593902, -15 
1721374686944.00, 17, -593903, -16 
1721374686964.00, 0, -593902, -16 
1721374686986.00, -46, -593902, -15 
1721374687007.00, 0, -593902, -15 
1721374687039.00, -3, -593902, -15 
1721374687050.00, 0, -593902, -15 
1721374687070.00, 0, -593902, -15 
1721374687092.00, 0, -593902, -15 
1721374687113.00, 0, -593903, -15 
1721374687134.00, 0, -593902, -14 
1721374687156.00, 0, -593902, -14 
1721374687177.00, 51, -593902, -14 
1721374687198.00, 44, -593901, -14 
1721374687220.00, 24, -593902, -14 
1721374687241.00, 0, -593901, -14 
1721374687265.00, 57, -593901, -15 
1721374687284.00, 60, -593901, -15 
1721374687305.00, 0, -593902, -15 
1721374687326.00, 0, -593900, -15 
1721374687348.00, 0, -593902, -15 
1721374687369.00, 0, -593901, -15 
1721374687390.00, 53, -593900, -15 
1721374687411.00, 0, -593900, -15 
1721374687432.00, 0, -593900, -15 
1721374687453.00, 0, -593901, -15 
1721374687475.00, 1, -593900, -15 
1721374687496.00, 0, -593901, -14 
1721374687517.00, 0, -593900, -15 
1721374687538.00, 0, -593901, -15 
1721374687559.00, 0, -593900, -15 
1721374687581.00, 0, -593900, -15 
1721374687602.00, 8, -593900, -15 
1721374687624.00, 0, -593899, -14 
1721374687645.00, -54, -593899, -14 
1721374687666.00, 0, -593899, -14 
1721374687687.00, 20, -593899, -14 
1721374687708.00, 31, -593899, -14 
1721374687730.00, -5, -593899, -14 
1721374687751.00, 0, -593899, -14 
1721374687772.00, 0, -593900, -15 
1721374687796.00, 0, -593899, -15 
1721374687814.00, 0, -593899, -15 
1721374687836.00, 0, -593900, -15 
1721374687857.00, 0, -593898, -14 
1721374687878.00, 0, -593899, -15 
1721374687899.00, -4, -593898, -14 
1721374687920.00, 0, -593898, -14 
1721374687942.00, 0, -593899, -14 
1721374687963.00, 8, -593900, -14 
1721374687984.00, 1, -593898, -14 
1721374688005.00, 0, -593899, -14 
1721374688027.00, 0, -593899, -14 
1721374688048.00, 0, -593898, -14 
1721374688069.00, 0, -593899, -14 
1721374688090.00, 0, -593899, -14 
1721374688111.00, -1, -593899, -14 
1721374688133.00, 0, -593897, -14 
1721374688154.00, 0, -593899, -14 
1721374688175.00, 0, -593899, -14 
1721374688196.00, 0, -593898, -15 
1721374688217.00, 0, -593899, -14 
1721374688240.00, 0, -593898, -14 
1721374688260.00, 0, -593898, -14 
1721374688281.00, 0, -593898, -14 
1721374688302.00, 0, -593899, -14 
1721374688324.00, 0, -593898, -14 
1721374688344.00, 0, -593898, -14 
1721374688366.00, 0, -593898, -14 
1721374688387.00, 0, -593898, -14 
1721374688408.00, 0, -593899, -14 
1721374688429.00, 0, -593897, -14 
1721374688451.00, 2, -593899, -15 
1721374688471.00, 0, -593899, -15 
1721374688493.00, 0, -593899, -15 
1721374688515.00, 0, -593898, -15 
1721374688536.00, 0, -593898, -15 
1721374688556.00, 0, -593897, -15 
1721374688577.00, 0, -593897, -15 
1721374688599.00, 0, -593897, -15 
1721374688620.00, 0, -593898, -15 
1721374688642.00, 0, -593899, -15 
1721374688663.00, 0, -593899, -16 
1721374688684.00, 0, -593897, -16 
1721374688705.00, 0, -593898, -16 
1721374688726.00, 0, -593898, -16 
1721374688748.00, 0, -593898, -16 
1721374688769.00, 0, -593899, -16 
1721374688790.00, 0, -593898, -17 
1721374688811.00, 0, -593898, -17 
1721374688832.00, 1, -593898, -18 
1721374688854.00, 0, -593898, -19 
1721374688875.00, 0, -593899, -21 
1721374688896.00, 0, -593898, -24 
1721374688917.00, 0, -593898, -26 
1721374688938.00, 0, -593898, -27 
1721374688959.00, 0, -593898, -27 
1721374688980.00, 0, -593899, -29 
1721374689002.00, 0, -593899, -30 
1721374689023.00, 0, -593898, -31 
1721374689045.00, 0, -593899, -38 
1721374689066.00, 0, -593900, -55 
1721374689087.00, 1, -593901, -71 
1721374689108.00, 0, -593903, -126 
1721374689129.00, 0, -593904, -157 
1721374689151.00, -16, -593906, -190 
1721374689172.00, 0, -593909, -239 
1721374689193.00, 0, -593912, -287 
1721374689215.00, 0, -593914, -335 
1721374689236.00, 0, -593917, -389 
1721374689257.00, 0, -593918, -413 
1721374689278.00, 0, -593919, -429 
1721374689299.00, 0, -593919, -444 
1721374689321.00, 4, -593920, -442 
1721374689343.00, 19, -593920, -447 
1721374689364.00, 0, -593921, -462 
1721374689385.00, 17, -593922, -468 
1721374689407.00, 1, -593921, -462 
1721374689428.00, 17, -593921, -458 
1721374689450.00, 0, -593921, -449 
1721374689471.00, 0, -593920, -439 
1721374689492.00, 0, -593920, -430 
1721374689513.00, 0, -593920, -428 
1721374689535.00, 0, -593920, -427 
1721374689556.00, 0, -593919, -425 
1721374689577.00, 0, -593920, -416 
1721374689599.00, 0, -593918, -410 
1721374689620.00, 0, -593919, -409 
1721374689641.00, 0, -593919, -405 
1721374689664.00, 0, -593919, -403 
1721374689684.00, 0, -593919, -404 
1721374689705.00, 0, -593919, -403 
1721374689726.00, 0, -593919, -402 
1721374689748.00, 0, -593919, -448 
1721374689772.00, 0, -593920, -443 
1721374689790.00, 0, -593920, -444 
1721374689811.00, 0, -593920, -442 
1721374689832.00, 0, -593920, -440 
1721374689853.00, 0, -593920, -438 
1721374689877.00, 0, -593919, -439 
1721374689896.00, 0, -593920, -437 
1721374689916.00, 0, -593919, -432 
1721374689938.00, 0, -593920, -430 
1721374689958.00, 0, -593920, -432 
1721374689983.00, 0, -593919, -428 
1721374690001.00, -1, -593919, -422 
1721374690022.00, 0, -593920, -417 
1721374690043.00, 0, -593919, -416 
1721374690064.00, 0, -593919, -411 
1721374690086.00, 15, -593917, -391 
1721374690107.00, 0, -593916, -357 
1721374690128.00, 0, -593914, -310 
1721374690149.00, 0, -593911, -252 
1721374690170.00, 0, -593910, -191 
1721374690191.00, 0, -593903, -113 
1721374690212.00, 0, -593903, -85 
1721374690234.00, 0, -593903, -75 
1721374690254.00, 0, -593902, -74 
1721374690275.00, 0, -593902, -73 
1721374690296.00, 0, -593903, -77 
1721374690318.00, 0, -593903, -75 
1721374690339.00, 0, -593902, -72 
1721374690360.00, 0, -593902, -73 
1721374690380.00, 0, -593902, -75 
1721374690401.00, 0, -593903, -75 
1721374690423.00, 0, -593902, -74 
1721374690444.00, 0, -593902, -74 
1721374690464.00, 0, -593903, -74 
1721374690486.00, 0, -593903, -73 
1721374690507.00, 0, -593902, -72 
1721374690530.00, 0, -593902, -72 
1721374690549.00, 0, -593902, -73 
1721374690569.00, 0, -593901, -73 
1721374690590.00, 0, -593902, -73 
1721374690612.00, 0, -593903, -72 
1721374690634.00, 0, -593902, -72 
1721374690653.00, 0, -593902, -72 
1721374690675.00, -3, -593903, -72 
1721374690696.00, 0, -593902, -72 
1721374690717.00, 0, -593902, -72 
1721374690737.00, 0, -593902, -72 
1721374690764.00, 0, -593902, -72 
1721374690780.00, 0, -593901, -72 
1721374690800.00, 0, -593902, -72 
