1720699132638.00, 0, -596272, -330 
1720699132659.00, 0, -596272, -331 
1720699132681.00, 0, -596273, -330 
1720699132702.00, 0, -596273, -329 
1720699132723.00, 0, -596272, -328 
1720699132745.00, 0, -596272, -327 
1720699132766.00, 0, -596273, -325 
1720699132787.00, 0, -596272, -324 
1720699132809.00, -20, -596272, -325 
1720699132830.00, -33, -596272, -323 
1720699132851.00, 0, -596271, -319 
1720699132873.00, 0, -596272, -315 
1720699132894.00, 3, -596272, -308 
1720699132915.00, 0, -596272, -304 
1720699132936.00, 0, -596271, -304 
1720699132958.00, -66, -596272, -302 
1720699132979.00, 0, -596272, -299 
1720699133001.00, 0, -596271, -296 
1720699133021.00, 0, -596270, -293 
1720699133043.00, 0, -596271, -291 
1720699133065.00, 0, -596272, -290 
1720699133086.00, 0, -596271, -289 
1720699133114.00, 0, -596271, -288 
1720699133128.00, 0, -596271, -290 
1720699133149.00, 0, -596270, -292 
1720699133171.00, 0, -596270, -289 
1720699133192.00, 0, -596271, -286 
1720699133216.00, 2, -596270, -283 
1720699133235.00, 0, -596270, -279 
1720699133256.00, -1, -596270, -275 
1720699133278.00, 0, -596270, -273 
1720699133298.00, 0, -596270, -274 
1720699133319.00, 0, -596270, -272 
1720699133341.00, 0, -596269, -270 
1720699133362.00, 0, -596271, -268 
1720699133385.00, 0, -596270, -265 
1720699133405.00, 0, -596270, -265 
1720699133426.00, 0, -596270, -269 
1720699133448.00, 0, -596271, -269 
1720699133469.00, 0, -596270, -265 
1720699133490.00, 0, -596270, -262 
1720699133511.00, 0, -596270, -266 
1720699133533.00, 0, -596270, -270 
1720699133554.00, 0, -596270, -268 
1720699133575.00, 0, -596270, -266 
1720699133597.00, 0, -596270, -264 
1720699133618.00, 0, -596270, -263 
1720699133639.00, 0, -596271, -264 
1720699133660.00, 0, -596270, -266 
1720699133682.00, 0, -596271, -268 
1720699133703.00, 0, -596270, -268 
1720699133724.00, 0, -596271, -266 
1720699133744.00, 0, -596270, -264 
1720699133768.00, 0, -596270, -263 
1720699133789.00, 0, -596270, -262 
1720699133810.00, 0, -596269, -263 
1720699133833.00, 0, -596270, -264 
1720699133852.00, 0, -596270, -264 
1720699133874.00, 0, -596270, -263 
1720699133895.00, 0, -596270, -264 
1720699133916.00, 0, -596270, -268 
1720699133938.00, 0, -596270, -268 
1720699133959.00, 0, -596270, -267 
1720699133981.00, 0, -596271, -265 
1720699134002.00, -3, -596270, -264 
1720699134023.00, 1, -596270, -261 
1720699134045.00, 0, -596270, -259 
1720699134065.00, 0, -596270, -260 
1720699134087.00, 0, -596270, -261 
1720699134109.00, 0, -596269, -259 
1720699134130.00, 0, -596270, -254 
1720699134152.00, 0, -596269, -253 
1720699134172.00, 0, -596269, -253 
1720699134193.00, 0, -596269, -240 
1720699134215.00, 0, -596269, -226 
1720699134236.00, 0, -596268, -220 
1720699134260.00, 0, -596269, -215 
1720699134279.00, 0, -596268, -200 
1720699134300.00, 0, -596266, -177 
1720699134321.00, 0, -596264, -155 
1720699134342.00, 0, -596264, -139 
1720699134369.00, 0, -596263, -115 
1720699134385.00, 0, -596260, -86 
1720699134406.00, 0, -596260, -51 
1720699134427.00, 0, -596255, -7 
1720699134448.00, 0, -596254, 27 
1720699134470.00, 1528, -596253, 33 
1720699134492.00, 2853, -596227, 38 
1720699134513.00, 3916, -596172, 36 
1720699134534.00, 4506, -596087, 43 
1720699134556.00, 5205, -595993, 50 
1720699134577.00, 6246, -595878, 56 
1720699134599.00, 7284, -595750, 54 
1720699134620.00, 7686, -595600, 47 
1720699134641.00, 7148, -595437, 48 
1720699134663.00, 6944, -595277, 53 
1720699134684.00, 7152, -595125, 56 
1720699134705.00, 7558, -594967, 61 
1720699134727.00, 8336, -594801, 72 
1720699134748.00, 9235, -594625, 86 
1720699134770.00, 10569, -594426, 97 
1720699134791.00, 12270, -594196, 109 
1720699134814.00, 13617, -593932, 135 
1720699134836.00, 16360, -593624, 155 
1720699134857.00, 19294, -593276, 184 
1720699134879.00, 22377, -592864, 207 
1720699134900.00, 25587, -592381, 235 
1720699134922.00, 29262, -591825, 268 
1720699134943.00, 33535, -591183, 305 
1720699134965.00, 38436, -590458, 353 
1720699134987.00, 43781, -589634, 408 
1720699135008.00, 50565, -588695, 395 
1720699135030.00, 53870, -587587, 552 
1720699135051.00, 65172, -586414, 549 
1720699135073.00, 71562, -585010, 595 
1720699135095.00, 78142, -583444, 657 
1720699135116.00, 85963, -581751, 702 
1720699135139.00, 92945, -579886, 709 
1720699135159.00, 97657, -577862, 741 
1720699135182.00, 102347, -575757, 779 
1720699135203.00, 107233, -573514, 803 
1720699135225.00, 111549, -571177, 845 
1720699135254.00, 116683, -568750, 900 
1720699135269.00, 123043, -566198, 935 
1720699135291.00, 128921, -563524, 964 
1720699135311.00, 134018, -560706, 1007 
1720699135333.00, 139550, -557767, 1035 
1720699135357.00, 144438, -554726, 1059 
1720699135376.00, 148676, -551557, 1069 
1720699135398.00, 151663, -548306, 1089 
1720699135420.00, 154782, -544980, 1091 
1720699135442.00, 156623, -541602, 1096 
1720699135472.00, 158028, -538184, 1093 
1720699135486.00, 158333, -534731, 1114 
1720699135507.00, 159909, -531273, 1110 
1720699135529.00, 160530, -527770, 1108 
1720699135551.00, 160488, -524269, 1121 
1720699135575.00, 161274, -520764, 1109 
1720699135594.00, 160978, -517235, 1101 
1720699135616.00, 160285, -513723, 1100 
1720699135638.00, 159703, -510223, 1090 
1720699135660.00, 158825, -506738, 1072 
1720699135682.00, 157072, -503265, 1075 
1720699135704.00, 156194, -499832, 1058 
1720699135725.00, 154631, -496412, 1058 
1720699135747.00, 153676, -493049, 1059 
1720699135769.00, 153217, -489693, 1043 
1720699135791.00, 151869, -486348, 1040 
1720699135814.00, 150829, -483023, 1039 
1720699135835.00, 150207, -479737, 1020 
1720699135857.00, 148602, -476460, 997 
1720699135879.00, 146117, -473242, 974 
1720699135901.00, 143304, -470057, 948 
1720699135923.00, 140101, -466947, 917 
1720699135944.00, 136143, -463908, 898 
1720699135966.00, 132587, -460960, 869 
1720699135988.00, 128482, -458086, 832 
1720699136012.00, 124010, -455281, 787 
1720699136031.00, 118732, -452593, 748 
1720699136053.00, 113171, -450013, 732 
1720699136074.00, 108885, -447575, 677 
1720699136096.00, 102936, -445211, 648 
1720699136118.00, 97598, -442968, 619 
1720699136140.00, 92873, -440869, 584 
1720699136161.00, 87804, -438862, 543 
1720699136183.00, 82396, -436957, 518 
1720699136205.00, 77669, -435180, 481 
1720699136226.00, 72626, -433497, 417 
1720699136248.00, 65832, -431938, 374 
1720699136269.00, 36705, -430514, 378 
1720699136290.00, 19295, -429704, 344 
1720699136313.00, 9061, -429266, 323 
1720699136334.00, 3117, -429063, 325 
1720699136356.00, -58, -428991, 322 
1720699136377.00, -2051, -428991, 278 
1720699136398.00, -3510, -429033, 198 
1720699136419.00, -4092, -429110, 115 
1720699136441.00, -4418, -429206, 40 
1720699136463.00, -4631, -429312, -41 
1720699136484.00, -7456, -429422, -133 
1720699136506.00, -14372, -429581, -226 
1720699136527.00, -23962, -429891, -316 
1720699136548.00, -35192, -430405, -378 
1720699136571.00, -45607, -431170, -529 
1720699136592.00, -60527, -432148, -556 
1720699136613.00, -71171, -433460, -635 
1720699136636.00, -82149, -435017, -712 
1720699136657.00, -93042, -436792, -754 
1720699136679.00, -102124, -438829, -797 
1720699136701.00, -110180, -441050, -807 
1720699136722.00, -115203, -443450, -829 
1720699136744.00, -119295, -445968, -862 
1720699136766.00, -123478, -448560, -862 
1720699136787.00, -126286, -451278, -872 
1720699136809.00, -128296, -454017, -894 
1720699136831.00, -130784, -456798, -911 
1720699136853.00, -133183, -459664, -941 
1720699136874.00, -136444, -462554, -960 
1720699136896.00, -139429, -465522, -970 
1720699136918.00, -141406, -468560, -984 
1720699136939.00, -143371, -471652, -990 
1720699136961.00, -144828, -474772, -991 
1720699136982.00, -145639, -477939, -1000 
1720699137007.00, -146759, -481100, -997 
1720699137027.00, -146985, -484318, -976 
1720699137048.00, -145806, -487503, -987 
1720699137070.00, -145834, -490680, -989 
1720699137092.00, -145913, -493857, -986 
1720699137114.00, -145702, -497018, -960 
1720699137135.00, -143848, -500198, -964 
1720699137157.00, -142686, -503332, -980 
1720699137178.00, -143019, -506424, -974 
1720699137200.00, -142994, -509550, -950 
1720699137222.00, -141434, -512648, -974 
1720699137243.00, -141838, -515716, -972 
1720699137265.00, -141948, -518813, -963 
1720699137287.00, -141298, -521886, -965 
1720699137309.00, -140884, -524973, -972 
1720699137331.00, -141132, -528032, -949 
1720699137352.00, -139994, -531101, -874 
1720699137374.00, -134482, -534141, -849 
1720699137395.00, -129822, -537076, -856 
1720699137418.00, -127201, -539882, -839 
1720699137440.00, -124676, -542669, -825 
1720699137461.00, -122312, -545366, -863 
1720699137482.00, -123212, -548017, -901 
1720699137505.00, -125994, -550710, -881 
1720699137526.00, -126366, -553448, -870 
1720699137549.00, -125880, -556196, -864 
1720699137570.00, -125444, -558939, -819 
1720699137591.00, -122308, -561652, -834 
1720699137613.00, -121146, -564303, -857 
1720699137635.00, -121786, -566944, -805 
1720699137657.00, -119093, -569594, -791 
1720699137678.00, -116568, -572176, -779 
1720699137700.00, -114463, -574710, -739 
1720699137722.00, -110651, -577195, -758 
1720699137744.00, -109319, -579587, -738 
1720699137765.00, -107644, -581972, -648 
1720699137787.00, -101159, -584306, -679 
1720699137808.00, -98775, -586495, -667 
1720699137830.00, -97017, -588636, -559 
1720699137851.00, -89148, -590723, -523 
1720699137873.00, -82330, -592660, -545 
1720699137894.00, -79515, -594446, -481 
1720699137916.00, -44902, -596139, -388 
1720699137939.00, -24339, -597132, -343 
1720699137960.00, -12158, -597684, -280 
1720699137981.00, -5141, -597954, -179 
1720699138003.00, -935, -598075, -169 
1720699138024.00, 896, -598093, -67 
1720699138046.00, 2216, -598079, 17 
1720699138067.00, 4455, -598025, 130 
1720699138089.00, 12039, -597919, 252 
1720699138110.00, 23875, -597658, 326 
1720699138132.00, 35534, -597145, 377 
1720699138154.00, 45490, -596387, 403 
1720699138176.00, 52767, -595413, 556 
1720699138199.00, 66367, -594260, 583 
1720699138218.00, 76088, -592822, 670 
1720699138241.00, 86993, -591167, 777 
1720699138262.00, 99684, -589272, 929 
1720699138283.00, 116266, -587100, 1008 
1720699138307.00, 130920, -584539, 1046 
1720699138326.00, 141919, -581667, 1106 
1720699138348.00, 151671, -578556, 1158 
1720699138370.00, 160501, -575230, 1184 
1720699138391.00, 161768, -571715, 1213 
1720699138413.00, 161605, -568184, 1242 
1720699138435.00, 161538, -564643, 1245 
1720699138457.00, 161632, -561121, 1241 
1720699138479.00, 161608, -557591, 1245 
1720699138500.00, 161805, -554067, 1261 
1720699138523.00, 161588, -550533, 1260 
1720699138545.00, 161540, -547008, 1258 
1720699138566.00, 161524, -543465, 1277 
1720699138588.00, 161524, -539946, 1287 
1720699138609.00, 161459, -536423, 1289 
1720699138631.00, 161649, -532882, 1290 
1720699138654.00, 161634, -529353, 1276 
1720699138675.00, 161712, -525826, 1269 
1720699138697.00, 161632, -522290, 1290 
1720699138718.00, 161696, -518758, 1294 
1720699138748.00, 161670, -515226, 1296 
1720699138762.00, 161660, -511698, 1295 
1720699138784.00, 161489, -508159, 1312 
1720699138806.00, 161509, -504634, 1317 
1720699138828.00, 161500, -501108, 1302 
1720699138849.00, 161365, -497574, 1298 
1720699138871.00, 161664, -494051, 1274 
1720699138893.00, 161696, -490523, 1234 
1720699138915.00, 161671, -486987, 1204 
1720699138937.00, 161592, -483462, 1207 
1720699138959.00, 161559, -479926, 1181 
1720699138980.00, 161449, -476399, 1151 
1720699139002.00, 161635, -472866, 1126 
1720699139024.00, 161557, -469347, 1132 
1720699139046.00, 161619, -465804, 1111 
1720699139068.00, 161542, -462271, 1071 
1720699139089.00, 160716, -458750, 1007 
1720699139112.00, 156373, -455251, 961 
1720699139134.00, 150725, -451843, 917 
1720699139156.00, 144752, -448585, 839 
1720699139178.00, 136396, -445438, 776 
1720699139199.00, 127552, -442482, 716 
1720699139221.00, 118752, -439734, 653 
1720699139242.00, 109705, -437158, 588 
1720699139264.00, 100263, -434791, 537 
1720699139286.00, 91575, -432615, 502 
1720699139308.00, 84137, -430639, 460 
1720699139330.00, 49544, -428832, 463 
1720699139351.00, 28678, -427754, 461 
1720699139373.00, 16193, -427108, 441 
1720699139395.00, 9006, -426741, 425 
1720699139416.00, 4603, -426541, 374 
1720699139437.00, 2103, -426442, 293 
1720699139459.00, 586, -426399, 191 
1720699139480.00, 0, -426389, 132 
1720699139501.00, -67, -426390, 63 
1720699139522.00, -38, -426405, -21 
1720699139544.00, -1384, -426413, -124 
1720699139566.00, -8261, -426444, -201 
1720699139587.00, -16900, -426620, -258 
1720699139608.00, -25480, -426984, -318 
1720699139630.00, -34377, -427537, -348 
1720699139652.00, -41583, -428281, -430 
1720699139674.00, -50516, -429167, -430 
1720699139695.00, -55959, -430251, -470 
1720699139717.00, -61465, -431475, -498 
1720699139739.00, -66575, -432802, -531 
1720699139761.00, -71442, -434255, -612 
1720699139782.00, -79213, -435811, -649 
1720699139803.00, -85995, -437531, -681 
1720699139825.00, -91797, -439395, -747 
1720699139849.00, -99161, -441394, -800 
1720699139869.00, -106766, -443546, -823 
1720699139891.00, -112685, -445880, -837 
1720699139912.00, -116978, -448329, -840 
1720699139934.00, -119648, -450885, -861 
1720699139964.00, -122322, -453483, -862 
1720699139977.00, -123940, -456143, -879 
1720699139999.00, -125805, -458858, -892 
1720699140021.00, -127800, -461604, -900 
1720699140042.00, -129252, -464368, -904 
1720699140064.00, -130358, -467200, -921 
1720699140086.00, -132059, -470027, -941 
1720699140107.00, -134247, -472893, -946 
1720699140129.00, -135663, -475826, -934 
1720699140152.00, -135625, -478776, -930 
1720699140173.00, -135595, -481717, -880 
1720699140195.00, -132332, -484682, -891 
1720699140216.00, -131172, -487561, -900 
1720699140238.00, -130765, -490412, -918 
1720699140260.00, -131641, -493262, -931 
1720699140283.00, -132974, -496118, -962 
1720699140304.00, -135663, -499004, -979 
1720699140325.00, -138109, -501965, -997 
1720699140347.00, -140578, -504977, -995 
1720699140368.00, -141860, -508032, -989 
1720699140392.00, -142086, -511129, -966 
1720699140412.00, -140894, -514202, -962 
1720699140434.00, -139848, -517289, -964 
1720699140455.00, -139310, -520333, -970 
1720699140477.00, -139263, -523369, -968 
1720699140503.00, -139252, -526401, -981 
1720699140521.00, -139925, -529421, -967 
1720699140543.00, -139420, -532471, -965 
1720699140564.00, -139049, -535504, -957 
1720699140585.00, -138269, -538519, -959 
1720699140607.00, -137889, -541532, -956 
1720699140633.00, -137415, -544534, -951 
1720699140650.00, -136954, -547511, -955 
1720699140673.00, -136767, -550506, -945 
1720699140694.00, -136083, -553472, -918 
1720699140716.00, -134214, -556434, -917 
1720699140738.00, -132688, -559355, -924 
1720699140759.00, -132302, -562226, -890 
1720699140781.00, -129702, -565103, -870 
1720699140803.00, -127174, -567936, -892 
1720699140825.00, -126883, -570681, -882 
1720699140847.00, -126167, -573444, -846 
1720699140868.00, -123376, -576191, -857 
1720699140890.00, -122396, -578876, -826 
1720699140911.00, -120142, -581532, -739 
1720699140937.00, -113441, -584142, -731 
1720699140955.00, -108919, -586600, -690 
1720699140976.00, -103697, -588958, -595 
1720699140998.00, -95019, -591203, -527 
1720699141020.00, -85402, -593253, -558 
1720699141045.00, -47833, -595100, -482 
1720699141063.00, -25482, -596134, -356 
1720699141085.00, -12521, -596709, -273 
1720699141107.00, -4838, -596989, -232 
1720699141128.00, -247, -597103, -207 
1720699141150.00, 1838, -597114, -123 
1720699141171.00, 3420, -597079, -27 
1720699141193.00, 4181, -597001, 104 
1720699141214.00, 11070, -596894, 219 
1720699141236.00, 21836, -596660, 300 
1720699141264.00, 33038, -596198, 368 
1720699141279.00, 43916, -595504, 380 
1720699141301.00, 50953, -594555, 530 
1720699141322.00, 64141, -593450, 541 
1720699141344.00, 72477, -592065, 626 
1720699141370.00, 82428, -590481, 716 
1720699141387.00, 93437, -588693, 797 
1720699141409.00, 105000, -586657, 847 
1720699141430.00, 114616, -584355, 903 
1720699141453.00, 123866, -581857, 940 
1720699141475.00, 131375, -579150, 955 
1720699141496.00, 136752, -576292, 973 
1720699141516.00, 140782, -573306, 1017 
1720699141538.00, 145420, -570228, 1043 
1720699141560.00, 149977, -567041, 1051 
1720699141583.00, 152921, -563759, 1057 
1720699141604.00, 155136, -560411, 1086 
1720699141625.00, 157891, -557025, 1122 
1720699141648.00, 161519, -553572, 1130 
1720699141668.00, 161715, -550041, 1141 
1720699141690.00, 161492, -546512, 1165 
1720699141713.00, 161495, -542989, 1151 
1720699141735.00, 161751, -539459, 1143 
1720699141756.00, 161803, -535923, 1153 
1720699141778.00, 161574, -532388, 1163 
1720699141800.00, 161637, -528850, 1159 
1720699141821.00, 161697, -525327, 1163 
1720699141843.00, 161496, -521787, 1191 
1720699141865.00, 161684, -518265, 1188 
1720699141887.00, 161592, -514725, 1191 
1720699141909.00, 161594, -511195, 1203 
1720699141931.00, 161508, -507665, 1197 
1720699141953.00, 161485, -504147, 1174 
1720699141974.00, 161584, -500608, 1167 
1720699141996.00, 161669, -497074, 1190 
1720699142018.00, 161672, -493554, 1199 
1720699142040.00, 161626, -490017, 1194 
1720699142062.00, 161719, -486486, 1193 
1720699142083.00, 161616, -482943, 1188 
1720699142105.00, 161784, -479425, 1186 
1720699142127.00, 161633, -475887, 1180 
1720699142149.00, 161702, -472364, 1171 
1720699142171.00, 161691, -468823, 1176 
1720699142192.00, 161535, -465307, 1150 
1720699142214.00, 161170, -461770, 1122 
1720699142240.00, 159124, -458250, 1072 
1720699142259.00, 155063, -454785, 999 
1720699142280.00, 148471, -451412, 955 
1720699142303.00, 141710, -448198, 935 
1720699142324.00, 136370, -445120, 874 
1720699142346.00, 129624, -442159, 782 
1720699142367.00, 120040, -439356, 703 
1720699142389.00, 109811, -436758, 640 
1720699142411.00, 99944, -434381, 577 
1720699142433.00, 90121, -432237, 500 
1720699142454.00, 49504, -430291, 437 
1720699142476.00, 25267, -429214, 419 
1720699142498.00, 11339, -428644, 389 
1720699142519.00, 3044, -428390, 391 
1720699142540.00, -1118, -428323, 369 
1720699142562.00, -4083, -428342, 325 
1720699142583.00, -5745, -428424, 259 
1720699142605.00, -6444, -428549, 209 
1720699142626.00, -6984, -428695, 179 
1720699142648.00, -7320, -428851, 133 
1720699142669.00, -7565, -429014, 69 
1720699142691.00, -7570, -429185, -22 
1720699142712.00, -8816, -429352, -109 
1720699142734.00, -14476, -429552, -232 
1720699142755.00, -25398, -429866, -304 
1720699142777.00, -35864, -430420, -509 
1720699142799.00, -54616, -431197, -518 
1720699142820.00, -66250, -432368, -555 
1720699142842.00, -75217, -433810, -660 
1720699142864.00, -86847, -435457, -684 
1720699142886.00, -94981, -437337, -697 
1720699142907.00, -100642, -439402, -737 
1720699142929.00, -106270, -441596, -746 
1720699142951.00, -109895, -443911, -770 
1720699142972.00, -113442, -446306, -800 
1720699142994.00, -117144, -448775, -842 
1720699143020.00, -121894, -451350, -892 
1720699143037.00, -127532, -454007, -910 
1720699143060.00, -131982, -456767, -899 
1720699143081.00, -133834, -459656, -913 
1720699143103.00, -135606, -462569, -928 
1720699143125.00, -137458, -465514, -929 
1720699143146.00, -138354, -468523, -931 
1720699143168.00, -138878, -471535, -937 
1720699143189.00, -139804, -474565, -929 
1720699143211.00, -139635, -477613, -925 
1720699143233.00, -139105, -480632, -943 
1720699143255.00, -139901, -483679, -967 
1720699143277.00, -141671, -486709, -967 
1720699143298.00, -142645, -489784, -977 
1720699143320.00, -143792, -492898, -988 
1720699143342.00, -144907, -496020, -968 
1720699143363.00, -144428, -499179, -965 
1720699143385.00, -143941, -502322, -981 
1720699143407.00, -144380, -505439, -966 
1720699143429.00, -143885, -508596, -957 
1720699143451.00, -142880, -511720, -968 
1720699143472.00, -142842, -514815, -979 
1720699143494.00, -143315, -517940, -989 
1720699143515.00, -144081, -521054, -999 
1720699143537.00, -145044, -524193, -989 
1720699143563.00, -145089, -527354, -1007 
1720699143580.00, -145838, -530504, -1032 
1720699143603.00, -148065, -533714, -987 
1720699143624.00, -146436, -536936, -992 
1720699143645.00, -145688, -540112, -1005 
1720699143668.00, -146091, -543307, -975 
1720699143689.00, -144329, -546467, -960 
1720699143712.00, -142242, -549618, -960 
1720699143733.00, -140977, -552705, -924 
1720699143755.00, -137916, -555767, -897 
1720699143777.00, -134739, -558775, -891 
1720699143798.00, -132104, -561689, -865 
1720699143820.00, -129176, -564549, -823 
1720699143842.00, -124778, -567357, -809 
1720699143863.00, -121283, -570058, -798 
1720699143886.00, -118552, -572697, -762 
1720699143907.00, -114826, -575274, -716 
1720699143928.00, -109639, -577759, -707 
1720699143951.00, -105934, -580130, -691 
1720699143972.00, -102775, -582449, -662 
1720699143995.00, -99095, -584672, -596 
1720699144015.00, -93057, -586804, -551 
1720699144037.00, -86593, -588826, -533 
1720699144059.00, -81395, -590688, -453 
1720699144080.00, -73436, -592449, -350 
1720699144101.00, -62865, -594033, -223 
1720699144123.00, -35300, -595379, -164 
1720699144144.00, -19060, -596157, -71 
1720699144166.00, -9264, -596577, -12 
1720699144188.00, -3518, -596782, 31 
1720699144209.00, 1101, -596860, 91 
1720699144231.00, 7717, -596844, 212 
1720699144255.00, 19268, -596682, 288 
1720699144273.00, 30386, -596279, 345 
1720699144295.00, 40336, -595642, 378 
1720699144317.00, 47988, -594774, 373 
1720699144339.00, 52326, -593722, 491 
1720699144361.00, 62032, -592587, 519 
1720699144382.00, 69589, -591244, 548 
1720699144404.00, 75661, -589733, 616 
1720699144425.00, 83253, -588095, 682 
1720699144447.00, 91540, -586286, 711 
1720699144468.00, 98213, -584289, 740 
1720699144490.00, 103989, -582164, 785 
1720699144512.00, 109912, -579890, 827 
1720699144533.00, 115877, -577492, 870 
1720699144555.00, 122060, -574970, 890 
1720699144577.00, 126609, -572309, 954 
1720699144598.00, 133105, -569548, 1019 
1720699144621.00, 140974, -566629, 999 
1720699144641.00, 144379, -563560, 1013 
1720699144662.00, 146904, -560400, 1055 
1720699144684.00, 150984, -557186, 1082 
1720699144707.00, 155041, -553891, 1080 
1720699144729.00, 157068, -550499, 1090 
1720699144750.00, 158707, -547067, 1113 
1720699144771.00, 161092, -543593, 1124 
1720699144794.00, 161533, -540075, 1123 
1720699144816.00, 161621, -536553, 1134 
1720699144838.00, 161586, -533016, 1147 
1720699144860.00, 161777, -529482, 1141 
1720699144881.00, 161610, -525945, 1130 
1720699144904.00, 161589, -522425, 1131 
1720699144925.00, 161593, -518887, 1129 
1720699144947.00, 161522, -515355, 1139 
1720699144969.00, 161661, -511819, 1139 
1720699144990.00, 161609, -508289, 1137 
1720699145013.00, 161686, -504767, 1124 
1720699145034.00, 161616, -501227, 1116 
1720699145056.00, 161536, -497695, 1110 
1720699145078.00, 161586, -494168, 1095 
1720699145100.00, 160984, -490640, 1093 
1720699145121.00, 160623, -487127, 1093 
1720699145143.00, 160295, -483608, 1138 
1720699145165.00, 161505, -480108, 1148 
1720699145187.00, 161666, -476577, 1116 
1720699145211.00, 161788, -473043, 1130 
1720699145231.00, 161530, -469512, 1126 
1720699145252.00, 161509, -465983, 1093 
1720699145274.00, 160490, -462455, 1049 
1720699145296.00, 157196, -458951, 1004 
1720699145319.00, 152268, -455529, 943 
1720699145341.00, 145742, -452219, 902 
1720699145363.00, 139220, -449063, 859 
1720699145384.00, 132664, -446043, 798 
1720699145405.00, 125270, -443162, 739 
1720699145427.00, 117119, -440460, 709 
1720699145450.00, 110517, -437917, 662 
1720699145471.00, 103692, -435519, 614 
1720699145492.00, 96675, -433269, 561 
1720699145514.00, 89333, -431185, 536 
1720699145536.00, 51107, -429254, 504 
1720699145557.00, 28081, -428148, 510 
1720699145579.00, 14539, -427514, 453 
1720699145600.00, 6951, -427179, 419 
1720699145622.00, 2259, -427023, 425 
1720699145643.00, -66, -426974, 366 
1720699145665.00, -1574, -426975, 287 
1720699145687.00, -2600, -427008, 176 
1720699145707.00, -3323, -427072, 59 
1720699145729.00, -3735, -427158, -75 
1720699145754.00, -8230, -427252, -235 
1720699145772.00, -20755, -427433, -321 
1720699145794.00, -33304, -427883, -486 
1720699145815.00, -50442, -428587, -538 
1720699145838.00, -63702, -429665, -619 
1720699145860.00, -76302, -431055, -737 
1720699145880.00, -90921, -432711, -800 
1720699145903.00, -103443, -434703, -844 
1720699145924.00, -113336, -436960, -885 
1720699145945.00, -121469, -439436, -927 
1720699145970.00, -128590, -442095, -968 
1720699145988.00, -135544, -444915, -966 
1720699146011.00, -139451, -447856, -985 
1720699146033.00, -142637, -450896, -997 
1720699146053.00, -145396, -454008, -1000 
1720699146075.00, -146797, -457178, -1004 
1720699146098.00, -147952, -460395, -1009 
1720699146120.00, -148766, -463617, -997 
1720699146140.00, -148571, -466856, -1008 
1720699146162.00, -148723, -470112, -1038 
1720699146191.00, -150840, -473357, -1013 
1720699146206.00, -150356, -476655, -1007 
1720699146228.00, -149826, -479934, -1016 
1720699146249.00, -149745, -483210, -1031 
1720699146271.00, -150706, -486485, -1014 
1720699146299.00, -150186, -489759, -1019 
1720699146315.00, -150035, -493051, -1027 
1720699146337.00, -150306, -496324, -1034 
1720699146358.00, -150757, -499609, -1039 
1720699146380.00, -151336, -502917, -1042 
1720699146402.00, -151870, -506209, -1037 
1720699146424.00, -151743, -509535, -1048 
1720699146446.00, -151940, -512844, -1112 
1720699146468.00, -156087, -516174, -1069 
1720699146489.00, -155997, -519596, -1063 
1720699146511.00, -155517, -523004, -1077 
1720699146533.00, -156036, -526393, -1063 
1720699146555.00, -155361, -529800, -1043 
1720699146576.00, -153464, -533199, -1053 
1720699146599.00, -153100, -536551, -1003 
1720699146623.00, -149742, -539890, -949 
1720699146643.00, -144372, -543143, -902 
1720699146665.00, -138339, -546271, -842 
1720699146687.00, -131344, -549284, -840 
1720699146708.00, -126797, -552127, -893 
1720699146730.00, -127301, -554875, -877 
1720699146752.00, -126635, -557644, -844 
1720699146774.00, -124268, -560407, -914 
1720699146795.00, -126863, -563106, -948 
1720699146817.00, -130412, -565881, -875 
1720699146841.00, -128320, -568720, -812 
1720699146861.00, -123181, -571491, -806 
1720699146882.00, -119577, -574175, -747 
1720699146904.00, -113793, -576767, -677 
1720699146925.00, -106193, -579233, -642 
1720699146948.00, -99567, -581548, -618 
1720699146969.00, -94344, -583704, -623 
1720699146990.00, -91323, -585740, -584 
1720699147012.00, -87339, -587707, -477 
1720699147034.00, -78555, -589593, -474 
1720699147058.00, -73027, -591292, -423 
1720699147077.00, -66662, -592863, -317 
1720699147098.00, -37450, -594295, -237 
1720699147120.00, -19864, -595124, -176 
1720699147142.00, -9102, -595571, -94 
1720699147167.00, -3249, -595773, 19 
1720699147185.00, 787, -595844, 80 
1720699147206.00, 7124, -595832, 181 
1720699147228.00, 16942, -595684, 254 
1720699147250.00, 27147, -595318, 362 
1720699147273.00, 39984, -594736, 381 
1720699147292.00, 48614, -593877, 546 
1720699147314.00, 63446, -592828, 597 
1720699147336.00, 75332, -591451, 661 
1720699147358.00, 86141, -589817, 691 
1720699147379.00, 94317, -587950, 738 
1720699147401.00, 101839, -585901, 799 
1720699147423.00, 109742, -583675, 872 
1720699147444.00, 118901, -581273, 914 
1720699147466.00, 126780, -578673, 992 
1720699147490.00, 136039, -575909, 1075 
1720699147508.00, 146416, -572930, 1085 
1720699147530.00, 153161, -569718, 1101 
1720699147552.00, 157947, -566368, 1132 
1720699147574.00, 161757, -562911, 1131 
1720699147598.00, 161568, -559382, 1161 
1720699147618.00, 161625, -555845, 1203 
1720699147639.00, 161766, -552307, 1250 
1720699147661.00, 161620, -548766, 1283 
1720699147683.00, 161681, -545235, 1305 
1720699147705.00, 161709, -541702, 1346 
1720699147727.00, 161717, -538170, 1354 
1720699147748.00, 161753, -534651, 1346 
1720699147770.00, 161649, -531120, 1346 
1720699147792.00, 161511, -527578, 1364 
1720699147813.00, 161377, -524043, 1364 
1720699147836.00, 161316, -520520, 1351 
1720699147858.00, 161361, -516999, 1364 
1720699147880.00, 161521, -513464, 1371 
1720699147900.00, 161722, -509942, 1380 
1720699147922.00, 161748, -506419, 1406 
1720699147944.00, 161697, -502882, 1417 
1720699147966.00, 161826, -499345, 1425 
1720699147988.00, 161443, -495816, 1434 
1720699148010.00, 161578, -492282, 1417 
1720699148032.00, 161563, -488760, 1402 
1720699148053.00, 161575, -485230, 1407 
1720699148076.00, 161552, -481696, 1384 
1720699148098.00, 161358, -478171, 1362 
1720699148119.00, 161512, -474645, 1310 
1720699148141.00, 161548, -471124, 1271 
1720699148162.00, 161432, -467596, 1246 
1720699148184.00, 161439, -464077, 1168 
1720699148206.00, 161402, -460551, 1104 
1720699148228.00, 158437, -457038, 1056 
1720699148251.00, 153744, -453570, 969 
1720699148273.00, 145488, -450234, 918 
1720699148294.00, 137889, -447081, 859 
1720699148317.00, 129619, -444097, 785 
1720699148338.00, 120374, -441296, 732 
1720699148360.00, 111811, -438686, 694 
1720699148381.00, 104438, -436258, 672 
1720699148403.00, 98738, -434003, 645 
1720699148425.00, 93667, -431878, 619 
1720699148446.00, 51384, -429859, 530 
1720699148469.00, 26188, -428742, 467 
1720699148490.00, 11735, -428150, 410 
1720699148511.00, 3321, -427884, 335 
1720699148533.00, -947, -427809, 294 
1720699148554.00, -3928, -427826, 241 
1720699148576.00, -5787, -427912, 166 
1720699148597.00, -6992, -428046, 66 
1720699148618.00, -7342, -428205, -31 
1720699148640.00, -9547, -428371, -123 
1720699148661.00, -16243, -428575, -214 
1720699148683.00, -25588, -428922, -282 
1720699148704.00, -35231, -429457, -303 
1720699148726.00, -42059, -430225, -524 
1720699148747.00, -59151, -431138, -563 
1720699148769.00, -71722, -432408, -584 
1720699148791.00, -80333, -433974, -672 
1720699148813.00, -90689, -435728, -716 
1720699148834.00, -99441, -437694, -741 
1720699148857.00, -105876, -439849, -788 
1720699148879.00, -112380, -442160, -817 
1720699148900.00, -117971, -444619, -810 
1720699148922.00, -120942, -447182, -826 
1720699148944.00, -123256, -449799, -849 
1720699148965.00, -125817, -452504, -859 
1720699148987.00, -128102, -455234, -847 
1720699149008.00, -128464, -458026, -860 
1720699149030.00, -129444, -460822, -869 
1720699149052.00, -130414, -463626, -843 
1720699149074.00, -129568, -466465, -850 
1720699149095.00, -129171, -469272, -869 
1720699149117.00, -129849, -472088, -874 
1720699149138.00, -130629, -474911, -883 
1720699149161.00, -131346, -477768, -917 
1720699149183.00, -133766, -480622, -925 
1720699149204.00, -135626, -483535, -924 
1720699149225.00, -136591, -486490, -936 
1720699149249.00, -138036, -489442, -950 
1720699149269.00, -139473, -492462, -964 
1720699149291.00, -141083, -495482, -971 
1720699149313.00, -142317, -498550, -981 
1720699149334.00, -143498, -501663, -987 
1720699149356.00, -144597, -504787, -987 
1720699149376.00, -145190, -507931, -1003 
1720699149399.00, -146197, -511112, -1015 
1720699149420.00, -147636, -514292, -1012 
1720699149442.00, -148009, -517534, -1000 
1720699149464.00, -147631, -520764, -1020 
1720699149485.00, -148344, -523997, -1048 
1720699149508.00, -150594, -527242, -1030 
1720699149529.00, -150678, -530526, -1050 
1720699149550.00, -151817, -533826, -1049 
1720699149572.00, -152429, -537147, -1037 
1720699149594.00, -151999, -540481, -1098 
1720699149616.00, -155404, -543800, -1107 
1720699149638.00, -158052, -547185, -1019 
1720699149659.00, -154081, -550648, -1018 
1720699149690.00, -151667, -554007, -1042 
1720699149703.00, -151653, -557317, -1012 
1720699149725.00, -149773, -560624, -1010 
1720699149747.00, -148359, -563886, -1031 
1720699149770.00, -148782, -567126, -966 
1720699149795.00, -144955, -570354, -956 
1720699149814.00, -142068, -573509, -934 
1720699149836.00, -139058, -576594, -867 
1720699149857.00, -133014, -579594, -795 
1720699149879.00, -125254, -582504, -782 
1720699149902.00, -119417, -585212, -730 
1720699149922.00, -112882, -587789, -625 
1720699149944.00, -102712, -590238, -594 
1720699149966.00, -94588, -592470, -558 
1720699149987.00, -87800, -594510, -452 
1720699150009.00, -49974, -596382, -360 
1720699150031.00, -27196, -597474, -299 
1720699150052.00, -13861, -598089, -188 
1720699150074.00, -6167, -598401, -91 
1720699150095.00, -1579, -598537, -19 
1720699150117.00, 433, -598565, 109 
1720699150138.00, 8333, -598554, 237 
1720699150159.00, 20765, -598372, 350 
1720699150182.00, 35141, -597929, 389 
1720699150203.00, 46073, -597171, 505 
1720699150225.00, 59409, -596184, 574 
1720699150246.00, 71467, -594901, 613 
1720699150268.00, 80747, -593345, 640 
1720699150290.00, 88060, -591595, 696 
1720699150311.00, 95358, -589677, 737 
1720699150333.00, 102274, -587610, 767 
1720699150355.00, 108103, -585384, 810 
1720699150377.00, 113805, -583020, 849 
1720699150398.00, 119792, -580529, 882 
1720699150420.00, 125079, -577923, 889 
1720699150441.00, 128430, -575204, 929 
1720699150463.00, 132825, -572397, 969 
1720699150485.00, 137781, -569498, 979 
1720699150505.00, 141419, -566489, 1008 
1720699150528.00, 145220, -563410, 1070 
1720699150549.00, 151119, -560221, 1095 
1720699150571.00, 156008, -556922, 1117 
1720699150593.00, 159925, -553512, 1153 
1720699150614.00, 161643, -550011, 1180 
1720699150637.00, 161554, -546474, 1187 
1720699150658.00, 161544, -542941, 1191 
1720699150680.00, 161802, -539418, 1207 
1720699150702.00, 161679, -535879, 1221 
1720699150724.00, 161704, -532347, 1233 
1720699150746.00, 161574, -528807, 1246 
1720699150767.00, 161714, -525284, 1261 
1720699150789.00, 161599, -521751, 1273 
1720699150811.00, 161709, -518222, 1281 
1720699150833.00, 161614, -514682, 1288 
1720699150855.00, 161617, -511157, 1269 
1720699150876.00, 161541, -507625, 1282 
1720699150898.00, 161424, -504102, 1294 
1720699150920.00, 161565, -500563, 1291 
1720699150942.00, 161751, -497038, 1308 
1720699150964.00, 161696, -493513, 1316 
1720699150986.00, 161711, -489973, 1326 
1720699151008.00, 161740, -486448, 1342 
1720699151029.00, 161532, -482914, 1365 
1720699151051.00, 161647, -479378, 1374 
1720699151073.00, 161521, -475848, 1383 
1720699151095.00, 161644, -472323, 1367 
1720699151116.00, 161653, -468791, 1343 
1720699151138.00, 161524, -465262, 1298 
1720699151160.00, 161416, -461735, 1275 
1720699151181.00, 161392, -458216, 1218 
1720699151204.00, 161421, -454687, 1153 
1720699151226.00, 161342, -451163, 1087 
1720699151248.00, 157284, -447645, 1061 
1720699151270.00, 153321, -444207, 990 
1720699151292.00, 146702, -440895, 890 
1720699151314.00, 136630, -437707, 828 
1720699151336.00, 126957, -434747, 764 
1720699151357.00, 117201, -431999, 684 
1720699151379.00, 64749, -429467, 612 
1720699151400.00, 33891, -428062, 606 
1720699151422.00, 15826, -427305, 494 
1720699151443.00, 5363, -426943, 452 
1720699151465.00, -60, -426817, 414 
1720699151487.00, -3428, -426815, 335 
1720699151507.00, -5731, -426889, 226 
1720699151529.00, -6974, -427014, 114 
1720699151550.00, -7690, -427170, 19 
1720699151572.00, -7767, -427346, -92 
1720699151594.00, -13268, -427527, -213 
1720699151615.00, -23589, -427818, -310 
1720699151637.00, -36089, -428325, -342 
1720699151659.00, -44949, -429095, -497 
1720699151681.00, -59376, -430055, -539 
1720699151702.00, -70505, -431347, -566 
1720699151723.00, -78449, -432871, -680 
1720699151745.00, -90045, -434593, -687 
1720699151767.00, -97133, -436542, -720 
1720699151789.00, -103389, -438665, -759 
1720699151811.00, -109451, -440909, -785 
1720699151832.00, -114416, -443299, -820 
1720699151854.00, -119386, -445800, -856 
1720699151877.00, -124285, -448392, -884 
1720699151898.00, -128738, -451116, -886 
1720699151983.00, -131382, -453919, -901 
1720699151983.00, -133690, -456767, -954 
1720699151983.00, -138193, -459689, -992 
1720699151986.00, -143112, -462691, -976 
1720699152006.00, -144936, -465805, -990 
1720699152026.00, -146904, -468975, -1001 
1720699152049.00, -148478, -472175, -988 
1720699152070.00, -148604, -475415, -1013 
1720699152091.00, -149788, -478659, -1027 
1720699152114.00, -151436, -481928, -1014 
1720699152135.00, -151552, -485251, -1043 
1720699152157.00, -153192, -488547, -1085 
1720699152179.00, -156643, -491903, -1078 
1720699152206.00, -158260, -495324, -1074 
1720699152222.00, -158780, -498777, -1080 
1720699152245.00, -159409, -502252, -1060 
1720699152266.00, -158489, -505725, -1079 
1720699152288.00, -158974, -509196, -1140 
1720699152311.00, -161660, -512669, -1107 
1720699152332.00, -161592, -516212, -1097 
1720699152354.00, -161693, -519745, -1126 
1720699152375.00, -161555, -523268, -1132 
1720699152397.00, -161509, -526805, -1116 
1720699152419.00, -161510, -530326, -1161 
1720699152441.00, -161444, -533871, -1155 
1720699152462.00, -161839, -537380, -1090 
1720699152484.00, -161366, -540925, -1139 
1720699152506.00, -161650, -544437, -1133 
1720699152528.00, -161796, -547964, -1039 
1720699152550.00, -157989, -551495, -1013 
1720699152571.00, -153647, -554932, -1032 
1720699152594.00, -152036, -558296, -997 
1720699152616.00, -149224, -561598, -962 
1720699152638.00, -145128, -564835, -978 
1720699152660.00, -143709, -568008, -974 
1720699152681.00, -142676, -571113, -914 
1720699152703.00, -138632, -574229, -870 
1720699152725.00, -133378, -577226, -797 
1720699152748.00, -125824, -580112, -731 
1720699152769.00, -117020, -582851, -709 
1720699152790.00, -110426, -585397, -661 
1720699152812.00, -103873, -587775, -559 
1720699152833.00, -93710, -590029, -514 
1720699152858.00, -84917, -592048, -452 
1720699152877.00, -75848, -593872, -330 
1720699152899.00, -43047, -595497, -211 
1720699152920.00, -23292, -596434, -107 
1720699152942.00, -11929, -596955, 3 
1720699152963.00, -5368, -597210, 104 
1720699152985.00, 4333, -597330, 180 
1720699153006.00, 14808, -597251, 286 
1720699153028.00, 27511, -596934, 379 
1720699153049.00, 40658, -596348, 419 
1720699153072.00, 51013, -595485, 549 
1720699153092.00, 64692, -594380, 590 
1720699153114.00, 75357, -592978, 621 
1720699153135.00, 83427, -591348, 638 
1720699153158.00, 89233, -589536, 684 
1720699153181.00, 95201, -587601, 734 
1720699153200.00, 101566, -585537, 777 
1720699153222.00, 107909, -583319, 802 
1720699153244.00, 112987, -580959, 834 
1720699153266.00, 118150, -578499, 841 
1720699153289.00, 121597, -575924, 858 
1720699153309.00, 124438, -573270, 916 
1720699153331.00, 129414, -570560, 946 
1720699153353.00, 134249, -567732, 949 
1720699153374.00, 137164, -564812, 1007 
1720699153397.00, 142304, -561809, 1041 
1720699153417.00, 147299, -558697, 1045 
1720699153439.00, 150439, -555483, 1060 
1720699153460.00, 153219, -552184, 1070 
1720699153483.00, 155328, -548841, 1079 
1720699153504.00, 156940, -545448, 1089 
1720699153525.00, 158507, -542019, 1091 
1720699153547.00, 159638, -538563, 1096 
1720699153569.00, 160296, -535073, 1106 
1720699153591.00, 160842, -531567, 1109 
1720699153617.00, 161789, -528037, 1097 
1720699153635.00, 161376, -524508, 1114 
1720699153657.00, 161681, -520974, 1144 
1720699153679.00, 161515, -517447, 1158 
1720699153700.00, 161497, -513922, 1164 
1720699153723.00, 161655, -510396, 1184 
1720699153744.00, 161561, -506860, 1208 
1720699153766.00, 161676, -503323, 1219 
1720699153787.00, 161814, -499780, 1233 
1720699153809.00, 161740, -496256, 1254 
1720699153831.00, 161413, -492718, 1284 
1720699153853.00, 161784, -489190, 1301 
1720699153875.00, 161619, -485666, 1320 
1720699153897.00, 161619, -482132, 1314 
1720699153919.00, 161394, -478601, 1340 
1720699153941.00, 161341, -475063, 1353 
1720699153962.00, 161538, -471540, 1347 
1720699153984.00, 161580, -468015, 1350 
1720699154006.00, 161447, -464482, 1338 
1720699154028.00, 161481, -460955, 1316 
1720699154049.00, 161673, -457431, 1301 
1720699154071.00, 161550, -453901, 1274 
1720699154093.00, 161711, -450362, 1233 
1720699154115.00, 161597, -446839, 1183 
1720699154137.00, 161466, -443311, 1155 
1720699154158.00, 161343, -439787, 1112 
1720699154181.00, 158740, -436271, 1042 
1720699154204.00, 152904, -432806, 972 
1720699154225.00, 145170, -429496, 878 
1720699154247.00, 80537, -426359, 759 
1720699154268.00, 42794, -424606, 718 
1720699154290.00, 21174, -423673, 551 
1720699154311.00, 8483, -423200, 516 
1720699154333.00, 1094, -423008, 417 
1720699154354.00, -2679, -422981, 309 
1720699154376.00, -5241, -423032, 191 
1720699154398.00, -6532, -423146, 91 
1720699154419.00, -7158, -423297, 1 
1720699154440.00, -7645, -423462, -104 
1720699154462.00, -13953, -423633, -205 
1720699154484.00, -23643, -423935, -286 
1720699154505.00, -34717, -424439, -322 
1720699154527.00, -42923, -425196, -517 
1720699154548.00, -59429, -426116, -515 
1720699154570.00, -69057, -427398, -551 
1720699154591.00, -76734, -428915, -706 
1720699154615.00, -90489, -430576, -712 
1720699154635.00, -98943, -432540, -755 
1720699154657.00, -106543, -434707, -780 
1720699154678.00, -112418, -437025, -783 
1720699154700.00, -115896, -439473, -821 
1720699154722.00, -120226, -442012, -864 
1720699154743.00, -125234, -444632, -857 
1720699154765.00, -127678, -447357, -881 
1720699154787.00, -130507, -450140, -899 
1720699154808.00, -133031, -452984, -936 
1720699154830.00, -136654, -455880, -898 
1720699154852.00, -136479, -458856, -932 
1720699154874.00, -138471, -461840, -956 
1720699154896.00, -140911, -464832, -927 
1720699154917.00, -140595, -467916, -941 
1720699154939.00, -140792, -470979, -955 
1720699154961.00, -141831, -474033, -960 
1720699154983.00, -142736, -477125, -956 
1720699155004.00, -142928, -480218, -986 
1720699155025.00, -144711, -483335, -1012 
1720699155050.00, -147138, -486506, -1017 
1720699155069.00, -148782, -489702, -1021 
1720699155090.00, -150028, -492976, -1027 
1720699155112.00, -151001, -496247, -1043 
1720699155133.00, -152528, -499546, -1040 
1720699155157.00, -153263, -502893, -1059 
1720699155178.00, -154626, -506228, -1110 
1720699155199.00, -158384, -509628, -1114 
1720699155221.00, -160682, -513081, -1112 
1720699155242.00, -161627, -516606, -1131 
1720699155267.00, -161507, -520134, -1132 
1720699155287.00, -161435, -523665, -1115 
1720699155308.00, -161656, -527196, -1120 
1720699155330.00, -161625, -530710, -1147 
1720699155352.00, -161941, -534260, -1120 
1720699155373.00, -161766, -537782, -1124 
1720699155395.00, -161594, -541315, -1149 
1720699155417.00, -161611, -544838, -1115 
1720699155439.00, -161600, -548373, -1066 
1720699155461.00, -159282, -551912, -1132 
1720699155483.00, -161497, -555378, -1115 
1720699155505.00, -161418, -558916, -1050 
1720699155527.00, -157968, -562438, -1063 
1720699155548.00, -156647, -565897, -1048 
1720699155571.00, -154731, -569308, -987 
1720699155593.00, -150003, -572667, -911 
1720699155614.00, -142349, -575937, -929 
1720699155637.00, -138820, -579014, -859 
1720699155658.00, -132405, -582031, -751 
1720699155680.00, -122292, -584906, -667 
1720699155702.00, -111050, -587544, -611 
1720699155724.00, -100778, -589937, -485 
1720699155745.00, -86991, -592116, -344 
1720699155766.00, -70292, -593991, -207 
1720699155788.00, -39489, -595494, -58 
1720699155814.00, -21433, -596348, 90 
1720699155831.00, -5104, -596817, 242 
1720699155853.00, 13039, -596946, 326 
1720699155874.00, 29161, -596702, 371 
1720699155896.00, 41204, -596083, 523 
1720699155921.00, 57689, -595205, 547 
1720699155939.00, 68741, -593955, 605 
1720699155961.00, 78637, -592461, 667 
1720699155983.00, 88109, -590752, 718 
1720699156004.00, 96737, -588846, 752 
1720699156026.00, 104091, -586736, 772 
1720699156047.00, 109279, -584469, 807 
1720699156069.00, 114484, -582089, 864 
1720699156091.00, 120860, -579584, 903 
1720699156113.00, 126783, -576943, 903 
1720699156136.00, 130391, -574181, 915 
1720699156157.00, 133182, -571342, 929 
1720699156178.00, 135480, -568438, 964 
1720699156199.00, 138873, -565489, 993 
1720699156220.00, 142511, -562468, 1031 
1720699156243.00, 146945, -559343, 1077 
1720699156264.00, 152354, -556133, 1086 
1720699156285.00, 155882, -552800, 1081 
1720699156308.00, 157476, -549390, 1113 
1720699156329.00, 160437, -545937, 1144 
1720699156355.00, 161825, -542432, 1145 
1720699156373.00, 161661, -538908, 1126 
1720699156394.00, 161538, -535362, 1154 
1720699156417.00, 161634, -531829, 1153 
1720699156439.00, 161509, -528290, 1165 
1720699156460.00, 161653, -524771, 1158 
1720699156482.00, 161650, -521246, 1153 
1720699156504.00, 161590, -517711, 1155 
1720699156526.00, 161469, -514185, 1140 
1720699156548.00, 161521, -510658, 1129 
1720699156569.00, 161535, -507123, 1120 
1720699156592.00, 161720, -503599, 1089 
1720699156612.00, 161252, -500059, 1065 
1720699156635.00, 159374, -496541, 1090 
1720699156657.00, 159591, -493061, 1089 
1720699156678.00, 159804, -489574, 1126 
1720699156700.00, 161887, -486084, 1167 
1720699156722.00, 161782, -482538, 1171 
1720699156744.00, 161629, -479004, 1183 
1720699156766.00, 161748, -475480, 1205 
1720699156787.00, 161624, -471946, 1206 
1720699156809.00, 161656, -468416, 1213 
1720699156831.00, 161567, -464892, 1221 
1720699156853.00, 161506, -461363, 1227 
1720699156875.00, 161595, -457831, 1206 
1720699156897.00, 161615, -454299, 1188 
1720699156919.00, 161575, -450759, 1192 
1720699156940.00, 161603, -447242, 1142 
1720699156962.00, 160891, -443706, 1108 
1720699156984.00, 158328, -440208, 1077 
1720699157006.00, 154951, -436750, 1040 
1720699157029.00, 150535, -433367, 979 
1720699157051.00, 144248, -430099, 916 
1720699157072.00, 80047, -426981, 834 
1720699157094.00, 42399, -425237, 833 
1720699157116.00, 20476, -424307, 713 
1720699157137.00, 8104, -423838, 687 
1720699157158.00, 830, -423654, 636 
1720699157180.00, -2720, -423631, 514 
1720699157201.00, -5406, -423684, 367 
1720699157223.00, -6902, -423802, 206 
1720699157244.00, -7722, -423960, 64 
1720699157265.00, -8118, -424144, -116 
1720699157287.00, -14715, -424330, -303 
1720699157309.00, -30215, -424653, -307 
1720699157331.00, -39399, -425304, -532 
1720699157352.00, -58313, -426149, -539 
1720699157374.00, -69976, -427407, -577 
1720699157395.00, -78820, -428940, -731 
1720699157417.00, -93708, -430647, -702 
1720699157439.00, -100363, -432674, -761 
1720699157461.00, -107665, -434882, -794 
1720699157482.00, -113990, -437228, -829 
1720699157504.00, -119714, -439715, -861 
1720699157525.00, -125023, -442337, -879 
1720699157547.00, -129076, -445065, -876 
1720699157569.00, -131263, -447864, -888 
1720699157591.00, -133168, -450725, -871 
1720699157612.00, -133219, -453624, -884 
1720699157634.00, -133727, -456505, -892 
1720699157656.00, -134403, -459424, -889 
1720699157678.00, -134609, -462345, -896 
1720699157699.00, -134970, -465263, -938 
1720699157721.00, -137475, -468227, -971 
1720699157743.00, -140953, -471227, -945 
1720699157765.00, -141260, -474291, -969 
1720699157786.00, -142534, -477370, -984 
1720699157808.00, -144487, -480482, -936 
1720699157830.00, -142844, -483622, -945 
1720699157852.00, -142143, -486737, -999 
1720699157873.00, -144802, -489812, -980 
1720699157895.00, -145261, -492971, -970 
1720699157916.00, -144836, -496127, -980 
1720699157937.00, -145094, -499283, -1015 
1720699157958.00, -147289, -502447, -1013 
1720699157981.00, -148372, -505664, -1025 
1720699158003.00, -149626, -508922, -1036 
1720699158024.00, -150952, -512188, -1043 
1720699158046.00, -151989, -515470, -1037 
1720699158068.00, -152376, -518807, -1021 
1720699158089.00, -151589, -522123, -1073 
1720699158112.00, -153952, -525446, -1085 
1720699158134.00, -156063, -528797, -1041 
1720699158157.00, -154568, -532211, -998 
1720699158177.00, -150913, -535576, -1023 
1720699158199.00, -149938, -538866, -1010 
1720699158221.00, -148762, -542161, -1000 
1720699158243.00, -147146, -545399, -1010 
1720699158264.00, -146997, -548629, -1003 
1720699158287.00, -146443, -551840, -987 
1720699158307.00, -145058, -555024, -1022 
1720699158331.00, -146417, -558200, -1020 
1720699158353.00, -147164, -561389, -981 
1720699158373.00, -145021, -564580, -1003 
1720699158396.00, -145092, -567751, -955 
1720699158418.00, -142276, -570889, -923 
1720699158439.00, -138423, -573993, -910 
1720699158461.00, -135293, -576991, -860 
1720699158483.00, -130434, -579919, -792 
1720699158505.00, -123306, -582769, -779 
1720699158527.00, -118147, -585449, -745 
1720699158548.00, -112934, -587995, -651 
1720699158570.00, -104225, -590453, -621 
1720699158592.00, -97287, -592718, -598 
1720699158613.00, -91558, -594811, -483 
1720699158635.00, -52006, -596776, -374 
1720699158657.00, -28091, -597917, -316 
1720699158678.00, -13967, -598562, -204 
1720699158699.00, -6048, -598875, -61 
1720699158721.00, -1362, -599008, 63 
1720699158743.00, 4166, -599026, 278 
1720699158764.00, 20904, -598943, 363 
1720699158785.00, 35874, -598497, 597 
1720699158808.00, 58892, -597722, 684 
1720699158829.00, 77832, -596453, 760 
1720699158851.00, 93630, -594765, 839 
1720699158873.00, 107617, -592720, 914 
1720699158894.00, 120332, -590363, 963 
1720699158916.00, 130645, -587747, 999 
1720699158937.00, 138711, -584892, 1039 
1720699158958.00, 146010, -581850, 1066 
1720699158980.00, 151619, -578656, 1097 
1720699159002.00, 156904, -575327, 1124 
1720699159024.00, 161585, -571897, 1114 
1720699159045.00, 161688, -568366, 1144 
1720699159067.00, 161472, -564821, 1171 
1720699159092.00, 161540, -561292, 1165 
1720699159110.00, 161603, -557772, 1178 
1720699159132.00, 161623, -554240, 1202 
1720699159155.00, 161683, -550702, 1207 
1720699159176.00, 161520, -547186, 1201 
1720699159198.00, 161699, -543658, 1192 
1720699159220.00, 161653, -540120, 1205 
1720699159241.00, 161615, -536594, 1208 
1720699159264.00, 161713, -533063, 1213 
1720699159286.00, 161577, -529531, 1222 
1720699159307.00, 161731, -525998, 1229 
1720699159329.00, 161656, -522466, 1261 
1720699159350.00, 161526, -518930, 1280 
1720699159373.00, 161626, -515398, 1267 
1720699159394.00, 161794, -511873, 1266 
1720699159418.00, 161687, -508344, 1276 
1720699159438.00, 161641, -504818, 1262 
1720699159460.00, 161565, -501278, 1265 
1720699159482.00, 161502, -497760, 1240 
1720699159504.00, 161546, -494231, 1219 
1720699159529.00, 161430, -490694, 1212 
1720699159547.00, 161489, -487172, 1199 
1720699159568.00, 161640, -483644, 1174 
1720699159590.00, 161602, -480116, 1168 
1720699159612.00, 161651, -476575, 1170 
1720699159635.00, 161810, -473049, 1160 
1720699159656.00, 161644, -469518, 1163 
1720699159678.00, 161539, -465999, 1137 
1720699159700.00, 160582, -462459, 1105 
1720699159722.00, 158018, -458961, 1104 
1720699159743.00, 156217, -455517, 1083 
1720699159766.00, 153957, -452106, 1031 
1720699159787.00, 149567, -448748, 1025 
1720699159808.00, 146486, -445474, 1029 
1720699159831.00, 144866, -442284, 1007 
1720699159854.00, 142746, -439122, 942 
1720699159875.00, 137595, -436017, 874 
1720699159897.00, 130189, -433047, 799 
1720699159919.00, 121498, -430215, 694 
1720699159940.00, 67250, -427604, 573 
1720699159964.00, 35478, -426139, 535 
1720699159984.00, 16513, -425359, 431 
1720699160005.00, 5857, -424983, 352 
1720699160027.00, -3, -424844, 317 
1720699160048.00, -3501, -424843, 236 
1720699160072.00, -2313, -424915, 130 
1720699160091.00, -1509, -424978, -2 
1720699160111.00, -929, -425017, -98 
1720699160133.00, -6534, -425042, -186 
1720699160155.00, -15314, -425186, -292 
1720699160177.00, -26529, -425512, -388 
1720699160199.00, -39050, -426079, -504 
1720699160220.00, -53542, -426912, -524 
1720699160242.00, -63401, -428076, -629 
1720699160264.00, -75556, -429444, -640 
1720699160285.00, -83282, -431081, -679 
1720699160307.00, -89994, -432885, -745 
1720699160329.00, -98165, -434867, -785 
1720699160350.00, -105363, -436985, -816 
1720699160372.00, -111382, -439285, -857 
1720699160394.00, -117390, -441719, -874 
1720699160415.00, -121873, -444279, -882 
1720699160437.00, -124917, -446925, -909 
1720699160459.00, -128344, -449652, -915 
1720699160480.00, -130664, -452445, -855 
1720699160502.00, -128543, -455292, -831 
1720699160524.00, -125574, -458084, -870 
1720699160546.00, -126158, -460819, -830 
1720699160567.00, -124219, -463549, -860 
1720699160589.00, -124679, -466243, -909 
1720699160611.00, -127820, -468967, -907 
1720699160636.00, -129506, -471746, -915 
1720699160654.00, -131061, -474570, -963 
1720699160674.00, -134429, -477436, -1050 
1720699160698.00, -141851, -480378, -987 
1720699160719.00, -142629, -483462, -991 
1720699160740.00, -143157, -486570, -1011 
1720699160761.00, -144491, -489683, -1012 
1720699160785.00, -145370, -492851, -976 
1720699160805.00, -143752, -496012, -1003 
1720699160827.00, -144511, -499147, -1033 
1720699160849.00, -146763, -502305, -1024 
1720699160870.00, -147402, -505504, -1054 
1720699160893.00, -149581, -508734, -1112 
1720699160914.00, -154247, -511999, -1102 
1720699160936.00, -156274, -515370, -1070 
1720699160958.00, -155555, -518792, -1104 
1720699160979.00, -157234, -522177, -1111 
1720699161002.00, -158407, -525626, -1096 
1720699161023.00, -158120, -529072, -1091 
1720699161045.00, -157598, -532538, -1099 
1720699161067.00, -157602, -535985, -1092 
1720699161089.00, -157162, -539420, -1072 
1720699161110.00, -155692, -542869, -1073 
1720699161132.00, -154788, -546268, -1080 
1720699161154.00, -154605, -549653, -1089 
1720699161181.00, -155117, -553031, -1050 
1720699161198.00, -153076, -556416, -1020 
1720699161220.00, -149969, -559765, -1043 
1720699161242.00, -149490, -563018, -1032 
1720699161265.00, -148482, -566297, -959 
1720699161286.00, -143479, -569526, -938 
1720699161307.00, -139213, -572632, -923 
1720699161329.00, -135621, -575654, -844 
1720699161352.00, -128838, -578592, -780 
1720699161373.00, -120504, -581390, -738 
1720699161394.00, -113233, -584009, -692 
1720699161417.00, -106173, -586460, -621 
1720699161438.00, -97833, -588765, -580 
1720699161460.00, -90308, -590874, -490 
1720699161481.00, -80601, -592817, -402 
1720699161503.00, -44869, -594547, -308 
1720699161524.00, -23655, -595533, -249 
1720699161547.00, -10809, -596061, -132 
1720699161568.00, -3669, -596300, -31 
1720699161589.00, 65, -596387, 29 
1720699161611.00, 4160, -596381, 155 
1720699161632.00, 14080, -596296, 249 
1720699161654.00, 25857, -596003, 352 
1720699161676.00, 39210, -595466, 371 
1720699161697.00, 48016, -594626, 527 
1720699161723.00, 62384, -593591, 561 
1720699161740.00, 72969, -592240, 636 
1720699161762.00, 83388, -590655, 674 
1720699161784.00, 92078, -588845, 703 
1720699161806.00, 98635, -586847, 722 
1720699161832.00, 103796, -584707, 763 
1720699161849.00, 109005, -582441, 856 
1720699161870.00, 117610, -580060, 932 
1720699161892.00, 127124, -577482, 971 
1720699161913.00, 135263, -574709, 1011 
1720699161935.00, 142278, -571747, 1055 
1720699161956.00, 148839, -568629, 1078 
1720699161978.00, 154151, -565370, 1057 
1720699162000.00, 155974, -561989, 1100 
1720699162022.00, 159483, -558577, 1145 
1720699162048.00, 161712, -555098, 1156 
1720699162065.00, 161853, -551549, 1174 
1720699162087.00, 161711, -548016, 1199 
1720699162109.00, 161490, -544485, 1212 
1720699162131.00, 161799, -540951, 1214 
1720699162158.00, 161653, -537433, 1226 
1720699162174.00, 161627, -533897, 1249 
1720699162197.00, 161521, -530367, 1253 
1720699162218.00, 161387, -526840, 1257 
1720699162240.00, 161669, -523312, 1289 
1720699162266.00, 161666, -519773, 1306 
1720699162284.00, 161649, -516240, 1314 
1720699162307.00, 161908, -512709, 1341 
1720699162328.00, 161658, -509169, 1360 
1720699162349.00, 161407, -505640, 1361 
1720699162373.00, 161834, -502115, 1367 
1720699162393.00, 161639, -498581, 1369 
1720699162415.00, 161654, -495047, 1361 
1720699162436.00, 161606, -491516, 1372 
1720699162458.00, 161507, -487989, 1393 
1720699162480.00, 161658, -484459, 1409 
1720699162502.00, 161621, -480925, 1412 
1720699162524.00, 161532, -477392, 1435 
1720699162546.00, 161831, -473868, 1439 
1720699162567.00, 161669, -470328, 1428 
1720699162591.00, 161416, -466797, 1401 
1720699162613.00, 161843, -463266, 1386 
1720699162633.00, 161586, -459730, 1379 
1720699162655.00, 161534, -456210, 1360 
1720699162676.00, 161423, -452683, 1338 
1720699162702.00, 161372, -449148, 1295 
1720699162720.00, 161543, -445621, 1227 
1720699162742.00, 161420, -442097, 1167 
1720699162763.00, 161438, -438577, 1090 
1720699162787.00, 161508, -435059, 980 
1720699162810.00, 155078, -431555, 848 
1720699162830.00, 90358, -428213, 700 
1720699162851.00, 52756, -426237, 608 
1720699162873.00, 30715, -425109, 544 
1720699162895.00, 18231, -424419, 489 
1720699162916.00, 10871, -424022, 416 
1720699162938.00, 6466, -423787, 324 
1720699162960.00, 3622, -423654, 213 
1720699162981.00, 2061, -423585, 95 
1720699163003.00, 1062, -423552, -15 
1720699163024.00, -59, -423538, -131 
1720699163046.00, -7419, -423544, -262 
1720699163068.00, -20245, -423697, -294 
1720699163088.00, -29692, -424138, -520 
1720699163110.00, -48973, -424786, -567 
1720699163132.00, -63392, -425831, -657 
1720699163153.00, -77233, -427206, -733 
1720699163175.00, -89923, -428890, -771 
1720699163197.00, -99841, -430833, -804 
1720699163219.00, -107604, -432999, -829 
1720699163247.00, -113628, -435362, -837 
1720699163262.00, -117708, -437843, -839 
1720699163284.00, -120189, -440389, -832 
1720699163306.00, -120876, -443007, -857 
1720699163327.00, -122884, -445648, -873 
1720699163351.00, -125017, -448316, -874 
1720699163371.00, -126181, -451051, -869 
1720699163392.00, -126773, -453794, -890 
1720699163414.00, -128111, -456547, -890 
1720699163436.00, -129057, -459343, -888 
1720699163459.00, -129188, -462141, -878 
1720699163479.00, -128802, -464951, -886 
1720699163502.00, -128931, -467772, -910 
1720699163523.00, -130348, -470573, -918 
1720699163545.00, -131733, -473391, -945 
1720699163566.00, -134118, -476272, -960 
1720699163588.00, -136343, -479191, -975 
1720699163608.00, -138544, -482151, -1014 
1720699163630.00, -141902, -485192, -1040 
1720699163652.00, -145619, -488293, -1034 
1720699163674.00, -147249, -491488, -1056 
1720699163696.00, -149422, -494707, -1042 
1720699163719.00, -149893, -497967, -980 
1720699163740.00, -146587, -501242, -983 
1720699163761.00, -144651, -504433, -1019 
1720699163782.00, -145499, -507589, -1020 
1720699163805.00, -146145, -510776, -1021 
1720699163827.00, -146531, -513967, -1042 
1720699163848.00, -147875, -517183, -1055 
1720699163870.00, -149435, -520411, -1045 
1720699163891.00, -149944, -523683, -1073 
1720699163914.00, -151574, -526960, -1061 
1720699163937.00, -151879, -530253, -999 
1720699163957.00, -148289, -533579, -1022 
1720699163979.00, -147446, -536816, -1033 
1720699164002.00, -147842, -540035, -978 
1720699164024.00, -144746, -543255, -966 
1720699164045.00, -141967, -546390, -996 
1720699164067.00, -142045, -549480, -970 
1720699164089.00, -140658, -552571, -933 
1720699164110.00, -137557, -555624, -959 
1720699164132.00, -137008, -558621, -957 
1720699164154.00, -136811, -561590, -939 
1720699164175.00, -135566, -564567, -1030 
1720699164196.00, -140080, -567531, -1068 
1720699164219.00, -145234, -570588, -993 
1720699164241.00, -143867, -573762, -972 
1720699164263.00, -141689, -576887, -967 
1720699164285.00, -140102, -579946, -882 
1720699164307.00, -133887, -582994, -776 
1720699164328.00, -123525, -585899, -731 
1720699164351.00, -114470, -588564, -632 
1720699164371.00, -103263, -591049, -543 
1720699164393.00, -91175, -593283, -463 
1720699164415.00, -51096, -595239, -389 
1720699164437.00, -27288, -596349, -331 
1720699164458.00, -12960, -596967, -278 
1720699164479.00, -4969, -597265, -180 
1720699164501.00, -111, -597379, -131 
1720699164523.00, 2074, -597378, 52 
1720699164544.00, 6671, -597329, 215 
1720699164567.00, 19089, -597181, 341 
1720699164587.00, 34565, -596780, 385 
1720699164609.00, 45997, -596042, 659 
1720699164631.00, 69109, -595058, 694 
1720699164652.00, 85084, -593559, 722 
1720699164674.00, 96101, -591711, 834 
1720699164696.00, 109050, -589617, 926 
1720699164717.00, 122155, -587236, 938 
1720699164739.00, 130684, -584560, 969 
1720699164759.00, 137476, -581711, 1060 
1720699164784.00, 146750, -578694, 1102 
1720699164803.00, 154799, -575478, 1130 
1720699164824.00, 161127, -572091, 1157 
1720699164846.00, 161707, -568566, 1157 
1720699164868.00, 161589, -565028, 1199 
1720699164891.00, 161681, -561500, 1206 
1720699164912.00, 161651, -557960, 1226 
1720699164934.00, 161553, -554427, 1245 
1720699164956.00, 161677, -550903, 1264 
1720699164978.00, 161706, -547376, 1276 
1720699165007.00, 161673, -543837, 1288 
1720699165021.00, 161740, -540308, 1298 
1720699165043.00, 161642, -536777, 1314 
1720699165064.00, 161650, -533245, 1309 
1720699165086.00, 161511, -529718, 1342 
1720699165109.00, 161532, -526178, 1366 
1720699165130.00, 161677, -522657, 1369 
1720699165152.00, 161860, -519122, 1367 
1720699165174.00, 161637, -515579, 1396 
1720699165196.00, 161587, -512060, 1421 
1720699165218.00, 161716, -508526, 1427 
1720699165239.00, 161596, -504994, 1427 
1720699165261.00, 161663, -501462, 1443 
1720699165283.00, 161622, -497927, 1455 
1720699165305.00, 161471, -494406, 1464 
1720699165333.00, 161606, -490868, 1464 
1720699165349.00, 161554, -487340, 1463 
1720699165370.00, 161548, -483804, 1496 
1720699165392.00, 161852, -480274, 1491 
1720699165415.00, 161659, -476746, 1475 
1720699165435.00, 161435, -473221, 1449 
1720699165458.00, 161826, -469677, 1460 
1720699165480.00, 161569, -466159, 1419 
1720699165501.00, 161582, -462623, 1379 
1720699165523.00, 161407, -459098, 1345 
1720699165545.00, 161327, -455575, 1305 
1720699165568.00, 161600, -452047, 1245 
1720699165589.00, 161420, -448526, 1176 
1720699165610.00, 161560, -445005, 1102 
1720699165632.00, 161530, -441485, 1037 
1720699165655.00, 159139, -437955, 945 
1720699165677.00, 152117, -434502, 852 
1720699165698.00, 142167, -431206, 758 
1720699165721.00, 83536, -428146, 658 
1720699165742.00, 49172, -426325, 635 
1720699165764.00, 29021, -425271, 530 
1720699165785.00, 17127, -424627, 448 
1720699165806.00, 10315, -424241, 369 
1720699165828.00, 6151, -424017, 266 
1720699165849.00, 3931, -423887, 152 
1720699165872.00, 2462, -423814, 58 
1720699165893.00, 1544, -423770, -42 
1720699165914.00, -981, -423746, -165 
1720699165936.00, -10247, -423766, -285 
1720699165957.00, -23217, -423975, -303 
1720699165983.00, -31893, -424477, -472 
1720699166001.00, -47140, -425165, -451 
1720699166022.00, -54991, -426168, -482 
1720699166045.00, -61426, -427359, -506 
1720699166066.00, -66802, -428700, -553 
1720699166088.00, -72745, -430138, -574 
1720699166109.00, -77482, -431720, -598 
1720699166131.00, -81739, -433394, -629 
1720699166152.00, -85914, -435181, -673 
1720699166173.00, -90850, -437039, -722 
1720699166198.00, -96903, -439026, -756 
1720699166217.00, -102577, -441123, -765 
1720699166239.00, -106470, -443356, -793 
1720699166261.00, -110429, -445690, -836 
1720699166282.00, -115315, -448083, -851 
1720699166313.00, -119078, -450605, -850 
1720699166326.00, -121198, -453198, -866 
1720699166347.00, -123235, -455829, -914 
1720699166369.00, -127380, -458520, -917 
1720699166391.00, -129932, -461297, -881 
1720699166413.00, -129152, -464115, -887 
1720699166434.00, -129042, -466935, -900 
1720699166457.00, -129729, -469734, -891 
1720699166478.00, -129530, -472557, -916 
1720699166500.00, -131009, -475382, -938 
1720699166524.00, -133036, -478237, -926 
1720699166543.00, -133632, -481124, -924 
1720699166565.00, -133423, -484052, -974 
1720699166587.00, -136436, -486954, -945 
1720699166609.00, -136628, -489915, -969 
1720699166633.00, -138058, -492895, -992 
1720699166652.00, -140298, -495893, -953 
1720699166673.00, -139345, -498932, -892 
1720699166695.00, -134886, -501973, -912 
1720699166716.00, -133246, -504898, -929 
1720699166738.00, -133400, -507806, -910 
1720699166760.00, -132204, -510718, -911 
1720699166782.00, -131608, -513584, -921 
1720699166803.00, -131682, -516461, -930 
1720699166826.00, -132463, -519326, -951 
1720699166845.00, -133960, -522200, -1008 
1720699166868.00, -138563, -525137, -1017 
1720699166890.00, -141899, -528168, -1017 
1720699166912.00, -143689, -531259, -1053 
1720699166934.00, -146767, -534410, -1079 
1720699166955.00, -150262, -537619, -1037 
1720699166977.00, -149780, -540896, -1069 
1720699166999.00, -151243, -544171, -1082 
1720699167021.00, -153004, -547464, -1056 
1720699167043.00, -152421, -550822, -1049 
1720699167064.00, -151531, -554137, -1062 
1720699167086.00, -151682, -557448, -1030 
1720699167108.00, -149729, -560757, -1002 
1720699167130.00, -146932, -564014, -1031 
1720699167151.00, -146967, -567239, -1023 
1720699167175.00, -146618, -570432, -958 
1720699167196.00, -142511, -573628, -972 
1720699167218.00, -140584, -576709, -965 
1720699167239.00, -138998, -579749, -846 
1720699167262.00, -130915, -582790, -755 
1720699167284.00, -120337, -585626, -709 
1720699167305.00, -111406, -588222, -586 
1720699167327.00, -98616, -590626, -494 
1720699167348.00, -85508, -592750, -402 
1720699167370.00, -47710, -594583, -302 
1720699167392.00, -25051, -595629, -262 
1720699167413.00, -11725, -596191, -167 
1720699167434.00, -4186, -596450, -21 
1720699167456.00, 60, -596534, 77 
1720699167477.00, 6870, -596533, 239 
1720699167499.00, 21036, -596390, 372 
1720699167520.00, 37120, -595949, 523 
1720699167542.00, 56043, -595158, 607 
1720699167564.00, 72019, -593949, 681 
1720699167586.00, 85911, -592387, 723 
1720699167607.00, 96418, -590518, 756 
1720699167629.00, 104778, -588429, 789 
1720699167650.00, 111575, -586132, 838 
1720699167673.00, 118248, -583694, 869 
1720699167694.00, 124000, -581112, 894 
1720699167716.00, 128962, -578405, 945 
1720699167736.00, 134829, -575600, 1020 
1720699167758.00, 142750, -572642, 1041 
1720699167779.00, 148608, -569511, 1021 
1720699167802.00, 150721, -566259, 1055 
1720699167823.00, 153985, -562967, 1085 
1720699167845.00, 157598, -559589, 1120 
1720699167867.00, 161705, -556158, 1172 
1720699167889.00, 161755, -552613, 1204 
1720699167911.00, 161618, -549084, 1236 
1720699167933.00, 161565, -545556, 1251 
1720699167955.00, 161639, -542018, 1266 
1720699167976.00, 161511, -538490, 1280 
1720699167997.00, 161521, -534966, 1259 
1720699168020.00, 161630, -531428, 1213 
1720699168042.00, 161792, -527908, 1196 
1720699168064.00, 161547, -524376, 1191 
1720699168086.00, 161777, -520838, 1187 
1720699168107.00, 161645, -517320, 1218 
1720699168129.00, 161630, -513782, 1262 
1720699168151.00, 161676, -510258, 1303 
1720699168172.00, 161642, -506712, 1354 
1720699168194.00, 161638, -503179, 1384 
1720699168216.00, 161755, -499635, 1398 
1720699168238.00, 161689, -496116, 1414 
1720699168260.00, 161684, -492577, 1431 
1720699168283.00, 161744, -489052, 1421 
1720699168303.00, 161600, -485523, 1424 
1720699168325.00, 161888, -481981, 1442 
1720699168347.00, 161617, -478451, 1464 
1720699168369.00, 161515, -474917, 1469 
1720699168396.00, 161555, -471397, 1484 
1720699168413.00, 161363, -467861, 1503 
1720699168434.00, 161425, -464339, 1469 
1720699168456.00, 161712, -460814, 1429 
1720699168478.00, 161598, -457285, 1390 
1720699168500.00, 161416, -453752, 1346 
1720699168522.00, 161545, -450226, 1282 
1720699168543.00, 161451, -446705, 1197 
1720699168566.00, 161426, -443184, 1129 
1720699168587.00, 159761, -439659, 1055 
1720699168616.00, 154310, -436176, 958 
1720699168631.00, 145388, -432832, 869 
1720699168653.00, 134741, -429677, 782 
1720699168675.00, 74681, -426772, 713 
1720699168697.00, 39581, -425157, 716 
1720699168718.00, 19193, -424284, 638 
1720699168741.00, 7598, -423854, 555 
1720699168761.00, 492, -423685, 473 
1720699168782.00, -3077, -423670, 371 
1720699168804.00, -5457, -423729, 249 
1720699168826.00, -6786, -423850, 135 
1720699168847.00, -7662, -424005, 26 
1720699168868.00, -8079, -424181, -88 
1720699168889.00, -13120, -424357, -214 
1720699168912.00, -23503, -424651, -314 
1720699168939.00, -36016, -425154, -309 
1720699168955.00, -42791, -425933, -512 
1720699168977.00, -59097, -426859, -509 
1720699168998.00, -68336, -428139, -525 
1720699169020.00, -74804, -429615, -540 
1720699169042.00, -79434, -431245, -566 
1720699169063.00, -83539, -432966, -575 
1720699169085.00, -86737, -434793, -592 
1720699169106.00, -89209, -436659, -667 
1720699169128.00, -95131, -438612, -716 
1720699169150.00, -101612, -440667, -727 
1720699169172.00, -105981, -442883, -756 
1720699169193.00, -110220, -445209, -774 
1720699169215.00, -113712, -447607, -776 
1720699169237.00, -115839, -450075, -800 
1720699169259.00, -118456, -452603, -829 
1720699169280.00, -121457, -455189, -843 
1720699169302.00, -124210, -457841, -839 
1720699169323.00, -125445, -460547, -856 
1720699169345.00, -127057, -463267, -882 
1720699169370.00, -129481, -466031, -891 
1720699169389.00, -131490, -468858, -890 
1720699169411.00, -132529, -471721, -903 
1720699169432.00, -133824, -474614, -950 
1720699169454.00, -137134, -477534, -922 
1720699169478.00, -137531, -480508, -958 
1720699169496.00, -139782, -483512, -1024 
1720699169518.00, -144909, -486571, -1019 
1720699169541.00, -147737, -489721, -999 
1720699169562.00, -148121, -492963, -1021 
1720699169583.00, -149465, -496189, -1047 
1720699169606.00, -151811, -499454, -979 
1720699169628.00, -149006, -502756, -985 
1720699169650.00, -147576, -505980, -995 
1720699169672.00, -147313, -509206, -992 
1720699169692.00, -146919, -512410, -1009 
1720699169714.00, -147507, -515612, -1015 
1720699169737.00, -148294, -518837, -995 
1720699169757.00, -147395, -522058, -1014 
1720699169780.00, -147995, -525287, -1030 
1720699169801.00, -149172, -528518, -1005 
1720699169823.00, -148402, -531768, -1014 
1720699169845.00, -148359, -535015, -1031 
1720699169866.00, -149311, -538243, -1026 
1720699169889.00, -149468, -541509, -999 
1720699169910.00, -147819, -544761, -1007 
1720699169933.00, -147244, -547983, -992 
1720699169955.00, -145949, -551190, -967 
1720699169977.00, -143599, -554353, -951 
1720699169998.00, -141234, -557480, -942 
1720699170023.00, -139288, -560547, -895 
1720699170041.00, -135270, -563554, -844 
1720699170064.00, -129589, -566503, -827 
1720699170085.00, -125029, -569318, -790 
1720699170107.00, -120309, -572026, -733 
1720699170128.00, -113915, -574639, -722 
1720699170151.00, -109340, -577107, -721 
1720699170172.00, -106695, -579473, -662 
1720699170194.00, -101298, -581802, -647 
1720699170215.00, -97115, -583996, -640 
1720699170237.00, -94451, -586099, -603 
1720699170259.00, -90603, -588140, -536 
1720699170281.00, -84204, -590095, -503 
1720699170302.00, -78210, -591919, -435 
1720699170323.00, -70591, -593601, -308 
1720699170346.00, -39947, -595116, -224 
1720699170367.00, -21484, -595994, -144 
1720699170388.00, -10566, -596476, -66 
1720699170410.00, -4336, -596711, 15 
1720699170431.00, 25, -596802, 64 
1720699170453.00, 5495, -596803, 156 
1720699170474.00, 14552, -596694, 256 
1720699170496.00, 25452, -596385, 360 
1720699170517.00, 38652, -595846, 385 
1720699170539.00, 47850, -595015, 596 
1720699170561.00, 65716, -593978, 672 
1720699170582.00, 80996, -592556, 732 
1720699170604.00, 93588, -590783, 808 
1720699170626.00, 105744, -588760, 889 
1720699170648.00, 117536, -586448, 905 
1720699170670.00, 125422, -583885, 959 
1720699170689.00, 133261, -581133, 1046 
1720699170712.00, 142969, -578205, 1104 
1720699170733.00, 152248, -575082, 1143 
1720699170756.00, 160047, -571750, 1161 
1720699170777.00, 161722, -568242, 1171 
1720699170805.00, 161614, -564703, 1176 
1720699170821.00, 161696, -561164, 1182 
1720699170842.00, 161793, -557634, 1217 
1720699170864.00, 161578, -554113, 1205 
1720699170885.00, 161731, -550581, 1223 
1720699170907.00, 161571, -547057, 1254 
1720699170929.00, 161535, -543523, 1254 
1720699170951.00, 161458, -539997, 1268 
1720699170972.00, 161385, -536466, 1279 
1720699170995.00, 161542, -532934, 1278 
1720699171016.00, 161784, -529403, 1280 
1720699171039.00, 161685, -525875, 1303 
1720699171061.00, 161568, -522346, 1340 
1720699171083.00, 161624, -518803, 1342 
1720699171104.00, 161527, -515273, 1361 
1720699171126.00, 161772, -511752, 1370 
1720699171147.00, 161560, -508214, 1404 
1720699171170.00, 161642, -504677, 1429 
1720699171192.00, 161626, -501155, 1450 
1720699171214.00, 161482, -497620, 1453 
1720699171238.00, 161464, -494096, 1449 
1720699171257.00, 161623, -490559, 1447 
1720699171279.00, 161509, -487040, 1448 
1720699171301.00, 161456, -483499, 1468 
1720699171323.00, 161497, -479970, 1475 
1720699171347.00, 161428, -476434, 1455 
1720699171366.00, 161579, -472920, 1434 
1720699171388.00, 161494, -469387, 1441 
1720699171410.00, 161587, -465855, 1422 
1720699171431.00, 161480, -462325, 1379 
1720699171453.00, 161380, -458803, 1347 
1720699171475.00, 161378, -455280, 1311 
1720699171497.00, 161271, -451757, 1266 
1720699171518.00, 161486, -448238, 1215 
1720699171540.00, 161413, -444712, 1167 
1720699171563.00, 161343, -441190, 1108 
1720699171584.00, 158670, -437668, 1047 
1720699171607.00, 153141, -434210, 971 
1720699171629.00, 145475, -430886, 877 
1720699171650.00, 80578, -427752, 761 
1720699171673.00, 42571, -425990, 720 
1720699171694.00, 20757, -425065, 584 
1720699171715.00, 8330, -424591, 527 
1720699171737.00, 1067, -424397, 458 
1720699171759.00, -2550, -424373, 370 
1720699171783.00, -5033, -424423, 268 
1720699171801.00, -6578, -424539, 167 
1720699171822.00, -7678, -424690, 46 
1720699171844.00, -7723, -424866, -102 
1720699171866.00, -13956, -425046, -228 
1720699171890.00, -25081, -425346, -308 
1720699171909.00, -36532, -425877, -306 
1720699171930.00, -43118, -426663, -512 
1720699171953.00, -59107, -427597, -518 
1720699171974.00, -69131, -428876, -549 
1720699172002.00, -76640, -430375, -653 
1720699172017.00, -87384, -432045, -665 
1720699172039.00, -94475, -433935, -722 
1720699172061.00, -101610, -436000, -774 
1720699172082.00, -109092, -438228, -789 
1720699172105.00, -114342, -440589, -819 
1720699172126.00, -119296, -443089, -824 
1720699172147.00, -122464, -445694, -845 
1720699172169.00, -125257, -448355, -861 
1720699172191.00, -127796, -451091, -847 
1720699172213.00, -128352, -453868, -855 
1720699172234.00, -129159, -456653, -866 
1720699172256.00, -130098, -459468, -877 
1720699172278.00, -131099, -462299, -897 
1720699172299.00, -132724, -465146, -882 
1720699172326.00, -133009, -468054, -871 
1720699172343.00, -132212, -470948, -883 
1720699172365.00, -132386, -473815, -876 
1720699172386.00, -132110, -476700, -852 
1720699172408.00, -130482, -479566, -873 
1720699172430.00, -130560, -482393, -893 
1720699172452.00, -131687, -485249, -906 
1720699172473.00, -132764, -488115, -908 
1720699172495.00, -133645, -491006, -926 
1720699172517.00, -135433, -493935, -937 
1720699172542.00, -136663, -496870, -957 
1720699172560.00, -138663, -499858, -957 
1720699172582.00, -140014, -502870, -990 
1720699172602.00, -142629, -505913, -1022 
1720699172624.00, -145929, -509040, -1004 
1720699172645.00, -146799, -512227, -1011 
1720699172669.00, -147713, -515433, -979 
1720699172691.00, -146294, -518649, -965 
1720699172711.00, -144479, -521819, -1007 
1720699172733.00, -145856, -524980, -1001 
1720699172756.00, -146335, -528166, -995 
1720699172777.00, -146077, -531340, -1029 
1720699172799.00, -147913, -534547, -1027 
1720699172822.00, -148728, -537768, -964 
1720699172843.00, -145679, -541005, -993 
1720699172864.00, -145384, -544174, -1070 
1720699172887.00, -149779, -547337, -962 
1720699172908.00, -145924, -550603, -921 
1720699172930.00, -140871, -553760, -954 
1720699172952.00, -139669, -556830, -925 
1720699172976.00, -137395, -559865, -898 
1720699172995.00, -134254, -562847, -940 
1720699173017.00, -134814, -565780, -945 
1720699173039.00, -135676, -568718, -913 
1720699173059.00, -133884, -571647, -1038 
1720699173081.00, -140114, -574587, -1010 
1720699173104.00, -142470, -577645, -920 
1720699173126.00, -138472, -580739, -900 
1720699173147.00, -134602, -583746, -835 
1720699173169.00, -128460, -586652, -658 
1720699173191.00, -113943, -589434, -589 
1720699173213.00, -101018, -591903, -499 
1720699173234.00, -87762, -594075, -349 
1720699173256.00, -49582, -595955, -261 
1720699173278.00, -26755, -597037, -173 
1720699173299.00, -13423, -597645, -62 
1720699173321.00, -5867, -597941, 9 
1720699173342.00, -1332, -598073, 80 
1720699173363.00, 5468, -598097, 222 
1720699173385.00, 18263, -597991, 325 
1720699173406.00, 32583, -597608, 357 
1720699173429.00, 42645, -596907, 592 
1720699173451.00, 62734, -595993, 625 
1720699173472.00, 76777, -594647, 643 
1720699173493.00, 85999, -592980, 695 
1720699173515.00, 94466, -591105, 792 
1720699173537.00, 105319, -589063, 853 
1720699173559.00, 115107, -586761, 850 
1720699173579.00, 120667, -584247, 920 
1720699173602.00, 128009, -581619, 982 
1720699173624.00, 136183, -578824, 992 
1720699173644.00, 141433, -575855, 1013 
1720699173666.00, 145580, -572755, 1053 
1720699173688.00, 150372, -569571, 1065 
1720699173710.00, 153916, -566276, 1071 
1720699173731.00, 156362, -562907, 1100 
1720699173753.00, 159375, -559492, 1116 
1720699173774.00, 161782, -556016, 1115 
1720699173797.00, 161612, -552477, 1134 
1720699173819.00, 161673, -548935, 1161 
1720699173841.00, 161608, -545405, 1174 
1720699173863.00, 161683, -541872, 1191 
1720699173884.00, 161607, -538339, 1203 
1720699173906.00, 161671, -534813, 1215 
1720699173927.00, 161699, -531277, 1242 
1720699173950.00, 161540, -527743, 1264 
1720699173971.00, 161603, -524219, 1251 
1720699173994.00, 161565, -520684, 1287 
1720699174015.00, 161558, -517147, 1307 
1720699174037.00, 161590, -513617, 1311 
1720699174059.00, 161515, -510098, 1323 
1720699174081.00, 161735, -506563, 1329 
1720699174101.00, 161622, -503031, 1355 
1720699174123.00, 161727, -499487, 1365 
1720699174146.00, 161819, -495956, 1382 
1720699174167.00, 161727, -492429, 1390 
1720699174189.00, 161539, -488896, 1381 
1720699174211.00, 161516, -485367, 1376 
1720699174233.00, 161620, -481829, 1373 
1720699174255.00, 161412, -478310, 1353 
1720699174277.00, 161483, -474774, 1317 
1720699174298.00, 161404, -471248, 1281 
1720699174320.00, 161554, -467726, 1254 
1720699174342.00, 161590, -464202, 1233 
1720699174364.00, 161424, -460670, 1189 
1720699174385.00, 161552, -457151, 1140 
1720699174407.00, 160851, -453619, 1081 
1720699174430.00, 156716, -450106, 1019 
1720699174453.00, 150482, -446695, 955 
1720699174474.00, 142987, -443437, 870 
1720699174496.00, 133132, -440336, 797 
1720699174518.00, 122989, -437451, 718 
1720699174539.00, 112268, -434794, 635 
1720699174562.00, 100916, -432368, 545 
1720699174582.00, 55375, -430184, 465 
1720699174604.00, 28649, -428989, 446 
1720699174629.00, 12811, -428354, 370 
1720699174647.00, 3743, -428063, 296 
1720699174669.00, -877, -427978, 212 
1720699174691.00, -4277, -427997, 113 
1720699174711.00, -6022, -428096, -11 
1720699174734.00, -7614, -428236, -131 
1720699174755.00, -15675, -428400, -192 
1720699174776.00, -23995, -428734, -258 
1720699174798.00, -33251, -429248, -318 
1720699174820.00, -41755, -429959, -431 
1720699174841.00, -53606, -430858, -455 
1720699174863.00, -62108, -432022, -500 
1720699174885.00, -69789, -433364, -542 
1720699174906.00, -76594, -434892, -586 
1720699174928.00, -83459, -436548, -620 
1720699174950.00, -89319, -438374, -630 
1720699174971.00, -93320, -440300, -670 
1720699174993.00, -97960, -442329, -690 
1720699175015.00, -101888, -444462, -710 
1720699175037.00, -105233, -446677, -760 
1720699175069.00, -110306, -448959, -767 
1720699175079.00, -113471, -451376, -762 
1720699175102.00, -114994, -453842, -768 
1720699175123.00, -116105, -456335, -797 
1720699175145.00, -118238, -458870, -800 
1720699175167.00, -119767, -461448, -797 
1720699175188.00, -120267, -464052, -837 
1720699175210.00, -122900, -466675, -867 
1720699175232.00, -126266, -469347, -872 
1720699175253.00, -128324, -472099, -898 
1720699175275.00, -131220, -474905, -914 
1720699175297.00, -133664, -477759, -895 
1720699175319.00, -133894, -480673, -870 
1720699175342.00, -132487, -483579, -859 
1720699175362.00, -130859, -486467, -864 
1720699175384.00, -130141, -489295, -871 
1720699175405.00, -129976, -492133, -880 
1720699175428.00, -130475, -494966, -870 
1720699175449.00, -130079, -497791, -866 
1720699175471.00, -129502, -500639, -894 
1720699175492.00, -130344, -503455, -859 
1720699175515.00, -128846, -506280, -838 
1720699175536.00, -126887, -509095, -852 
1720699175557.00, -126549, -511846, -868 
1720699175579.00, -127135, -514591, -853 
1720699175603.00, -126417, -517368, -830 
1720699175623.00, -124601, -520119, -864 
1720699175645.00, -125423, -522824, -867 
1720699175667.00, -126070, -525557, -865 
1720699175689.00, -126323, -528296, -898 
1720699175711.00, -128457, -531036, -912 
1720699175731.00, -130493, -533856, -888 
1720699175754.00, -130203, -536698, -928 
1720699175775.00, -132196, -539526, -953 
1720699175797.00, -134811, -542410, -894 
1720699175819.00, -132948, -545332, -887 
1720699175841.00, -131276, -548226, -914 
1720699175862.00, -131756, -551079, -894 
1720699175883.00, -130921, -553949, -869 
1720699175906.00, -128912, -556804, -884 
1720699175927.00, -128470, -559610, -896 
1720699175949.00, -128840, -562395, -867 
1720699175971.00, -127048, -565209, -864 
1720699175992.00, -126146, -567982, -899 
1720699176014.00, -127773, -570711, -888 
1720699176035.00, -127837, -573493, -866 
1720699176058.00, -126510, -576278, -871 
1720699176079.00, -125798, -579016, -848 
1720699176100.00, -124215, -581763, -757 
1720699176123.00, -117521, -584449, -692 
1720699176144.00, -109741, -586996, -644 
1720699176167.00, -102175, -589371, -567 
1720699176187.00, -92852, -591580, -461 
1720699176210.00, -80973, -593578, -369 
1720699176231.00, -45741, -595317, -283 
1720699176255.00, -24743, -596312, -187 
1720699176274.00, -12315, -596869, -55 
1720699176295.00, -5442, -597138, 43 
1720699176317.00, 637, -597258, 99 
1720699176339.00, 7848, -597251, 205 
1720699176360.00, 18833, -597083, 290 
1720699176382.00, 30192, -596689, 370 
1720699176404.00, 41551, -596047, 398 
1720699176425.00, 50228, -595149, 548 
1720699176447.00, 64318, -594057, 572 
1720699176468.00, 74336, -592663, 665 
1720699176494.00, 85449, -591050, 708 
1720699176511.00, 94676, -589195, 740 
1720699176533.00, 101943, -587141, 784 
1720699176555.00, 108860, -584916, 815 
1720699176577.00, 114700, -582539, 841 
1720699176603.00, 119645, -580033, 896 
1720699176620.00, 125683, -577422, 937 
1720699176642.00, 131872, -574676, 954 
1720699176664.00, 136375, -571805, 986 
1720699176684.00, 140958, -568835, 1014 
1720699176706.00, 145242, -565754, 1033 
1720699176728.00, 148707, -562575, 1056 
1720699176750.00, 152019, -559322, 1094 
1720699176771.00, 156237, -555995, 1121 
1720699176793.00, 160365, -552578, 1127 
1720699176822.00, 161643, -549061, 1155 
1720699176837.00, 161708, -545533, 1180 
1720699176859.00, 161759, -541995, 1175 
1720699176880.00, 161488, -538466, 1225 
1720699176902.00, 161651, -534936, 1241 
1720699176929.00, 161805, -531392, 1257 
1720699176946.00, 161794, -527860, 1277 
1720699176967.00, 161671, -524335, 1304 
1720699176990.00, 161781, -520806, 1328 
1720699177011.00, 161646, -517266, 1366 
1720699177033.00, 161625, -513749, 1400 
1720699177055.00, 161524, -510219, 1391 
1720699177077.00, 161678, -506688, 1408 
1720699177099.00, 161687, -503154, 1434 
1720699177121.00, 161686, -499609, 1453 
1720699177142.00, 161759, -496080, 1464 
1720699177164.00, 161749, -492540, 1481 
1720699177186.00, 161706, -489014, 1501 
1720699177208.00, 161556, -485484, 1518 
1720699177230.00, 161705, -481945, 1512 
1720699177253.00, 161682, -478426, 1495 
1720699177273.00, 161476, -474889, 1486 
1720699177295.00, 161520, -471354, 1487 
1720699177317.00, 161411, -467836, 1453 
1720699177338.00, 161525, -464306, 1409 
1720699177364.00, 161762, -460777, 1369 
1720699177383.00, 161574, -457247, 1345 
1720699177404.00, 161581, -453714, 1297 
1720699177426.00, 161652, -450188, 1232 
1720699177448.00, 161463, -446670, 1131 
1720699177471.00, 161587, -443146, 1025 
1720699177493.00, 157235, -439626, 906 
1720699177514.00, 147510, -436206, 785 
1720699177536.00, 134326, -433029, 665 
1720699177558.00, 119227, -430119, 561 
1720699177581.00, 69555, -427557, 461 
1720699177601.00, 40139, -426058, 416 
1720699177622.00, 22988, -425189, 297 
1720699177644.00, 13021, -424683, 220 
1720699177665.00, 6901, -424397, 129 
1720699177687.00, 3382, -424255, 45 
1720699177709.00, 1216, -424187, -35 
1720699177730.00, -1494, -424168, -126 
1720699177751.00, -8794, -424198, -209 
1720699177774.00, -18423, -424382, -265 
1720699177794.00, -27241, -424782, -329 
1720699177817.00, -36640, -425372, -330 
1720699177839.00, -42185, -426159, -494 
1720699177860.00, -55248, -427066, -474 
1720699177881.00, -61738, -428264, -506 
1720699177906.00, -67504, -429605, -544 
1720699177925.00, -73376, -431071, -573 
1720699177946.00, -78514, -432659, -685 
1720699177968.00, -88209, -434372, -671 
1720699177990.00, -93153, -436282, -706 
1720699178012.00, -97991, -438309, -724 
1720699178033.00, -101856, -440423, -739 
1720699178054.00, -105208, -442650, -743 
1720699178077.00, -107200, -444945, -757 
1720699178098.00, -109191, -447268, -789 
1720699178120.00, -112113, -449639, -775 
1720699178142.00, -113155, -452096, -770 
1720699178164.00, -113358, -454563, -805 
1720699178185.00, -115375, -457010, -836 
1720699178207.00, -118461, -459538, -872 
1720699178229.00, -122524, -462120, -872 
1720699178250.00, -124772, -464782, -895 
1720699178272.00, -127418, -467518, -928 
1720699178294.00, -131017, -470288, -913 
1720699178318.00, -132271, -473122, -931 
1720699178337.00, -133840, -476010, -947 
1720699178359.00, -135688, -478927, -947 
1720699178381.00, -136669, -481869, -940 
1720699178402.00, -136741, -484861, -959 
1720699178425.00, -137971, -487838, -952 
1720699178452.00, -138360, -490841, -901 
1720699178467.00, -135158, -493847, -880 
1720699178490.00, -132124, -496784, -887 
1720699178511.00, -130747, -499649, -853 
1720699178533.00, -127940, -502480, -798 
1720699178559.00, -122744, -505251, -812 
1720699178576.00, -120543, -507934, -831 
1720699178606.00, -120311, -510564, -813 
1720699178619.00, -118901, -513169, -830 
1720699178642.00, -119304, -515749, -889 
1720699178669.00, -122887, -518347, -898 
1720699178685.00, -125471, -521021, -913 
1720699178706.00, -127950, -523771, -957 
1720699178728.00, -131992, -526564, -968 
1720699178751.00, -135052, -529431, -926 
1720699178773.00, -134292, -532373, -938 
1720699178793.00, -134632, -535292, -955 
1720699178815.00, -135896, -538212, -932 
1720699178837.00, -135273, -541171, -929 
1720699178859.00, -134516, -544115, -953 
1720699178880.00, -135311, -547023, -928 
1720699178902.00, -134383, -549988, -904 
1720699178924.00, -132188, -552907, -911 
1720699178945.00, -131378, -555773, -897 
1720699178967.00, -129748, -558633, -852 
1720699178989.00, -126283, -561451, -853 
1720699179010.00, -124232, -564191, -879 
1720699179032.00, -124576, -566899, -868 
1720699179054.00, -124107, -569610, -857 
1720699179076.00, -123275, -572300, -854 
1720699179097.00, -122391, -574986, -799 
1720699179119.00, -118653, -577639, -730 
1720699179141.00, -112181, -580196, -687 
1720699179163.00, -105675, -582644, -636 
1720699179184.00, -98662, -584936, -562 
1720699179206.00, -90065, -587058, -510 
1720699179227.00, -81754, -589008, -457 
1720699179249.00, -73615, -590770, -381 
1720699179270.00, -64625, -592360, -344 
1720699179293.00, -56567, -593743, -256 
1720699179314.00, -31150, -594961, -187 
1720699179336.00, -15840, -595657, -106 
1720699179357.00, -6812, -596008, 36 
1720699179378.00, 48, -596151, 160 
1720699179400.00, 11619, -596156, 243 
1720699179422.00, 23666, -595920, 336 
1720699179444.00, 36702, -595423, 374 
1720699179465.00, 46607, -594638, 492 
1720699179486.00, 59337, -593638, 526 
1720699179508.00, 68783, -592361, 585 
1720699179530.00, 77880, -590859, 608 
1720699179557.00, 84507, -589172, 664 
1720699179574.00, 91792, -587338, 706 
1720699179595.00, 98552, -585352, 741 
1720699179616.00, 104551, -583207, 770 
1720699179638.00, 109623, -580925, 834 
1720699179660.00, 116465, -578531, 891 
1720699179682.00, 124048, -575987, 933 
1720699179702.00, 130973, -573275, 1010 
1720699179724.00, 139382, -570400, 1070 
1720699179746.00, 148141, -567352, 1078 
1720699179773.00, 153638, -564104, 1101 
1720699179790.00, 158219, -560742, 1145 
1720699179811.00, 161985, -557284, 1152 
1720699179833.00, 161647, -553750, 1157 
1720699179855.00, 161643, -550223, 1178 
1720699179882.00, 161616, -546686, 1184 
1720699179899.00, 161628, -543168, 1196 
1720699179920.00, 161634, -539630, 1208 
1720699179942.00, 161627, -536101, 1228 
1720699179964.00, 161505, -532568, 1239 
1720699179986.00, 161628, -529030, 1251 
1720699180008.00, 161529, -525498, 1267 
1720699180029.00, 161660, -521968, 1270 
1720699180051.00, 161786, -518440, 1281 
1720699180073.00, 161680, -514905, 1292 
1720699180095.00, 161598, -511380, 1298 
1720699180117.00, 161579, -507848, 1286 
1720699180138.00, 161631, -504320, 1276 
1720699180160.00, 161566, -500788, 1267 
1720699180182.00, 161614, -497255, 1260 
1720699180204.00, 161480, -493741, 1266 
1720699180226.00, 161545, -490209, 1256 
1720699180248.00, 161637, -486670, 1262 
1720699180270.00, 161662, -483137, 1266 
1720699180291.00, 161753, -479606, 1271 
1720699180313.00, 161639, -476073, 1256 
1720699180334.00, 161646, -472545, 1246 
1720699180356.00, 161734, -469008, 1241 
1720699180379.00, 161686, -465488, 1217 
1720699180400.00, 161443, -461950, 1171 
1720699180422.00, 161364, -458430, 1111 
1720699180444.00, 158771, -454911, 1075 
1720699180466.00, 154965, -451440, 1021 
1720699180488.00, 149498, -448065, 961 
1720699180511.00, 142799, -444828, 896 
1720699180533.00, 134836, -441729, 829 
1720699180554.00, 126032, -438810, 762 
1720699180576.00, 116688, -436079, 702 
1720699180597.00, 107694, -433550, 652 
1720699180619.00, 99378, -431228, 584 
1720699180641.00, 54693, -429098, 518 
1720699180662.00, 28134, -427904, 519 
1720699180684.00, 12712, -427265, 447 
1720699180706.00, 3939, -426973, 450 
1720699180727.00, -564, -426883, 448 
1720699180749.00, -3763, -426890, 419 
1720699180770.00, -5583, -426966, 377 
1720699180791.00, -6778, -427087, 326 
1720699180812.00, -7489, -427234, 280 
1720699180834.00, -7718, -427395, 236 
1720699180860.00, -7851, -427564, 187 
1720699180877.00, -7613, -427732, 139 
1720699180899.00, -7583, -427900, 97 
1720699180920.00, -7272, -428067, 69 
1720699180941.00, -6956, -428229, 37 
1720699180963.00, -6756, -428383, 11 
1720699180984.00, -6556, -428526, -4 
1720699181005.00, -6523, -428670, -19 
1720699181026.00, -7351, -428809, -38 
1720699181048.00, -9160, -428971, -46 
1720699181074.00, -10415, -429161, -53 
1720699181091.00, -11454, -429386, -74 
1720699181113.00, -13850, -429640, -123 
1720699181134.00, -17599, -429937, -176 
1720699181156.00, -23347, -430320, -213 
1720699181178.00, -28873, -430826, -299 
1720699181199.00, -37076, -431453, -293 
1720699181221.00, -41722, -432261, -486 
1720699181243.00, -55990, -433154, -478 
1720699181264.00, -63978, -434369, -523 
1720699181290.00, -71285, -435756, -573 
1720699181308.00, -78557, -437308, -639 
1720699181330.00, -86843, -439013, -704 
1720699181351.00, -95581, -440894, -708 
1720699181373.00, -100810, -442966, -771 
1720699181394.00, -107714, -445177, -797 
1720699181416.00, -113263, -447513, -808 
1720699181437.00, -117150, -449978, -830 
1720699181460.00, -120598, -452542, -852 
1720699181481.00, -123757, -455160, -852 
1720699181502.00, -125695, -457863, -864 
1720699181525.00, -127498, -460598, -879 
1720699181546.00, -129315, -463361, -878 
1720699181568.00, -130289, -466168, -886 
1720699181590.00, -131143, -469016, -888 
1720699181612.00, -131688, -471873, -915 
1720699181633.00, -133499, -474743, -922 
1720699181655.00, -134979, -477662, -901 
1720699181677.00, -134587, -480588, -932 
1720699181698.00, -136110, -483519, -956 
1720699181720.00, -138374, -486483, -967 
1720699181741.00, -140366, -489490, -1005 
1720699181763.00, -143704, -492570, -1060 
1720699181784.00, -148982, -495713, -1058 
1720699181806.00, -151885, -498964, -1088 
1720699181827.00, -155285, -502293, -1099 
1720699181849.00, -157964, -505678, -1066 
1720699181871.00, -157642, -509144, -1050 
1720699181893.00, -156234, -512577, -1060 
1720699181915.00, -155580, -515989, -1050 
1720699181937.00, -154565, -519399, -1047 
1720699181959.00, -153811, -522777, -1058 
1720699181980.00, -154150, -526152, -1058 
1720699182003.00, -154223, -529509, -1050 
1720699182024.00, -153842, -532885, -1058 
1720699182046.00, -153805, -536245, -1072 
1720699182068.00, -154375, -539594, -1054 
1720699182090.00, -153699, -542973, -1025 
1720699182111.00, -151560, -546322, -1005 
1720699182135.00, -149176, -549647, -989 
1720699182157.00, -146539, -552878, -961 
1720699182178.00, -143332, -556069, -949 
1720699182200.00, -140628, -559182, -939 
1720699182221.00, -138331, -562235, -897 
1720699182243.00, -134522, -565239, -882 
1720699182265.00, -131284, -568165, -883 
1720699182287.00, -129376, -570998, -845 
1720699182308.00, -125924, -573814, -790 
1720699182330.00, -120534, -576551, -769 
1720699182351.00, -115773, -579157, -724 
1720699182373.00, -110372, -581679, -638 
1720699182395.00, -101940, -584066, -587 
1720699182417.00, -93843, -586277, -553 
1720699182438.00, -86881, -588304, -477 
1720699182460.00, -78297, -590175, -421 
1720699182481.00, -69703, -591872, -370 
1720699182504.00, -61466, -593371, -303 
1720699182525.00, -34408, -594696, -261 
1720699182547.00, -18230, -595465, -231 
1720699182568.00, -8767, -595876, -200 
1720699182590.00, -3125, -596071, -173 
1720699182610.00, 0, -596147, -197 
1720699182633.00, 1374, -596155, -171 
1720699182654.00, 616, -596136, -161 
1720699182675.00, 300, -596122, -154 
1720699182697.00, 124, -596116, -133 
1720699182719.00, 42, -596113, -128 
1720699182740.00, 27, -596111, -113 
1720699182762.00, -5, -596107, -94 
1720699182783.00, -1, -596106, -73 
1720699182804.00, 4, -596105, -58 
1720699182825.00, -5, -596104, -46 
1720699182846.00, 56, -596104, -34 
1720699182868.00, 68, -596103, -22 
1720699182890.00, 3, -596102, -14 
1720699182910.00, 67, -596101, -8 
1720699182932.00, 63, -596100, 1 
1720699182953.00, 34, -596098, 10 
1720699182974.00, -3, -596096, 13 
1720699182995.00, 769, -596096, 13 
1720699183016.00, 1282, -596080, 16 
1720699183038.00, 1714, -596053, 19 
1720699183093.00, 2200, -596016, 19 
1720699183093.00, 2447, -595970, 17 
1720699183103.00, 2390, -595916, 19 
1720699183126.00, 0, -595864, -84 
1720699183145.00, 0, -595852, -79 
1720699183166.00, 2, -595852, -87 
1720699183187.00, 0, -595852, -85 
1720699183208.00, 0, -595852, -86 
1720699183229.00, 0, -595852, -89 
1720699183250.00, 0, -595852, -92 
1720699183271.00, 7, -595851, -96 
1720699183292.00, 1, -595854, -95 
1720699183314.00, -56, -595852, -97 
1720699183335.00, 0, -595854, -97 
1720699183356.00, 1, -595852, -98 
1720699183377.00, 1, -595854, -96 
1720699183398.00, 41, -595852, -96 
1720699183419.00, 0, -595852, -98 
1720699183440.00, 0, -595852, -97 
1720699183461.00, 0, -595854, -96 
1720699183483.00, 48, -595852, -95 
1720699183504.00, 0, -595852, -96 
1720699183525.00, 0, -595852, -97 
1720699183546.00, 0, -595854, -96 
1720699183567.00, 0, -595854, -96 
1720699183587.00, 0, -595852, -96 
1720699183609.00, 0, -595852, -95 
1720699183630.00, 0, -595852, -93 
1720699183651.00, 0, -595854, -90 
1720699183672.00, 0, -595854, -92 
1720699183692.00, 0, -595852, -88 
1720699183714.00, 0, -595854, -94 
1720699183734.00, 0, -595852, -91 
1720699183756.00, 0, -595852, -93 
1720699183776.00, 2, -595852, -91 
1720699183798.00, 0, -595854, -92 
1720699183819.00, 0, -595852, -92 
1720699183840.00, 14, -595852, -93 
1720699183861.00, 0, -595852, -94 
1720699183883.00, 0, -595852, -95 
1720699183903.00, 0, -595852, -95 
1720699183924.00, 0, -595852, -96 
1720699183945.00, 0, -595854, -98 
1720699183967.00, 0, -595854, -99 
1720699183987.00, 0, -595854, -99 
1720699184009.00, 0, -595852, -98 
1720699184030.00, 0, -595854, -98 
1720699184051.00, 0, -595852, -97 
1720699184072.00, 0, -595854, -97 
1720699184093.00, 0, -595854, -98 
1720699184114.00, 25, -595854, -99 
1720699184135.00, 0, -595854, -98 
1720699184156.00, 0, -595854, -97 
1720699184177.00, 0, -595852, -97 
1720699184198.00, 0, -595852, -96 
1720699184219.00, 0, -595854, -96 
1720699184240.00, -16, -595854, -99 
1720699184260.00, 0, -595855, -99 
1720699184282.00, 0, -595852, -97 
1720699184303.00, 0, -595854, -93 
1720699184325.00, 0, -595854, -88 
1720699184345.00, 1, -595852, -82 
1720699184366.00, 0, -595851, -74 
1720699184388.00, 0, -595851, -58 
1720699184408.00, 0, -595851, -55 
1720699184429.00, 0, -595851, -55 
1720699184450.00, 0, -595850, -49 
1720699184471.00, 0, -595851, -42 
1720699184493.00, 0, -595851, -37 
1720699184513.00, 0, -595850, -38 
1720699184535.00, 0, -595850, -39 
1720699184556.00, 0, -595851, -41 
1720699184577.00, 0, -595850, -47 
1720699184597.00, 0, -595851, -50 
1720699184618.00, 1, -595850, -54 
1720699184640.00, 0, -595849, -57 
1720699184660.00, 0, -595851, -60 
1720699184681.00, 0, -595852, -71 
1720699184702.00, 3, -595851, -86 
1720699184724.00, 0, -595852, -89 
1720699184745.00, 0, -595852, -84 
1720699184765.00, 0, -595852, -76 
1720699184787.00, 0, -595851, -70 
1720699184808.00, 0, -595852, -74 
1720699184829.00, 32, -595851, -80 
1720699184850.00, 0, -595854, -83 
1720699184871.00, 0, -595852, -84 
1720699184892.00, 0, -595852, -87 
1720699184913.00, 0, -595852, -91 
1720699184934.00, 0, -595852, -90 
1720699184955.00, 0, -595852, -90 
1720699184977.00, 0, -595852, -91 
1720699184998.00, 0, -595852, -89 
1720699185018.00, 0, -595851, -91 
1720699185039.00, 0, -595852, -90 
1720699185060.00, 0, -595851, -90 
1720699185082.00, -12, -595851, -90 
1720699185102.00, 6, -595852, -90 
1720699185123.00, 0, -595852, -90 
1720699185144.00, 0, -595852, -90 
1720699185166.00, 0, -595851, -91 
1720699185187.00, 0, -595852, -90 
1720699185208.00, 11, -595852, -90 
1720699185229.00, 0, -595852, -91 
1720699185250.00, 0, -595852, -89 
1720699185270.00, 0, -595852, -91 
1720699185292.00, 0, -595852, -90 
1720699185313.00, 0, -595852, -90 
1720699185334.00, 0, -595852, -91 
1720699185355.00, 0, -595852, -89 
1720699185376.00, 0, -595852, -90 
1720699185397.00, 0, -595852, -91 
1720699185418.00, 0, -595851, -90 
1720699185440.00, 64, -595852, -90 
1720699185460.00, 0, -595852, -90 
1720699185482.00, 0, -595854, -90 
1720699185502.00, -20, -595854, -90 
1720699185525.00, 24, -595852, -90 
1720699185545.00, 0, -595852, -90 
1720699185566.00, 0, -595852, -90 
1720699185586.00, 0, -595852, -90 
1720699185608.00, 1, -595852, -90 
1720699185629.00, 0, -595854, -90 
1720699185650.00, 0, -595852, -90 
1720699185671.00, 0, -595852, -90 
1720699185693.00, 12, -595851, -90 
1720699185713.00, 0, -595854, -90 
1720699185735.00, 0, -595852, -90 
1720699185756.00, 0, -595852, -90 
1720699185777.00, 0, -595852, -90 
1720699185797.00, 0, -595854, -90 
1720699185819.00, 9, -595852, -90 
1720699185840.00, 0, -595852, -90 
1720699185861.00, 0, -595854, -90 
1720699185882.00, 0, -595854, -90 
1720699185903.00, 0, -595852, -90 
1720699185924.00, 1, -595851, -90 
1720699185945.00, 0, -595852, -90 
1720699185965.00, 2, -595852, -90 
1720699185987.00, 0, -595852, -90 
1720699186008.00, 0, -595852, -90 
1720699186029.00, 0, -595852, -90 
1720699186050.00, 6, -595852, -90 
