1720090021770.00, 46, -598509, 7 
1720090021792.00, 58, -598508, 7 
1720090021814.00, 42, -598508, 6 
1720090021834.00, -1, -598507, 5 
1720090021856.00, 25, -598506, 7 
1720090021880.00, 0, -598506, 10 
1720090021897.00, 0, -598505, 11 
1720090021919.00, 705, -598505, 11 
1720090021941.00, 1099, -598492, 9 
1720090021962.00, 616, -598468, 10 
1720090021988.00, 0, -598454, 11 
1720090022005.00, 619, -598452, 12 
1720090022026.00, 1089, -598440, 11 
1720090022048.00, 1314, -598417, 11 
1720090022069.00, 1461, -598389, 12 
1720090022096.00, 1684, -598355, 12 
1720090022112.00, 1690, -598321, 11 
1720090022133.00, 1594, -598282, 10 
1720090022155.00, 1, -598248, 8 
1720090022175.00, 28, -598244, 10 
1720090022196.00, -65, -598244, 9 
1720090022218.00, 35, -598244, 7 
1720090022239.00, 0, -598245, 6 
1720090022267.00, 0, -598244, 5 
1720090022281.00, 0, -598245, 5 
1720090022302.00, 0, -598245, 5 
1720090022323.00, 0, -598245, 5 
1720090022344.00, 0, -598246, 5 
1720090022365.00, 0, -598246, 5 
1720090022386.00, 0, -598244, 6 
1720090022407.00, 0, -598245, 6 
1720090022427.00, 0, -598245, 6 
1720090022449.00, 0, -598245, 7 
1720090022470.00, 0, -598245, 8 
1720090022491.00, 0, -598244, 9 
1720090022512.00, 0, -598244, 8 
1720090022533.00, 0, -598244, 7 
1720090022555.00, 0, -598244, 7 
1720090022575.00, 0, -598244, 7 
1720090022597.00, 0, -598245, 7 
1720090022617.00, 0, -598244, 7 
1720090022644.00, 0, -598244, 8 
1720090022660.00, 0, -598244, 10 
1720090022681.00, 0, -598245, 12 
1720090022702.00, 591, -598244, 14 
1720090022723.00, 1219, -598235, 12 
1720090022749.00, 1476, -598210, 10 
1720090022766.00, 0, -598177, 9 
1720090022787.00, 0, -598174, 12 
1720090022808.00, 673, -598174, 10 
1720090022830.00, 0, -598161, 8 
1720090022851.00, 0, -598160, 11 
1720090022872.00, 633, -598159, 12 
1720090022893.00, 1134, -598148, 9 
1720090022915.00, 676, -598127, 6 
1720090022936.00, 356, -598111, 7 
1720090022957.00, 185, -598102, 8 
1720090022978.00, 86, -598098, 7 
1720090023000.00, 28, -598095, 7 
1720090023021.00, -2, -598093, 7 
1720090023041.00, 0, -598092, 7 
1720090023064.00, 24, -598093, 7 
1720090023085.00, 2, -598092, 7 
1720090023106.00, 0, -598092, 6 
1720090023127.00, 24, -598093, 7 
1720090023148.00, 0, -598092, 7 
1720090023169.00, 0, -598091, 7 
1720090023190.00, -1, -598092, 6 
1720090023211.00, 0, -598092, 6 
1720090023232.00, 0, -598091, 6 
1720090023253.00, 0, -598092, 5 
1720090023275.00, 31, -598091, 5 
1720090023295.00, 0, -598092, 5 
1720090023316.00, 0, -598091, 5 
1720090023337.00, 60, -598091, 5 
1720090023358.00, 0, -598091, 4 
1720090023380.00, 0, -598091, 4 
1720090023405.00, -13, -598091, 3 
1720090023422.00, -5, -598092, 3 
1720090023443.00, 0, -598091, 2 
1720090023464.00, 0, -598091, 1 
1720090023485.00, 0, -598092, 0 
1720090023506.00, 0, -598092, 0 
1720090023527.00, 0, -598091, 0 
1720090023548.00, 0, -598091, 1 
1720090023569.00, 0, -598090, 0 
1720090023590.00, 22, -598090, 0 
1720090023612.00, 0, -598091, -1 
1720090023633.00, -45, -598091, 0 
1720090023653.00, 0, -598090, 0 
1720090023674.00, 0, -598091, 0 
1720090023696.00, 0, -598090, 0 
1720090023717.00, 0, -598090, -1 
1720090023741.00, 0, -598091, -1 
1720090023759.00, 0, -598091, 0 
1720090023780.00, 0, -598090, 4 
1720090023801.00, 1, -598090, 6 
1720090023822.00, 0, -598090, 7 
1720090023843.00, 0, -598088, 17 
1720090023864.00, 1080, -598087, 51 
1720090023886.00, 3777, -598065, 72 
1720090023907.00, 6572, -597983, 100 
1720090023929.00, 9943, -597837, 135 
1720090023951.00, 14166, -597614, 178 
1720090023972.00, 19262, -597307, 220 
1720090023994.00, 24800, -596892, 235 
1720090024015.00, 28780, -596361, 280 
1720090024037.00, 33919, -595742, 324 
1720090024065.00, 39411, -595010, 355 
1720090024081.00, 45151, -594148, 402 
1720090024102.00, 51187, -593174, 487 
1720090024124.00, 59758, -592075, 549 
1720090024145.00, 68466, -590771, 607 
1720090024167.00, 77205, -589284, 691 
1720090024189.00, 87377, -587607, 797 
1720090024211.00, 99672, -585706, 867 
1720090024232.00, 111134, -583530, 920 
1720090024254.00, 121071, -581103, 963 
1720090024278.00, 129639, -578462, 996 
1720090024296.00, 136567, -575629, 1038 
1720090024318.00, 143131, -572635, 1070 
1720090024339.00, 149058, -569509, 1078 
1720090024362.00, 152887, -566242, 1078 
1720090024384.00, 155125, -562899, 1088 
1720090024405.00, 156885, -559519, 1091 
1720090024427.00, 158055, -556093, 1084 
1720090024449.00, 158191, -552633, 1086 
1720090024471.00, 158300, -549177, 1080 
1720090024493.00, 158071, -545716, 1074 
1720090024514.00, 157603, -542263, 1088 
1720090024536.00, 157841, -538835, 1091 
1720090024558.00, 158182, -535371, 1085 
1720090024580.00, 157740, -531922, 1087 
1720090024601.00, 157684, -528470, 1081 
1720090024623.00, 157091, -525026, 1060 
1720090024645.00, 155582, -521592, 1049 
1720090024667.00, 154025, -518203, 1044 
1720090024689.00, 152804, -514836, 1043 
1720090024711.00, 151918, -511501, 1039 
1720090024732.00, 151008, -508181, 1031 
1720090024754.00, 149996, -504885, 1052 
1720090024776.00, 150470, -501610, 1055 
1720090024798.00, 151041, -498322, 1030 
1720090024820.00, 149744, -495025, 1017 
1720090024843.00, 148122, -491748, 989 
1720090024864.00, 145373, -488530, 947 
1720090024886.00, 141306, -485371, 921 
1720090024907.00, 137372, -482305, 892 
1720090024930.00, 133177, -479320, 869 
1720090024952.00, 129192, -476423, 835 
1720090024973.00, 124735, -473630, 800 
1720090024994.00, 119931, -470922, 743 
1720090025017.00, 113726, -468321, 707 
1720090025038.00, 107693, -465845, 742 
1720090025060.00, 106223, -463503, 752 
1720090025081.00, 105972, -461201, 748 
1720090025104.00, 105773, -458889, 700 
1720090025125.00, 102872, -456598, 705 
1720090025146.00, 101396, -454361, 744 
1720090025169.00, 102764, -452150, 756 
1720090025190.00, 104540, -449920, 745 
1720090025212.00, 104688, -447651, 774 
1720090025234.00, 106322, -445374, 725 
1720090025255.00, 104232, -443058, 643 
1720090025278.00, 98219, -440794, 629 
1720090025299.00, 93755, -438677, 548 
1720090025320.00, 86437, -436646, 510 
1720090025342.00, 79548, -434780, 510 
1720090025363.00, 75465, -433051, 476 
1720090025385.00, 71003, -431427, 373 
1720090025407.00, 39374, -429901, 236 
1720090025428.00, 20929, -429042, 135 
1720090025450.00, 9927, -428560, 153 
1720090025472.00, 3479, -428348, 105 
1720090025493.00, -53, -428275, 47 
1720090025514.00, -1972, -428280, -102 
1720090025535.00, -9305, -428328, -248 
1720090025557.00, -22592, -428515, -276 
1720090025579.00, -32217, -429005, -503 
1720090025601.00, -51387, -429695, -616 
1720090025622.00, -69500, -430793, -651 
1720090025644.00, -82354, -432309, -741 
1720090025666.00, -95136, -434101, -877 
1720090025687.00, -111038, -436185, -935 
1720090025709.00, -123948, -438619, -941 
1720090025730.00, -131784, -441315, -990 
1720090025751.00, -139272, -444204, -1040 
1720090025773.00, -146729, -447240, -1031 
1720090025794.00, -150503, -450458, -1038 
1720090025817.00, -152832, -453749, -1062 
1720090025838.00, -155460, -457073, -1070 
1720090025860.00, -157437, -460478, -1030 
1720090025882.00, -156210, -463915, -1015 
1720090025905.00, -154229, -467332, -993 
1720090025927.00, -151524, -470687, -984 
1720090025949.00, -149387, -473970, -975 
1720090025970.00, -147477, -477231, -960 
1720090025991.00, -145494, -480436, -952 
1720090026014.00, -143708, -483594, -955 
1720090026037.00, -142703, -486720, -963 
1720090026057.00, -142574, -489819, -937 
1720090026078.00, -140915, -492931, -1008 
1720090026099.00, -144094, -496010, -1031 
1720090026123.00, -147416, -499146, -996 
1720090026143.00, -147234, -502366, -1037 
1720090026164.00, -149505, -505572, -1055 
1720090026187.00, -151896, -508849, -1019 
1720090026209.00, -151038, -512166, -1059 
1720090026230.00, -152646, -515469, -1128 
1720090026252.00, -157812, -518812, -1082 
1720090026273.00, -158093, -522247, -1065 
1720090026296.00, -156828, -525719, -1114 
1720090026318.00, -158982, -529142, -1141 
1720090026339.00, -162018, -532619, -1128 
1720090026360.00, -162966, -536189, -1189 
1720090026383.00, -166961, -539737, -1237 
1720090026405.00, -172348, -543403, -1196 
1720090026427.00, -173192, -547153, -1214 
1720090026448.00, -174572, -550950, -1220 
1720090026473.00, -174717, -554744, -1169 
1720090026492.00, -172562, -558575, -1168 
1720090026514.00, -171051, -562338, -1148 
1720090026536.00, -168976, -566076, -1094 
1720090026558.00, -164536, -569758, -1092 
1720090026582.00, -161691, -573346, -1056 
1720090026602.00, -157761, -576864, -955 
1720090026624.00, -149182, -580277, -928 
1720090026646.00, -142333, -583526, -906 
1720090026668.00, -136870, -586611, -822 
1720090026689.00, -128813, -589579, -762 
1720090026711.00, -120141, -592379, -757 
1720090026733.00, -114611, -594969, -662 
1720090026754.00, -65150, -597433, -554 
1720090026776.00, -35565, -598872, -653 
1720090026797.00, -18310, -599666, -617 
1720090026819.00, -8567, -600079, -521 
1720090026841.00, -2613, -600279, -572 
1720090026862.00, 109, -600338, -469 
1720090026883.00, 2033, -600332, -293 
1720090026905.00, 3410, -600283, -79 
1720090026927.00, 4169, -600186, 147 
1720090026949.00, 12786, -600081, 372 
1720090026970.00, 31861, -599798, 429 
1720090026991.00, 46578, -599116, 723 
1720090027013.00, 72854, -598108, 873 
1720090027035.00, 97666, -596523, 919 
1720090027056.00, 115167, -594399, 1028 
1720090027077.00, 132043, -591863, 1120 
1720090027099.00, 147490, -588966, 1161 
1720090027125.00, 158987, -585733, 1194 
1720090027143.00, 167745, -582245, 1189 
1720090027164.00, 172386, -578582, 1209 
1720090027187.00, 174926, -574811, 1221 
1720090027208.00, 174816, -570993, 1210 
1720090027230.00, 174989, -567166, 1233 
1720090027252.00, 174744, -563366, 1237 
1720090027274.00, 174616, -559542, 1272 
1720090027296.00, 174674, -555726, 1311 
1720090027317.00, 174791, -551905, 1331 
1720090027339.00, 174766, -548089, 1343 
1720090027361.00, 174691, -544270, 1358 
1720090027382.00, 174710, -540450, 1377 
1720090027405.00, 174591, -536644, 1407 
1720090027427.00, 174703, -532826, 1421 
1720090027448.00, 174821, -529002, 1436 
1720090027470.00, 174771, -525179, 1463 
1720090027491.00, 174598, -521362, 1475 
1720090027514.00, 174761, -517543, 1483 
1720090027535.00, 174838, -513741, 1505 
1720090027557.00, 174764, -509911, 1534 
1720090027579.00, 174893, -506097, 1543 
1720090027601.00, 174876, -502285, 1540 
1720090027623.00, 174780, -498458, 1541 
1720090027644.00, 174480, -494634, 1552 
1720090027666.00, 174721, -490832, 1547 
1720090027688.00, 174965, -487012, 1533 
1720090027713.00, 174675, -483192, 1534 
1720090027731.00, 174601, -479375, 1523 
1720090027754.00, 174609, -475562, 1492 
1720090027779.00, 174559, -471744, 1460 
1720090027797.00, 174562, -467936, 1414 
1720090027819.00, 174660, -464134, 1362 
1720090027841.00, 174961, -460307, 1328 
1720090027862.00, 174582, -456500, 1287 
1720090027885.00, 174581, -452690, 1211 
1720090027906.00, 172471, -448883, 1150 
1720090027928.00, 167382, -445116, 1107 
1720090027950.00, 161764, -441474, 1068 
1720090027973.00, 156207, -437944, 977 
1720090027994.00, 147214, -434560, 925 
1720090028016.00, 138700, -431375, 858 
1720090028038.00, 76438, -428384, 748 
1720090028059.00, 40360, -426704, 648 
1720090028081.00, 19314, -425816, 758 
1720090028103.00, 7084, -425383, 722 
1720090028124.00, -3, -425225, 591 
1720090028146.00, -3829, -425221, 433 
1720090028167.00, -2507, -425304, 213 
1720090028188.00, -1729, -425372, 44 
1720090028210.00, -1014, -425430, -157 
1720090028232.00, -10150, -425467, -289 
1720090028253.00, -23563, -425701, -580 
1720090028274.00, -48931, -426195, -670 
1720090028297.00, -69537, -427239, -787 
1720090028318.00, -88484, -428758, -911 
1720090028340.00, -107349, -430677, -966 
1720090028360.00, -121826, -433031, -1050 
1720090028382.00, -135449, -435720, -1058 
1720090028403.00, -143776, -438688, -1049 
1720090028425.00, -148250, -441838, -1037 
1720090028447.00, -149969, -445089, -1021 
1720090028470.00, -150087, -448349, -958 
1720090028492.00, -146171, -451627, -960 
1720090028514.00, -143718, -454801, -990 
1720090028535.00, -143989, -457925, -994 
1720090028557.00, -144593, -461066, -999 
1720090028578.00, -145312, -464210, -1019 
1720090028599.00, -146646, -467391, -1080 
1720090028622.00, -151209, -470593, -1029 
1720090028643.00, -150745, -473891, -1088 
1720090028665.00, -153679, -477195, -1121 
1720090028687.00, -157717, -480556, -1078 
1720090028708.00, -157471, -484009, -1060 
1720090028731.00, -156210, -487438, -1071 
1720090028753.00, -155783, -490843, -1088 
1720090028774.00, -156458, -494250, -1074 
1720090028795.00, -156252, -497667, -1090 
1720090028818.00, -156860, -501081, -1148 
1720090028839.00, -160755, -504511, -1122 
1720090028862.00, -161336, -508034, -1140 
1720090028887.00, -162715, -511561, -1192 
1720090028905.00, -166646, -515108, -1154 
1720090028927.00, -166756, -518760, -1137 
1720090028949.00, -165580, -522390, -1163 
1720090028971.00, -166240, -526026, -1142 
1720090028995.00, -165547, -529663, -1097 
1720090029014.00, -162178, -533282, -1144 
1720090029036.00, -163200, -536832, -1142 
1720090029058.00, -163512, -540383, -1147 
1720090029080.00, -164001, -543968, -1246 
1720090029102.00, -170136, -547539, -1239 
1720090029123.00, -173593, -551268, -1186 
1720090029145.00, -172362, -555062, -1280 
1720090029167.00, -174794, -558834, -1244 
1720090029189.00, -174859, -562645, -1202 
1720090029210.00, -173891, -566477, -1234 
1720090029233.00, -174705, -570248, -1177 
1720090029254.00, -171909, -574067, -1036 
1720090029277.00, -161989, -577806, -936 
1720090029300.00, -149987, -581320, -880 
1720090029321.00, -139499, -584563, -773 
1720090029342.00, -126562, -587575, -725 
1720090029364.00, -115826, -590315, -685 
1720090029386.00, -107075, -592817, -564 
1720090029407.00, -60131, -595127, -467 
1720090029430.00, -32020, -596426, -444 
1720090029451.00, -15787, -597150, -308 
1720090029472.00, -6271, -597499, -145 
1720090029494.00, -855, -597643, -75 
1720090029514.00, 1668, -597652, 118 
1720090029541.00, 10536, -597619, 238 
1720090029559.00, 22735, -597393, 340 
1720090029580.00, 36319, -596895, 486 
1720090029602.00, 53131, -596111, 752 
1720090029623.00, 78957, -594972, 807 
1720090029651.00, 97791, -593246, 866 
1720090029666.00, 112315, -591111, 1038 
1720090029687.00, 131205, -588655, 1075 
1720090029709.00, 144616, -585754, 1108 
1720090029731.00, 154343, -582588, 1179 
1720090029758.00, 164290, -579201, 1175 
1720090029774.00, 169867, -575603, 1171 
1720090029797.00, 172715, -571890, 1170 
1720090029818.00, 174073, -568110, 1198 
1720090029840.00, 174750, -564307, 1154 
1720090029862.00, 174199, -560482, 1159 
1720090029884.00, 173921, -556689, 1169 
1720090029905.00, 174294, -552884, 1188 
1720090029927.00, 174852, -549076, 1229 
1720090029949.00, 174809, -545245, 1257 
1720090029978.00, 174698, -541435, 1288 
1720090029992.00, 174767, -537620, 1312 
1720090030015.00, 174628, -533795, 1341 
1720090030036.00, 174631, -529984, 1372 
1720090030059.00, 174790, -526159, 1395 
1720090030083.00, 174756, -522343, 1436 
1720090030101.00, 174967, -518533, 1459 
1720090030123.00, 174747, -514704, 1463 
1720090030145.00, 174644, -510889, 1483 
1720090030167.00, 174797, -507078, 1537 
1720090030191.00, 174824, -503251, 1560 
1720090030210.00, 174615, -499430, 1569 
1720090030233.00, 174715, -495604, 1584 
1720090030255.00, 174640, -491785, 1615 
1720090030276.00, 174670, -487973, 1628 
1720090030303.00, 174657, -484152, 1626 
1720090030320.00, 174680, -480347, 1638 
1720090030341.00, 174821, -476517, 1659 
1720090030364.00, 174624, -472703, 1652 
1720090030385.00, 174671, -468892, 1643 
1720090030413.00, 174584, -465071, 1654 
1720090030429.00, 174640, -461270, 1631 
1720090030450.00, 174742, -457451, 1591 
1720090030473.00, 174717, -453624, 1530 
1720090030494.00, 174733, -449814, 1452 
1720090030517.00, 174483, -446003, 1364 
1720090030538.00, 174356, -442198, 1253 
1720090030559.00, 174272, -438398, 1153 
1720090030582.00, 168687, -434591, 1018 
1720090030605.00, 157037, -430920, 946 
1720090030627.00, 86509, -427537, 836 
1720090030647.00, 45821, -425646, 740 
1720090030669.00, 22532, -424660, 530 
1720090030690.00, 9015, -424156, 439 
1720090030713.00, 1048, -423956, 326 
1720090030734.00, -3074, -423936, 164 
1720090030755.00, -5795, -424009, 0 
1720090030777.00, -7033, -424143, -157 
1720090030799.00, -17173, -424298, -236 
1720090030820.00, -27916, -424689, -522 
1720090030842.00, -51622, -425297, -606 
1720090030864.00, -70609, -426388, -689 
1720090030885.00, -86866, -427932, -790 
1720090030906.00, -102282, -429808, -840 
1720090030929.00, -114353, -432057, -888 
1720090030952.00, -124262, -434560, -899 
1720090030971.00, -130590, -437265, -913 
1720090030993.00, -135146, -440102, -928 
1720090031016.00, -138598, -443065, -944 
1720090031037.00, -141538, -446070, -966 
1720090031057.00, -144361, -449152, -1029 
1720090031080.00, -149609, -452322, -1033 
1720090031101.00, -152894, -455591, -1033 
1720090031123.00, -154695, -458938, -1039 
1720090031145.00, -156192, -462322, -1045 
1720090031172.00, -157262, -465717, -1066 
1720090031189.00, -158859, -469166, -1105 
1720090031211.00, -162113, -472641, -1085 
1720090031232.00, -162675, -476180, -1076 
1720090031254.00, -162415, -479739, -1083 
1720090031278.00, -162498, -483287, -1078 
1720090031298.00, -161881, -486840, -1057 
1720090031319.00, -160524, -490386, -1097 
1720090031341.00, -161801, -493892, -1126 
1720090031363.00, -164273, -497420, -1075 
1720090031384.00, -162713, -501024, -1110 
1720090031406.00, -163631, -504571, -1152 
1720090031429.00, -166772, -508146, -1145 
1720090031450.00, -167984, -511791, -1163 
1720090031472.00, -169803, -515461, -1174 
1720090031499.00, -171336, -519176, -1166 
1720090031516.00, -171673, -522916, -1164 
1720090031538.00, -171499, -526671, -1206 
1720090031560.00, -173972, -530414, -1158 
1720090031582.00, -172655, -534226, -1185 
1720090031607.00, -173250, -537981, -1208 
1720090031625.00, -174800, -541781, -1186 
1720090031647.00, -174381, -545598, -1195 
1720090031669.00, -174381, -549414, -1259 
1720090031690.00, -174717, -553219, -1202 
1720090031714.00, -174796, -557042, -1239 
1720090031735.00, -174732, -560863, -1379 
1720090031756.00, -174607, -564673, -1266 
1720090031778.00, -174661, -568483, -1134 
1720090031799.00, -170803, -572298, -1181 
1720090031823.00, -171438, -576032, -1150 
1720090031843.00, -169746, -579746, -1110 
1720090031865.00, -166303, -583466, -1015 
1720090031887.00, -158414, -587074, -880 
1720090031910.00, -145516, -590500, -722 
1720090031932.00, -128039, -593651, -663 
1720090031952.00, -72941, -596387, -541 
1720090031974.00, -40547, -597986, -440 
1720090031997.00, -21383, -598872, -261 
1720090032018.00, -10477, -599343, -89 
1720090032040.00, -4127, -599582, 3 
1720090032061.00, -595, -599663, 172 
1720090032082.00, 10880, -599675, 281 
1720090032104.00, 25021, -599455, 363 
1720090032125.00, 38352, -598921, 607 
1720090032146.00, 60702, -598101, 715 
1720090032168.00, 80421, -596789, 766 
1720090032190.00, 95549, -595035, 868 
1720090032210.00, 110331, -592946, 1046 
1720090032233.00, 129729, -590528, 1058 
1720090032254.00, 141856, -587682, 1090 
1720090032276.00, 151039, -584559, 1177 
1720090032298.00, 161481, -581254, 1199 
1720090032320.00, 168833, -577711, 1188 
1720090032342.00, 172363, -574021, 1201 
1720090032364.00, 174992, -570255, 1208 
1720090032385.00, 174875, -566434, 1223 
1720090032407.00, 174693, -562615, 1226 
1720090032428.00, 174651, -558796, 1228 
1720090032451.00, 174748, -554984, 1198 
1720090032472.00, 174846, -551170, 1200 
1720090032494.00, 174665, -547341, 1231 
1720090032517.00, 174728, -543523, 1260 
1720090032538.00, 174729, -539714, 1278 
1720090032560.00, 174860, -535887, 1313 
1720090032582.00, 174699, -532063, 1339 
1720090032604.00, 174918, -528243, 1369 
1720090032625.00, 174823, -524419, 1397 
1720090032647.00, 174502, -520606, 1435 
1720090032669.00, 174618, -516800, 1475 
1720090032691.00, 174907, -512974, 1498 
1720090032713.00, 174760, -509141, 1528 
1720090032735.00, 174820, -505335, 1554 
1720090032755.00, 174792, -501523, 1592 
1720090032778.00, 174611, -497699, 1604 
1720090032799.00, 174730, -493891, 1607 
1720090032822.00, 174892, -490073, 1635 
1720090032843.00, 174825, -486241, 1638 
1720090032865.00, 174550, -482424, 1635 
1720090032887.00, 174682, -478609, 1604 
1720090032910.00, 174834, -474789, 1584 
1720090032931.00, 174674, -470982, 1575 
1720090032952.00, 174877, -467158, 1548 
1720090032973.00, 174797, -463348, 1517 
1720090032996.00, 174637, -459529, 1484 
1720090033017.00, 174376, -455721, 1439 
1720090033046.00, 174631, -451908, 1375 
1720090033061.00, 175025, -448095, 1323 
1720090033083.00, 174637, -444283, 1272 
1720090033105.00, 174581, -440467, 1200 
1720090033127.00, 174556, -436668, 1098 
1720090033150.00, 169408, -432855, 999 
1720090033171.00, 160274, -429179, 869 
1720090033193.00, 92561, -425728, 716 
1720090033215.00, 53091, -423708, 649 
1720090033237.00, 30298, -422569, 470 
1720090033258.00, 17082, -421900, 432 
1720090033279.00, 9669, -421519, 342 
1720090033301.00, 4916, -421319, 177 
1720090033323.00, 2120, -421228, -30 
1720090033344.00, -172, -421191, -194 
1720090033366.00, -12268, -421204, -278 
1720090033387.00, -24645, -421485, -706 
1720090033409.00, -57826, -422005, -691 
1720090033431.00, -76437, -423225, -806 
1720090033453.00, -94279, -424900, -938 
1720090033476.00, -112813, -426953, -982 
1720090033496.00, -126539, -429418, -977 
1720090033517.00, -133907, -432189, -1075 
1720090033538.00, -144372, -435141, -1100 
1720090033560.00, -151819, -438307, -1058 
1720090033586.00, -153490, -441625, -1025 
1720090033603.00, -152574, -444992, -1045 
1720090033627.00, -153204, -448310, -998 
1720090033648.00, -150768, -451654, -997 
1720090033670.00, -149114, -454929, -997 
1720090033691.00, -148031, -458168, -1039 
1720090033714.00, -149822, -461405, -959 
1720090033736.00, -146018, -464657, -986 
1720090033756.00, -145316, -467847, -1013 
1720090033779.00, -146446, -471027, -983 
1720090033800.00, -145098, -474204, -1009 
1720090033821.00, -145853, -477380, -1009 
1720090033845.00, -146074, -480559, -998 
1720090033865.00, -145663, -483760, -1007 
1720090033886.00, -146074, -486944, -1053 
1720090033914.00, -148872, -490128, -1059 
1720090033930.00, -150938, -493402, -1062 
1720090033951.00, -152295, -496698, -1132 
1720090033974.00, -157333, -500044, -1171 
1720090033996.00, -162600, -503475, -1113 
1720090034018.00, -162005, -507033, -1159 
1720090034039.00, -164317, -510581, -1179 
1720090034061.00, -167005, -514157, -1115 
1720090034083.00, -164887, -517828, -1143 
1720090034104.00, -165300, -521414, -1175 
1720090034127.00, -167194, -525035, -1136 
1720090034149.00, -165953, -528675, -1116 
1720090034170.00, -163994, -532306, -1148 
1720090034192.00, -164385, -535892, -1145 
1720090034214.00, -164597, -539488, -1131 
1720090034236.00, -163634, -543092, -1189 
1720090034257.00, -166620, -546665, -1183 
1720090034279.00, -168290, -550308, -1184 
1720090034301.00, -169129, -553987, -1277 
1720090034323.00, -173530, -557683, -1233 
1720090034344.00, -175087, -561479, -1181 
1720090034366.00, -172709, -565303, -1233 
1720090034388.00, -174514, -569079, -1230 
1720090034410.00, -174845, -572877, -1162 
1720090034432.00, -171278, -576695, -1162 
1720090034454.00, -169179, -580418, -1017 
1720090034477.00, -158942, -584113, -891 
1720090034499.00, -145243, -587553, -859 
1720090034520.00, -135036, -590696, -762 
1720090034542.00, -123136, -593617, -586 
1720090034563.00, -69245, -596250, -477 
1720090034585.00, -37085, -597765, -343 
1720090034606.00, -18510, -598588, -147 
1720090034628.00, -8010, -599000, -6 
1720090034650.00, -1925, -599176, 99 
1720090034671.00, 6800, -599212, 252 
1720090034692.00, 21232, -599080, 336 
1720090034714.00, 35463, -598634, 350 
1720090034736.00, 44480, -597863, 622 
1720090034758.00, 66123, -596900, 664 
1720090034780.00, 81641, -595473, 755 
1720090034801.00, 95969, -593691, 886 
1720090034823.00, 112306, -591604, 944 
1720090034845.00, 125592, -589150, 974 
1720090034865.00, 134966, -586398, 1049 
1720090034887.00, 144948, -583434, 1037 
1720090034909.00, 150039, -580265, 1063 
1720090034931.00, 154626, -576973, 1082 
1720090034952.00, 158114, -573596, 1115 
1720090034973.00, 162138, -570131, 1114 
1720090034999.00, 164298, -566601, 1111 
1720090035017.00, 165233, -563005, 1135 
1720090035039.00, 167050, -559395, 1150 
1720090035061.00, 169018, -555739, 1178 
1720090035083.00, 171727, -552041, 1167 
1720090035113.00, 172749, -548277, 1201 
1720090035127.00, 174984, -544492, 1252 
1720090035149.00, 174761, -540684, 1264 
1720090035171.00, 174735, -536870, 1289 
1720090035192.00, 174767, -533044, 1313 
1720090035214.00, 174844, -529228, 1351 
1720090035236.00, 174642, -525396, 1372 
1720090035258.00, 174789, -521584, 1402 
1720090035280.00, 174614, -517768, 1427 
1720090035301.00, 174670, -513948, 1445 
1720090035323.00, 174846, -510144, 1450 
1720090035345.00, 174831, -506318, 1474 
1720090035367.00, 174753, -502492, 1525 
1720090035388.00, 174604, -498675, 1521 
1720090035410.00, 174712, -494860, 1533 
1720090035432.00, 174730, -491035, 1565 
1720090035454.00, 174642, -487227, 1583 
1720090035476.00, 174747, -483406, 1588 
1720090035498.00, 174821, -479578, 1597 
1720090035520.00, 174672, -475760, 1606 
1720090035541.00, 174481, -471948, 1600 
1720090035563.00, 174566, -468136, 1568 
1720090035585.00, 174745, -464324, 1533 
1720090035607.00, 174481, -460504, 1523 
1720090035628.00, 174614, -456692, 1542 
1720090035652.00, 174590, -452880, 1524 
1720090035672.00, 174537, -449059, 1469 
1720090035694.00, 174537, -445248, 1388 
1720090035715.00, 174627, -441434, 1312 
1720090035738.00, 174816, -437622, 1255 
1720090035759.00, 174472, -433811, 1143 
1720090035783.00, 172341, -430011, 996 
1720090035804.00, 99558, -426286, 878 
1720090035826.00, 57449, -424113, 838 
1720090035847.00, 33184, -422878, 621 
1720090035869.00, 19159, -422155, 492 
1720090035891.00, 11001, -421739, 346 
1720090035912.00, 6078, -421510, 146 
1720090035934.00, 3266, -421391, -25 
1720090035955.00, -61, -421328, -167 
1720090035976.00, -9935, -421345, -506 
1720090035998.00, -36072, -421553, -630 
1720090036020.00, -59560, -422311, -712 
1720090036042.00, -78540, -423584, -818 
1720090036063.00, -96099, -425309, -860 
1720090036085.00, -108933, -427396, -903 
1720090036107.00, -119192, -429772, -904 
1720090036128.00, -125024, -432365, -904 
1720090036150.00, -128593, -435111, -902 
1720090036172.00, -130505, -437913, -899 
1720090036194.00, -131398, -440735, -911 
1720090036215.00, -132502, -443601, -928 
1720090036237.00, -134078, -446485, -935 
1720090036258.00, -135317, -449390, -925 
1720090036280.00, -135445, -452356, -960 
1720090036302.00, -137589, -455298, -974 
1720090036324.00, -139508, -458295, -925 
1720090036346.00, -137416, -461338, -895 
1720090036367.00, -134782, -464331, -903 
1720090036388.00, -133547, -467263, -946 
1720090036411.00, -135291, -470161, -945 
1720090036432.00, -136379, -473099, -973 
1720090036452.00, -138398, -476072, -1011 
1720090036475.00, -141936, -479106, -1029 
1720090036498.00, -145159, -482200, -996 
1720090036518.00, -145198, -485376, -1025 
1720090036540.00, -146657, -488531, -1088 
1720090036562.00, -151427, -491749, -1059 
1720090036584.00, -152349, -495058, -1085 
1720090036606.00, -154536, -498385, -1112 
1720090036627.00, -157322, -501761, -1137 
1720090036649.00, -160302, -505198, -1137 
1720090036671.00, -162115, -508707, -1143 
1720090036693.00, -163369, -512250, -1144 
1720090036715.00, -163889, -515820, -1138 
1720090036736.00, -164098, -519422, -1156 
1720090036759.00, -165239, -523002, -1153 
1720090036780.00, -165591, -526622, -1142 
1720090036802.00, -165079, -530221, -1147 
1720090036824.00, -165031, -533842, -1119 
1720090036847.00, -163437, -537439, -1132 
1720090036869.00, -163144, -541008, -1186 
1720090036889.00, -166147, -544578, -1193 
1720090036911.00, -168168, -548205, -1139 
1720090036933.00, -166306, -551891, -1185 
1720090036955.00, -167672, -555528, -1247 
1720090036976.00, -172492, -559189, -1162 
1720090036998.00, -170213, -562955, -1197 
1720090037020.00, -170944, -566680, -1269 
1720090037042.00, -174280, -570399, -1266 
1720090037063.00, -174687, -574204, -1135 
1720090037086.00, -169507, -578018, -1126 
1720090037107.00, -165844, -581714, -1025 
1720090037131.00, -157463, -585322, -890 
1720090037152.00, -144248, -588734, -800 
1720090037174.00, -130760, -591866, -751 
1720090037196.00, -119902, -594684, -622 
1720090037216.00, -67348, -597259, -480 
1720090037239.00, -36344, -598733, -420 
1720090037260.00, -18458, -599526, -269 
1720090037282.00, -8076, -599931, -150 
1720090037303.00, -1883, -600112, -73 
1720090037324.00, 931, -600143, 90 
1720090037346.00, 8349, -600127, 190 
1720090037368.00, 18783, -599947, 304 
1720090037390.00, 32207, -599544, 411 
1720090037411.00, 45997, -598852, 683 
1720090037434.00, 70789, -597855, 735 
1720090037455.00, 88616, -596321, 768 
1720090037476.00, 101193, -594389, 881 
1720090037496.00, 115113, -592184, 1014 
1720090037520.00, 131388, -589645, 998 
1720090037540.00, 139956, -586783, 1037 
1720090037562.00, 147433, -583709, 1071 
1720090037584.00, 153649, -580488, 1088 
1720090037606.00, 158096, -577119, 1097 
1720090037628.00, 161111, -573665, 1110 
1720090037649.00, 163568, -570143, 1124 
1720090037671.00, 165771, -566571, 1137 
1720090037692.00, 167760, -562954, 1147 
1720090037714.00, 169487, -559282, 1168 
1720090037737.00, 171715, -555580, 1195 
1720090037759.00, 174648, -551818, 1231 
1720090037780.00, 174785, -548012, 1219 
1720090037802.00, 174883, -544181, 1247 
1720090037824.00, 174720, -540369, 1260 
1720090037846.00, 174859, -536560, 1267 
1720090037867.00, 174744, -532731, 1277 
1720090037889.00, 174784, -528902, 1286 
1720090037911.00, 174922, -525093, 1302 
1720090037933.00, 174690, -521273, 1326 
1720090037955.00, 174750, -517460, 1331 
1720090037976.00, 174884, -513647, 1357 
1720090037998.00, 174887, -509821, 1373 
1720090038020.00, 174738, -506016, 1391 
1720090038041.00, 174759, -502190, 1398 
1720090038063.00, 174614, -498371, 1405 
1720090038085.00, 174573, -494546, 1427 
1720090038108.00, 174742, -490735, 1451 
1720090038129.00, 174901, -486924, 1457 
1720090038151.00, 174567, -483097, 1430 
1720090038173.00, 174644, -479290, 1431 
1720090038195.00, 174629, -475470, 1463 
1720090038217.00, 174588, -471649, 1486 
1720090038238.00, 174607, -467841, 1484 
1720090038260.00, 174724, -464022, 1471 
1720090038285.00, 174836, -460211, 1449 
1720090038303.00, 174703, -456395, 1429 
1720090038325.00, 174506, -452581, 1403 
1720090038348.00, 174498, -448770, 1367 
1720090038369.00, 174471, -444956, 1312 
1720090038391.00, 174286, -441144, 1236 
1720090038413.00, 173606, -437331, 1152 
1720090038435.00, 168253, -433561, 1029 
1720090038458.00, 157517, -429894, 921 
1720090038479.00, 86762, -426496, 822 
1720090038509.00, 46117, -424603, 696 
1720090038522.00, 22728, -423602, 598 
1720090038544.00, 9289, -423101, 529 
1720090038566.00, 1298, -422899, 428 
1720090038586.00, -2910, -422877, 237 
1720090038612.00, -5823, -422945, 33 
1720090038629.00, -7150, -423083, -170 
1720090038651.00, -18458, -423244, -282 
1720090038673.00, -31437, -423655, -678 
1720090038694.00, -63157, -424329, -739 
1720090038716.00, -85531, -425689, -815 
1720090038738.00, -103061, -427551, -929 
1720090038760.00, -120235, -429804, -979 
1720090038781.00, -133335, -432434, -984 
1720090038803.00, -140862, -435360, -984 
1720090038829.00, -145462, -438445, -992 
1720090038846.00, -148390, -441608, -1002 
1720090038868.00, -150686, -444868, -1016 
1720090038889.00, -152689, -448155, -1014 
1720090038911.00, -153791, -451506, -1015 
1720090038935.00, -154319, -454861, -1038 
1720090038955.00, -155835, -458238, -1023 
1720090038977.00, -155763, -461643, -1020 
1720090038998.00, -155291, -465030, -1027 
1720090039021.00, -155481, -468437, -994 
1720090039050.00, -153557, -471813, -962 
1720090039065.00, -150033, -475154, -978 
1720090039087.00, -149135, -478427, -966 
1720090039109.00, -147611, -481649, -980 
1720090039128.00, -147621, -484884, -1007 
1720090039151.00, -148858, -488095, -1046 
1720090039173.00, -152001, -491352, -1055 
1720090039194.00, -154424, -494684, -1080 
1720090039216.00, -157229, -498053, -1126 
1720090039238.00, -161489, -501496, -1144 
1720090039260.00, -165176, -505026, -1115 
1720090039281.00, -165413, -508634, -1141 
1720090039303.00, -166917, -512256, -1137 
1720090039325.00, -167513, -515903, -1099 
1720090039347.00, -165410, -519568, -1119 
1720090039368.00, -165161, -523185, -1156 
1720090039391.00, -167237, -526795, -1135 
1720090039412.00, -167190, -530428, -1126 
1720090039434.00, -166712, -534096, -1187 
1720090039456.00, -169785, -537730, -1207 
1720090039478.00, -172934, -541453, -1177 
1720090039499.00, -172785, -545216, -1194 
1720090039521.00, -173521, -548996, -1180 
1720090039543.00, -173157, -552801, -1191 
1720090039565.00, -173585, -556570, -1172 
1720090039587.00, -172605, -560356, -1166 
1720090039609.00, -171494, -564125, -1173 
1720090039631.00, -171071, -567881, -1189 
1720090039652.00, -171686, -571596, -1123 
1720090039674.00, -167986, -575370, -1072 
1720090039698.00, -162627, -579015, -1059 
1720090039718.00, -158777, -582578, -1000 
1720090039741.00, -152666, -586033, -902 
1720090039762.00, -143382, -589339, -828 
1720090039784.00, -132881, -592442, -757 
1720090039807.00, -122379, -595315, -628 
1720090039827.00, -69720, -597938, -447 
1720090039849.00, -38395, -599450, -309 
1720090039871.00, -20325, -600292, -122 
1720090039892.00, -10221, -600740, 1 
1720090039914.00, -4058, -600972, -9 
1720090039935.00, -377, -601057, 70 
1720090039956.00, 5289, -601067, 147 
1720090039978.00, 13591, -600960, 263 
1720090040000.00, 26091, -600666, 393 
1720090040021.00, 40777, -600110, 593 
1720090040042.00, 61509, -599236, 693 
1720090040064.00, 79982, -597902, 743 
1720090040086.00, 93771, -596169, 840 
1720090040108.00, 107633, -594120, 907 
1720090040130.00, 119834, -591777, 913 
1720090040152.00, 127462, -589156, 944 
1720090040173.00, 133493, -586375, 988 
1720090040193.00, 139586, -583456, 1004 
1720090040215.00, 144096, -580408, 1033 
1720090040238.00, 148602, -577243, 1043 
1720090040259.00, 151585, -573999, 1080 
1720090040281.00, 155535, -570678, 1086 
1720090040303.00, 158183, -567283, 1111 
1720090040324.00, 161312, -563816, 1135 
1720090040346.00, 164322, -560283, 1156 
1720090040368.00, 167335, -556703, 1175 
1720090040390.00, 170088, -553048, 1200 
1720090040412.00, 173116, -549321, 1205 
1720090040434.00, 174856, -545528, 1208 
1720090040455.00, 174646, -541714, 1235 
1720090040477.00, 174861, -537895, 1234 
1720090040499.00, 174785, -534066, 1248 
1720090040521.00, 174709, -530255, 1275 
1720090040543.00, 174682, -526450, 1325 
1720090040564.00, 174856, -522630, 1312 
1720090040587.00, 174516, -518794, 1346 
1720090040609.00, 174746, -514971, 1379 
1720090040630.00, 174626, -511168, 1399 
1720090040651.00, 174732, -507344, 1410 
1720090040673.00, 174714, -503535, 1435 
1720090040697.00, 174737, -499713, 1472 
1720090040718.00, 174926, -495885, 1491 
1720090040739.00, 174728, -492063, 1505 
1720090040761.00, 174547, -488252, 1513 
1720090040782.00, 174615, -484438, 1508 
1720090040804.00, 174758, -480625, 1496 
1720090040826.00, 174782, -476805, 1472 
1720090040848.00, 174731, -472993, 1464 
1720090040870.00, 174671, -469167, 1479 
1720090040892.00, 174514, -465361, 1481 
1720090040913.00, 174523, -461537, 1462 
1720090040935.00, 174804, -457740, 1437 
1720090040957.00, 174827, -453913, 1417 
1720090040979.00, 174459, -450097, 1380 
1720090041000.00, 174584, -446286, 1316 
1720090041022.00, 174594, -442469, 1242 
1720090041044.00, 174564, -438670, 1149 
1720090041066.00, 172305, -434859, 1030 
1720090041089.00, 163540, -431110, 907 
1720090041111.00, 93989, -427578, 728 
1720090041133.00, 53760, -425532, 662 
1720090041154.00, 30659, -424377, 469 
1720090041176.00, 16979, -423706, 331 
1720090041197.00, 9248, -423340, 162 
1720090041219.00, 4376, -423162, -52 
1720090041241.00, -1361, -423078, -263 
1720090041262.00, -17009, -423107, -513 
1720090041283.00, -41608, -423463, -597 
1720090041305.00, -61448, -424343, -702 
1720090041326.00, -79481, -425684, -819 
1720090041349.00, -97190, -427413, -864 
1720090041371.00, -110421, -429523, -895 
1720090041392.00, -120005, -431930, -884 
1720090041414.00, -124779, -434558, -897 
1720090041436.00, -128356, -437273, -898 
1720090041458.00, -130496, -440065, -903 
1720090041479.00, -132085, -442912, -914 
1720090041500.00, -133573, -445790, -951 
1720090041522.00, -136451, -448686, -974 
1720090041544.00, -139455, -451686, -984 
1720090041566.00, -141660, -454718, -1031 
1720090041587.00, -145675, -457824, -1073 
1720090041608.00, -150561, -461014, -1063 
1720090041630.00, -152966, -464305, -1059 
1720090041652.00, -154147, -467664, -1078 
1720090041674.00, -155896, -471028, -1043 
1720090041696.00, -154678, -474427, -1055 
1720090041718.00, -154678, -477811, -1064 
1720090041739.00, -154841, -481185, -1099 
1720090041761.00, -157227, -484586, -1075 
1720090041785.00, -157167, -488015, -1111 
1720090041805.00, -159230, -491458, -1156 
1720090041826.00, -163052, -494931, -1179 
1720090041848.00, -166830, -498493, -1154 
1720090041870.00, -167455, -502145, -1176 
1720090041893.00, -168924, -505803, -1200 
1720090041914.00, -171203, -509507, -1169 
1720090041936.00, -170735, -513243, -1130 
1720090041957.00, -167943, -516977, -1171 
1720090041979.00, -168618, -520645, -1159 
1720090042001.00, -168500, -524327, -1143 
1720090042023.00, -167264, -527998, -1173 
1720090042045.00, -168414, -531655, -1203 
1720090042066.00, -170643, -535330, -1231 
1720090042088.00, -173594, -539065, -1263 
1720090042114.00, -174712, -542867, -1253 
1720090042132.00, -174650, -546682, -1241 
1720090042153.00, -174926, -550506, -1284 
1720090042176.00, -174793, -554302, -1287 
1720090042197.00, -174701, -558129, -1250 
1720090042220.00, -174532, -561947, -1267 
1720090042241.00, -174677, -565767, -1261 
1720090042262.00, -174808, -569575, -1186 
1720090042285.00, -173135, -573388, -1182 
1720090042307.00, -172041, -577166, -1172 
1720090042328.00, -170693, -580912, -1112 
1720090042350.00, -166087, -584637, -1049 
1720090042372.00, -159357, -588259, -1005 
1720090042395.00, -152582, -591736, -933 
1720090042416.00, -144504, -595043, -809 
1720090042439.00, -81634, -598155, -723 
1720090042460.00, -44890, -599936, -667 
1720090042482.00, -23256, -600912, -508 
1720090042503.00, -11060, -601435, -385 
1720090042524.00, -3836, -601689, -292 
1720090042548.00, 39, -601767, -98 
1720090042568.00, 2020, -601767, 46 
1720090042588.00, 6232, -601715, 234 
1720090042611.00, 19632, -601580, 337 
1720090042632.00, 34229, -601162, 409 
1720090042656.00, 47006, -600420, 642 
1720090042676.00, 68673, -599412, 715 
1720090042697.00, 85818, -597926, 732 
1720090042719.00, 96810, -596065, 813 
1720090042741.00, 107985, -593950, 879 
1720090042765.00, 118614, -591596, 916 
1720090042784.00, 127041, -589008, 972 
1720090042804.00, 135296, -586224, 1003 
1720090042826.00, 141995, -583259, 1019 
1720090042848.00, 146764, -580158, 1028 
1720090042874.00, 149970, -576943, 1029 
1720090042892.00, 151856, -573660, 1023 
1720090042914.00, 152287, -570346, 1031 
1720090042935.00, 153006, -567016, 1022 
1720090042958.00, 153081, -563668, 1022 
1720090042979.00, 153046, -560327, 1029 
1720090043001.00, 153182, -556991, 1040 
1720090043022.00, 153769, -553639, 1037 
1720090043045.00, 153972, -550279, 1042 
1720090043066.00, 154171, -546931, 1078 
1720090043087.00, 156563, -543550, 1107 
1720090043110.00, 159493, -540133, 1122 
1720090043132.00, 161999, -536650, 1160 
1720090043154.00, 165701, -533095, 1208 
1720090043175.00, 170612, -529476, 1217 
1720090043201.00, 173961, -525736, 1236 
1720090043219.00, 174892, -521923, 1264 
1720090043241.00, 174675, -518101, 1309 
1720090043263.00, 174548, -514285, 1323 
1720090043284.00, 174690, -510463, 1346 
1720090043306.00, 174778, -506658, 1364 
1720090043328.00, 174746, -502826, 1411 
1720090043349.00, 174855, -499004, 1426 
1720090043371.00, 174833, -495190, 1445 
1720090043394.00, 174563, -491366, 1460 
1720090043415.00, 174626, -487553, 1480 
1720090043437.00, 174856, -483734, 1472 
1720090043459.00, 174553, -479921, 1491 
1720090043481.00, 174587, -476093, 1486 
1720090043503.00, 174574, -472284, 1483 
1720090043524.00, 174632, -468469, 1438 
1720090043546.00, 174589, -464658, 1387 
1720090043568.00, 174702, -460843, 1381 
1720090043589.00, 174874, -457044, 1349 
1720090043612.00, 174680, -453216, 1315 
1720090043634.00, 174441, -449394, 1271 
1720090043655.00, 174469, -445590, 1228 
1720090043677.00, 174664, -441779, 1159 
1720090043699.00, 172713, -437970, 1061 
1720090043721.00, 165803, -434197, 918 
1720090043744.00, 152828, -430618, 757 
1720090043765.00, 87736, -427328, 576 
1720090043787.00, 50037, -425436, 500 
1720090043809.00, 28236, -424352, 357 
1720090043830.00, 15228, -423730, 252 
1720090043852.00, 7630, -423400, 121 
1720090043873.00, 3297, -423242, -26 
1720090043895.00, -174, -423183, -183 
1720090043916.00, -12024, -423192, -350 
1720090043938.00, -29321, -423443, -445 
1720090043960.00, -45222, -424081, -765 
1720090043981.00, -73993, -425048, -697 
1720090044003.00, -87057, -426644, -782 
1720090044025.00, -99492, -428540, -855 
1720090044046.00, -111337, -430707, -889 
1720090044067.00, -120373, -433133, -900 
1720090044089.00, -126312, -435774, -909 
1720090044112.00, -130248, -438526, -916 
1720090044133.00, -132826, -441354, -919 
1720090044155.00, -134390, -444258, -912 
1720090044177.00, -134896, -447172, -961 
1720090044199.00, -138063, -450110, -968 
1720090044220.00, -140324, -453127, -984 
1720090044241.00, -142555, -456181, -1004 
1720090044262.00, -144931, -459301, -1011 
1720090044284.00, -146855, -462464, -1003 
1720090044307.00, -147391, -465662, -996 
1720090044328.00, -147084, -468882, -1006 
1720090044351.00, -147250, -472092, -995 
1720090044372.00, -146806, -475295, -959 
1720090044394.00, -144428, -478495, -946 
1720090044416.00, -142025, -481615, -958 
1720090044437.00, -141234, -484730, -995 
1720090044459.00, -142962, -487803, -996 
1720090044480.00, -144041, -490915, -1039 
1720090044502.00, -147364, -494067, -1092 
1720090044530.00, -152271, -497285, -1059 
1720090044546.00, -153155, -500616, -1092 
1720090044567.00, -155488, -503973, -1110 
1720090044589.00, -157782, -507370, -1089 
1720090044611.00, -157833, -510815, -1052 
1720090044633.00, -155843, -514256, -1058 
1720090044654.00, -154858, -517671, -1051 
1720090044677.00, -153797, -521048, -1046 
1720090044698.00, -152896, -524414, -1064 
1720090044719.00, -153383, -527746, -1047 
1720090044741.00, -152817, -531085, -1034 
1720090044764.00, -151629, -534430, -1085 
1720090044785.00, -153657, -537731, -1095 
1720090044807.00, -155626, -541098, -1081 
1720090044828.00, -155844, -544492, -1084 
1720090044851.00, -155863, -547889, -1128 
1720090044872.00, -158711, -551298, -1081 
1720090044894.00, -157406, -554766, -1097 
1720090044916.00, -157267, -558211, -1110 
1720090044938.00, -158056, -561649, -1121 
1720090044962.00, -159250, -565102, -1084 
1720090044982.00, -157665, -568586, -1061 
1720090045003.00, -155075, -572017, -1002 
1720090045026.00, -150093, -575415, -981 
1720090045048.00, -145683, -578661, -943 
1720090045070.00, -141001, -581838, -893 
1720090045091.00, -134949, -584896, -874 
1720090045113.00, -130316, -587815, -825 
1720090045135.00, -124546, -590648, -708 
1720090045158.00, -114093, -593340, -601 
1720090045182.00, -64337, -595794, -510 
1720090045200.00, -34664, -597189, -385 
1720090045222.00, -17537, -597964, -272 
1720090045243.00, -7597, -598358, -141 
1720090045264.00, -1729, -598528, -28 
1720090045287.00, 821, -598557, 157 
1720090045307.00, 12066, -598539, 263 
1720090045330.00, 25197, -598286, 366 
1720090045353.00, 39326, -597737, 494 
1720090045372.00, 55250, -596891, 716 
1720090045394.00, 77908, -595704, 761 
1720090045416.00, 94093, -594003, 821 
1720090045438.00, 107449, -591962, 900 
1720090045459.00, 119754, -589617, 955 
1720090045480.00, 130201, -586991, 1006 
1720090045505.00, 139314, -584130, 1025 
1720090045524.00, 145785, -581082, 1040 
1720090045545.00, 150328, -577883, 1059 
1720090045567.00, 154230, -574594, 1077 
1720090045589.00, 157304, -571219, 1083 
1720090045613.00, 159415, -567784, 1106 
1720090045633.00, 161916, -564287, 1118 
1720090045654.00, 164077, -560739, 1130 
1720090045676.00, 166053, -557158, 1141 
1720090045698.00, 167715, -553527, 1153 
1720090045726.00, 169484, -549860, 1179 
1720090045742.00, 171915, -546164, 1198 
1720090045764.00, 174415, -542397, 1216 
1720090045785.00, 174731, -538588, 1231 
1720090045807.00, 174885, -534770, 1259 
1720090045828.00, 174646, -530944, 1271 
1720090045851.00, 174462, -527135, 1279 
1720090045873.00, 174789, -523317, 1294 
1720090045894.00, 174963, -519498, 1361 
1720090045916.00, 174875, -515666, 1377 
1720090045943.00, 174788, -511858, 1392 
1720090045960.00, 174791, -508031, 1401 
1720090045982.00, 174585, -504224, 1427 
1720090046003.00, 174683, -500407, 1433 
1720090046025.00, 174941, -496584, 1437 
1720090046047.00, 174870, -492761, 1461 
1720090046068.00, 174520, -488939, 1466 
1720090046090.00, 174731, -485126, 1453 
1720090046113.00, 174805, -481314, 1428 
1720090046135.00, 174810, -477506, 1444 
1720090046155.00, 174875, -473690, 1450 
1720090046178.00, 174824, -469868, 1431 
1720090046199.00, 174724, -466056, 1392 
1720090046221.00, 174540, -462239, 1370 
1720090046244.00, 174410, -458419, 1348 
1720090046267.00, 174732, -454619, 1300 
1720090046287.00, 174755, -450797, 1243 
1720090046309.00, 174376, -446993, 1189 
1720090046331.00, 170877, -443177, 1145 
1720090046353.00, 166187, -439460, 1094 
1720090046374.00, 160235, -435830, 1027 
1720090046397.00, 152546, -432347, 956 
1720090046419.00, 83893, -429051, 819 
1720090046441.00, 44171, -427217, 748 
1720090046462.00, 21647, -426261, 557 
1720090046486.00, 8369, -425788, 408 
1720090046506.00, 616, -425609, 245 
1720090046527.00, -3268, -425606, 43 
1720090046548.00, -5952, -425686, -135 
1720090046570.00, -15758, -425819, -312 
1720090046593.00, -31615, -426156, -486 
1720090046613.00, -51756, -426828, -604 
1720090046635.00, -70726, -427943, -618 
1720090046656.00, -82591, -429466, -670 
1720090046678.00, -92529, -431264, -712 
1720090046700.00, -100658, -433265, -727 
1720090046721.00, -106455, -435479, -715 
1720090046743.00, -109084, -437796, -715 
1720090046765.00, -110630, -440161, -741 
1720090046786.00, -112860, -442571, -761 
1720090046808.00, -115293, -445043, -784 
1720090046831.00, -117890, -447538, -803 
1720090046852.00, -120517, -450115, -839 
1720090046874.00, -124029, -452742, -883 
1720090046895.00, -128572, -455442, -881 
1720090046917.00, -131202, -458251, -880 
1720090046939.00, -132483, -461112, -879 
1720090046960.00, -132963, -463986, -906 
1720090046982.00, -135097, -466889, -885 
1720090047004.00, -135025, -469822, -908 
1720090047026.00, -136048, -472754, -936 
1720090047047.00, -138183, -475718, -923 
1720090047069.00, -138392, -478725, -938 
1720090047091.00, -139477, -481733, -955 
1720090047113.00, -141058, -484785, -948 
1720090047136.00, -141554, -487866, -975 
1720090047154.00, -143356, -490945, -1014 
1720090047178.00, -146844, -494082, -990 
1720090047198.00, -147166, -497273, -1024 
1720090047220.00, -149415, -500506, -1042 
1720090047242.00, -151623, -503760, -1028 
1720090047264.00, -152036, -507079, -1051 
1720090047286.00, -153564, -510403, -1075 
1720090047307.00, -155787, -513756, -1070 
1720090047329.00, -156857, -517166, -1049 
1720090047351.00, -155950, -520592, -1082 
1720090047373.00, -157383, -523999, -1112 
1720090047395.00, -159876, -527436, -1104 
1720090047416.00, -161112, -530921, -1134 
1720090047438.00, -163564, -534458, -1156 
1720090047460.00, -166207, -538018, -1146 
1720090047482.00, -166938, -541658, -1164 
1720090047503.00, -168343, -545306, -1167 
1720090047525.00, -169267, -548978, -1117 
1720090047547.00, -166736, -552689, -1104 
1720090047569.00, -164385, -556323, -1119 
1720090047591.00, -163813, -559916, -1097 
1720090047613.00, -162083, -563474, -1074 
1720090047635.00, -159716, -567017, -1100 
1720090047656.00, -159818, -570497, -1141 
1720090047678.00, -162326, -573998, -1119 
1720090047700.00, -162047, -577527, -1068 
1720090047721.00, -158940, -581080, -1074 
1720090047743.00, -157315, -584537, -1017 
1720090047766.00, -152744, -587956, -927 
1720090047788.00, -144676, -591287, -858 
1720090047810.00, -135594, -594417, -759 
1720090047831.00, -76945, -597319, -609 
1720090047853.00, -42523, -599009, -501 
1720090047875.00, -22102, -599931, -305 
1720090047897.00, -11081, -600426, -105 
1720090047918.00, -4303, -600664, 15 
1720090047940.00, 31, -600749, 223 
1720090047961.00, 14824, -600752, 312 
1720090047983.00, 29330, -600451, 359 
1720090048004.00, 40566, -599813, 646 
1720090048026.00, 64809, -598947, 647 
1720090048047.00, 79049, -597549, 696 
1720090048069.00, 90385, -595831, 782 
1720090048091.00, 102140, -593857, 851 
1720090048112.00, 113181, -591628, 881 
1720090048134.00, 121308, -589160, 912 
1720090048156.00, 128105, -586501, 954 
1720090048178.00, 134587, -583706, 986 
1720090048199.00, 140086, -580771, 999 
1720090048219.00, 143991, -577722, 1014 
1720090048242.00, 147270, -574568, 1030 
1720090048264.00, 149913, -571353, 1041 
1720090048286.00, 152180, -568064, 1064 
1720090048307.00, 154748, -564745, 1081 
1720090048329.00, 157301, -561352, 1095 
1720090048351.00, 159513, -557906, 1108 
1720090048373.00, 161582, -554434, 1115 
1720090048395.00, 163247, -550900, 1121 
1720090048416.00, 164458, -547333, 1124 
1720090048438.00, 165168, -543743, 1143 
1720090048460.00, 166551, -540134, 1171 
1720090048482.00, 169090, -536495, 1204 
1720090048504.00, 172452, -532791, 1225 
1720090048525.00, 174940, -529018, 1262 
1720090048547.00, 174973, -525186, 1274 
1720090048568.00, 174579, -521371, 1302 
1720090048591.00, 174786, -517544, 1324 
1720090048613.00, 174814, -513745, 1338 
1720090048634.00, 174806, -509923, 1351 
1720090048656.00, 174859, -506107, 1344 
1720090048681.00, 174801, -502286, 1339 
1720090048699.00, 174752, -498458, 1351 
1720090048722.00, 174565, -494655, 1343 
1720090048744.00, 174730, -490834, 1335 
1720090048765.00, 174927, -487010, 1337 
1720090048794.00, 174735, -483198, 1344 
1720090048809.00, 174700, -479383, 1354 
1720090048831.00, 174695, -475570, 1333 
1720090048853.00, 174689, -471751, 1293 
1720090048874.00, 174728, -467940, 1269 
1720090048897.00, 174835, -464128, 1255 
1720090048918.00, 174988, -460313, 1221 
1720090048939.00, 174641, -456506, 1181 
1720090048962.00, 174104, -452691, 1155 
1720090048983.00, 172091, -448894, 1112 
1720090049005.00, 168128, -445141, 1068 
1720090049027.00, 163173, -441473, 1009 
1720090049050.00, 156466, -437931, 936 
1720090049071.00, 147752, -434535, 806 
1720090049093.00, 134899, -431343, 647 
1720090049114.00, 77555, -428441, 485 
1720090049137.00, 43769, -426754, 406 
1720090049158.00, 24281, -425816, 237 
1720090049180.00, 12346, -425293, 84 
1720090049202.00, 5972, -425031, -137 
1720090049223.00, -5769, -424907, -248 
1720090049244.00, -19583, -425030, -479 
1720090049266.00, -41659, -425434, -462 
1720090049288.00, -53894, -426305, -511 
1720090049309.00, -63827, -427475, -583 
1720090049339.00, -74056, -428874, -640 
1720090049352.00, -83483, -430469, -659 
1720090049375.00, -90195, -432285, -686 
1720090049396.00, -95861, -434251, -729 
1720090049418.00, -101800, -436327, -749 
1720090049439.00, -106294, -438547, -748 
1720090049461.00, -108845, -440851, -796 
1720090049483.00, -113105, -443231, -828 
1720090049505.00, -117527, -445701, -827 
1720090049526.00, -119987, -448251, -860 
1720090049549.00, -123435, -450881, -885 
1720090049569.00, -126840, -453562, -891 
1720090049591.00, -129220, -456312, -888 
1720090049613.00, -130298, -459127, -899 
1720090049635.00, -131661, -461969, -892 
1720090049657.00, -131827, -464823, -899 
1720090049678.00, -132288, -467713, -956 
1720090049700.00, -135969, -470583, -952 
1720090049722.00, -137774, -473530, -985 
1720090049742.00, -140805, -476549, -1008 
1720090049767.00, -143846, -479614, -1018 
1720090049786.00, -146269, -482755, -1044 
1720090049808.00, -149069, -485960, -1063 
1720090049830.00, -152056, -489229, -1091 
1720090049852.00, -155197, -492561, -1119 
1720090049875.00, -158693, -495941, -1136 
1720090049895.00, -161776, -499420, -1118 
1720090049917.00, -162373, -502965, -1124 
1720090049938.00, -163078, -506507, -1127 
1720090049961.00, -163627, -510084, -1126 
1720090049982.00, -163762, -513654, -1130 
1720090050004.00, -163962, -517245, -1139 
1720090050026.00, -164710, -520811, -1122 
1720090050048.00, -164200, -524418, -1155 
1720090050070.00, -165640, -528005, -1179 
1720090050091.00, -168022, -531609, -1183 
1720090050113.00, -169506, -535294, -1188 
1720090050135.00, -170690, -538994, -1251 
1720090050156.00, -174831, -542745, -1240 
1720090050178.00, -174652, -546541, -1232 
1720090050203.00, -174848, -550379, -1278 
1720090050222.00, -174936, -554185, -1303 
1720090050244.00, -174576, -558002, -1279 
1720090050266.00, -174607, -561814, -1242 
1720090050288.00, -174667, -565633, -1210 
1720090050310.00, -174669, -569441, -1156 
1720090050331.00, -171562, -573253, -1121 
1720090050353.00, -167574, -576990, -1098 
1720090050375.00, -163378, -580631, -1042 
1720090050398.00, -157672, -584198, -956 
1720090050421.00, -148986, -587613, -884 
1720090050442.00, -139135, -590846, -786 
1720090050463.00, -127671, -593855, -708 
1720090050485.00, -72233, -596589, -562 
1720090050506.00, -39614, -598169, -471 
1720090050531.00, -20484, -599038, -328 
1720090050550.00, -9482, -599485, -174 
1720090050571.00, -3087, -599697, -47 
1720090050592.00, 81, -599750, 173 
1720090050614.00, 12065, -599746, 343 
1720090050636.00, 30124, -599498, 377 
1720090050657.00, 42572, -598852, 715 
1720090050678.00, 70237, -597935, 758 
1720090050700.00, 89404, -596419, 787 
1720090050722.00, 102250, -594473, 887 
1720090050744.00, 115711, -592241, 917 
1720090050766.00, 125423, -589711, 891 
1720090050787.00, 129602, -586969, 936 
1720090050809.00, 134501, -584141, 962 
1720090050831.00, 139019, -581215, 948 
1720090050853.00, 140859, -578186, 990 
1720090050873.00, 144226, -575120, 1006 
1720090050895.00, 147007, -571968, 1011 
1720090050917.00, 148958, -568753, 1021 
1720090050938.00, 150553, -565497, 1058 
1720090050962.00, 153619, -562211, 1063 
1720090050982.00, 155674, -558852, 1070 
1720090051004.00, 157129, -555445, 1084 
1720090051025.00, 158796, -552015, 1083 
1720090051047.00, 159811, -548542, 1078 
1720090051069.00, 160088, -545043, 1101 
1720090051091.00, 161291, -541561, 1116 
1720090051112.00, 162790, -538031, 1127 
1720090051135.00, 164365, -534465, 1151 
1720090051157.00, 166567, -530875, 1170 
1720090051178.00, 168857, -527229, 1241 
1720090051200.00, 174527, -523539, 1263 
1720090051222.00, 174891, -519725, 1306 
1720090051244.00, 174720, -515888, 1342 
1720090051265.00, 174878, -512071, 1361 
1720090051288.00, 174791, -508247, 1377 
1720090051309.00, 174692, -504433, 1416 
1720090051331.00, 174668, -500616, 1431 
1720090051355.00, 174676, -496808, 1425 
1720090051374.00, 174569, -492989, 1431 
1720090051396.00, 174772, -489160, 1448 
1720090051418.00, 174629, -485348, 1445 
1720090051440.00, 174715, -481524, 1447 
1720090051462.00, 174674, -477713, 1451 
1720090051484.00, 174720, -473908, 1482 
1720090051506.00, 174816, -470079, 1494 
1720090051527.00, 174637, -466264, 1471 
1720090051549.00, 174615, -462447, 1443 
1720090051571.00, 174497, -458639, 1419 
1720090051593.00, 174433, -454826, 1358 
1720090051615.00, 174444, -451025, 1284 
1720090051636.00, 174486, -447209, 1206 
1720090051658.00, 171972, -443404, 1131 
1720090051680.00, 165951, -439651, 1062 
1720090051702.00, 158050, -436042, 1001 
1720090051724.00, 149723, -432598, 945 
1720090051747.00, 141313, -429349, 858 
1720090051768.00, 77929, -426306, 744 
1720090051790.00, 41157, -424610, 690 
1720090051811.00, 19628, -423713, 517 
1720090051833.00, 7382, -423275, 408 
1720090051854.00, 64, -423116, 265 
1720090051876.00, -3728, -423115, 85 
1720090051897.00, -6052, -423203, -83 
1720090051918.00, -12581, -423340, -227 
1720090051940.00, -24458, -423616, -435 
1720090051962.00, -43992, -424144, -509 
1720090051984.00, -60287, -425091, -559 
1720090052006.00, -72938, -426394, -687 
1720090052027.00, -87918, -427985, -718 
1720090052048.00, -98548, -429891, -762 
1720090052071.00, -107317, -432032, -790 
1720090052092.00, -114141, -434377, -768 
1720090052114.00, -116739, -436857, -755 
1720090052135.00, -117363, -439395, -768 
1720090052158.00, -118265, -441956, -750 
1720090052179.00, -117754, -444538, -753 
1720090052200.00, -117321, -447086, -795 
1720090052222.00, -119555, -449631, -808 
1720090052244.00, -121517, -452250, -825 
1720090052266.00, -123591, -454902, -848 
1720090052288.00, -125985, -457585, -863 
1720090052310.00, -128219, -460331, -840 
1720090052331.00, -128218, -463111, -856 
1720090052353.00, -128950, -465900, -876 
1720090052374.00, -130325, -468724, -871 
1720090052396.00, -130974, -471555, -872 
1720090052418.00, -130954, -474407, -885 
1720090052440.00, -132016, -477275, -907 
1720090052461.00, -133852, -480138, -931 
1720090052482.00, -136314, -483047, -957 
1720090052505.00, -139120, -486022, -959 
1720090052527.00, -140971, -489046, -955 
1720090052548.00, -141661, -492115, -973 
1720090052570.00, -142938, -495196, -964 
1720090052591.00, -143194, -498301, -953 
1720090052615.00, -142640, -501437, -961 
1720090052635.00, -142543, -504537, -988 
1720090052657.00, -143955, -507642, -972 
1720090052679.00, -143823, -510784, -987 
1720090052699.00, -144530, -513904, -1007 
1720090052722.00, -146185, -517080, -1022 
1720090052743.00, -147780, -520277, -1017 
1720090052765.00, -148525, -523514, -1026 
1720090052786.00, -149302, -526754, -1025 
1720090052808.00, -149821, -530016, -1003 
1720090052830.00, -148603, -533306, -1035 
1720090052852.00, -149723, -536556, -1033 
1720090052874.00, -150230, -539822, -1017 
1720090052896.00, -149651, -543111, -974 
1720090052919.00, -146617, -546355, -975 
1720090052939.00, -144724, -549559, -1015 
1720090052961.00, -145821, -552714, -1020 
1720090052983.00, -146915, -555901, -1014 
1720090053004.00, -147081, -559117, -1035 
1720090053026.00, -148415, -562336, -1036 
1720090053048.00, -149079, -565581, -1051 
1720090053070.00, -150394, -568840, -1051 
1720090053093.00, -151100, -572111, -998 
1720090053114.00, -148277, -575412, -948 
1720090053136.00, -143426, -578621, -906 
1720090053163.00, -137945, -581744, -839 
1720090053180.00, -130944, -584746, -811 
1720090053202.00, -124992, -587570, -796 
1720090053223.00, -120592, -590282, -790 
1720090053245.00, -117347, -592910, -780 
1720090053271.00, -67233, -595433, -755 
1720090053288.00, -37504, -596891, -746 
1720090053310.00, -19620, -597720, -697 
1720090053331.00, -9552, -598170, -636 
1720090053353.00, -3550, -598391, -594 
1720090053375.00, -51, -598468, -428 
1720090053396.00, 1315, -598468, -277 
1720090053418.00, 2532, -598434, -47 
1720090053439.00, 3225, -598364, 137 
1720090053461.00, 11948, -598284, 233 
1720090053482.00, 22852, -598030, 332 
1720090053504.00, 34883, -597542, 405 
1720090053526.00, 46565, -596789, 468 
1720090053547.00, 57274, -595796, 569 
1720090053569.00, 69763, -594551, 587 
1720090053591.00, 78067, -593038, 620 
1720090053612.00, 84907, -591343, 660 
1720090053634.00, 91151, -589500, 692 
1720090053655.00, 96852, -587521, 704 
1720090053677.00, 100952, -585425, 731 
1720090053702.00, 104699, -583218, 752 
1720090053721.00, 108063, -580938, 780 
1720090053742.00, 111725, -578583, 799 
1720090053764.00, 114913, -576142, 811 
1720090053786.00, 117527, -573633, 836 
1720090053813.00, 120518, -571070, 857 
1720090053829.00, 123589, -568452, 875 
1720090053851.00, 126377, -565758, 886 
1720090053873.00, 128714, -563011, 926 
1720090053894.00, 132276, -560200, 950 
1720090053916.00, 135793, -557313, 959 
1720090053937.00, 138206, -554363, 987 
1720090053958.00, 141361, -551346, 1001 
1720090053980.00, 144124, -548253, 1026 
1720090054002.00, 146931, -545104, 1063 
1720090054023.00, 150990, -541880, 1084 
1720090054045.00, 154551, -538579, 1090 
1720090054068.00, 156873, -535199, 1099 
1720090054089.00, 158753, -531764, 1100 
1720090054111.00, 159766, -528295, 1117 
1720090054133.00, 161499, -524791, 1136 
1720090054155.00, 163529, -521278, 1166 
1720090054177.00, 166425, -517698, 1194 
1720090054198.00, 169580, -514059, 1230 
1720090054220.00, 173726, -510351, 1266 
1720090054244.00, 174960, -506541, 1297 
1720090054264.00, 174841, -502717, 1319 
1720090054286.00, 174688, -498896, 1362 
1720090054307.00, 174662, -495074, 1364 
1720090054329.00, 174594, -491268, 1341 
1720090054350.00, 174656, -487453, 1306 
1720090054373.00, 174731, -483631, 1275 
1720090054394.00, 174757, -479812, 1231 
1720090054417.00, 174671, -476010, 1221 
1720090054438.00, 174730, -472194, 1246 
1720090054460.00, 174737, -468370, 1266 
1720090054482.00, 174784, -464551, 1263 
1720090054504.00, 174941, -460743, 1264 
1720090054525.00, 174829, -456931, 1249 
1720090054548.00, 174718, -453108, 1234 
1720090054569.00, 174565, -449292, 1202 
1720090054590.00, 174698, -445478, 1166 
1720090054612.00, 172690, -441672, 1136 
1720090054635.00, 169518, -437898, 1093 
1720090054656.00, 165238, -434202, 1020 
1720090054679.00, 158017, -430611, 921 
1720090054701.00, 90257, -427200, 843 
1720090054723.00, 50719, -425239, 858 
1720090054745.00, 27840, -424144, 738 
1720090054766.00, 14922, -423530, 618 
1720090054787.00, 6920, -423210, 550 
1720090054809.00, 2319, -423062, 364 
1720090054830.00, -62, -423022, 188 
1720090054851.00, -1566, -423035, 27 
1720090054873.00, -2611, -423075, -148 
1720090054895.00, -12175, -423140, -318 
1720090054917.00, -27485, -423409, -561 
1720090054938.00, -51445, -423998, -615 
1720090054960.00, -68935, -425104, -668 
1720090054981.00, -82439, -426602, -781 
1720090055003.00, -97282, -428402, -820 
1720090055025.00, -108332, -430506, -842 
1720090055047.00, -116228, -432871, -850 
1720090055068.00, -121100, -435416, -835 
1720090055090.00, -123013, -438066, -831 
1720090055112.00, -123841, -440726, -835 
1720090055133.00, -124597, -443428, -836 
1720090055156.00, -124926, -446138, -841 
1720090055177.00, -125324, -448838, -853 
1720090055199.00, -126242, -451593, -864 
1720090055221.00, -127342, -454337, -856 
1720090055242.00, -127649, -457092, -887 
1720090055264.00, -129374, -459874, -910 
1720090055285.00, -131794, -462688, -923 
1720090055307.00, -133878, -465547, -934 
1720090055329.00, -135551, -468480, -955 
1720090055351.00, -137878, -471434, -970 
1720090055372.00, -140019, -474433, -974 
1720090055394.00, -141484, -477487, -990 
1720090055416.00, -143163, -480563, -981 
1720090055438.00, -143696, -483694, -986 
1720090055458.00, -144113, -486817, -1010 
1720090055481.00, -145957, -489961, -996 
1720090055501.00, -146094, -493140, -1000 
1720090055523.00, -146338, -496324, -1023 
1720090055545.00, -147763, -499525, -1026 
1720090055566.00, -148665, -502756, -1018 
1720090055589.00, -148637, -505989, -1004 
1720090055612.00, -147806, -509249, -996 
1720090055633.00, -146720, -512454, -995 
1720090055655.00, -145851, -515641, -996 
1720090055675.00, -145524, -518834, -1012 
1720090055697.00, -146078, -521992, -1029 
1720090055720.00, -147460, -525194, -1031 
1720090055741.00, -148317, -528413, -1035 
1720090055763.00, -149086, -531648, -1029 
1720090055785.00, -149048, -534915, -1026 
1720090055806.00, -148872, -538161, -1046 
1720090055829.00, -149827, -541422, -1065 
1720090055850.00, -151550, -544691, -1068 
1720090055872.00, -152645, -548001, -1074 
1720090055894.00, -153699, -551339, -1070 
1720090055916.00, -154142, -554681, -1074 
1720090055938.00, -154487, -558059, -1068 
1720090055959.00, -154033, -561426, -1083 
1720090055981.00, -154668, -564794, -1096 
1720090056003.00, -155873, -568189, -1113 
1720090056025.00, -157435, -571569, -1092 
1720090056047.00, -157159, -575024, -1053 
1720090056069.00, -154345, -578441, -985 
1720090056091.00, -148569, -581798, -943 
1720090056114.00, -142574, -585031, -833 
1720090056135.00, -132397, -588109, -746 
1720090056156.00, -120886, -590984, -633 
1720090056178.00, -107124, -593588, -485 
1720090056200.00, -60293, -595883, -339 
1720090056222.00, -32696, -597195, -205 
1720090056243.00, -16504, -597920, -38 
1720090056264.00, -7176, -598281, 103 
1720090056286.00, 3808, -598446, 162 
1720090056307.00, 14321, -598380, 254 
1720090056329.00, 25724, -598076, 329 
1720090056351.00, 37331, -597521, 380 
1720090056373.00, 47126, -596713, 572 
1720090056394.00, 64407, -595710, 590 
1720090056415.00, 75838, -594302, 663 
1720090056437.00, 86786, -592652, 751 
1720090056459.00, 98429, -590765, 819 
1720090056481.00, 109458, -588635, 841 
1720090056503.00, 117256, -586241, 871 
1720090056524.00, 123421, -583681, 925 
1720090056546.00, 130193, -580992, 943 
1720090056568.00, 135258, -578150, 940 
1720090056590.00, 138196, -575204, 941 
1720090056611.00, 139681, -572204, 963 
1720090056633.00, 141816, -569158, 956 
1720090056654.00, 142514, -566076, 941 
1720090056676.00, 141950, -562975, 954 
1720090056698.00, 142309, -559885, 968 
1720090056720.00, 143231, -556788, 990 
1720090056740.00, 145125, -553667, 1014 
1720090056765.00, 147675, -550497, 1026 
1720090056784.00, 149718, -547270, 1053 
1720090056806.00, 152385, -544002, 1078 
1720090056827.00, 155407, -540662, 1103 
1720090056849.00, 158556, -537258, 1120 
1720090056871.00, 161442, -533802, 1096 
1720090056893.00, 161678, -530274, 1066 
1720090056914.00, 159814, -526744, 1051 
1720090056937.00, 157697, -523264, 1073 
1720090056958.00, 157804, -519811, 1104 
1720090056980.00, 159692, -516360, 1125 
1720090057002.00, 162074, -512872, 1154 
1720090057024.00, 165162, -509323, 1188 
1720090057046.00, 168662, -505714, 1247 
1720090057068.00, 174279, -502030, 1260 
1720090057090.00, 174745, -498205, 1273 
1720090057111.00, 174610, -494395, 1305 
1720090057133.00, 174723, -490570, 1327 
1720090057155.00, 174742, -486757, 1322 
1720090057176.00, 174930, -482923, 1318 
1720090057202.00, 174674, -479119, 1327 
1720090057220.00, 174452, -475300, 1295 
1720090057241.00, 174321, -471491, 1257 
1720090057264.00, 174668, -467680, 1243 
1720090057286.00, 174539, -463862, 1249 
1720090057308.00, 174623, -460061, 1231 
1720090057329.00, 173602, -456257, 1197 
1720090057351.00, 170906, -452458, 1144 
1720090057373.00, 166204, -448738, 1095 
1720090057395.00, 160403, -445115, 1058 
1720090057417.00, 154731, -441625, 1026 
1720090057440.00, 149517, -438248, 978 
1720090057461.00, 143428, -435012, 932 
1720090057483.00, 136967, -431900, 895 
1720090057504.00, 75483, -428939, 844 
1720090057526.00, 39790, -427290, 874 
1720090057550.00, 18977, -426421, 796 
1720090057570.00, 7059, -425997, 708 
1720090057590.00, -5, -425840, 624 
1720090057612.00, -3635, -425836, 475 
1720090057634.00, -6163, -425920, 296 
1720090057656.00, -7591, -426058, 105 
1720090057677.00, -8299, -426241, -120 
1720090057698.00, -16255, -426435, -322 
1720090057720.00, -32542, -426781, -456 
1720090057742.00, -49991, -427478, -633 
1720090057763.00, -71015, -428559, -714 
1720090057785.00, -88347, -430093, -774 
1720090057807.00, -102077, -432016, -779 
1720090057828.00, -110375, -434244, -783 
1720090057850.00, -115335, -436652, -789 
1720090057871.00, -118633, -439166, -772 
1720090057894.00, -119426, -441757, -763 
1720090057915.00, -119126, -444354, -774 
1720090057937.00, -119522, -446935, -784 
1720090057958.00, -120115, -449526, -763 
1720090057980.00, -119246, -452156, -771 
1720090058002.00, -119054, -454755, -800 
1720090058024.00, -120566, -457337, -797 
1720090058045.00, -121229, -459955, -783 
1720090058067.00, -120449, -462591, -801 
1720090058089.00, -121219, -465210, -809 
1720090058111.00, -122047, -467858, -807 
1720090058132.00, -122265, -470510, -797 
1720090058154.00, -121775, -473156, -835 
1720090058175.00, -123613, -475810, -881 
1720090058197.00, -127200, -478507, -917 
1720090058219.00, -131408, -481272, -899 
1720090058241.00, -132850, -484150, -912 
1720090058263.00, -134354, -487051, -928 
1720090058284.00, -136159, -489962, -914 
1720090058306.00, -136361, -492930, -912 
1720090058328.00, -136222, -495893, -931 
1720090058349.00, -137266, -498852, -945 
1720090058371.00, -138667, -501839, -938 
1720090058393.00, -138874, -504865, -944 
1720090058415.00, -139249, -507887, -963 
1720090058437.00, -140577, -510927, -972 
1720090058458.00, -141765, -513975, -967 
1720090058480.00, -142126, -517082, -985 
1720090058502.00, -143435, -520172, -992 
1720090058522.00, -144496, -523292, -1025 
1720090058544.00, -147111, -526453, -1056 
1720090058566.00, -150307, -529662, -1056 
1720090058588.00, -152268, -532961, -1020 
1720090058610.00, -151187, -536287, -1019 
1720090058631.00, -150269, -539585, -1017 
1720090058654.00, -149571, -542862, -994 
1720090058676.00, -147707, -546113, -996 
1720090058698.00, -146745, -549340, -999 
1720090058718.00, -146267, -552525, -1006 
1720090058739.00, -146212, -555710, -1008 
1720090058762.00, -146498, -558913, -1012 
1720090058784.00, -146612, -562109, -1008 
1720090058807.00, -146436, -565312, -987 
1720090058828.00, -145183, -568494, -974 
1720090058850.00, -143502, -571634, -967 
1720090058872.00, -141927, -574772, -954 
1720090058894.00, -139944, -577847, -944 
1720090058915.00, -138387, -580889, -931 
1720090058937.00, -136599, -583906, -895 
1720090058962.00, -133298, -586864, -838 
1720090058980.00, -127970, -589763, -763 
1720090059002.00, -120134, -592532, -678 
1720090059024.00, -109934, -595120, -555 
1720090059045.00, -62311, -597484, -409 
1720090059069.00, -34278, -598849, -287 
1720090059089.00, -17754, -599599, -102 
1720090059110.00, -8511, -599991, 39 
1720090059131.00, -560, -600178, 108 
1720090059153.00, 7587, -600197, 232 
1720090059174.00, 20201, -600040, 336 
1720090059196.00, 34307, -599621, 374 
1720090059218.00, 44386, -598889, 599 
1720090059239.00, 64167, -597924, 644 
1720090059262.00, 78503, -596536, 703 
1720090059283.00, 90418, -594829, 777 
1720090059305.00, 101990, -592858, 839 
1720090059326.00, 112413, -590638, 884 
1720090059348.00, 121116, -588185, 929 
1720090059369.00, 128866, -585536, 956 
1720090059395.00, 135220, -582719, 959 
1720090059413.00, 138846, -579782, 953 
1720090059435.00, 140788, -576753, 954 
1720090059456.00, 141743, -573688, 978 
1720090059479.00, 143511, -570602, 992 
1720090059500.00, 145217, -567485, 989 
1720090059522.00, 146187, -564319, 971 
1720090059543.00, 145549, -561135, 1002 
1720090059564.00, 146906, -557951, 1027 
1720090059586.00, 149113, -554745, 1043 
1720090059608.00, 151336, -551483, 1052 
1720090059630.00, 153040, -548170, 1069 
1720090059652.00, 155007, -544822, 1087 
1720090059674.00, 157188, -541441, 1101 
1720090059695.00, 159163, -538005, 1114 
1720090059717.00, 161404, -534521, 1113 
1720090059739.00, 162352, -531001, 1131 
1720090059761.00, 163918, -527442, 1140 
1720090059782.00, 165360, -523865, 1126 
1720090059804.00, 165245, -520252, 1146 
1720090059826.00, 166219, -516641, 1181 
1720090059848.00, 168996, -513005, 1189 
1720090059870.00, 170934, -509313, 1190 
1720090059891.00, 172251, -505579, 1196 
1720090059913.00, 173121, -501822, 1198 
1720090059939.00, 173628, -498032, 1185 
1720090059957.00, 173271, -494231, 1182 
1720090059979.00, 172842, -490458, 1195 
1720090060001.00, 173141, -486689, 1204 
1720090060022.00, 174050, -482890, 1207 
1720090060044.00, 174464, -479096, 1213 
1720090060066.00, 174543, -475274, 1219 
1720090060088.00, 174676, -471472, 1230 
1720090060110.00, 174828, -467650, 1243 
1720090060132.00, 174968, -463832, 1248 
1720090060155.00, 174705, -460002, 1264 
1720090060175.00, 174678, -456197, 1263 
1720090060197.00, 174594, -452379, 1237 
1720090060219.00, 174601, -448572, 1205 
1720090060240.00, 174444, -444755, 1165 
1720090060262.00, 171912, -440958, 1108 
1720090060284.00, 166764, -437195, 1047 
1720090060307.00, 159840, -433564, 975 
1720090060329.00, 151403, -430092, 888 
1720090060351.00, 85847, -426831, 786 
1720090060373.00, 47627, -424965, 751 
1720090060394.00, 25435, -423929, 657 
1720090060415.00, 12742, -423365, 546 
1720090060436.00, 5295, -423088, 436 
1720090060458.00, 992, -422981, 257 
1720090060480.00, -1173, -422973, 84 
1720090060502.00, -2817, -423006, -118 
1720090060523.00, -11127, -423075, -293 
1720090060545.00, -26200, -423320, -540 
1720090060566.00, -49863, -423868, -561 
1720090060588.00, -65154, -424936, -629 
1720090060610.00, -78361, -426356, -742 
1720090060631.00, -92810, -428066, -774 
1720090060653.00, -103515, -430073, -787 
1720090060675.00, -110328, -432324, -798 
1720090060696.00, -114853, -434744, -822 
1720090060718.00, -118911, -437241, -832 
1720090060739.00, -121901, -439828, -830 
1720090060762.00, -123208, -442490, -834 
1720090060783.00, -124251, -445184, -832 
1720090060805.00, -124651, -447878, -841 
1720090060826.00, -125550, -450596, -857 
1720090060847.00, -126825, -453323, -859 
1720090060870.00, -127494, -456078, -879 
1720090060891.00, -129086, -458863, -899 
1720090060914.00, -131102, -461671, -906 
1720090060935.00, -132542, -464527, -935 
1720090060957.00, -135305, -467421, -956 
1720090060979.00, -137933, -470365, -954 
1720090061001.00, -139422, -473358, -963 
1720090061022.00, -140792, -476402, -974 
1720090061044.00, -142209, -479458, -975 
1720090061065.00, -142889, -482555, -981 
1720090061088.00, -143801, -485663, -981 
1720090061109.00, -144026, -488795, -971 
1720090061131.00, -143507, -491936, -963 
1720090061153.00, -142662, -495053, -951 
1720090061175.00, -141301, -498151, -944 
1720090061196.00, -139958, -501236, -945 
1720090061218.00, -139231, -504287, -942 
1720090061239.00, -138504, -507312, -951 
1720090061261.00, -138677, -510333, -948 
1720090061283.00, -138520, -513341, -953 
1720090061304.00, -138487, -516369, -989 
1720090061325.00, -140791, -519389, -1002 
1720090061349.00, -142996, -522450, -995 
1720090061368.00, -143835, -525566, -1026 
1720090061390.00, -146093, -528705, -1055 
1720090061412.00, -149150, -531899, -1060 
1720090061434.00, -151266, -535172, -1071 
1720090061456.00, -152952, -538459, -1107 
1720090061478.00, -156191, -541820, -1113 
1720090061500.00, -157944, -545225, -1097 
1720090061521.00, -158318, -548685, -1093 
1720090061543.00, -158236, -552143, -1062 
1720090061565.00, -156201, -555588, -1026 
1720090061586.00, -152809, -559007, -1031 
1720090061609.00, -150913, -562343, -1029 
1720090061631.00, -149550, -565640, -1015 
1720090061653.00, -147982, -568909, -997 
1720090061675.00, -145806, -572109, -973 
1720090061699.00, -143131, -575296, -928 
1720090061719.00, -138780, -578387, -855 
1720090061741.00, -131857, -581396, -784 
1720090061762.00, -123304, -584256, -689 
1720090061784.00, -112416, -586912, -570 
1720090061805.00, -98811, -589338, -461 
1720090061827.00, -83946, -591472, -354 
1720090061848.00, -68680, -593277, -262 
1720090061870.00, -38289, -594747, -165 
1720090061891.00, -20179, -595597, -88 
1720090061913.00, -9757, -596049, -25 
1720090061935.00, -3602, -596254, 43 
1720090061956.00, 2039, -596330, 83 
1720090061978.00, 8122, -596297, 164 
1720090061999.00, 16540, -596130, 248 
1720090062025.00, 26615, -595775, 329 
1720090062043.00, 37687, -595205, 395 
1720090062064.00, 47933, -594383, 647 
1720090062085.00, 69104, -593348, 642 
1720090062107.00, 81534, -591854, 707 
1720090062129.00, 92571, -590078, 778 
1720090062151.00, 103304, -588072, 821 
1720090062172.00, 112162, -585804, 858 
1720090062194.00, 119539, -583353, 901 
1720090062216.00, 126437, -580739, 912 
1720090062238.00, 131149, -577983, 932 
1720090062260.00, 135085, -575127, 956 
1720090062281.00, 138749, -572189, 962 
1720090062303.00, 141215, -569169, 968 
1720090062325.00, 142886, -566102, 983 
1720090062347.00, 144628, -562991, 995 
1720090062367.00, 146145, -559843, 1001 
1720090062389.00, 147415, -556640, 1007 
1720090062411.00, 148412, -553420, 1025 
1720090062432.00, 150024, -550173, 1032 
1720090062454.00, 151345, -546892, 1039 
1720090062475.00, 152437, -543591, 1051 
1720090062497.00, 153788, -540251, 1067 
1720090062519.00, 155311, -536897, 1085 
1720090062541.00, 157126, -533496, 1084 
1720090062563.00, 158271, -530058, 1091 
1720090062585.00, 159388, -526597, 1106 
1720090062606.00, 160758, -523117, 1104 
1720090062628.00, 161410, -519601, 1093 
1720090062650.00, 161079, -516064, 1111 
1720090062675.00, 161721, -512547, 1117 
1720090062694.00, 162550, -509001, 1124 
1720090062716.00, 163543, -505455, 1127 
1720090062738.00, 164046, -501880, 1139 
1720090062760.00, 165024, -498303, 1153 
1720090062782.00, 166084, -494691, 1170 
1720090062803.00, 167942, -491062, 1160 
1720090062825.00, 168282, -487385, 1178 
1720090062846.00, 169504, -483719, 1185 
1720090062868.00, 170723, -480003, 1173 
1720090062890.00, 170756, -476273, 1157 
1720090062912.00, 169481, -472553, 1152 
1720090062934.00, 168322, -468842, 1159 
1720090062955.00, 168064, -465171, 1138 
1720090062977.00, 166496, -461502, 1113 
1720090063000.00, 164196, -457871, 1106 
1720090063021.00, 162328, -454281, 1111 
1720090063043.00, 161382, -450737, 1101 
1720090063065.00, 160195, -447215, 1060 
1720090063087.00, 157121, -443719, 1011 
1720090063110.00, 152144, -440299, 947 
1720090063131.00, 145309, -437010, 844 
1720090063153.00, 134795, -433859, 752 
1720090063175.00, 122915, -430942, 646 
1720090063196.00, 69746, -428309, 518 
1720090063221.00, 38637, -426790, 470 
1720090063239.00, 20330, -425949, 349 
1720090063261.00, 9722, -425506, 250 
1720090063282.00, 3403, -425297, 141 
1720090063304.00, -31, -425229, 60 
1720090063330.00, -1909, -425233, -54 
1720090063347.00, -6425, -425278, -188 
1720090063369.00, -17263, -425417, -290 
1720090063390.00, -29516, -425793, -492 
1720090063412.00, -49204, -426418, -517 
1720090063433.00, -62145, -427469, -613 
1720090063455.00, -75564, -428828, -675 
1720090063477.00, -87188, -430461, -692 
1720090063499.00, -95093, -432352, -700 
1720090063520.00, -100090, -434421, -705 
1720090063542.00, -103117, -436600, -724 
1720090063563.00, -106186, -438852, -705 
1720090063585.00, -106740, -441162, -701 
1720090063607.00, -106670, -443483, -728 
1720090063628.00, -108150, -445811, -763 
1720090063651.00, -111035, -448161, -778 
1720090063672.00, -113621, -450583, -783 
1720090063694.00, -115457, -453056, -808 
1720090063716.00, -117694, -455566, -808 
1720090063738.00, -119187, -458140, -806 
1720090063759.00, -119844, -460736, -828 
1720090063781.00, -121469, -463329, -840 
1720090063802.00, -122973, -465976, -867 
1720090063824.00, -125385, -468666, -901 
1720090063846.00, -128871, -471398, -906 
1720090063869.00, -131184, -474202, -925 
1720090063889.00, -133647, -477065, -911 
1720090063911.00, -134060, -479960, -913 
1720090063933.00, -134547, -482881, -925 
1720090063955.00, -135516, -485815, -935 
1720090063976.00, -136542, -488753, -933 
1720090063998.00, -136754, -491734, -929 
1720090064020.00, -136718, -494713, -929 
1720090064041.00, -136677, -497684, -907 
1720090064063.00, -135005, -500663, -899 
1720090064085.00, -133708, -503601, -887 
1720090064106.00, -132024, -506503, -888 
1720090064129.00, -131023, -509372, -880 
1720090064150.00, -129920, -512223, -885 
1720090064172.00, -129495, -515045, -888 
1720090064194.00, -129420, -517876, -875 
1720090064215.00, -128477, -520689, -877 
1720090064237.00, -128153, -523489, -903 
1720090064259.00, -128985, -526279, -907 
1720090064280.00, -130226, -529088, -932 
1720090064302.00, -132373, -531915, -969 
1720090064322.00, -135797, -534803, -1008 
1720090064345.00, -140301, -537772, -1015 
1720090064366.00, -143076, -540847, -1027 
1720090064388.00, -145500, -543978, -1032 
1720090064410.00, -147020, -547141, -1031 
1720090064437.00, -148042, -550373, -1016 
1720090064453.00, -147455, -553604, -1033 
1720090064475.00, -148250, -556829, -1027 
1720090064497.00, -148083, -560069, -1034 
1720090064519.00, -148654, -563292, -1040 
1720090064541.00, -149144, -566558, -1050 
1720090064562.00, -150171, -569813, -1053 
1720090064584.00, -150708, -573087, -1056 
1720090064606.00, -151289, -576381, -1060 
1720090064628.00, -151635, -579673, -1016 
1720090064651.00, -149272, -582992, -957 
1720090064672.00, -144236, -586226, -890 
1720090064694.00, -137086, -589356, -821 
1720090064716.00, -128658, -592327, -739 
1720090064738.00, -118482, -595112, -633 
1720090064760.00, -67204, -597651, -530 
1720090064781.00, -36964, -599125, -485 
1720090064803.00, -18868, -599933, -383 
1720090064824.00, -8937, -600362, -296 
1720090064846.00, -2930, -600564, -283 
1720090064871.00, 82, -600628, -156 
1720090064889.00, 1894, -600627, -57 
1720090064910.00, 3184, -600587, 62 
1720090064932.00, 7738, -600503, 180 
1720090064953.00, 17281, -600331, 289 
1720090064976.00, 29295, -599959, 411 
1720090064997.00, 44056, -599338, 425 
1720090065019.00, 53606, -598394, 594 
1720090065040.00, 69373, -597224, 631 
1720090065061.00, 80880, -595729, 685 
1720090065086.00, 90740, -593962, 728 
1720090065105.00, 99079, -591995, 779 
1720090065126.00, 107092, -589840, 797 
1720090065149.00, 112801, -587503, 832 
1720090065171.00, 118256, -585040, 872 
1720090065196.00, 123791, -582467, 888 
1720090065213.00, 127896, -579762, 885 
1720090065235.00, 130126, -576976, 887 
1720090065257.00, 131299, -574138, 882 
1720090065278.00, 131736, -571286, 876 
1720090065301.00, 131540, -568425, 891 
1720090065322.00, 132209, -565564, 885 
1720090065345.00, 132102, -562689, 885 
1720090065366.00, 132008, -559810, 920 
1720090065387.00, 134007, -556938, 933 
1720090065413.00, 135831, -554016, 937 
1720090065431.00, 137032, -551063, 954 
1720090065452.00, 138744, -548073, 987 
1720090065474.00, 141693, -545045, 995 
1720090065495.00, 143728, -541963, 1014 
1720090065518.00, 146007, -538830, 1029 
1720090065539.00, 148348, -535625, 1051 
1720090065561.00, 150892, -532377, 1074 
1720090065582.00, 153791, -529070, 1096 
1720090065604.00, 156779, -525705, 1116 
1720090065628.00, 159792, -522284, 1140 
1720090065648.00, 162929, -518793, 1135 
1720090065669.00, 164442, -515229, 1149 
1720090065691.00, 166073, -511630, 1172 
1720090065713.00, 168169, -508012, 1196 
1720090065735.00, 170789, -504333, 1188 
1720090065757.00, 171910, -500601, 1188 
1720090065779.00, 172451, -496850, 1185 
1720090065801.00, 172569, -493073, 1187 
1720090065822.00, 172742, -489306, 1181 
1720090065844.00, 172191, -485537, 1175 
1720090065866.00, 171314, -481774, 1170 
1720090065887.00, 170537, -478030, 1155 
1720090065910.00, 169286, -474304, 1139 
1720090065931.00, 167583, -470609, 1133 
1720090065956.00, 166142, -466951, 1132 
1720090065975.00, 165197, -463325, 1142 
1720090065997.00, 164961, -459715, 1135 
1720090066019.00, 164452, -456123, 1113 
1720090066040.00, 162650, -452532, 1097 
1720090066067.00, 160509, -448984, 1077 
1720090066084.00, 157946, -445476, 1054 
1720090066105.00, 155061, -442033, 1016 
1720090066129.00, 150962, -438653, 981 
1720090066151.00, 146425, -435364, 930 
1720090066178.00, 140507, -432198, 870 
1720090066193.00, 79693, -429152, 797 
1720090066215.00, 44105, -427415, 825 
1720090066237.00, 23377, -426461, 712 
1720090066259.00, 11548, -425936, 651 
1720090066280.00, 4503, -425685, 604 
1720090066302.00, 137, -425591, 477 
1720090066323.00, -1748, -425589, 329 
1720090066344.00, -3248, -425630, 159 
1720090066366.00, -4049, -425714, 9 
1720090066391.00, -4397, -425816, -196 
1720090066409.00, -16664, -425923, -320 
1720090066431.00, -31071, -426286, -622 
1720090066453.00, -57741, -426944, -646 
1720090066474.00, -75109, -428186, -719 
1720090066499.00, -89429, -429823, -845 
1720090066518.00, -105657, -431772, -854 
1720090066539.00, -115828, -434078, -871 
1720090066561.00, -122810, -436605, -893 
1720090066583.00, -127907, -439278, -905 
1720090066607.00, -131646, -442080, -899 
1720090066626.00, -133487, -444945, -905 
1720090066647.00, -134708, -447843, -900 
1720090066670.00, -134993, -450779, -917 
1720090066691.00, -136079, -453717, -915 
1720090066719.00, -136537, -456665, -924 
1720090066735.00, -137324, -459645, -930 
1720090066756.00, -138206, -462631, -944 
1720090066778.00, -139351, -465628, -961 
1720090066800.00, -140848, -468676, -945 
1720090066826.00, -140805, -471738, -954 
1720090066843.00, -141149, -474803, -968 
1720090066865.00, -142129, -477878, -966 
1720090066887.00, -142546, -480967, -949 
1720090066908.00, -141465, -484073, -962 
1720090066931.00, -141364, -487158, -956 
1720090066952.00, -141217, -490234, -925 
1720090066974.00, -139232, -493309, -918 
1720090066996.00, -137507, -496323, -939 
1720090067017.00, -137823, -499315, -944 
1720090067041.00, -138224, -502313, -937 
1720090067061.00, -137972, -505321, -958 
1720090067082.00, -138850, -508327, -962 
1720090067104.00, -139763, -511347, -956 
1720090067125.00, -139721, -514378, -975 
1720090067147.00, -140873, -517436, -1004 
1720090067168.00, -143089, -520516, -1005 
1720090067190.00, -144420, -523652, -1017 
1720090067211.00, -145694, -526804, -1024 
1720090067234.00, -146929, -529993, -1035 
1720090067256.00, -148198, -533214, -1044 
1720090067277.00, -149482, -536454, -1070 
1720090067299.00, -151894, -539723, -1045 
1720090067321.00, -151647, -543043, -1030 
1720090067342.00, -150611, -546352, -1048 
1720090067364.00, -151194, -549657, -1058 
1720090067386.00, -151875, -552950, -1038 
1720090067408.00, -151013, -556265, -1015 
1720090067429.00, -149111, -559566, -1000 
1720090067453.00, -146959, -562818, -968 
1720090067475.00, -143786, -566027, -937 
1720090067496.00, -139912, -569139, -912 
1720090067518.00, -136058, -572174, -888 
1720090067540.00, -132289, -575141, -858 
1720090067562.00, -128278, -578003, -824 
1720090067583.00, -123750, -580775, -791 
1720090067605.00, -119221, -583475, -753 
1720090067626.00, -114073, -586060, -715 
1720090067648.00, -108809, -588525, -658 
1720090067669.00, -102209, -590884, -595 
1720090067692.00, -94295, -593095, -546 
1720090067714.00, -53399, -595125, -472 
1720090067735.00, -29132, -596283, -439 
1720090067757.00, -14468, -596937, -379 
1720090067778.00, -6396, -597270, -318 
1720090067800.00, -1648, -597420, -344 
1720090067821.00, 229, -597457, -280 
1720090067843.00, 1742, -597456, -251 
1720090067866.00, 2906, -597421, -223 
1720090067886.00, 3621, -597356, -172 
1720090067907.00, 4020, -597277, -134 
1720090067929.00, 4077, -597188, -91 
1720090067951.00, 4006, -597097, -65 
1720090067973.00, 3831, -597009, -56 
1720090067994.00, 3796, -596925, -57 
1720090068016.00, 3834, -596844, -57 
1720090068037.00, 3861, -596762, -59 
1720090068058.00, 3631, -596681, -60 
1720090068080.00, 3562, -596603, -64 
1720090068130.00, 3523, -596526, -70 
1720090068131.00, 3478, -596452, -71 
1720090068143.00, 3423, -596376, -75 
1720090068167.00, 0, -596301, -182 
1720090068187.00, 0, -596287, -175 
1720090068208.00, 0, -596286, -181 
1720090068230.00, 0, -596287, -177 
1720090068250.00, 0, -596285, -169 
1720090068272.00, 0, -596286, -170 
1720090068293.00, 0, -596287, -166 
1720090068314.00, 0, -596286, -162 
1720090068335.00, 0, -596285, -159 
1720090068357.00, 0, -596285, -156 
1720090068378.00, 0, -596285, -152 
1720090068398.00, 0, -596286, -149 
1720090068419.00, 0, -596285, -147 
1720090068441.00, 0, -596284, -145 
1720090068461.00, 0, -596285, -142 
1720090068482.00, 0, -596284, -141 
1720090068504.00, 0, -596284, -140 
1720090068525.00, 0, -596284, -139 
1720090068546.00, 0, -596286, -138 
1720090068567.00, 0, -596286, -135 
1720090068589.00, 0, -596285, -133 
1720090068609.00, 0, -596284, -130 
1720090068631.00, 0, -596285, -125 
1720090068652.00, 0, -596284, -122 
1720090068673.00, 0, -596284, -120 
1720090068694.00, 0, -596284, -118 
1720090068715.00, 0, -596284, -114 
1720090068736.00, 0, -596285, -111 
1720090068757.00, 0, -596284, -110 
1720090068779.00, 0, -596283, -108 
1720090068800.00, 0, -596283, -106 
1720090068820.00, 0, -596283, -105 
1720090068842.00, 0, -596284, -105 
1720090068863.00, 0, -596283, -105 
1720090068884.00, 0, -596283, -104 
1720090068905.00, 0, -596283, -104 
1720090068926.00, 0, -596283, -104 
1720090068948.00, 0, -596283, -102 
1720090068969.00, 0, -596283, -100 
1720090068990.00, 0, -596283, -98 
1720090069011.00, 0, -596283, -96 
1720090069032.00, 0, -596283, -94 
1720090069053.00, 0, -596283, -89 
1720090069075.00, 0, -596281, -77 
1720090069094.00, 0, -596283, -93 
1720090069116.00, 0, -596283, -88 
1720090069136.00, 0, -596283, -84 
1720090069158.00, 0, -596281, -84 
1720090069179.00, 0, -596281, -84 
1720090069200.00, 0, -596283, -86 
1720090069221.00, 0, -596281, -86 
1720090069241.00, 0, -596281, -85 
1720090069263.00, 0, -596280, -86 
1720090069284.00, 0, -596280, -88 
1720090069305.00, 0, -596281, -83 
1720090069326.00, 0, -596281, -80 
1720090069347.00, 0, -596283, -85 
1720090069368.00, 0, -596281, -84 
1720090069389.00, 0, -596281, -83 
1720090069410.00, 0, -596281, -78 
1720090069431.00, 0, -596281, -75 
1720090069452.00, 0, -596281, -72 
1720090069473.00, 0, -596280, -70 
1720090069495.00, 0, -596281, -68 
1720090069515.00, 0, -596280, -64 
1720090069537.00, 0, -596280, -60 
1720090069557.00, 0, -596281, -57 
1720090069578.00, 0, -596280, -57 
1720090069599.00, 0, -596280, -57 
1720090069621.00, 0, -596279, -54 
1720090069642.00, 0, -596279, -52 
1720090069662.00, 0, -596279, -52 
1720090069683.00, 0, -596279, -50 
1720090069705.00, 0, -596279, -47 
1720090069725.00, 0, -596279, -47 
1720090069746.00, 0, -596278, -46 
1720090069767.00, 0, -596278, -46 
1720090069789.00, 0, -596279, -47 
1720090069809.00, 0, -596280, -49 
1720090069831.00, 0, -596279, -52 
1720090069852.00, 0, -596279, -53 
1720090069873.00, 0, -596279, -54 
1720090069894.00, 0, -596279, -56 
1720090069915.00, 0, -596279, -56 
1720090069936.00, 0, -596279, -55 
1720090069957.00, 0, -596280, -53 
1720090069977.00, 0, -596279, -52 
1720090069999.00, 0, -596280, -50 
1720090070020.00, 0, -596280, -51 
1720090070041.00, 0, -596279, -51 
1720090070062.00, 0, -596279, -51 
1720090070083.00, 0, -596279, -51 
1720090070104.00, 0, -596279, -50 
1720090070125.00, 0, -596280, -48 
1720090070146.00, 0, -596279, -48 
1720090070167.00, 0, -596280, -47 
1720090070188.00, 0, -596279, -44 
1720090070209.00, 0, -596279, -42 
1720090070230.00, 0, -596279, -41 
1720090070251.00, 0, -596279, -41 
1720090070272.00, 0, -596279, -43 
1720090070294.00, 0, -596279, -46 
1720090070315.00, 0, -596279, -48 
1720090070335.00, 0, -596279, -50 
1720090070357.00, 0, -596279, -51 
1720090070377.00, 0, -596278, -51 
1720090070399.00, 0, -596279, -51 
1720090070420.00, 0, -596279, -50 
1720090070441.00, 0, -596279, -48 
1720090070462.00, 0, -596279, -47 
1720090070482.00, 0, -596279, -46 
1720090070504.00, 0, -596280, -44 
1720090070524.00, 0, -596279, -43 
1720090070546.00, 0, -596279, -42 
1720090070567.00, 0, -596279, -41 
1720090070587.00, 0, -596278, -41 
1720090070609.00, 0, -596278, -41 
1720090070630.00, 0, -596278, -40 
1720090070650.00, 0, -596278, -40 
1720090070671.00, 0, -596278, -41 
1720090070693.00, 0, -596279, -42 
1720090070714.00, 0, -596279, -41 
1720090070735.00, 0, -596279, -41 
1720090070756.00, 0, -596279, -44 
1720090070777.00, 0, -596279, -47 
1720090070798.00, 0, -596279, -49 
1720090070819.00, 0, -596280, -52 
1720090070840.00, 0, -596280, -55 
1720090070861.00, 0, -596279, -56 
1720090070885.00, 0, -596280, -61 
1720090070903.00, 0, -596279, -62 
1720090070924.00, 0, -596279, -61 
1720090070945.00, 0, -596279, -63 
1720090070966.00, 0, -596280, -63 
1720090070987.00, 0, -596281, -61 
1720090071008.00, 0, -596279, -59 
1720090071029.00, 0, -596279, -55 
1720090071050.00, 0, -596279, -52 
1720090071071.00, 0, -596279, -47 
