1721219195086.00, 0, -595849, -288 
1721219195107.00, 0, -595849, -287 
1721219195128.00, 0, -595849, -287 
1721219195150.00, -8, -595848, -288 
1721219195171.00, 4, -595849, -288 
1721219195193.00, 1, -595848, -290 
1721219195214.00, 0, -595849, -293 
1721219195235.00, -24, -595849, -294 
1721219195257.00, 0, -595848, -296 
1721219195278.00, 0, -595849, -297 
1721219195300.00, 0, -595849, -298 
1721219195321.00, 0, -595849, -302 
1721219195341.00, 0, -595849, -305 
1721219195363.00, 0, -595849, -304 
1721219195393.00, 0, -595850, -303 
1721219195406.00, 0, -595848, -298 
1721219195427.00, 0, -595849, -296 
1721219195448.00, 0, -595850, -301 
1721219195469.00, 0, -595849, -302 
1721219195491.00, 0, -595848, -304 
1721219195515.00, 0, -595849, -303 
1721219195533.00, 0, -595849, -305 
1721219195554.00, 0, -595849, -302 
1721219195576.00, 0, -595849, -303 
1721219195597.00, 0, -595849, -303 
1721219195619.00, 0, -595849, -302 
1721219195640.00, 0, -595849, -304 
1721219195661.00, 0, -595849, -305 
1721219195682.00, 0, -595849, -305 
1721219195704.00, 0, -595849, -306 
1721219195725.00, 0, -595849, -308 
1721219195747.00, 0, -595850, -311 
1721219195768.00, 0, -595849, -312 
1721219195789.00, 0, -595849, -311 
1721219195810.00, 0, -595849, -308 
1721219195832.00, 0, -595850, -304 
1721219195853.00, 0, -595850, -300 
1721219195874.00, 0, -595849, -299 
1721219195895.00, 0, -595850, -300 
1721219195917.00, 0, -595850, -302 
1721219195938.00, 0, -595850, -304 
1721219195959.00, 0, -595849, -305 
1721219195980.00, 0, -595850, -307 
1721219196002.00, 0, -595850, -309 
1721219196023.00, 0, -595850, -309 
1721219196044.00, 0, -595850, -309 
1721219196065.00, 0, -595851, -309 
1721219196087.00, 0, -595850, -311 
1721219196108.00, 0, -595850, -315 
1721219196129.00, 0, -595850, -316 
1721219196151.00, 0, -595850, -311 
1721219196172.00, 0, -595849, -303 
1721219196194.00, 0, -595849, -302 
1721219196215.00, 0, -595850, -304 
1721219196236.00, 0, -595850, -306 
1721219196257.00, 0, -595850, -309 
1721219196279.00, 0, -595850, -312 
1721219196299.00, 0, -595851, -314 
1721219196321.00, 0, -595849, -309 
1721219196342.00, 0, -595849, -297 
1721219196363.00, 0, -595849, -297 
1721219196385.00, 0, -595849, -290 
1721219196406.00, 0, -595849, -289 
1721219196427.00, 0, -595850, -295 
1721219196449.00, 0, -595848, -292 
1721219196470.00, 0, -595849, -286 
1721219196492.00, 0, -595849, -282 
1721219196513.00, 0, -595850, -282 
1721219196534.00, 0, -595850, -285 
1721219196555.00, 35, -595849, -287 
1721219196577.00, 0, -595849, -286 
1721219196598.00, 0, -595850, -285 
1721219196620.00, 0, -595850, -288 
1721219196641.00, 0, -595851, -291 
1721219196662.00, 0, -595849, -291 
1721219196683.00, 0, -595850, -289 
1721219196704.00, 0, -595849, -289 
1721219196726.00, 0, -595850, -284 
1721219196747.00, 0, -595850, -280 
1721219196768.00, 0, -595849, -282 
1721219196790.00, 0, -595849, -286 
1721219196811.00, 0, -595850, -279 
1721219196832.00, 0, -595849, -267 
1721219196853.00, 0, -595849, -256 
1721219196875.00, 13, -595849, -251 
1721219196896.00, 0, -595849, -253 
1721219196918.00, -15, -595849, -261 
1721219196939.00, 0, -595848, -268 
1721219196959.00, 0, -595849, -274 
1721219196981.00, 0, -595848, -277 
1721219197002.00, 0, -595849, -276 
1721219197024.00, 0, -595849, -273 
1721219197045.00, 0, -595850, -271 
1721219197066.00, -3, -595849, -269 
1721219197087.00, -11, -595848, -269 
1721219197109.00, 0, -595849, -268 
1721219197130.00, 0, -595848, -270 
1721219197152.00, 0, -595849, -277 
1721219197174.00, 0, -595849, -285 
1721219197194.00, 0, -595849, -290 
1721219197216.00, 0, -595849, -293 
1721219197237.00, 0, -595850, -290 
1721219197258.00, 0, -595849, -284 
1721219197280.00, 0, -595849, -279 
1721219197301.00, 0, -595849, -278 
1721219197322.00, 0, -595849, -279 
1721219197343.00, 0, -595850, -281 
1721219197364.00, 0, -595849, -283 
1721219197385.00, 0, -595849, -284 
1721219197407.00, 0, -595848, -284 
1721219197428.00, 0, -595849, -285 
1721219197450.00, 0, -595848, -285 
1721219197471.00, 0, -595849, -287 
1721219197492.00, 0, -595850, -287 
1721219197513.00, 0, -595850, -285 
1721219197535.00, 0, -595849, -283 
1721219197556.00, 0, -595849, -281 
1721219197577.00, 0, -595849, -280 
1721219197602.00, 0, -595849, -280 
1721219197619.00, 0, -595849, -281 
1721219197641.00, 0, -595848, -282 
1721219197662.00, 0, -595849, -281 
1721219197684.00, 0, -595850, -280 
1721219197707.00, 0, -595849, -280 
1721219197727.00, 0, -595849, -281 
1721219197747.00, 0, -595849, -282 
1721219197768.00, 0, -595849, -283 
1721219197790.00, 0, -595850, -284 
1721219197812.00, 0, -595849, -283 
1721219197833.00, 0, -595849, -284 
1721219197855.00, 0, -595849, -286 
1721219197875.00, 0, -595849, -291 
1721219197897.00, 0, -595849, -292 
1721219197918.00, 0, -595850, -291 
1721219197939.00, 0, -595849, -288 
1721219197961.00, 0, -595850, -285 
1721219197982.00, 0, -595849, -283 
1721219198003.00, 0, -595849, -282 
1721219198025.00, 0, -595849, -281 
1721219198046.00, 0, -595848, -282 
1721219198067.00, 0, -595849, -283 
1721219198088.00, 0, -595849, -283 
1721219198110.00, 0, -595849, -285 
1721219198130.00, 0, -595849, -289 
1721219198152.00, 0, -595849, -293 
1721219198174.00, 0, -595850, -295 
1721219198195.00, 0, -595849, -294 
1721219198216.00, 0, -595849, -292 
1721219198237.00, 0, -595850, -288 
1721219198259.00, 0, -595849, -282 
1721219198280.00, 0, -595849, -278 
1721219198301.00, 0, -595849, -274 
1721219198322.00, 0, -595849, -274 
1721219198344.00, 0, -595850, -278 
1721219198365.00, 0, -595849, -283 
1721219198387.00, 0, -595849, -285 
1721219198408.00, 0, -595849, -284 
1721219198429.00, 0, -595850, -282 
1721219198450.00, 0, -595850, -282 
1721219198471.00, 0, -595850, -283 
1721219198492.00, 0, -595849, -284 
1721219198514.00, 0, -595849, -286 
1721219198535.00, 0, -595850, -285 
1721219198556.00, 0, -595849, -284 
1721219198579.00, 0, -595850, -282 
1721219198599.00, 0, -595849, -282 
1721219198621.00, 0, -595849, -282 
1721219198642.00, 0, -595849, -282 
1721219198663.00, 0, -595849, -281 
1721219198688.00, 0, -595849, -279 
1721219198705.00, 0, -595849, -278 
1721219198727.00, 0, -595849, -278 
1721219198748.00, 0, -595849, -278 
1721219198769.00, 0, -595850, -277 
1721219198791.00, 0, -595849, -277 
1721219198812.00, 0, -595849, -279 
1721219198833.00, 0, -595849, -279 
1721219198854.00, 0, -595849, -277 
1721219198875.00, 0, -595849, -276 
1721219198897.00, 0, -595849, -275 
1721219198918.00, 0, -595849, -275 
1721219198939.00, 0, -595849, -276 
1721219198961.00, 0, -595849, -275 
1721219198981.00, 0, -595848, -273 
1721219199003.00, 0, -595849, -272 
1721219199025.00, 0, -595849, -272 
1721219199046.00, 0, -595849, -273 
1721219199067.00, 0, -595850, -273 
1721219199089.00, 0, -595850, -274 
1721219199110.00, 0, -595848, -275 
1721219199130.00, 0, -595849, -276 
1721219199154.00, 0, -595849, -278 
1721219199175.00, 0, -595849, -278 
1721219199196.00, 0, -595849, -276 
1721219199217.00, 7, -595848, -272 
1721219199238.00, 0, -595849, -266 
1721219199260.00, 0, -595849, -260 
1721219199281.00, 0, -595849, -256 
1721219199303.00, 37, -595848, -254 
1721219199324.00, 0, -595847, -233 
1721219199351.00, 69, -595847, -210 
1721219199367.00, 30, -595846, -187 
1721219199388.00, 0, -595844, -167 
1721219199410.00, 0, -595844, -144 
1721219199431.00, 64, -595841, -104 
1721219199452.00, 12, -595837, -53 
1721219199473.00, 4, -595834, -10 
1721219199495.00, 0, -595830, 30 
1721219199516.00, 1823, -595831, 22 
1721219199538.00, 2489, -595798, 28 
1721219199559.00, 3137, -595747, 25 
1721219199581.00, 3331, -595679, 23 
1721219199602.00, 3383, -595606, 20 
1721219199623.00, 3220, -595534, 18 
1721219199645.00, 3071, -595464, 17 
1721219199667.00, 2843, -595399, 15 
1721219199688.00, 2509, -595339, 14 
1721219199710.00, 2322, -595283, 13 
1721219199731.00, 2146, -595233, 11 
1721219199752.00, 1901, -595187, 11 
1721219199773.00, 1740, -595146, 11 
1721219199795.00, 1747, -595108, 11 
1721219199817.00, 1705, -595073, 11 
1721219199837.00, 1621, -595036, 9 
1721219199859.00, 910, -595000, 8 
1721219199880.00, 440, -594979, 7 
1721219199902.00, 219, -594969, 6 
1721219199923.00, 95, -594963, 6 
1721219199944.00, 58, -594962, 8 
1721219199965.00, -1, -594960, 8 
1721219199986.00, 0, -594960, 7 
1721219200007.00, 0, -594960, 6 
1721219200028.00, -2, -594960, 6 
1721219200049.00, 0, -594960, 5 
1721219200070.00, 15, -594959, 3 
1721219200092.00, 0, -594960, 1 
1721219200118.00, 0, -594961, 0 
1721219200134.00, -1, -594959, -3 
1721219200155.00, 0, -594960, -7 
1721219200176.00, 0, -594960, -11 
1721219200197.00, -5, -594960, -15 
1721219200219.00, 0, -594960, -23 
1721219200239.00, 0, -594961, -27 
1721219200261.00, 0, -594961, -31 
1721219200282.00, 0, -594961, -35 
1721219200303.00, 0, -594962, -37 
1721219200325.00, 0, -594961, -41 
1721219200346.00, 0, -594961, -43 
1721219200367.00, 0, -594963, -45 
1721219200388.00, 0, -594963, -47 
1721219200409.00, 0, -594963, -50 
1721219200430.00, 0, -594962, -52 
1721219200452.00, 0, -594962, -54 
1721219200473.00, 0, -594963, -55 
1721219200494.00, 0, -594962, -57 
1721219200515.00, 0, -594962, -59 
1721219200536.00, 0, -594962, -61 
1721219200557.00, 0, -594962, -59 
1721219200579.00, 0, -594963, -58 
1721219200600.00, 0, -594962, -58 
1721219200621.00, 0, -594963, -57 
1721219200643.00, 0, -594963, -56 
1721219200664.00, 0, -594962, -57 
1721219200685.00, 0, -594962, -58 
1721219200705.00, 0, -594962, -60 
1721219200727.00, 0, -594963, -62 
1721219200748.00, 0, -594963, -64 
1721219200769.00, 0, -594963, -66 
1721219200791.00, 0, -594964, -67 
1721219200812.00, 0, -594963, -69 
1721219200833.00, 0, -594963, -71 
1721219200854.00, 0, -594963, -72 
1721219200875.00, 0, -594962, -72 
1721219200897.00, 0, -594964, -71 
1721219200917.00, 0, -594963, -71 
1721219200939.00, 0, -594963, -70 
1721219200960.00, 0, -594962, -68 
1721219200987.00, 0, -594963, -66 
1721219201003.00, 0, -594962, -64 
1721219201024.00, 0, -594963, -59 
1721219201045.00, 0, -594962, -56 
1721219201067.00, 0, -594962, -54 
1721219201088.00, 0, -594961, -51 
1721219201109.00, 2, -594962, -49 
1721219201130.00, 0, -594962, -45 
1721219201151.00, 0, -594961, -42 
1721219201172.00, 0, -594961, -40 
1721219201194.00, 0, -594962, -38 
1721219201215.00, -17, -594961, -36 
1721219201236.00, -25, -594962, -35 
1721219201257.00, 0, -594961, -34 
1721219201279.00, 0, -594962, -32 
1721219201300.00, 60, -594961, -31 
1721219201321.00, 0, -594961, -30 
1721219201342.00, 0, -594961, -30 
1721219201364.00, 0, -594961, -29 
1721219201385.00, -25, -594960, -27 
1721219201407.00, -24, -594961, -24 
1721219201427.00, -5, -594961, -23 
1721219201448.00, 0, -594961, -21 
1721219201469.00, 0, -594961, -20 
1721219201491.00, 0, -594961, -19 
1721219201513.00, 0, -594961, -18 
1721219201534.00, 0, -594961, -16 
1721219201555.00, 5, -594961, -16 
1721219201576.00, 0, -594961, -15 
1721219201597.00, 0, -594960, -14 
1721219201618.00, 0, -594960, -14 
1721219201640.00, 0, -594961, -13 
1721219201661.00, 0, -594961, -12 
1721219201681.00, 0, -594960, -11 
1721219201703.00, 0, -594960, -11 
1721219201724.00, 0, -594961, -11 
1721219201746.00, 0, -594960, -10 
1721219201767.00, 0, -594960, -10 
1721219201788.00, 0, -594961, -10 
1721219201809.00, 0, -594961, -10 
1721219201831.00, -4, -594959, -10 
1721219201851.00, 0, -594959, -10 
1721219201872.00, 0, -594961, -10 
1721219201894.00, 0, -594960, -10 
1721219201915.00, 0, -594961, -10 
1721219201936.00, 0, -594960, -11 
1721219201957.00, 0, -594961, -13 
1721219201983.00, 22, -594960, -16 
1721219202000.00, -27, -594961, -15 
1721219202021.00, 0, -594960, -12 
1721219202043.00, -2, -594959, 0 
1721219202064.00, 0, -594957, 18 
1721219202088.00, 1158, -594956, 40 
1721219202106.00, 3168, -594932, 56 
1721219202128.00, 5374, -594863, 92 
1721219202150.00, 8670, -594749, 113 
1721219202171.00, 11826, -594561, 133 
1721219202193.00, 14924, -594303, 142 
1721219202215.00, 17413, -593973, 150 
1721219202235.00, 19648, -593596, 155 
1721219202258.00, 21138, -593178, 170 
1721219202279.00, 22838, -592726, 180 
1721219202302.00, 24581, -592235, 193 
1721219202323.00, 26250, -591711, 211 
1721219202344.00, 28544, -591137, 211 
1721219202365.00, 29483, -590529, 205 
1721219202387.00, 29680, -589894, 203 
1721219202412.00, 29873, -589253, 208 
1721219202431.00, 30183, -588610, 216 
1721219202452.00, 31036, -587954, 222 
1721219202474.00, 31633, -587281, 226 
1721219202496.00, 32350, -586596, 242 
1721219202518.00, 33406, -585903, 253 
1721219202539.00, 34636, -585178, 255 
1721219202561.00, 35693, -584420, 257 
1721219202582.00, 36506, -583646, 267 
1721219202604.00, 37564, -582862, 287 
1721219202631.00, 39319, -582051, 297 
1721219202647.00, 40860, -581192, 302 
1721219202668.00, 42196, -580300, 308 
1721219202690.00, 43246, -579391, 313 
1721219202712.00, 44377, -578456, 330 
1721219202734.00, 45831, -577493, 352 
1721219202755.00, 47988, -576504, 378 
1721219202777.00, 50935, -575473, 386 
1721219202798.00, 53195, -574362, 386 
1721219202820.00, 54431, -573206, 394 
1721219202845.00, 55586, -572030, 394 
1721219202863.00, 56279, -570821, 393 
1721219202885.00, 56559, -569613, 400 
1721219202907.00, 57212, -568383, 400 
1721219202928.00, 57486, -567133, 399 
1721219202950.00, 57595, -565900, 403 
1721219202972.00, 57798, -564641, 412 
1721219202993.00, 58618, -563389, 420 
1721219203015.00, 59456, -562128, 414 
1721219203036.00, 59791, -560822, 428 
1721219203058.00, 60529, -559539, 441 
1721219203080.00, 61700, -558222, 441 
1721219203102.00, 62575, -556882, 456 
1721219203123.00, 63979, -555537, 448 
1721219203145.00, 64127, -554140, 462 
1721219203166.00, 65107, -552754, 488 
1721219203188.00, 67313, -551336, 473 
1721219203210.00, 67777, -549886, 446 
1721219203231.00, 66240, -548409, 434 
1721219203254.00, 64483, -546971, 454 
1721219203274.00, 64879, -545581, 437 
1721219203296.00, 63977, -544169, 447 
1721219203318.00, 63813, -542800, 449 
1721219203340.00, 64007, -541396, 437 
1721219203361.00, 63456, -540014, 437 
1721219203383.00, 63087, -538637, 429 
1721219203405.00, 62264, -537265, 443 
1721219203426.00, 62797, -535926, 441 
1721219203448.00, 62852, -534553, 456 
1721219203469.00, 63806, -533192, 478 
1721219203491.00, 65855, -531802, 489 
1721219203513.00, 67626, -530383, 506 
1721219203534.00, 69591, -528919, 515 
1721219203556.00, 71142, -527399, 535 
1721219203577.00, 73356, -525864, 497 
1721219203599.00, 72481, -524265, 601 
1721219203621.00, 78052, -522699, 593 
1721219203643.00, 80872, -520994, 581 
1721219203664.00, 81985, -519252, 547 
1721219203686.00, 80672, -517472, 544 
1721219203707.00, 79418, -515722, 528 
1721219203729.00, 77690, -514002, 540 
1721219203751.00, 77335, -512320, 537 
1721219203772.00, 76819, -510647, 558 
1721219203793.00, 77959, -508962, 567 
1721219203815.00, 79085, -507277, 594 
1721219203837.00, 81402, -505555, 585 
1721219203859.00, 82438, -503797, 597 
1721219203881.00, 83615, -502009, 598 
1721219203902.00, 84285, -500195, 602 
1721219203924.00, 85088, -498359, 571 
1721219203946.00, 83787, -496522, 569 
1721219203967.00, 82606, -494706, 566 
1721219203988.00, 81676, -492924, 533 
1721219204010.00, 79058, -491150, 499 
1721219204032.00, 75524, -489435, 427 
1721219204054.00, 69096, -487812, 374 
1721219204075.00, 62136, -486321, 290 
1721219204097.00, 52738, -484976, 250 
1721219204119.00, 44880, -483847, 187 
1721219204140.00, 36594, -482858, 143 
1721219204161.00, 28856, -482061, 113 
1721219204183.00, 22453, -481432, 100 
1721219204204.00, 17640, -480951, 81 
1721219204226.00, 14183, -480567, 54 
1721219204248.00, 10277, -480259, 64 
1721219204270.00, 8455, -480032, 47 
1721219204290.00, 6442, -479844, 37 
1721219204312.00, 4880, -479701, 25 
1721219204334.00, 3097, -479591, 47 
1721219204355.00, 3359, -479521, 49 
1721219204379.00, 3773, -479450, 43 
1721219204398.00, 3735, -479370, 49 
1721219204420.00, 4004, -479289, 61 
1721219204441.00, 5037, -479201, 58 
1721219204463.00, 5491, -479095, 64 
1721219204487.00, 6350, -478975, 84 
1721219204506.00, 7711, -478838, 107 
1721219204527.00, 9890, -478666, 121 
1721219204549.00, 12205, -478458, 114 
1721219204571.00, 13485, -478200, 120 
1721219204597.00, 14549, -477917, 127 
1721219204614.00, 15421, -477616, 132 
1721219204635.00, 16116, -477278, 160 
1721219204657.00, 18358, -476917, 207 
1721219204679.00, 22297, -476515, 224 
1721219204705.00, 25862, -476028, 239 
1721219204722.00, 28727, -475467, 245 
1721219204744.00, 30939, -474850, 262 
1721219204765.00, 33409, -474191, 269 
1721219204787.00, 35232, -473464, 286 
1721219204809.00, 37106, -472695, 318 
1721219204830.00, 40317, -471890, 337 
1721219204851.00, 43545, -471033, 339 
1721219204874.00, 45285, -470085, 339 
1721219204895.00, 46638, -469096, 347 
1721219204919.00, 47638, -468096, 362 
1721219204938.00, 49099, -467063, 356 
1721219204960.00, 49920, -465988, 351 
1721219204981.00, 49910, -464915, 352 
1721219205003.00, 49759, -463837, 328 
1721219205027.00, 48400, -462748, 317 
1721219205047.00, 46738, -461711, 302 
1721219205068.00, 45001, -460702, 273 
1721219205090.00, 42173, -459718, 256 
1721219205112.00, 39486, -458803, 225 
1721219205134.00, 36022, -457960, 169 
1721219205154.00, 30522, -457172, 120 
1721219205176.00, 24512, -456507, 81 
1721219205198.00, 18358, -455975, 25 
1721219205220.00, 11487, -455579, -46 
1721219205241.00, 2984, -455331, -104 
1721219205263.00, -4818, -455262, -155 
1721219205284.00, -13040, -455359, -215 
1721219205306.00, -21573, -455634, -281 
1721219205328.00, -30622, -456093, -319 
1721219205349.00, -38293, -456755, -376 
1721219205370.00, -46236, -457590, -407 
1721219205393.00, -52736, -458580, -436 
1721219205414.00, -58296, -459720, -429 
1721219205435.00, -61114, -460994, -458 
1721219205457.00, -64484, -462305, -468 
1721219205478.00, -67028, -463709, -485 
1721219205501.00, -69726, -465157, -506 
1721219205522.00, -72425, -466678, -519 
1721219205544.00, -74731, -468253, -553 
1721219205566.00, -78064, -469872, -569 
1721219205588.00, -81052, -471568, -617 
1721219205609.00, -85578, -473318, -616 
1721219205631.00, -88136, -475176, -642 
1721219205652.00, -91209, -477103, -651 
1721219205674.00, -93413, -479070, -664 
1721219205695.00, -95410, -481098, -675 
1721219205717.00, -97371, -483167, -643 
1721219205739.00, -96431, -485276, -670 
1721219205760.00, -97441, -487375, -669 
1721219205782.00, -97881, -489468, -647 
1721219205804.00, -96812, -491603, -664 
1721219205825.00, -97146, -493714, -663 
1721219205847.00, -97127, -495802, -662 
1721219205869.00, -97258, -497906, -678 
1721219205890.00, -98146, -500032, -652 
1721219205916.00, -97004, -502144, -667 
1721219205933.00, -97364, -504259, -688 
1721219205955.00, -98801, -506360, -668 
1721219205977.00, -98308, -508497, -677 
1721219205998.00, -98602, -510638, -679 
1721219206022.00, -98461, -512764, -652 
1721219206042.00, -97026, -514895, -669 
1721219206064.00, -96889, -517017, -636 
1721219206084.00, -95060, -519111, -591 
1721219206107.00, -91095, -521156, -611 
1721219206128.00, -90014, -523144, -602 
1721219206150.00, -88730, -525088, -583 
1721219206172.00, -86670, -527015, -594 
1721219206193.00, -86315, -528888, -559 
1721219206215.00, -83783, -530751, -605 
1721219206236.00, -85020, -532587, -596 
1721219206258.00, -85515, -534418, -567 
1721219206280.00, -83897, -536285, -585 
1721219206302.00, -83851, -538089, -594 
1721219206323.00, -84312, -539911, -601 
1721219206349.00, -85202, -541743, -548 
1721219206366.00, -82404, -543583, -569 
1721219206388.00, -81832, -545374, -565 
1721219206409.00, -81278, -547136, -568 
1721219206431.00, -81318, -548915, -552 
1721219206452.00, -80414, -550673, -591 
1721219206475.00, -82110, -552422, -605 
1721219206496.00, -83945, -554188, -577 
1721219206517.00, -83286, -556014, -620 
1721219206539.00, -85481, -557818, -621 
1721219206563.00, -86924, -559671, -605 
1721219206583.00, -86514, -561549, -554 
1721219206605.00, -83367, -563416, -559 
1721219206626.00, -81844, -565231, -517 
1721219206648.00, -78526, -566994, -500 
1721219206669.00, -75340, -568703, -521 
1721219206690.00, -74766, -570321, -517 
1721219206713.00, -74286, -571939, -509 
1721219206734.00, -73589, -573546, -535 
1721219206756.00, -74527, -575146, -544 
1721219206777.00, -75657, -576744, -516 
1721219206799.00, -74612, -578384, -500 
1721219206821.00, -73089, -579988, -507 
1721219206843.00, -72420, -581580, -497 
1721219206864.00, -71404, -583145, -474 
1721219206892.00, -69436, -584699, -496 
1721219206910.00, -69499, -586198, -513 
1721219206929.00, -70250, -587700, -482 
1721219206951.00, -69072, -589218, -411 
1721219206972.00, -64310, -590717, -377 
1721219206994.00, -59112, -592097, -360 
1721219207016.00, -54998, -593373, -300 
1721219207037.00, -30697, -594557, -237 
1721219207058.00, -16087, -595254, -209 
1721219207080.00, -7723, -595625, -201 
1721219207101.00, -2777, -595795, -144 
1721219207123.00, 0, -595861, -123 
1721219207144.00, 1048, -595868, -142 
1721219207166.00, 409, -595856, -148 
1721219207187.00, 210, -595845, -126 
1721219207209.00, 104, -595842, -107 
1721219207231.00, 60, -595838, -100 
1721219207252.00, 57, -595836, -87 
1721219207274.00, -1, -595835, -74 
1721219207295.00, 63, -595833, -54 
1721219207315.00, 26, -595832, -40 
1721219207338.00, 68, -595831, -28 
1721219207358.00, 64, -595829, -17 
1721219207380.00, 46, -595828, -6 
1721219207402.00, 63, -595826, 0 
1721219207422.00, 34, -595826, 2 
1721219207444.00, 46, -595825, 6 
1721219207465.00, 58, -595824, 10 
1721219207486.00, -5, -595823, 13 
1721219207507.00, 854, -595822, 18 
1721219207529.00, 1687, -595806, 23 
1721219207551.00, 2404, -595770, 29 
1721219207571.00, 3145, -595720, 33 
1721219207593.00, 4005, -595652, 34 
1721219207615.00, 4348, -595570, 34 
1721219207637.00, 4560, -595473, 34 
1721219207657.00, 4658, -595375, 34 
1721219207679.00, 4667, -595275, 32 
1721219207701.00, 4623, -595172, 30 
1721219207722.00, 4566, -595073, 29 
1721219207743.00, 4514, -594973, 28 
1721219207765.00, 4278, -594876, 27 
1721219207786.00, 4169, -594781, 28 
1721219207808.00, 4200, -594692, 25 
1721219207830.00, 3972, -594602, 25 
1721219207851.00, 3621, -594518, 21 
1721219207877.00, 3312, -594437, 22 
1721219207894.00, 3292, -594365, 18 
1721219207916.00, 3008, -594296, 18 
1721219207938.00, 2833, -594231, 17 
1721219207958.00, 2658, -594170, 17 
1721219207980.00, 2562, -594111, 19 
1721219208001.00, 2711, -594055, 23 
1721219208023.00, 3015, -593999, 25 
1721219208044.00, 3313, -593935, 27 
1721219208065.00, 3524, -593863, 29 
1721219208089.00, 3680, -593789, 30 
1721219208109.00, 3860, -593707, 27 
1721219208130.00, 3946, -593625, 26 
1721219208151.00, 3952, -593539, 26 
1721219208173.00, 3728, -593457, 27 
1721219208194.00, 3835, -593372, 28 
1721219208216.00, 3976, -593291, 30 
1721219208237.00, 4112, -593207, 31 
1721219208258.00, 4292, -593118, 34 
1721219208280.00, 4498, -593024, 36 
1721219208301.00, 4816, -592928, 37 
1721219208323.00, 5019, -592825, 36 
1721219208345.00, 4900, -592720, 34 
1721219208366.00, 4920, -592612, 32 
1721219208388.00, 4801, -592507, 30 
1721219208409.00, 4765, -592406, 28 
1721219208431.00, 4422, -592304, 26 
1721219208452.00, 4075, -592206, 25 
1721219208473.00, 3699, -592119, 25 
1721219208495.00, 3537, -592040, 24 
1721219208516.00, 3322, -591963, 24 
1721219208538.00, 3309, -591887, 25 
1721219208559.00, 3405, -591814, 26 
1721219208580.00, 3505, -591739, 26 
1721219208602.00, 3591, -591662, 25 
1721219208624.00, 3509, -591585, 22 
1721219208645.00, 3384, -591508, 18 
1721219208667.00, 3012, -591434, 16 
1721219208688.00, 2600, -591369, 14 
1721219208709.00, 2316, -591312, 12 
1721219208731.00, 1997, -591262, 8 
1721219208758.00, 1062, -591218, 7 
1721219208774.00, 515, -591196, 8 
1721219208795.00, 228, -591184, 8 
1721219208816.00, 62, -591179, 4 
1721219208836.00, 42, -591177, 4 
1721219208858.00, 0, -591177, 3 
1721219208879.00, 0, -591177, 1 
1721219208900.00, 8, -591177, 0 
1721219208922.00, 0, -591177, -5 
1721219208943.00, 22, -591177, -6 
1721219208967.00, 64, -591176, -5 
1721219208986.00, 0, -591177, -3 
1721219209006.00, 0, -591176, -1 
1721219209028.00, 1, -591176, 6 
1721219209049.00, 4, -591175, 25 
1721219209070.00, 1659, -591173, 52 
1721219209092.00, 4227, -591136, 84 
1721219209113.00, 7616, -591037, 127 
1721219209136.00, 12531, -590868, 187 
1721219209156.00, 18847, -590600, 255 
1721219209178.00, 26710, -590193, 337 
1721219209200.00, 36314, -589618, 422 
1721219209221.00, 46912, -588850, 467 
1721219209243.00, 56099, -587836, 461 
1721219209264.00, 61106, -586613, 575 
1721219209286.00, 70937, -585293, 595 
1721219209308.00, 77954, -583747, 603 
1721219209329.00, 82385, -582056, 658 
1721219209351.00, 88169, -580259, 682 
1721219209373.00, 93265, -578345, 705 
1721219209394.00, 97737, -576319, 758 
1721219209422.00, 103259, -574203, 784 
1721219209437.00, 108157, -571954, 788 
1721219209460.00, 111110, -569598, 806 
1721219209481.00, 113906, -567161, 844 
1721219209503.00, 117998, -564682, 807 
1721219209525.00, 118014, -562122, 820 
1721219209546.00, 118877, -559548, 850 
1721219209568.00, 121141, -556960, 833 
1721219209590.00, 121374, -554323, 838 
1721219209612.00, 121746, -551678, 843 
1721219209634.00, 122341, -549041, 861 
1721219209655.00, 123537, -546373, 873 
1721219209676.00, 125054, -543686, 854 
1721219209698.00, 124818, -540960, 853 
1721219209720.00, 124452, -538250, 866 
1721219209742.00, 124917, -535543, 882 
1721219209763.00, 126090, -532822, 885 
1721219209785.00, 126787, -530078, 861 
1721219209807.00, 126103, -527310, 841 
1721219209829.00, 124393, -524575, 857 
1721219209851.00, 124148, -521872, 873 
1721219209872.00, 124832, -519178, 883 
1721219209893.00, 125870, -516454, 883 
1721219209916.00, 126507, -513712, 896 
1721219209938.00, 127560, -510952, 911 
1721219209964.00, 128946, -508182, 906 
1721219209980.00, 129627, -505374, 889 
1721219210002.00, 128957, -502550, 896 
1721219210024.00, 128881, -499750, 902 
1721219210046.00, 129031, -496947, 897 
1721219210068.00, 128928, -494134, 873 
1721219210090.00, 127289, -491329, 854 
1721219210112.00, 125484, -488559, 858 
1721219210133.00, 124384, -485835, 882 
1721219210155.00, 125131, -483132, 839 
1721219210177.00, 122859, -480414, 830 
1721219210198.00, 120996, -477743, 797 
1721219210219.00, 117866, -475095, 755 
1721219210241.00, 113673, -472550, 722 
1721219210263.00, 109047, -470081, 714 
1721219210285.00, 105567, -467721, 678 
1721219210307.00, 101477, -465420, 629 
1721219210328.00, 95997, -463216, 595 
1721219210350.00, 90698, -461154, 578 
1721219210371.00, 86658, -459178, 552 
1721219210394.00, 82436, -457311, 526 
1721219210415.00, 78313, -455522, 474 
1721219210436.00, 72927, -453834, 439 
1721219210458.00, 67670, -452251, 422 
1721219210480.00, 63721, -450792, 381 
1721219210502.00, 58729, -449409, 356 
1721219210523.00, 54347, -448149, 357 
1721219210545.00, 51665, -446971, 335 
1721219210567.00, 48791, -445855, 289 
1721219210588.00, 44488, -444811, 239 
1721219210609.00, 38835, -443841, 189 
1721219210631.00, 32690, -442999, 140 
1721219210652.00, 25924, -442299, 94 
1721219210675.00, 18808, -441748, 37 
1721219210696.00, 11591, -441333, -22 
1721219210717.00, 3592, -441081, -79 
1721219210739.00, -3977, -440998, -118 
1721219210761.00, -11078, -441074, -168 
1721219210783.00, -18499, -441310, -217 
1721219210803.00, -25798, -441701, -243 
1721219210825.00, -31701, -442248, -273 
1721219210847.00, -36761, -442928, -270 
1721219210869.00, -39994, -443729, -392 
1721219210891.00, -48725, -444605, -439 
1721219210912.00, -56928, -445648, -484 
1721219210937.00, -64148, -446886, -542 
1721219210956.00, -72012, -448285, -607 
1721219210977.00, -80619, -449845, -620 
1721219210999.00, -86499, -451608, -643 
1721219211021.00, -91339, -453478, -662 
1721219211041.00, -94888, -455457, -705 
1721219211064.00, -99895, -457523, -728 
1721219211085.00, -104244, -459687, -746 
1721219211107.00, -107801, -461959, -760 
1721219211129.00, -110524, -464303, -786 
1721219211151.00, -113683, -466712, -802 
1721219211173.00, -116432, -469180, -788 
1721219211194.00, -117141, -471720, -795 
1721219211216.00, -117643, -474265, -794 
1721219211237.00, -118030, -476838, -799 
1721219211259.00, -118361, -479395, -819 
1721219211281.00, -119843, -481964, -833 
1721219211302.00, -121358, -484589, -860 
1721219211324.00, -123817, -487236, -857 
1721219211346.00, -125058, -489914, -849 
1721219211368.00, -125406, -492654, -868 
1721219211390.00, -126454, -495378, -895 
1721219211410.00, -128881, -498120, -889 
1721219211433.00, -129589, -500939, -873 
1721219211455.00, -129147, -503765, -877 
1721219211476.00, -128965, -506567, -856 
1721219211498.00, -127559, -509372, -850 
1721219211520.00, -126229, -512139, -842 
1721219211541.00, -124905, -514877, -858 
1721219211563.00, -125233, -517610, -894 
1721219211585.00, -127501, -520336, -840 
1721219211606.00, -125504, -523103, -819 
1721219211628.00, -122913, -525837, -816 
1721219211650.00, -121077, -528495, -804 
1721219211672.00, -119311, -531124, -787 
1721219211694.00, -117021, -533734, -810 
1721219211716.00, -117172, -536290, -788 
1721219211736.00, -115951, -538816, -758 
1721219211759.00, -113350, -541349, -776 
1721219211780.00, -112902, -543815, -781 
1721219211802.00, -112953, -546256, -738 
1721219211823.00, -110374, -548719, -743 
1721219211845.00, -108908, -551107, -763 
1721219211868.00, -109322, -553469, -690 
1721219211889.00, -105175, -555852, -696 
1721219211910.00, -103003, -558135, -738 
1721219211933.00, -104111, -560365, -728 
1721219211955.00, -104133, -562632, -679 
1721219211976.00, -101309, -564891, -686 
1721219211998.00, -99875, -567092, -688 
1721219212019.00, -99064, -569261, -652 
1721219212043.00, -96527, -571388, -613 
1721219212063.00, -92526, -573488, -639 
1721219212084.00, -91730, -575500, -621 
1721219212107.00, -90279, -577472, -590 
1721219212128.00, -87295, -579425, -626 
1721219212149.00, -87780, -581326, -641 
1721219212171.00, -88893, -583227, -586 
1721219212192.00, -86366, -585152, -525 
1721219212215.00, -81259, -587012, -493 
1721219212235.00, -76278, -588769, -437 
1721219212257.00, -69782, -590408, -352 
1721219212279.00, -60626, -591918, -333 
1721219212300.00, -54225, -593230, -291 
1721219212322.00, -30491, -594395, -223 
1721219212344.00, -15996, -595077, -165 
1721219212366.00, -7454, -595443, -130 
1721219212387.00, -2566, -595612, -83 
1721219212408.00, -4, -595671, -45 
1721219212429.00, 1259, -595675, -10 
1721219212451.00, 640, -595656, 19 
1721219212474.00, 1596, -595640, 56 
1721219212494.00, 4670, -595603, 101 
1721219212515.00, 8893, -595500, 179 
1721219212537.00, 16177, -595306, 248 
1721219212559.00, 24804, -594959, 319 
1721219212580.00, 34283, -594425, 383 
1721219212602.00, 43481, -593695, 432 
1721219212623.00, 51899, -592768, 439 
1721219212645.00, 57478, -591643, 570 
1721219212666.00, 68397, -590394, 542 
1721219212688.00, 73230, -588920, 606 
1721219212710.00, 79813, -587326, 629 
1721219212732.00, 85222, -585594, 660 
1721219212754.00, 90117, -583739, 667 
1721219212775.00, 93371, -581791, 685 
1721219212797.00, 96362, -579758, 712 
1721219212819.00, 99675, -577669, 725 
1721219212840.00, 102499, -575516, 756 
1721219212862.00, 105954, -573270, 791 
1721219212883.00, 109977, -570958, 827 
1721219212907.00, 114434, -568566, 864 
1721219212928.00, 119462, -566069, 896 
1721219212950.00, 124370, -563468, 929 
1721219212970.00, 129037, -560743, 964 
1721219212992.00, 133839, -557934, 970 
1721219213014.00, 136982, -555021, 999 
1721219213034.00, 140597, -552034, 1038 
1721219213056.00, 145124, -548953, 1054 
1721219213078.00, 148738, -545780, 1064 
1721219213100.00, 151252, -542534, 1050 
1721219213122.00, 151999, -539227, 1045 
1721219213144.00, 151939, -535912, 1038 
1721219213166.00, 151459, -532579, 1037 
1721219213187.00, 151097, -529274, 1036 
1721219213209.00, 150652, -525980, 1035 
1721219213231.00, 150490, -522688, 1033 
1721219213253.00, 150036, -519408, 1035 
1721219213275.00, 149940, -516120, 1039 
1721219213296.00, 150028, -512849, 1019 
1721219213318.00, 148742, -509571, 1013 
1721219213341.00, 147646, -506327, 989 
1721219213362.00, 145526, -503109, 989 
1721219213385.00, 144227, -499948, 981 
1721219213407.00, 142844, -496813, 964 
1721219213428.00, 141010, -493714, 942 
1721219213450.00, 138397, -490640, 941 
1721219213471.00, 136760, -487628, 949 
1721219213493.00, 136165, -484654, 943 
1721219213515.00, 135533, -481679, 907 
1721219213536.00, 133039, -478733, 872 
1721219213560.00, 129262, -475844, 842 
1721219213580.00, 125318, -473042, 790 
1721219213602.00, 120124, -470321, 760 
1721219213624.00, 114771, -467717, 729 
1721219213645.00, 109826, -465231, 676 
1721219213669.00, 103966, -462834, 642 
1721219213689.00, 98019, -460596, 619 
1721219213710.00, 93242, -458470, 571 
1721219213732.00, 87550, -456457, 551 
1721219213753.00, 82943, -454571, 553 
1721219213778.00, 80396, -452769, 522 
1721219213797.00, 77193, -451033, 527 
1721219213818.00, 75602, -449357, 546 
1721219213840.00, 75564, -447734, 569 
1721219213861.00, 76933, -446089, 539 
1721219213883.00, 76016, -444439, 496 
1721219213905.00, 72865, -442785, 433 
1721219213926.00, 67199, -441226, 369 
1721219213948.00, 59875, -439769, 302 
1721219213970.00, 51716, -438489, 234 
1721219213992.00, 42637, -437371, 158 
1721219214013.00, 32538, -436455, 86 
1721219214035.00, 22280, -435746, 19 
1721219214056.00, 12171, -435267, -40 
1721219214078.00, 2582, -434995, -83 
1721219214099.00, -5002, -434932, -110 
1721219214131.00, -11686, -435026, -141 
1721219214142.00, -17232, -435267, -178 
1721219214164.00, -22697, -435637, -198 
1721219214186.00, -27222, -436123, -219 
1721219214208.00, -31126, -436707, -250 
1721219214234.00, -35541, -437381, -254 
1721219214250.00, -37875, -438155, -301 
1721219214272.00, -42333, -438965, -252 
1721219214293.00, -42043, -439877, -321 
1721219214316.00, -45666, -440790, -332 
1721219214337.00, -48637, -441784, -394 
1721219214358.00, -53912, -442832, -433 
1721219214380.00, -59471, -444009, -482 
1721219214402.00, -65597, -445305, -536 
1721219214424.00, -72266, -446727, -580 
1721219214445.00, -78874, -448301, -629 
1721219214467.00, -85611, -450010, -664 
1721219214489.00, -91791, -451882, -689 
1721219214510.00, -96809, -453870, -705 
1721219214532.00, -100829, -455965, -740 
1721219214554.00, -105240, -458174, -747 
1721219214575.00, -108354, -460471, -749 
1721219214597.00, -110168, -462809, -769 
1721219214619.00, -112337, -465203, -791 
1721219214641.00, -114746, -467667, -798 
1721219214665.00, -116766, -470164, -802 
1721219214684.00, -117972, -472686, -831 
1721219214707.00, -120290, -475265, -848 
1721219214728.00, -122660, -477893, -851 
1721219214750.00, -124186, -480556, -860 
1721219214774.00, -125518, -483261, -889 
1721219214792.00, -128014, -485994, -913 
1721219214815.00, -130839, -488769, -929 
1721219214836.00, -133374, -491635, -963 
1721219214858.00, -136641, -494539, -990 
1721219214885.00, -140344, -497519, -975 
1721219214901.00, -141572, -500584, -969 
1721219214924.00, -141937, -503670, -945 
1721219214945.00, -140717, -506748, -948 
1721219214967.00, -139721, -509821, -969 
1721219214995.00, -140631, -512849, -939 
1721219215011.00, -139356, -515913, -934 
1721219215032.00, -138302, -518944, -965 
1721219215053.00, -139246, -521941, -962 
1721219215075.00, -139697, -524981, -931 
1721219215098.00, -138106, -528015, -934 
1721219215119.00, -137086, -531007, -959 
1721219215140.00, -137884, -534002, -912 
1721219215162.00, -135552, -536998, -833 
1721219215184.00, -129179, -539947, -849 
1721219215205.00, -126391, -542767, -814 
1721219215227.00, -122687, -545496, -702 
1721219215251.00, -113765, -548156, -731 
1721219215271.00, -110030, -550626, -753 
1721219215292.00, -109186, -553019, -713 
1721219215319.00, -106282, -555385, -676 
1721219215336.00, -102368, -557704, -718 
1721219215358.00, -102243, -559922, -729 
1721219215379.00, -102900, -562156, -672 
1721219215401.00, -100036, -564384, -673 
1721219215425.00, -98385, -566563, -687 
1721219215445.00, -98034, -568701, -608 
1721219215466.00, -93289, -570804, -570 
1721219215487.00, -87929, -572828, -597 
1721219215509.00, -86328, -574735, -548 
1721219215531.00, -82489, -576600, -486 
1721219215553.00, -76616, -578380, -424 
1721219215574.00, -69387, -580024, -413 
1721219215595.00, -64160, -581532, -371 
1721219215618.00, -58628, -582920, -329 
1721219215644.00, -52803, -584189, -314 
1721219215661.00, -48473, -585341, -313 
1721219215683.00, -45829, -586385, -287 
1721219215704.00, -42785, -587378, -251 
1721219215726.00, -38672, -588315, -276 
1721219215752.00, -37904, -589164, -292 
1721219215769.00, -38341, -589979, -277 
1721219215790.00, -37874, -590811, -263 
1721219215812.00, -36603, -591636, -303 
1721219215833.00, -38533, -592436, -325 
1721219215858.00, -40968, -593263, -315 
1721219215877.00, -23081, -594141, -329 
1721219215899.00, -12104, -594667, -354 
1721219215920.00, -5534, -594942, -363 
1721219215941.00, -1710, -595076, -395 
1721219215963.00, 19, -595120, -437 
1721219215985.00, 1040, -595124, -466 
1721219216007.00, 1857, -595113, -480 
1721219216028.00, 2467, -595076, -496 
1721219216050.00, 2823, -595023, -498 
1721219216072.00, 2963, -594963, -489 
1721219216093.00, 2976, -594896, -486 
1721219216115.00, 3091, -594828, -478 
1721219216136.00, 3014, -594762, -474 
1721219216157.00, 2891, -594697, -484 
1721219216179.00, 2719, -594634, -487 
1721219216201.00, 2754, -594573, -478 
1721219216222.00, 2594, -594513, -472 
1721219216244.00, 2501, -594456, -470 
1721219216266.00, 2682, -594401, -462 
1721219216287.00, 2632, -594347, -454 
1721219216310.00, 2551, -594289, -450 
1721219216331.00, 2644, -594233, -449 
1721219216353.00, 2492, -594179, -443 
1721219216374.00, 2382, -594122, -438 
1721219216396.00, 2360, -594071, -438 
1721219216417.00, 2423, -594022, -438 
1721219216439.00, 2281, -593970, -432 
1721219216461.00, 2176, -593920, -426 
1721219216482.00, 2025, -593874, -433 
1721219216504.00, 1892, -593831, -441 
1721219216525.00, 1813, -593788, -441 
1721219216547.00, 1704, -593748, -437 
1721219216568.00, 1667, -593710, -439 
1721219216590.00, 1712, -593675, -447 
1721219216612.00, 1639, -593640, -444 
1721219216633.00, 1562, -593601, -440 
1721219216655.00, 1627, -593568, -445 
1721219216677.00, 1665, -593534, -449 
1721219216698.00, 1631, -593501, -455 
1721219216720.00, 1556, -593468, -462 
1721219216743.00, 1536, -593433, -462 
1721219216763.00, 1424, -593399, -462 
1721219216785.00, 1383, -593368, -467 
1721219216807.00, 1382, -593339, -466 
1721219216828.00, 1362, -593310, -465 
1721219216863.00, 1375, -593280, -467 
1721219216872.00, 1347, -593251, -469 
1721219216893.00, 1301, -593223, -466 
1721219216915.00, 1269, -593196, -460 
1721219216937.00, 1223, -593167, -458 
1721219216958.00, 1173, -593141, -462 
1721219216980.00, 1143, -593116, -464 
1721219217002.00, 1082, -593091, -463 
1721219217023.00, 1038, -593066, -461 
1721219217045.00, 967, -593043, -459 
1721219217066.00, 870, -593024, -457 
1721219217087.00, 849, -593004, -455 
1721219217110.00, 871, -592985, -454 
1721219217131.00, 865, -592967, -450 
1721219217152.00, 898, -592946, -442 
1721219217174.00, 866, -592927, -433 
1721219217195.00, 826, -592909, -433 
1721219217217.00, 787, -592890, -433 
1721219217238.00, 784, -592873, -430 
1721219217260.00, 759, -592855, -425 
1721219217287.00, 736, -592839, -421 
1721219217303.00, 675, -592823, -419 
1721219217325.00, 622, -592809, -418 
1721219217346.00, 613, -592794, -419 
1721219217368.00, 631, -592781, -419 
1721219217391.00, 647, -592767, -416 
1721219217411.00, 689, -592753, -411 
1721219217433.00, 664, -592738, -406 
1721219217454.00, 631, -592722, -403 
1721219217476.00, 598, -592709, -402 
1721219217500.00, -22878, -592699, -391 
1721219217519.00, -36791, -593147, -366 
1721219217540.00, -21999, -593916, -336 
1721219217562.00, -12979, -594414, -352 
1721219217583.00, -7426, -594705, -355 
1721219217605.00, -4152, -594867, -337 
1721219217627.00, -2152, -594961, -337 
1721219217648.00, -992, -595013, -357 
1721219217669.00, -349, -595035, -363 
1721219217691.00, 0, -595042, -360 
1721219217712.00, 2, -595042, -350 
1721219217733.00, 0, -595042, -342 
1721219217754.00, 1, -595043, -338 
1721219217776.00, 0, -595042, -338 
1721219217798.00, 0, -595042, -343 
1721219217818.00, 0, -595042, -347 
1721219217840.00, 0, -595042, -352 
1721219217861.00, 0, -595043, -354 
1721219217883.00, 0, -595044, -358 
1721219217904.00, 0, -595042, -362 
1721219217925.00, 0, -595044, -363 
1721219217953.00, -66, -595044, -365 
1721219217968.00, 0, -595044, -368 
1721219217989.00, 0, -595044, -373 
1721219218010.00, 0, -595045, -377 
1721219218032.00, 0, -595044, -382 
1721219218053.00, 0, -595045, -383 
1721219218075.00, 0, -595044, -378 
1721219218095.00, 0, -595045, -380 
1721219218116.00, 0, -595045, -381 
1721219218138.00, 0, -595045, -375 
1721219218162.00, 0, -595045, -369 
1721219218181.00, 0, -595045, -368 
1721219218202.00, 0, -595044, -370 
1721219218223.00, 0, -595044, -370 
1721219218245.00, 0, -595046, -370 
1721219218266.00, 0, -595045, -370 
1721219218287.00, 0, -595046, -371 
1721219218309.00, 0, -595044, -369 
1721219218330.00, 0, -595045, -367 
1721219218351.00, 0, -595046, -368 
1721219218372.00, 0, -595046, -367 
1721219218394.00, 0, -595046, -367 
1721219218415.00, 0, -595046, -364 
1721219218436.00, 0, -595044, -363 
1721219218458.00, 0, -595046, -359 
1721219218485.00, 0, -595045, -357 
1721219218499.00, 0, -595045, -356 
1721219218521.00, 0, -595044, -354 
1721219218543.00, 0, -595045, -355 
1721219218563.00, 0, -595045, -356 
1721219218585.00, 0, -595045, -357 
1721219218606.00, 0, -595044, -354 
1721219218628.00, 0, -595044, -352 
1721219218649.00, 0, -595045, -352 
1721219218670.00, 0, -595045, -352 
1721219218691.00, 0, -595045, -353 
1721219218713.00, 0, -595045, -355 
1721219218734.00, 0, -595046, -354 
1721219218755.00, 0, -595045, -354 
1721219218777.00, 0, -595045, -352 
1721219218798.00, 0, -595046, -352 
1721219218819.00, 0, -595045, -350 
1721219218841.00, 0, -595045, -349 
1721219218861.00, 0, -595045, -350 
1721219218883.00, 0, -595045, -348 
1721219218904.00, 0, -595045, -345 
1721219218925.00, 0, -595045, -345 
1721219218947.00, 0, -595045, -346 
1721219218968.00, 0, -595045, -345 
1721219218989.00, 0, -595045, -346 
1721219219011.00, 0, -595045, -346 
1721219219036.00, 0, -595045, -345 
1721219219053.00, 0, -595045, -344 
1721219219074.00, 0, -595045, -343 
1721219219096.00, 0, -595045, -344 
1721219219117.00, 0, -595045, -343 
1721219219139.00, 0, -595045, -344 
1721219219160.00, 0, -595045, -345 
1721219219181.00, 0, -595045, -344 
1721219219202.00, 0, -595046, -343 
1721219219223.00, 0, -595044, -344 
1721219219246.00, 0, -595045, -344 
1721219219266.00, 0, -595045, -343 
1721219219287.00, 0, -595045, -342 
1721219219309.00, 0, -595045, -340 
1721219219330.00, 0, -595045, -338 
1721219219351.00, 0, -595046, -336 
1721219219373.00, 0, -595045, -335 
1721219219394.00, 0, -595044, -334 
1721219219415.00, 0, -595044, -333 
1721219219437.00, 0, -595044, -333 
1721219219458.00, 0, -595045, -334 
1721219219479.00, 0, -595045, -336 
1721219219501.00, 0, -595045, -335 
1721219219522.00, 0, -595045, -333 
1721219219544.00, 0, -595045, -381 
1721219219565.00, 1, -595046, -380 
1721219219586.00, -11, -595045, -379 
1721219219607.00, -1, -595045, -380 
1721219219628.00, -12, -595046, -381 
1721219219650.00, 24, -595045, -382 
1721219219671.00, -47, -595046, -381 
1721219219691.00, 0, -595046, -380 
1721219219713.00, 38, -595046, -378 
1721219219734.00, 64, -595045, -377 
1721219219755.00, 0, -595046, -378 
1721219219776.00, -70, -595046, -379 
1721219219798.00, 16, -595046, -378 
1721219219819.00, -53, -595045, -377 
1721219219840.00, 0, -595045, -376 
1721219219861.00, 0, -595045, -376 
1721219219882.00, 0, -595046, -376 
1721219219904.00, 8, -595045, -377 
1721219219924.00, 0, -595045, -377 
1721219219946.00, 4, -595046, -376 
1721219219966.00, -51, -595045, -376 
1721219219988.00, 0, -595046, -375 
1721219220009.00, 0, -595045, -375 
1721219220030.00, 0, -595046, -374 
1721219220051.00, -3, -595045, -375 
1721219220073.00, 4, -595045, -376 
1721219220094.00, 45, -595045, -376 
1721219220115.00, 0, -595045, -376 
1721219220137.00, 0, -595045, -375 
1721219220157.00, 0, -595045, -373 
1721219220178.00, 0, -595045, -373 
1721219220200.00, 39, -595045, -374 
1721219220221.00, -34, -595046, -373 
1721219220242.00, 0, -595045, -371 
1721219220262.00, 2, -595045, -370 
1721219220284.00, 0, -595045, -370 
1721219220305.00, 4, -595046, -369 
1721219220327.00, -59, -595045, -369 
1721219220348.00, 0, -595045, -370 
1721219220369.00, -13, -595046, -370 
