1721051708385.00, 0, -595673, -322 
1721051708407.00, 4, -595673, -320 
1721051708428.00, 0, -595673, -320 
1721051708450.00, 6, -595674, -321 
1721051708471.00, 0, -595672, -322 
1721051708492.00, 0, -595673, -323 
1721051708513.00, 1, -595673, -321 
1721051708535.00, 0, -595672, -321 
1721051708556.00, 0, -595673, -319 
1721051708577.00, 0, -595673, -318 
1721051708599.00, 0, -595673, -317 
1721051708620.00, 0, -595673, -317 
1721051708641.00, 0, -595674, -316 
1721051708663.00, 0, -595674, -316 
1721051708683.00, 0, -595674, -316 
1721051708710.00, 0, -595673, -318 
1721051708727.00, 0, -595674, -318 
1721051708748.00, 0, -595674, -317 
1721051708768.00, 0, -595673, -318 
1721051708790.00, 0, -595673, -317 
1721051708812.00, 0, -595673, -316 
1721051708833.00, -53, -595673, -316 
1721051708854.00, 0, -595673, -316 
1721051708875.00, -7, -595673, -317 
1721051708897.00, 0, -595674, -317 
1721051708919.00, 0, -595674, -317 
1721051708940.00, 0, -595673, -315 
1721051708961.00, 0, -595674, -314 
1721051708982.00, 0, -595674, -313 
1721051709003.00, 0, -595674, -314 
1721051709025.00, 4, -595674, -316 
1721051709046.00, 0, -595673, -317 
1721051709068.00, 0, -595673, -314 
1721051709088.00, -59, -595674, -314 
1721051709110.00, 0, -595673, -314 
1721051709131.00, 0, -595674, -314 
1721051709152.00, 0, -595674, -312 
1721051709174.00, 0, -595673, -312 
1721051709195.00, -51, -595675, -315 
1721051709217.00, -30, -595674, -317 
1721051709237.00, 0, -595674, -315 
1721051709259.00, 0, -595674, -314 
1721051709280.00, 0, -595674, -313 
1721051709301.00, -5, -595674, -311 
1721051709323.00, 0, -595674, -309 
1721051709344.00, 0, -595674, -308 
1721051709365.00, 0, -595675, -308 
1721051709387.00, 32, -595673, -308 
1721051709408.00, 0, -595674, -307 
1721051709429.00, 0, -595675, -308 
1721051709451.00, 5, -595675, -309 
1721051709472.00, 0, -595674, -308 
1721051709494.00, 0, -595674, -308 
1721051709515.00, 0, -595674, -309 
1721051709536.00, 0, -595675, -310 
1721051709558.00, 0, -595674, -312 
1721051709579.00, -55, -595674, -312 
1721051709600.00, 0, -595674, -311 
1721051709621.00, 0, -595675, -309 
1721051709643.00, 0, -595674, -308 
1721051709663.00, 0, -595675, -309 
1721051709685.00, 4, -595675, -310 
1721051709707.00, 0, -595675, -310 
1721051709728.00, 1, -595676, -311 
1721051709749.00, 0, -595675, -311 
1721051709770.00, 0, -595674, -311 
1721051709791.00, 0, -595675, -312 
1721051709813.00, 0, -595675, -312 
1721051709834.00, 0, -595675, -311 
1721051709855.00, 0, -595675, -311 
1721051709877.00, 0, -595675, -311 
1721051709898.00, 0, -595675, -310 
1721051709919.00, 0, -595675, -311 
1721051709941.00, 12, -595675, -314 
1721051709962.00, 0, -595675, -312 
1721051709983.00, 0, -595676, -310 
1721051710005.00, 0, -595676, -307 
1721051710025.00, 0, -595675, -306 
1721051710046.00, 0, -595675, -307 
1721051710069.00, 0, -595675, -309 
1721051710089.00, 0, -595675, -310 
1721051710111.00, 0, -595675, -310 
1721051710132.00, 0, -595675, -310 
1721051710153.00, -41, -595675, -308 
1721051710175.00, 0, -595675, -308 
1721051710196.00, 0, -595676, -309 
1721051710218.00, 0, -595675, -310 
1721051710239.00, 0, -595676, -311 
1721051710260.00, 0, -595675, -311 
1721051710282.00, 0, -595676, -311 
1721051710303.00, 0, -595675, -310 
1721051710324.00, 0, -595676, -310 
1721051710347.00, 0, -595676, -311 
1721051710367.00, 4, -595677, -311 
1721051710388.00, 0, -595676, -310 
1721051710409.00, 0, -595675, -309 
1721051710431.00, -27, -595676, -308 
1721051710457.00, 0, -595676, -307 
1721051710473.00, 0, -595675, -308 
1721051710494.00, 0, -595676, -309 
1721051710516.00, 0, -595675, -309 
1721051710537.00, 0, -595675, -310 
1721051710565.00, 0, -595677, -309 
1721051710580.00, 0, -595676, -308 
1721051710601.00, 0, -595676, -308 
1721051710622.00, 0, -595676, -308 
1721051710644.00, 0, -595676, -308 
1721051710665.00, 0, -595676, -309 
1721051710686.00, 0, -595676, -310 
1721051710707.00, 0, -595676, -309 
1721051710729.00, 0, -595676, -307 
1721051710749.00, 0, -595675, -306 
1721051710771.00, -4, -595676, -305 
1721051710792.00, 0, -595676, -306 
1721051710814.00, 0, -595676, -308 
1721051710834.00, 0, -595676, -308 
1721051710855.00, 0, -595676, -307 
1721051710879.00, 0, -595677, -307 
1721051710901.00, 0, -595677, -307 
1721051710921.00, 0, -595676, -306 
1721051710942.00, 0, -595676, -307 
1721051710964.00, 0, -595677, -307 
1721051710985.00, 0, -595676, -307 
1721051711006.00, 0, -595676, -307 
1721051711028.00, 0, -595677, -307 
1721051711048.00, 0, -595676, -307 
1721051711070.00, 0, -595676, -305 
1721051711091.00, 0, -595676, -304 
1721051711112.00, 0, -595676, -304 
1721051711134.00, 0, -595676, -304 
1721051711155.00, 0, -595676, -304 
1721051711177.00, 0, -595676, -305 
1721051711198.00, 0, -595676, -305 
1721051711219.00, -6, -595676, -305 
1721051711240.00, 0, -595676, -305 
1721051711262.00, 0, -595677, -306 
1721051711283.00, 0, -595676, -307 
1721051711305.00, -52, -595677, -307 
1721051711325.00, 0, -595676, -307 
1721051711347.00, 0, -595677, -306 
1721051711369.00, -41, -595677, -305 
1721051711389.00, 0, -595677, -306 
1721051711411.00, 0, -595677, -306 
1721051711433.00, 0, -595677, -306 
1721051711453.00, 0, -595676, -305 
1721051711475.00, 0, -595676, -304 
1721051711496.00, 0, -595677, -303 
1721051711517.00, 0, -595677, -302 
1721051711539.00, 0, -595677, -301 
1721051711560.00, 0, -595677, -301 
1721051711581.00, -51, -595677, -300 
1721051711603.00, 0, -595677, -299 
1721051711624.00, 3, -595677, -298 
1721051711645.00, 0, -595675, -296 
1721051711667.00, 0, -595676, -297 
1721051711687.00, 0, -595677, -300 
1721051711708.00, 0, -595677, -302 
1721051711731.00, 6, -595676, -304 
1721051711752.00, 0, -595676, -304 
1721051711773.00, 0, -595676, -303 
1721051711794.00, 0, -595677, -301 
1721051711816.00, 0, -595677, -298 
1721051711837.00, -49, -595677, -296 
1721051711858.00, 0, -595677, -295 
1721051711880.00, 0, -595677, -296 
1721051711901.00, 1, -595677, -298 
1721051711922.00, 0, -595676, -300 
1721051711944.00, -11, -595676, -299 
1721051711964.00, 0, -595677, -298 
1721051711988.00, 0, -595677, -297 
1721051712008.00, 0, -595677, -296 
1721051712029.00, 46, -595677, -294 
1721051712050.00, 0, -595677, -285 
1721051712072.00, 0, -595676, -266 
1721051712095.00, 60, -595675, -244 
1721051712115.00, 0, -595674, -223 
1721051712134.00, 0, -595674, -195 
1721051712157.00, 25, -595673, -181 
1721051712178.00, 0, -595673, -169 
1721051712203.00, -7, -595671, -148 
1721051712220.00, 0, -595670, -119 
1721051712242.00, 0, -595669, -88 
1721051712263.00, 5, -595665, -50 
1721051712285.00, 0, -595663, -11 
1721051712306.00, 24, -595661, 28 
1721051712327.00, 1576, -595657, 63 
1721051712348.00, 4884, -595633, 92 
1721051712370.00, 8662, -595532, 122 
1721051712391.00, 12701, -595348, 155 
1721051712414.00, 17055, -595077, 190 
1721051712435.00, 21675, -594706, 207 
1721051712457.00, 25246, -594241, 199 
1721051712478.00, 27021, -593699, 173 
1721051712500.00, 26250, -593126, 157 
1721051712521.00, 24876, -592554, 159 
1721051712543.00, 24145, -592016, 154 
1721051712565.00, 23321, -591487, 138 
1721051712587.00, 22068, -590983, 117 
1721051712608.00, 20120, -590500, 103 
1721051712630.00, 17806, -590069, 76 
1721051712652.00, 14815, -589683, 33 
1721051712673.00, 10788, -589364, -9 
1721051712695.00, 6419, -589134, -29 
1721051712716.00, 1796, -588995, -41 
1721051712737.00, -1124, -588953, -66 
1721051712759.00, -4789, -588971, -107 
1721051712780.00, -9433, -589069, -146 
1721051712803.00, -14466, -589265, -166 
1721051712824.00, -18799, -589572, -176 
1721051712845.00, -21881, -589973, -183 
1721051712868.00, -24232, -590444, -190 
1721051712889.00, -25920, -590968, -204 
1721051712910.00, -27721, -591527, -218 
1721051712932.00, -29518, -592128, -227 
1721051712954.00, -31271, -592764, -235 
1721051712975.00, -18493, -593437, -242 
1721051712996.00, -10907, -593860, -261 
1721051713018.00, -6453, -594109, -278 
1721051713040.00, -3620, -594255, -305 
1721051713062.00, -2055, -594339, -313 
1721051713082.00, -1190, -594387, -320 
1721051713104.00, -677, -594413, -316 
1721051713126.00, -342, -594427, -314 
1721051713147.00, -163, -594435, -305 
1721051713169.00, -79, -594439, -304 
1721051713191.00, -60, -594440, -309 
1721051713211.00, -25, -594443, -312 
1721051713233.00, -24, -594443, -314 
1721051713254.00, 0, -594444, -319 
1721051713276.00, 0, -594446, -310 
1721051713296.00, 0, -594445, -303 
1721051713318.00, 0, -594445, -298 
1721051713340.00, -26, -594445, -301 
1721051713361.00, 1, -594445, -302 
1721051713382.00, 0, -594445, -305 
1721051713405.00, 0, -594445, -311 
1721051713424.00, 0, -594446, -314 
1721051713446.00, 0, -594445, -316 
1721051713467.00, 0, -594446, -320 
1721051713488.00, 5, -594448, -336 
1721051713514.00, 0, -594447, -346 
1721051713531.00, 0, -594448, -354 
1721051713552.00, 0, -594449, -358 
1721051713574.00, -16, -594449, -364 
1721051713595.00, 0, -594449, -367 
1721051713616.00, 0, -594449, -370 
1721051713638.00, 1, -594450, -372 
1721051713659.00, 0, -594449, -372 
1721051713680.00, 0, -594451, -368 
1721051713702.00, -55, -594450, -367 
1721051713723.00, 0, -594450, -370 
1721051713744.00, 0, -594452, -385 
1721051713766.00, -23, -594453, -398 
1721051713786.00, 0, -594453, -406 
1721051713808.00, 0, -594454, -412 
1721051713829.00, 0, -594453, -408 
1721051713856.00, 0, -594453, -399 
1721051713872.00, 0, -594454, -399 
1721051713894.00, 0, -594454, -392 
1721051713915.00, 0, -594453, -386 
1721051713936.00, 0, -594454, -385 
1721051713958.00, 0, -594454, -378 
1721051713978.00, 0, -594452, -361 
1721051713999.00, 0, -594452, -344 
1721051714020.00, 0, -594452, -326 
1721051714042.00, 0, -594450, -306 
1721051714063.00, 0, -594450, -284 
1721051714085.00, -2, -594449, -263 
1721051714106.00, 0, -594449, -256 
1721051714127.00, 0, -594448, -254 
1721051714149.00, 0, -594448, -245 
1721051714171.00, 0, -594447, -225 
1721051714191.00, 0, -594446, -203 
1721051714213.00, 0, -594445, -183 
1721051714234.00, 0, -594444, -164 
1721051714255.00, 37, -594443, -155 
1721051714276.00, 0, -594443, -146 
1721051714298.00, 0, -594443, -144 
1721051714319.00, 0, -594442, -153 
1721051714341.00, 0, -594443, -163 
1721051714362.00, 0, -594443, -166 
1721051714383.00, 0, -594443, -166 
1721051714405.00, 0, -594444, -166 
1721051714426.00, 0, -594443, -161 
1721051714447.00, 0, -594444, -155 
1721051714468.00, 0, -594443, -153 
1721051714490.00, 0, -594443, -154 
1721051714511.00, 0, -594444, -156 
1721051714532.00, 0, -594444, -157 
1721051714553.00, 0, -594444, -159 
1721051714575.00, 0, -594444, -170 
1721051714596.00, 0, -594443, -181 
1721051714617.00, 0, -594445, -192 
1721051714639.00, 0, -594444, -198 
1721051714660.00, 0, -594445, -198 
1721051714681.00, 0, -594445, -194 
1721051714702.00, 0, -594446, -185 
1721051714723.00, 0, -594444, -176 
1721051714745.00, 0, -594444, -166 
1721051714766.00, 0, -594443, -156 
1721051714788.00, -1, -594443, -149 
1721051714809.00, 0, -594443, -146 
1721051714832.00, 0, -594443, -142 
1721051714851.00, 0, -594442, -140 
1721051714873.00, 0, -594443, -139 
1721051714894.00, 0, -594442, -139 
1721051714915.00, 0, -594443, -138 
1721051714939.00, 0, -594443, -136 
1721051714958.00, 0, -594442, -135 
1721051714979.00, 0, -594442, -136 
1721051715000.00, 0, -594443, -136 
1721051715022.00, 0, -594444, -140 
1721051715043.00, 0, -594444, -142 
1721051715064.00, 0, -594443, -136 
1721051715086.00, 1, -594441, -120 
1721051715106.00, 0, -594443, -114 
1721051715128.00, 0, -594442, -119 
1721051715149.00, 0, -594442, -119 
1721051715171.00, 3, -594442, -109 
1721051715192.00, 49, -594442, -92 
1721051715213.00, 0, -594440, -78 
1721051715234.00, 0, -594439, -66 
1721051715256.00, 0, -594439, -58 
1721051715277.00, 0, -594438, -52 
1721051715298.00, 0, -594438, -40 
1721051715319.00, 0, -594437, -24 
1721051715340.00, 0, -594436, -11 
1721051715362.00, 0, -594434, 18 
1721051715383.00, 1047, -594432, 41 
1721051715405.00, 3347, -594418, 93 
1721051715426.00, 7932, -594347, 158 
1721051715448.00, 14361, -594171, 210 
1721051715469.00, 20940, -593860, 247 
1721051715491.00, 27259, -593405, 280 
1721051715513.00, 33039, -592823, 297 
1721051715534.00, 37638, -592116, 315 
1721051715556.00, 41480, -591303, 339 
1721051715578.00, 45017, -590403, 360 
1721051715599.00, 48303, -589441, 384 
1721051715621.00, 51718, -588398, 395 
1721051715643.00, 54278, -587264, 410 
1721051715664.00, 56760, -586093, 419 
1721051715686.00, 58792, -584860, 420 
1721051715707.00, 60058, -583582, 413 
1721051715729.00, 60293, -582293, 408 
1721051715751.00, 60078, -580977, 408 
1721051715777.00, 59926, -579681, 409 
1721051715794.00, 59774, -578377, 391 
1721051715816.00, 58697, -577078, 383 
1721051715837.00, 57583, -575827, 372 
1721051715858.00, 56236, -574570, 364 
1721051715880.00, 54831, -573349, 356 
1721051715902.00, 53705, -572173, 347 
1721051715923.00, 52362, -571002, 350 
1721051715945.00, 51779, -569878, 360 
1721051715967.00, 51851, -568759, 355 
1721051715989.00, 51416, -567628, 347 
1721051716010.00, 50894, -566513, 351 
1721051716032.00, 50771, -565414, 349 
1721051716053.00, 50469, -564305, 344 
1721051716075.00, 50270, -563216, 345 
1721051716097.00, 50027, -562135, 345 
1721051716119.00, 49833, -561037, 346 
1721051716141.00, 49946, -559968, 356 
1721051716162.00, 50409, -558894, 365 
1721051716184.00, 51171, -557790, 368 
1721051716205.00, 52025, -556688, 368 
1721051716226.00, 52229, -555566, 372 
1721051716251.00, 52696, -554418, 383 
1721051716269.00, 53385, -553284, 391 
1721051716292.00, 54568, -552123, 390 
1721051716313.00, 54931, -550933, 389 
1721051716334.00, 55249, -549750, 391 
1721051716358.00, 55568, -548543, 394 
1721051716378.00, 55916, -547337, 397 
1721051716400.00, 56300, -546136, 394 
1721051716422.00, 56377, -544906, 400 
1721051716443.00, 56708, -543690, 402 
1721051716469.00, 56943, -542467, 384 
1721051716486.00, 55860, -541219, 371 
1721051716508.00, 54655, -540016, 370 
1721051716530.00, 53837, -538830, 375 
1721051716551.00, 53631, -537656, 383 
1721051716584.00, 54050, -536504, 379 
1721051716595.00, 53936, -535322, 371 
1721051716616.00, 53537, -534151, 370 
1721051716638.00, 53152, -533004, 367 
1721051716660.00, 52697, -531838, 365 
1721051716683.00, 52396, -530699, 362 
1721051716703.00, 51904, -529571, 355 
1721051716725.00, 51267, -528436, 356 
1721051716746.00, 50799, -527330, 350 
1721051716768.00, 50070, -526239, 337 
1721051716789.00, 49235, -525137, 330 
1721051716811.00, 47953, -524078, 318 
1721051716832.00, 46299, -523047, 300 
1721051716854.00, 44576, -522018, 296 
1721051716876.00, 43443, -521050, 296 
1721051716898.00, 42746, -520128, 293 
1721051716919.00, 41871, -519196, 284 
1721051716941.00, 40887, -518283, 275 
1721051716962.00, 39789, -517397, 274 
1721051716984.00, 39166, -516541, 270 
1721051717006.00, 38316, -515673, 272 
1721051717028.00, 38072, -514835, 266 
1721051717049.00, 37761, -514018, 268 
1721051717071.00, 37706, -513210, 266 
1721051717093.00, 37427, -512386, 266 
1721051717114.00, 37347, -511574, 255 
1721051717136.00, 36532, -510777, 249 
1721051717157.00, 35601, -509991, 242 
1721051717179.00, 34765, -509200, 243 
1721051717200.00, 34245, -508446, 239 
1721051717222.00, 33823, -507704, 236 
1721051717244.00, 33357, -506983, 227 
1721051717266.00, 32341, -506250, 217 
1721051717286.00, 31418, -505542, 207 
1721051717309.00, 30388, -504866, 201 
1721051717331.00, 28955, -504221, 197 
1721051717352.00, 28045, -503596, 192 
1721051717374.00, 27245, -502982, 180 
1721051717395.00, 25835, -502382, 173 
1721051717417.00, 24712, -501818, 162 
1721051717439.00, 23515, -501279, 162 
1721051717461.00, 22875, -500773, 159 
1721051717482.00, 22347, -500285, 158 
1721051717503.00, 21892, -499799, 151 
1721051717525.00, 21142, -499317, 144 
1721051717547.00, 20506, -498852, 143 
1721051717569.00, 19653, -498409, 139 
1721051717590.00, 19244, -497976, 144 
1721051717612.00, 19278, -497567, 143 
1721051717634.00, 19296, -497155, 144 
1721051717655.00, 19253, -496739, 139 
1721051717679.00, 18913, -496314, 137 
1721051717698.00, 18521, -495901, 132 
1721051717720.00, 18100, -495496, 133 
1721051717742.00, 17960, -495100, 129 
1721051717763.00, 17640, -494712, 130 
1721051717785.00, 17363, -494334, 130 
1721051717806.00, 17225, -493958, 131 
1721051717828.00, 17241, -493589, 127 
1721051717850.00, 16934, -493208, 126 
1721051717872.00, 16921, -492829, 125 
1721051717895.00, 16983, -492460, 125 
1721051717914.00, 16906, -492094, 118 
1721051717936.00, 16305, -491725, 114 
1721051717958.00, 15912, -491371, 110 
1721051717980.00, 15239, -491028, 108 
1721051718001.00, 14920, -490699, 106 
1721051718022.00, 14611, -490381, 103 
1721051718045.00, 14094, -490059, 103 
1721051718066.00, 13880, -489749, 102 
1721051718088.00, 13640, -489442, 101 
1721051718111.00, 13365, -489143, 98 
1721051718131.00, 13514, -488854, 93 
1721051718152.00, 12876, -488565, 90 
1721051718174.00, 12277, -488284, 92 
1721051718196.00, 12565, -488020, 89 
1721051718217.00, 12029, -487756, 88 
1721051718238.00, 11722, -487497, 89 
1721051718260.00, 11813, -487247, 87 
1721051718282.00, 11494, -486993, 87 
1721051718303.00, 11331, -486738, 86 
1721051718325.00, 11596, -486487, 83 
1721051718347.00, 11422, -486239, 83 
1721051718368.00, 11074, -485990, 85 
1721051718389.00, 11111, -485747, 79 
1721051718411.00, 11015, -485508, 75 
1721051718433.00, 10414, -485270, 73 
1721051718454.00, 10220, -485043, 73 
1721051718476.00, 9993, -484828, 71 
1721051718497.00, 9858, -484615, 73 
1721051718519.00, 9741, -484401, 72 
1721051718540.00, 9914, -484192, 67 
1721051718562.00, 9969, -483980, 63 
1721051718583.00, 9698, -483771, 61 
1721051718605.00, 9345, -483563, 59 
1721051718626.00, 8656, -483366, 56 
1721051718647.00, 8142, -483171, 56 
1721051718669.00, 7888, -482990, 53 
1721051718691.00, 7800, -482815, 53 
1721051718712.00, 7604, -482651, 50 
1721051718733.00, 7166, -482487, 50 
1721051718755.00, 6907, -482332, 49 
1721051718776.00, 6711, -482179, 48 
1721051718798.00, 6705, -482027, 50 
1721051718819.00, 6824, -481885, 50 
1721051718841.00, 6758, -481738, 51 
1721051718862.00, 6833, -481597, 48 
1721051718883.00, 6850, -481453, 48 
1721051718904.00, 6665, -481307, 50 
1721051718926.00, 6497, -481163, 51 
1721051718948.00, 6824, -481023, 50 
1721051718969.00, 7003, -480883, 48 
1721051718990.00, 6993, -480738, 49 
1721051719012.00, 7067, -480592, 49 
1721051719034.00, 6916, -480443, 48 
1721051719055.00, 6656, -480293, 49 
1721051719077.00, 6810, -480146, 50 
1721051719098.00, 6771, -480000, 51 
1721051719120.00, 6905, -479853, 51 
1721051719141.00, 6741, -479703, 50 
1721051719163.00, 6667, -479550, 50 
1721051719184.00, 6937, -479405, 50 
1721051719209.00, 7146, -479261, 49 
1721051719227.00, 7215, -479111, 47 
1721051719248.00, 7031, -478958, 46 
1721051719270.00, 6690, -478808, 45 
1721051719291.00, 6469, -478661, 45 
1721051719312.00, 6218, -478523, 45 
1721051719335.00, 6330, -478389, 46 
1721051719356.00, 6296, -478257, 47 
1721051719377.00, 6230, -478122, 45 
1721051719398.00, 6347, -477985, 43 
1721051719421.00, 6096, -477855, 43 
1721051719441.00, 6093, -477727, 42 
1721051719463.00, 5977, -477601, 41 
1721051719484.00, 5989, -477478, 39 
1721051719506.00, 5889, -477352, 38 
1721051719527.00, 5646, -477225, 36 
1721051719549.00, 5160, -477104, 36 
1721051719570.00, 4866, -476990, 36 
1721051719591.00, 4870, -476880, 35 
1721051719613.00, 4757, -476774, 34 
1721051719635.00, 4704, -476669, 33 
1721051719656.00, 4784, -476567, 34 
1721051719677.00, 4838, -476466, 33 
1721051719699.00, 4748, -476359, 32 
1721051719720.00, 4634, -476258, 31 
1721051719742.00, 4416, -476159, 31 
1721051719763.00, 4243, -476063, 31 
1721051719785.00, 4422, -475969, 31 
1721051719806.00, 4330, -475875, 31 
1721051719828.00, 4348, -475781, 31 
1721051719849.00, 4383, -475686, 31 
1721051719871.00, 4375, -475590, 31 
1721051719892.00, 4071, -475496, 30 
1721051719913.00, 4186, -475403, 30 
1721051719935.00, 4017, -475313, 31 
1721051719956.00, 4258, -475226, 30 
1721051719978.00, 4068, -475137, 31 
1721051719999.00, 4241, -475046, 30 
1721051720021.00, 4311, -474957, 30 
1721051720042.00, 4303, -474868, 30 
1721051720064.00, 4183, -474776, 29 
1721051720085.00, 3960, -474685, 29 
1721051720107.00, 4023, -474600, 28 
1721051720128.00, 3929, -474518, 28 
1721051720149.00, 3792, -474433, 27 
1721051720171.00, 3856, -474349, 27 
1721051720192.00, 3849, -474271, 26 
1721051720214.00, 3784, -474191, 25 
1721051720236.00, 3669, -474109, 25 
1721051720257.00, 3468, -474028, 26 
1721051720279.00, 3475, -473951, 26 
1721051720304.00, 3373, -473875, 25 
1721051720322.00, 3361, -473799, 25 
1721051720343.00, 3382, -473726, 25 
1721051720364.00, 3462, -473651, 25 
1721051720386.00, 3517, -473577, 25 
1721051720408.00, 3512, -473499, 25 
1721051720429.00, 3597, -473427, 25 
1721051720450.00, 3614, -473354, 25 
1721051720471.00, 3738, -473275, 25 
1721051720493.00, 3634, -473194, 25 
1721051720515.00, 3504, -473115, 25 
1721051720536.00, 3536, -473040, 27 
1721051720558.00, 3663, -472964, 26 
1721051720579.00, 3621, -472886, 26 
1721051720600.00, 3552, -472809, 26 
1721051720624.00, 3603, -472729, 27 
1721051720643.00, 3568, -472652, 28 
1721051720665.00, 3750, -472571, 27 
1721051720686.00, 3963, -472491, 27 
1721051720708.00, 3864, -472408, 27 
1721051720729.00, 3762, -472324, 28 
1721051720750.00, 3800, -472242, 28 
1721051720772.00, 3979, -472160, 29 
1721051720793.00, 3907, -472077, 30 
1721051720815.00, 4128, -471990, 30 
1721051720837.00, 4145, -471906, 30 
1721051720858.00, 4352, -471816, 30 
1721051720880.00, 4176, -471726, 29 
1721051720901.00, 4223, -471635, 28 
1721051720922.00, 3965, -471547, 28 
1721051720944.00, 4059, -471459, 28 
1721051720965.00, 3889, -471376, 27 
1721051720987.00, 3703, -471294, 26 
1721051721008.00, 3705, -471214, 25 
1721051721030.00, 3690, -471135, 23 
1721051721051.00, 3565, -471060, 23 
1721051721072.00, 3399, -470984, 23 
1721051721094.00, 3279, -470911, 22 
1721051721115.00, 3197, -470838, 19 
1721051721137.00, 3034, -470769, 17 
1721051721158.00, 2680, -470706, 17 
1721051721180.00, 2449, -470646, 17 
1721051721201.00, 2333, -470591, 16 
1721051721223.00, 2290, -470541, 17 
1721051721244.00, 2300, -470493, 18 
1721051721265.00, 2352, -470442, 15 
1721051721286.00, 2232, -470390, 14 
1721051721309.00, 2137, -470342, 13 
1721051721330.00, 1874, -470298, 14 
1721051721352.00, 1785, -470254, 14 
1721051721373.00, 1846, -470215, 13 
1721051721394.00, 1853, -470176, 14 
1721051721416.00, 1914, -470137, 14 
1721051721437.00, 1868, -470094, 15 
1721051721459.00, 2021, -470053, 15 
1721051721480.00, 2122, -470010, 14 
1721051721504.00, 2070, -469962, 14 
1721051721523.00, 1916, -469918, 14 
1721051721545.00, 1850, -469874, 14 
1721051721566.00, 1822, -469834, 14 
1721051721588.00, 1909, -469796, 14 
1721051721610.00, 1919, -469754, 14 
1721051721631.00, 1890, -469714, 14 
1721051721652.00, 1939, -469674, 14 
1721051721673.00, 1934, -469634, 15 
1721051721695.00, 2032, -469593, 15 
1721051721720.00, 2018, -469551, 14 
1721051721738.00, 1927, -469505, 14 
1721051721759.00, 1921, -469463, 14 
1721051721781.00, 2031, -469422, 14 
1721051721802.00, 1883, -469378, 13 
1721051721824.00, 1825, -469337, 13 
1721051721845.00, 1792, -469300, 13 
1721051721866.00, 1820, -469262, 12 
1721051721887.00, 1850, -469223, 11 
1721051721909.00, 1687, -469182, 10 
1721051721930.00, 1, -469146, 11 
1721051721952.00, 508, -469143, 13 
1721051721974.00, 1003, -469134, 8 
1721051721995.00, 518, -469112, 2 
1721051722016.00, 268, -469101, 1 
1721051722038.00, 112, -469095, 0 
1721051722059.00, 31, -469093, -2 
1721051722080.00, 2, -469090, -4 
1721051722101.00, 0, -469090, -4 
1721051722122.00, 0, -469090, -4 
1721051722143.00, 0, -469089, -3 
1721051722164.00, 0, -469089, -2 
1721051722185.00, 0, -469089, -2 
1721051722206.00, 0, -469089, -3 
1721051722227.00, 0, -469089, -3 
1721051722249.00, 45, -469089, -3 
1721051722274.00, 0, -469089, -3 
1721051722291.00, 0, -469089, -3 
1721051722312.00, 0, -469088, -2 
1721051722333.00, 0, -469088, -3 
1721051722355.00, 0, -469089, -4 
1721051722376.00, 0, -469088, -5 
1721051722397.00, 0, -469089, -6 
1721051722417.00, 0, -469089, -6 
1721051722439.00, 35, -469089, -6 
1721051722460.00, -28, -469088, -5 
1721051722482.00, 0, -469089, -5 
1721051722502.00, 0, -469089, -5 
1721051722524.00, 2, -469089, -5 
1721051722545.00, 0, -469089, -6 
1721051722566.00, 0, -469088, -5 
1721051722596.00, 0, -469088, -5 
1721051722608.00, 0, -469088, -5 
1721051722629.00, 0, -469089, -5 
1721051722651.00, -1, -469088, -6 
1721051722672.00, 0, -469087, -6 
1721051722693.00, 0, -469086, -5 
1721051722714.00, 0, -469087, -3 
1721051722735.00, 0, -469088, -2 
1721051722756.00, 0, -469087, -2 
1721051722777.00, 0, -469087, -2 
1721051722798.00, 1, -469088, -2 
1721051722820.00, 0, -469087, -2 
1721051722841.00, 0, -469087, -3 
1721051722862.00, 0, -469087, -5 
1721051722883.00, 0, -469087, -7 
1721051722904.00, 0, -469087, -9 
1721051722928.00, 0, -469087, -10 
1721051722946.00, 46, -469087, -9 
1721051722967.00, 0, -469087, -9 
1721051722989.00, 0, -469086, -9 
1721051723010.00, 0, -469086, -10 
1721051723031.00, 0, -469087, -12 
1721051723052.00, -69, -469087, -13 
1721051723074.00, -664, -469090, -15 
1721051723095.00, -1326, -469095, -18 
1721051723116.00, -1828, -469121, -18 
1721051723138.00, -2150, -469159, -17 
1721051723160.00, -2329, -469205, -17 
1721051723181.00, -2472, -469255, -16 
1721051723202.00, -2448, -469306, -18 
1721051723223.00, -2519, -469358, -21 
1721051723248.00, -2892, -469415, -27 
1721051723267.00, -3374, -469475, -30 
1721051723288.00, -3847, -469548, -31 
1721051723310.00, -4091, -469628, -30 
1721051723331.00, -4369, -469716, -32 
1721051723352.00, -4417, -469808, -31 
1721051723374.00, -4431, -469906, -31 
1721051723396.00, -4509, -470004, -30 
1721051723417.00, -4702, -470102, -29 
1721051723439.00, -4602, -470201, -28 
1721051723460.00, -4359, -470299, -27 
1721051723481.00, -4009, -470394, -27 
1721051723503.00, -4048, -470484, -25 
1721051723524.00, -3885, -470572, -25 
1721051723546.00, -3817, -470656, -26 
1721051723567.00, -3759, -470738, -26 
1721051723589.00, -3781, -470819, -25 
1721051723610.00, -3824, -470900, -24 
1721051723632.00, -3722, -470980, -24 
1721051723653.00, -3648, -471061, -25 
1721051723675.00, -3636, -471136, -26 
1721051723696.00, -3621, -471212, -28 
1721051723718.00, -3657, -471290, -30 
1721051723739.00, -3883, -471366, -32 
1721051723760.00, -4147, -471449, -33 
1721051723781.00, -4528, -471537, -35 
1721051723803.00, -4806, -471630, -41 
1721051723825.00, -5302, -471730, -46 
1721051723847.00, -6025, -471843, -55 
1721051723868.00, -6709, -471967, -56 
1721051723889.00, -7182, -472112, -60 
1721051723910.00, -7702, -472268, -66 
1721051723932.00, -8336, -472435, -67 
1721051723953.00, -9107, -472614, -69 
1721051723975.00, -9606, -472811, -72 
1721051723996.00, -9756, -473013, -75 
1721051724017.00, -10341, -473227, -79 
1721051724039.00, -10847, -473450, -82 
1721051724061.00, -11353, -473683, -86 
1721051724083.00, -12027, -473930, -90 
1721051724104.00, -12452, -474185, -89 
1721051724127.00, -12595, -474450, -95 
1721051724147.00, -13277, -474716, -99 
1721051724169.00, -13828, -474993, -101 
1721051724191.00, -14316, -475292, -101 
1721051724213.00, -14721, -475598, -105 
1721051724238.00, -14800, -475914, -108 
1721051724255.00, -15209, -476238, -114 
1721051724277.00, -15662, -476569, -115 
1721051724299.00, -15990, -476913, -116 
1721051724320.00, -16159, -477264, -119 
1721051724343.00, -16449, -477615, -121 
1721051724364.00, -16852, -477968, -125 
1721051724385.00, -17532, -478332, -128 
1721051724407.00, -17928, -478704, -132 
1721051724429.00, -18325, -479097, -137 
1721051724454.00, -18824, -479496, -139 
1721051724472.00, -19543, -479908, -136 
1721051724494.00, -19575, -480330, -135 
1721051724515.00, -19357, -480753, -134 
1721051724536.00, -19458, -481168, -138 
1721051724563.00, -19454, -481581, -141 
1721051724580.00, -19788, -482005, -141 
1721051724602.00, -19813, -482436, -142 
1721051724624.00, -20076, -482871, -141 
1721051724645.00, -20128, -483313, -141 
1721051724671.00, -20382, -483754, -142 
1721051724688.00, -20388, -484193, -146 
1721051724710.00, -20465, -484628, -147 
1721051724731.00, -20710, -485072, -149 
1721051724753.00, -20952, -485523, -149 
1721051724776.00, -21141, -485979, -152 
1721051724797.00, -21281, -486441, -151 
1721051724818.00, -21525, -486909, -153 
1721051724840.00, -21799, -487372, -154 
1721051724862.00, -21752, -487831, -154 
1721051724884.00, -21900, -488304, -152 
1721051724904.00, -21842, -488777, -146 
1721051724927.00, -21360, -489251, -150 
1721051724948.00, -21136, -489724, -150 
1721051724969.00, -21331, -490190, -148 
1721051724991.00, -21168, -490650, -143 
1721051725013.00, -20760, -491102, -140 
1721051725035.00, -20347, -491552, -140 
1721051725056.00, -20404, -491998, -137 
1721051725077.00, -19954, -492439, -139 
1721051725100.00, -19883, -492876, -139 
1721051725121.00, -19711, -493313, -137 
1721051725143.00, -19713, -493745, -137 
1721051725164.00, -19630, -494164, -138 
1721051725185.00, -19535, -494580, -135 
1721051725208.00, -19636, -495003, -133 
1721051725229.00, -19172, -495425, -135 
1721051725251.00, -18996, -495843, -137 
1721051725273.00, -18989, -496262, -139 
1721051725294.00, -19656, -496679, -141 
1721051725316.00, -19687, -497099, -139 
1721051725337.00, -20000, -497523, -138 
1721051725359.00, -19611, -497944, -139 
1721051725381.00, -19629, -498370, -139 
1721051725402.00, -19655, -498799, -140 
1721051725424.00, -19592, -499227, -142 
1721051725445.00, -19949, -499662, -143 
1721051725468.00, -19929, -500096, -149 
1721051725489.00, -20270, -500531, -157 
1721051725510.00, -20985, -500965, -161 
1721051725532.00, -21795, -501418, -155 
1721051725554.00, -22005, -501894, -149 
1721051725575.00, -21838, -502366, -149 
1721051725597.00, -21448, -502841, -148 
1721051725619.00, -21115, -503312, -140 
1721051725640.00, -20398, -503768, -132 
1721051725663.00, -19784, -504206, -116 
1721051725684.00, -18352, -504629, -115 
1721051725705.00, -17219, -505025, -96 
1721051725727.00, -15713, -505400, -74 
1721051725749.00, -13591, -505738, -50 
1721051725771.00, -10619, -506034, -57 
1721051725791.00, -9292, -506268, -69 
1721051725813.00, -9245, -506473, -82 
1721051725835.00, -9978, -506674, -83 
1721051725856.00, -10394, -506888, -75 
1721051725882.00, -10327, -507108, -48 
1721051725899.00, -8594, -507324, -34 
1721051725920.00, -6565, -507508, -30 
1721051725941.00, -5267, -507656, -35 
1721051725963.00, -4724, -507770, -32 
1721051725984.00, -4421, -507874, -34 
1721051726006.00, -4280, -507966, -28 
1721051726027.00, -3868, -508059, -23 
1721051726049.00, -3363, -508144, -24 
1721051726071.00, -3176, -508215, -22 
1721051726095.00, -3100, -508281, -7 
1721051726114.00, -1788, -508351, -5 
1721051726135.00, -1004, -508392, -2 
1721051726156.00, -437, -508412, -5 
1721051726178.00, -129, -508423, -2 
1721051726199.00, 3, -508426, 8 
1721051726220.00, -16, -508426, 8 
1721051726241.00, -5, -508425, 24 
1721051726262.00, 1011, -508425, 35 
1721051726284.00, 2613, -508411, 30 
1721051726305.00, 3294, -508361, 24 
1721051726326.00, 3329, -508290, 12 
1721051726348.00, 2752, -508217, 5 
1721051726369.00, 1666, -508156, 6 
1721051726390.00, 1017, -508119, 21 
1721051726412.00, 1915, -508094, 27 
1721051726433.00, 2705, -508052, 33 
1721051726455.00, 3692, -507994, 28 
1721051726477.00, 3827, -507920, 17 
1721051726498.00, 3219, -507837, 0 
1721051726520.00, 1880, -507772, -28 
1721051726541.00, -75, -507730, -46 
1721051726563.00, -2631, -507731, -47 
1721051726584.00, -4358, -507779, -35 
1721051726605.00, -4839, -507866, -21 
1721051726627.00, -4073, -507965, -12 
1721051726648.00, -3158, -508058, -22 
1721051726670.00, -3182, -508128, -37 
1721051726691.00, -4141, -508198, -31 
1721051726712.00, -4387, -508284, -20 
1721051726734.00, -3807, -508379, -9 
1721051726756.00, -2246, -508463, -9 
1721051726777.00, -1330, -508511, -12 
1721051726798.00, -1508, -508540, -14 
1721051726819.00, -1755, -508573, -18 
1721051726842.00, -2093, -508608, -23 
1721051726863.00, -2677, -508654, -29 
1721051726884.00, -3335, -508711, -40 
1721051726905.00, -4497, -508784, -48 
1721051726926.00, -5456, -508878, -51 
1721051726949.00, -6301, -508998, -48 
1721051726970.00, -6532, -509136, -43 
1721051726992.00, -6603, -509279, -42 
1721051727013.00, -6363, -509418, -44 
1721051727035.00, -6322, -509557, -42 
1721051727056.00, -6319, -509696, -38 
1721051727080.00, -6061, -509833, -34 
1721051727099.00, -5692, -509965, -32 
1721051727120.00, -5104, -510088, -30 
1721051727142.00, -4650, -510199, -24 
1721051727163.00, -4119, -510296, -23 
1721051727188.00, -3679, -510386, -25 
1721051727207.00, -3686, -510466, -27 
1721051727228.00, -3804, -510546, -28 
1721051727249.00, -4006, -510624, -26 
1721051727271.00, -3765, -510708, -23 
1721051727295.00, -3579, -510791, -24 
1721051727314.00, -3366, -510868, -23 
1721051727335.00, -3305, -510942, -22 
1721051727357.00, -3227, -511013, -24 
1721051727378.00, -3311, -511082, -31 
1721051727399.00, -3839, -511154, -36 
1721051727421.00, -4460, -511235, -38 
1721051727443.00, -5052, -511327, -33 
1721051727464.00, -5020, -511433, -25 
1721051727485.00, -4497, -511542, -19 
1721051727507.00, -3611, -511639, -19 
1721051727528.00, -3218, -511719, -18 
1721051727549.00, -2733, -511788, -16 
1721051727571.00, -2533, -511851, -12 
1721051727592.00, -2174, -511907, -9 
1721051727614.00, -1231, -511954, -8 
1721051727635.00, -588, -511981, -7 
1721051727656.00, -273, -511995, -5 
1721051727677.00, -60, -512000, -1 
1721051727699.00, -32, -512002, 1 
1721051727719.00, 0, -512003, 3 
1721051727745.00, 0, -512004, 5 
1721051727762.00, -39, -512003, 7 
1721051727783.00, 0, -512004, 10 
1721051727804.00, 0, -512003, 13 
1721051727826.00, 96, -512003, 15 
1721051727846.00, 853, -511999, 14 
1721051727868.00, 1277, -511988, 10 
1721051727889.00, 0, -511961, 11 
1721051727911.00, 622, -511959, 14 
1721051727932.00, 1246, -511947, 13 
1721051727954.00, 1641, -511923, 12 
1721051727975.00, 1728, -511888, 15 
1721051727997.00, 2025, -511850, 16 
1721051728018.00, 2273, -511807, 15 
1721051728039.00, 2371, -511759, 14 
1721051728064.00, 2334, -511709, 15 
1721051728083.00, 2326, -511660, 17 
1721051728104.00, 2460, -511611, 18 
1721051728125.00, 2628, -511558, 15 
1721051728147.00, 2520, -511502, 14 
1721051728168.00, 2408, -511449, 16 
1721051728190.00, 2479, -511396, 19 
1721051728211.00, 2658, -511341, 20 
1721051728233.00, 2860, -511284, 27 
1721051728254.00, 3245, -511223, 31 
1721051728276.00, 3860, -511153, 35 
1721051728297.00, 4386, -511073, 36 
1721051728318.00, 4657, -510981, 36 
1721051728340.00, 4951, -510877, 39 
1721051728361.00, 5414, -510773, 43 
1721051728383.00, 5780, -510661, 46 
1721051728404.00, 6372, -510537, 48 
1721051728426.00, 6828, -510403, 54 
1721051728447.00, 7380, -510263, 60 
1721051728469.00, 7825, -510113, 65 
1721051728491.00, 8557, -509940, 68 
1721051728512.00, 9191, -509753, 74 
1721051728533.00, 9995, -509552, 77 
1721051728555.00, 10453, -509340, 76 
1721051728576.00, 10844, -509112, 75 
1721051728597.00, 10809, -508878, 75 
1721051728619.00, 10946, -508640, 80 
1721051728641.00, 11431, -508406, 79 
1721051728663.00, 11594, -508160, 82 
1721051728684.00, 11684, -507912, 85 
1721051728705.00, 12120, -507660, 88 
1721051728728.00, 12510, -507405, 91 
1721051728749.00, 12573, -507141, 89 
1721051728770.00, 12980, -506870, 90 
1721051728792.00, 12974, -506594, 90 
1721051728813.00, 12976, -506308, 96 
1721051728835.00, 13396, -506028, 99 
1721051728856.00, 13635, -505737, 102 
1721051728878.00, 13922, -505432, 104 
1721051728899.00, 14606, -505129, 104 
1721051728921.00, 14694, -504816, 108 
1721051728943.00, 14871, -504494, 111 
1721051728965.00, 15378, -504174, 114 
1721051728986.00, 16032, -503842, 118 
1721051729008.00, 16915, -503504, 117 
1721051729030.00, 16767, -503144, 113 
1721051729052.00, 16597, -502774, 120 
1721051729074.00, 16752, -502411, 127 
1721051729095.00, 17616, -502043, 132 
1721051729116.00, 18039, -501664, 131 
1721051729138.00, 18330, -501268, 137 
1721051729160.00, 18819, -500872, 139 
1721051729181.00, 19489, -500467, 143 
1721051729202.00, 19793, -500050, 141 
1721051729224.00, 20302, -499610, 143 
1721051729246.00, 20340, -499171, 141 
1721051729268.00, 20400, -498724, 144 
1721051729289.00, 20450, -498279, 143 
1721051729311.00, 20875, -497840, 146 
1721051729333.00, 21128, -497398, 143 
1721051729355.00, 21227, -496953, 138 
1721051729376.00, 20553, -496494, 137 
1721051729397.00, 20037, -496043, 139 
1721051729419.00, 20104, -495603, 143 
1721051729441.00, 20080, -495170, 142 
1721051729462.00, 20152, -494728, 147 
1721051729486.00, 20486, -494297, 147 
1721051729505.00, 21240, -493861, 149 
1721051729528.00, 21306, -493411, 144 
1721051729548.00, 21107, -492945, 145 
1721051729570.00, 21091, -492484, 145 
1721051729596.00, 21058, -492030, 147 
1721051729614.00, 21254, -491572, 154 
1721051729635.00, 21514, -491118, 157 
1721051729658.00, 21967, -490658, 162 
1721051729679.00, 22435, -490183, 159 
1721051729706.00, 22501, -489691, 162 
1721051729722.00, 22705, -489191, 161 
1721051729744.00, 22805, -488700, 165 
1721051729765.00, 23289, -488210, 169 
1721051729787.00, 23538, -487715, 169 
1721051729811.00, 23657, -487212, 165 
1721051729830.00, 23513, -486692, 162 
1721051729852.00, 23166, -486173, 164 
1721051729874.00, 23236, -485664, 168 
1721051729896.00, 23399, -485159, 174 
1721051729920.00, 23858, -484654, 181 
1721051729938.00, 24561, -484141, 186 
1721051729960.00, 25504, -483607, 180 
1721051729982.00, 25651, -483040, 183 
1721051730004.00, 26114, -482481, 190 
1721051730027.00, 26377, -481919, 197 
1721051730047.00, 27255, -481353, 204 
1721051730068.00, 28161, -480776, 212 
1721051730090.00, 29087, -480163, 220 
1721051730112.00, 29951, -479523, 233 
1721051730133.00, 31172, -478870, 238 
1721051730155.00, 32133, -478195, 250 
1721051730176.00, 33722, -477507, 246 
1721051730198.00, 34160, -476767, 243 
1721051730220.00, 34476, -476014, 249 
1721051730242.00, 35207, -475266, 254 
1721051730264.00, 35575, -474520, 249 
1721051730285.00, 35705, -473746, 244 
1721051730306.00, 35507, -472965, 241 
1721051730327.00, 35353, -472196, 235 
1721051730349.00, 34791, -471446, 238 
1721051730372.00, 34457, -470700, 240 
1721051730393.00, 34300, -469941, 245 
1721051730415.00, 34619, -469194, 245 
1721051730436.00, 34429, -468449, 253 
1721051730458.00, 34627, -467710, 245 
1721051730479.00, 34345, -466947, 243 
1721051730502.00, 34342, -466193, 241 
1721051730523.00, 33844, -465446, 240 
1721051730545.00, 33844, -464720, 231 
1721051730566.00, 33230, -463990, 228 
1721051730594.00, 32765, -463258, 222 
1721051730609.00, 32164, -462554, 209 
1721051730631.00, 30752, -461868, 201 
1721051730653.00, 29644, -461210, 183 
1721051730674.00, 27924, -460567, 174 
1721051730696.00, 26136, -459952, 179 
1721051730717.00, 25393, -459381, 174 
1721051730739.00, 24967, -458830, 180 
1721051730760.00, 24924, -458299, 181 
1721051730783.00, 24953, -457764, 183 
1721051730804.00, 25186, -457216, 179 
1721051730826.00, 24993, -456668, 185 
1721051730847.00, 25169, -456127, 183 
1721051730869.00, 25108, -455585, 182 
1721051730890.00, 25366, -455047, 185 
1721051730912.00, 25364, -454506, 205 
1721051730934.00, 26642, -453953, 193 
1721051730956.00, 26601, -453373, 187 
1721051730977.00, 26246, -452793, 186 
1721051730999.00, 26046, -452224, 186 
1721051731027.00, 26188, -451670, 181 
1721051731042.00, 25879, -451108, 181 
1721051731064.00, 25618, -450541, 183 
1721051731085.00, 25542, -449985, 188 
1721051731108.00, 26075, -449427, 194 
1721051731129.00, 26581, -448867, 207 
1721051731150.00, 27829, -448305, 208 
1721051731172.00, 28646, -447709, 204 
1721051731193.00, 28508, -447084, 199 
1721051731216.00, 28072, -446460, 206 
1721051731238.00, 28163, -445847, 215 
1721051731258.00, 29325, -445240, 213 
1721051731280.00, 29564, -444620, 207 
1721051731302.00, 29422, -443970, 198 
1721051731324.00, 28547, -443329, 190 
1721051731345.00, 27674, -442704, 188 
1721051731367.00, 27352, -442108, 189 
1721051731389.00, 26875, -441525, 184 
1721051731410.00, 26480, -440937, 182 
1721051731432.00, 26035, -440358, 189 
1721051731456.00, 26049, -439789, 199 
1721051731475.00, 27064, -439220, 216 
1721051731497.00, 28385, -438649, 224 
1721051731518.00, 29811, -438037, 222 
1721051731540.00, 30417, -437383, 217 
1721051731565.00, 30423, -436721, 217 
1721051731583.00, 30576, -436062, 222 
1721051731604.00, 31023, -435411, 216 
1721051731626.00, 30693, -434747, 211 
1721051731648.00, 30563, -434065, 216 
1721051731674.00, 30534, -433404, 224 
1721051731691.00, 30829, -432743, 238 
1721051731712.00, 31853, -432079, 248 
1721051731734.00, 18743, -431392, 257 
1721051731756.00, 10471, -430966, 315 
1721051731783.00, 5550, -430728, 337 
1721051731799.00, 2550, -430603, 351 
1721051731821.00, 785, -430544, 355 
1721051731841.00, 1, -430526, 355 
1721051731863.00, -86, -430525, 351 
1721051731886.00, 0, -430528, 349 
1721051731905.00, 0, -430528, 348 
1721051731927.00, 0, -430527, 341 
1721051731948.00, 0, -430528, 333 
1721051731969.00, 5, -430528, 326 
1721051731990.00, 0, -430529, 314 
1721051732012.00, 0, -430529, 296 
1721051732033.00, 1, -430530, 283 
1721051732054.00, 0, -430530, 265 
1721051732075.00, 0, -430530, 254 
1721051732097.00, 6, -430532, 249 
1721051732118.00, 0, -430532, 240 
1721051732140.00, -18, -430532, 232 
1721051732160.00, 0, -430532, 238 
1721051732182.00, 0, -430533, 252 
1721051732203.00, -45, -430534, 250 
1721051732224.00, 0, -430532, 249 
1721051732246.00, -12, -430533, 252 
1721051732267.00, 0, -430532, 251 
1721051732288.00, 0, -430534, 251 
1721051732309.00, 1, -430534, 247 
1721051732332.00, -14, -430533, 244 
1721051732351.00, 0, -430533, 238 
1721051732373.00, 0, -430533, 236 
1721051732394.00, 0, -430534, 233 
1721051732415.00, 1, -430534, 231 
1721051732437.00, 0, -430534, 229 
1721051732458.00, -23, -430534, 227 
1721051732479.00, 0, -430534, 225 
1721051732500.00, 0, -430534, 222 
1721051732521.00, 0, -430535, 218 
1721051732543.00, 0, -430535, 217 
1721051732563.00, 0, -430534, 218 
1721051732585.00, 6, -430535, 218 
1721051732606.00, 0, -430534, 216 
1721051732627.00, 0, -430534, 215 
1721051732649.00, 0, -430535, 217 
1721051732670.00, 0, -430535, 215 
1721051732691.00, 0, -430535, 215 
1721051732713.00, 0, -430536, 213 
1721051732734.00, 0, -430535, 212 
1721051732755.00, -67, -430535, 210 
1721051732776.00, 2, -430536, 211 
1721051732797.00, 0, -430536, 212 
1721051732819.00, 3, -430537, 213 
1721051732840.00, 0, -430537, 213 
1721051732861.00, 0, -430537, 210 
1721051732882.00, 0, -430537, 205 
1721051732903.00, 0, -430538, 201 
1721051732924.00, 0, -430539, 198 
1721051732946.00, 0, -430539, 193 
1721051732968.00, 6, -430539, 179 
1721051732994.00, 0, -430541, 161 
1721051733009.00, 0, -430540, 157 
1721051733031.00, -65, -430541, 151 
1721051733052.00, -60, -430544, 126 
1721051733073.00, -88, -430546, 96 
1721051733094.00, -97, -430553, 59 
1721051733116.00, -82, -430561, 38 
1721051733136.00, -88, -430566, 22 
1721051733158.00, -106, -430570, -5 
1721051733179.00, -115, -430574, -41 
1721051733201.00, -2570, -430579, -74 
1721051733223.00, -6058, -430632, -89 
1721051733243.00, -9061, -430757, -105 
1721051733265.00, -11901, -430951, -122 
1721051733287.00, -14820, -431207, -135 
1721051733311.00, -17115, -431519, -149 
1721051733330.00, -19318, -431882, -161 
1721051733352.00, -21264, -432290, -161 
1721051733374.00, -22165, -432737, -167 
1721051733396.00, -23094, -433222, -178 
1721051733418.00, -24332, -433726, -194 
1721051733438.00, -26089, -434258, -214 
1721051733461.00, -28307, -434829, -225 
1721051733482.00, -30214, -435437, -242 
1721051733504.00, -32186, -436082, -263 
1721051733525.00, -34912, -436781, -278 
1721051733547.00, -37309, -437541, -284 
1721051733569.00, -38905, -438353, -299 
1721051733590.00, -40994, -439190, -309 
1721051733612.00, -42764, -440073, -313 
1721051733633.00, -44118, -441009, -328 
1721051733654.00, -45751, -441960, -339 
1721051733677.00, -47196, -442940, -338 
1721051733697.00, -48112, -443972, -346 
1721051733720.00, -49241, -445020, -359 
1721051733741.00, -50561, -446071, -361 
1721051733763.00, -51297, -447170, -365 
1721051733784.00, -52184, -448284, -368 
1721051733806.00, -52819, -449401, -367 
1721051733828.00, -53059, -450556, -383 
1721051733850.00, -54122, -451712, -392 
1721051733871.00, -55273, -452878, -389 
1721051733894.00, -55916, -454086, -400 
1721051733914.00, -56896, -455285, -409 
1721051733936.00, -57825, -456513, -403 
1721051733958.00, -58064, -457777, -419 
1721051733980.00, -59079, -459028, -429 
1721051734001.00, -60349, -460317, -427 
1721051734022.00, -60935, -461624, -430 
1721051734044.00, -61399, -462934, -430 
1721051734066.00, -61837, -464276, -447 
1721051734088.00, -62916, -465603, -448 
1721051734109.00, -63576, -466982, -445 
1721051734131.00, -63957, -468358, -459 
1721051734152.00, -64896, -469740, -452 
1721051734174.00, -64935, -471157, -463 
1721051734196.00, -65647, -472552, -451 
1721051734217.00, -65479, -473989, -460 
1721051734239.00, -65766, -475396, -465 
1721051734261.00, -66182, -476831, -466 
1721051734282.00, -66438, -478261, -474 
1721051734304.00, -67142, -479703, -457 
1721051734325.00, -66605, -481153, -463 
1721051734348.00, -66362, -482588, -450 
1721051734369.00, -65627, -484051, -455 
1721051734390.00, -65462, -485458, -448 
1721051734412.00, -64866, -486888, -454 
1721051734434.00, -64886, -488280, -456 
1721051734456.00, -64904, -489691, -448 
1721051734477.00, -64558, -491101, -455 
1721051734498.00, -64827, -492500, -449 
1721051734523.00, -64337, -493911, -439 
1721051734542.00, -63532, -495293, -399 
1721051734563.00, -60847, -496678, -394 
1721051734585.00, -58707, -497976, -375 
1721051734607.00, -56349, -499257, -344 
1721051734629.00, -53008, -500488, -330 
1721051734650.00, -50385, -501626, -306 
1721051734672.00, -47394, -502717, -282 
1721051734694.00, -44008, -503751, -265 
1721051734715.00, -41034, -504696, -256 
1721051734737.00, -38561, -505589, -259 
1721051734759.00, -37300, -506436, -260 
1721051734780.00, -36494, -507244, -253 
1721051734801.00, -35901, -508032, -251 
1721051734823.00, -35379, -508812, -247 
1721051734845.00, -34813, -509588, -217 
1721051734867.00, -32828, -510341, -192 
1721051734888.00, -30333, -511041, -183 
1721051734910.00, -27971, -511694, -184 
1721051734932.00, -26419, -512308, -196 
1721051734955.00, -26579, -512888, -203 
1721051734974.00, -26950, -513463, -209 
1721051734996.00, -27576, -514038, -213 
1721051735018.00, -28173, -514631, -222 
1721051735040.00, -29089, -515248, -232 
1721051735065.00, -30098, -515886, -247 
1721051735083.00, -31886, -516551, -254 
1721051735105.00, -33308, -517230, -260 
1721051735126.00, -34568, -517948, -265 
1721051735148.00, -35592, -518700, -278 
1721051735173.00, -36839, -519473, -286 
1721051735191.00, -38277, -520270, -295 
1721051735213.00, -39486, -521086, -303 
1721051735235.00, -40606, -521948, -308 
1721051735256.00, -41779, -522836, -307 
1721051735280.00, -42542, -523734, -316 
1721051735300.00, -43272, -524650, -312 
1721051735320.00, -43537, -525592, -321 
1721051735342.00, -44138, -526543, -331 
1721051735364.00, -45098, -527488, -335 
1721051735386.00, -46124, -528471, -339 
1721051735408.00, -47024, -529474, -348 
1721051735429.00, -47891, -530476, -351 
1721051735451.00, -48537, -531518, -340 
1721051735472.00, -48482, -532580, -351 
1721051735495.00, -49005, -533623, -363 
1721051735515.00, -49940, -534684, -353 
1721051735538.00, -49934, -535775, -354 
1721051735559.00, -50049, -536853, -365 
1721051735580.00, -50634, -537932, -362 
1721051735602.00, -50842, -539034, -366 
1721051735624.00, -51192, -540133, -375 
1721051735646.00, -51884, -541243, -376 
1721051735667.00, -52406, -542379, -386 
1721051735688.00, -53243, -543509, -390 
1721051735711.00, -54244, -544665, -383 
1721051735732.00, -54202, -545838, -388 
1721051735754.00, -54390, -547003, -390 
1721051735777.00, -54673, -548191, -385 
1721051735796.00, -54632, -549386, -390 
1721051735818.00, -54854, -550564, -384 
1721051735840.00, -54604, -551757, -387 
1721051735862.00, -54629, -552942, -394 
1721051735884.00, -54980, -554118, -384 
1721051735905.00, -54526, -555311, -384 
1721051735927.00, -54450, -556496, -381 
1721051735949.00, -54372, -557672, -370 
1721051735970.00, -53470, -558854, -365 
1721051735992.00, -52513, -560005, -362 
1721051736014.00, -51750, -561148, -359 
1721051736035.00, -51196, -562276, -363 
1721051736056.00, -51151, -563374, -360 
1721051736078.00, -50692, -564487, -359 
1721051736100.00, -50668, -565599, -368 
1721051736121.00, -51322, -566686, -365 
1721051736143.00, -51204, -567802, -365 
1721051736165.00, -51351, -568915, -376 
1721051736186.00, -52057, -570019, -370 
1721051736208.00, -51968, -571143, -360 
1721051736230.00, -51524, -572275, -374 
1721051736251.00, -51700, -573388, -374 
1721051736275.00, -52125, -574519, -367 
1721051736295.00, -51980, -575651, -364 
1721051736316.00, -51576, -576768, -359 
1721051736338.00, -51244, -577888, -347 
1721051736359.00, -50149, -578993, -344 
1721051736385.00, -49352, -580076, -335 
1721051736402.00, -48399, -581152, -320 
1721051736424.00, -46765, -582202, -316 
1721051736446.00, -45498, -583214, -308 
1721051736468.00, -44276, -584203, -294 
1721051736492.00, -43000, -585167, -293 
1721051736511.00, -42165, -586094, -277 
1721051736533.00, -40657, -587000, -267 
1721051736554.00, -39169, -587887, -260 
1721051736576.00, -37753, -588733, -249 
1721051736600.00, -36520, -589545, -239 
1721051736620.00, -35150, -590331, -230 
1721051736641.00, -33542, -591093, -227 
1721051736663.00, -32504, -591822, -220 
1721051736684.00, -31351, -592524, -216 
1721051736706.00, -30524, -593201, -208 
1721051736728.00, -17251, -593859, -200 
1721051736749.00, -9010, -594252, -228 
1721051736771.00, -4142, -594456, -223 
1721051736792.00, -1310, -594551, -233 
1721051736816.00, 7, -594584, -250 
1721051736835.00, 659, -594587, -254 
1721051736857.00, 1271, -594581, -264 
1721051736878.00, 1701, -594557, -260 
1721051736900.00, 2026, -594522, -252 
1721051736922.00, 2059, -594480, -242 
1721051736943.00, 2151, -594433, -232 
1721051736965.00, 2226, -594385, -214 
1721051736987.00, 2236, -594336, -193 
1721051737008.00, 2234, -594285, -161 
1721051737029.00, 2252, -594235, -122 
1721051737052.00, 2288, -594184, -81 
1721051737072.00, 2273, -594132, -39 
1721051737094.00, 2239, -594082, 7 
1721051737116.00, 2146, -594029, 60 
1721051737137.00, 5804, -593978, 122 
1721051737158.00, 11590, -593844, 170 
1721051737180.00, 17914, -593593, 227 
1721051737203.00, 24869, -593209, 280 
1721051737223.00, 32472, -592676, 324 
1721051737249.00, 39470, -591986, 338 
1721051737267.00, 44420, -591133, 344 
1721051737289.00, 47538, -590173, 372 
1721051737310.00, 51328, -589148, 412 
1721051737332.00, 55635, -588039, 441 
1721051737355.00, 60254, -586818, 477 
1721051737375.00, 64990, -585523, 485 
1721051737397.00, 68112, -584104, 503 
1721051737418.00, 70979, -582628, 583 
1721051737440.00, 77405, -581082, 614 
1721051737462.00, 83108, -579403, 611 
1721051737484.00, 86247, -577596, 637 
1721051737505.00, 89730, -575728, 668 
1721051737526.00, 93532, -573771, 684 
1721051737548.00, 96771, -571751, 692 
1721051737570.00, 99118, -569655, 699 
1721051737591.00, 100792, -567503, 708 
1721051737614.00, 102377, -565311, 722 
1721051737635.00, 104348, -563081, 721 
1721051737657.00, 105446, -560803, 724 
1721051737679.00, 105833, -558530, 754 
1721051737700.00, 107805, -556229, 758 
1721051737722.00, 109164, -553876, 730 
1721051737744.00, 108320, -551496, 754 
1721051737766.00, 109284, -549146, 774 
1721051737787.00, 110711, -546761, 756 
1721051737809.00, 110673, -544351, 738 
1721051737831.00, 109445, -541945, 754 
1721051737853.00, 109593, -539573, 769 
1721051737874.00, 110363, -537179, 748 
1721051737896.00, 109797, -534772, 731 
1721051737918.00, 108246, -532391, 751 
1721051737939.00, 108585, -530037, 755 
1721051737961.00, 108962, -527662, 731 
1721051737983.00, 107905, -525296, 716 
1721051738005.00, 106057, -522966, 724 
1721051738027.00, 105534, -520644, 720 
1721051738048.00, 104858, -518354, 705 
1721051738069.00, 103626, -516076, 708 
1721051738091.00, 102988, -513823, 710 
1721051738113.00, 102729, -511579, 695 
1721051738135.00, 101646, -509346, 701 
1721051738157.00, 101255, -507141, 703 
1721051738178.00, 101097, -504931, 680 
1721051738200.00, 99610, -502736, 686 
1721051738222.00, 99000, -500575, 696 
1721051738243.00, 99241, -498424, 674 
1721051738265.00, 98209, -496274, 672 
1721051738287.00, 97325, -494155, 683 
1721051738309.00, 97521, -492038, 669 
1721051738333.00, 96574, -489934, 681 
1721051738352.00, 96906, -487834, 687 
1721051738373.00, 97453, -485740, 665 
1721051738396.00, 96282, -483630, 660 
1721051738416.00, 95444, -481536, 653 
1721051738437.00, 94461, -479473, 642 
1721051738460.00, 93020, -477435, 651 
1721051738481.00, 92793, -475406, 617 
1721051738503.00, 90590, -473410, 616 
1721051738524.00, 89248, -471443, 610 
1721051738546.00, 88053, -469506, 583 
1721051738568.00, 85779, -467611, 582 
1721051738590.00, 84292, -465739, 558 
1721051738611.00, 81893, -463926, 550 
1721051738632.00, 79965, -462141, 538 
1721051738654.00, 78126, -460417, 518 
1721051738676.00, 75627, -458718, 510 
1721051738697.00, 73673, -457081, 488 
1721051738719.00, 71493, -455480, 476 
1721051738741.00, 69326, -453942, 472 
1721051738762.00, 68067, -452427, 469 
1721051738787.00, 66921, -450970, 468 
1721051738806.00, 66159, -449508, 462 
1721051738827.00, 65406, -448082, 459 
1721051738849.00, 64912, -446660, 455 
1721051738870.00, 64183, -445258, 466 
1721051738896.00, 64393, -443863, 458 
1721051738914.00, 63991, -442469, 446 
1721051738935.00, 63221, -441089, 443 
1721051738957.00, 62419, -439713, 441 
1721051738978.00, 61825, -438366, 429 
1721051739002.00, 60898, -437016, 423 
1721051739022.00, 59863, -435701, 416 
1721051739044.00, 58987, -434408, 388 
1721051739065.00, 56736, -433124, 366 
1721051739087.00, 54033, -431906, 352 
1721051739109.00, 30461, -430736, 316 
1721051739130.00, 16287, -430050, 333 
1721051739151.00, 7909, -429683, 317 
1721051739173.00, 2991, -429506, 291 
1721051739194.00, -3, -429440, 265 
1721051739218.00, -1191, -429434, 225 
1721051739236.00, -613, -429453, 185 
1721051739258.00, -313, -429467, 151 
1721051739280.00, -149, -429473, 161 
1721051739301.00, -74, -429474, 161 
1721051739322.00, -14, -429476, 149 
1721051739344.00, 0, -429478, 140 
1721051739365.00, 0, -429479, 132 
1721051739386.00, 1, -429480, 119 
1721051739408.00, 0, -429479, 115 
1721051739428.00, 0, -429482, 114 
1721051739450.00, 0, -429482, 116 
1721051739471.00, 0, -429482, 109 
1721051739492.00, 0, -429483, 100 
1721051739514.00, 0, -429483, 101 
1721051739535.00, 0, -429483, 111 
1721051739556.00, 0, -429483, 119 
1721051739577.00, 15, -429484, 120 
1721051739599.00, 0, -429483, 120 
1721051739619.00, 1, -429482, 127 
1721051739641.00, 0, -429482, 138 
1721051739664.00, 0, -429482, 151 
1721051739683.00, 0, -429482, 158 
1721051739705.00, 0, -429482, 153 
1721051739725.00, 0, -429482, 146 
1721051739747.00, 0, -429483, 147 
1721051739774.00, -15, -429482, 155 
1721051739789.00, 0, -429482, 157 
1721051739810.00, 0, -429482, 151 
1721051739832.00, 0, -429482, 143 
1721051739853.00, 0, -429484, 127 
1721051739874.00, 2, -429486, 104 
1721051739896.00, 6, -429487, 90 
1721051739917.00, 0, -429487, 86 
1721051739937.00, 0, -429489, 74 
1721051739958.00, -9, -429493, 43 
1721051739984.00, -23, -429500, 19 
1721051740001.00, -31, -429500, 11 
1721051740022.00, -31, -429502, 8 
1721051740043.00, -66, -429502, 8 
1721051740065.00, -56, -429503, 4 
1721051740086.00, -46, -429505, -8 
1721051740108.00, -37, -429508, -20 
1721051740129.00, -1265, -429509, -24 
1721051740150.00, -2218, -429534, -26 
1721051740171.00, -2910, -429583, -30 
1721051740193.00, -3571, -429645, -32 
1721051740215.00, -4102, -429724, -44 
1721051740236.00, -5045, -429810, -55 
1721051740257.00, -6308, -429920, -57 
1721051740279.00, -7264, -430051, -58 
1721051740300.00, -7710, -430203, -63 
1721051740321.00, -8226, -430372, -61 
1721051740343.00, -8635, -430551, -61 
1721051740365.00, -8780, -430736, -60 
1721051740386.00, -8670, -430924, -55 
1721051740408.00, -8642, -431114, -45 
1721051740428.00, -7727, -431297, -40 
1721051740450.00, -6706, -431466, -33 
1721051740472.00, -5921, -431615, -30 
1721051740494.00, -5340, -431744, -32 
1721051740514.00, -4893, -431854, -29 
1721051740537.00, -4479, -431960, -26 
1721051740558.00, -4183, -432060, -25 
1721051740579.00, -3855, -432151, -23 
1721051740600.00, -3506, -432235, -19 
1721051740622.00, -3179, -432313, -14 
1721051740644.00, -2646, -432376, -9 
1721051740665.00, -1452, -432433, -1 
1721051740686.00, -788, -432463, 5 
1721051740707.00, -350, -432479, 11 
1721051740728.00, -103, -432487, 14 
1721051740752.00, -49, -432489, 17 
1721051740770.00, 0, -432490, 18 
1721051740792.00, 0, -432490, 20 
1721051740813.00, 0, -432489, 24 
1721051740835.00, 6, -432490, 27 
1721051740855.00, 0, -432490, 29 
1721051740877.00, -35, -432490, 31 
1721051740898.00, -66, -432489, 34 
1721051740919.00, 0, -432489, 37 
1721051740940.00, 0, -432489, 40 
1721051740961.00, 0, -432489, 42 
1721051740982.00, 0, -432489, 42 
1721051741003.00, 0, -432489, 43 
1721051741024.00, -2, -432489, 42 
1721051741045.00, 0, -432487, 44 
1721051741066.00, 0, -432488, 44 
1721051741089.00, 0, -432489, 46 
1721051741109.00, 0, -432487, 50 
1721051741130.00, 0, -432486, 52 
1721051741151.00, 0, -432487, 53 
1721051741172.00, 0, -432486, 54 
1721051741194.00, 0, -432487, 56 
1721051741215.00, 0, -432487, 57 
1721051741236.00, 0, -432486, 58 
1721051741257.00, 2, -432487, 58 
1721051741277.00, 0, -432486, 60 
1721051741299.00, 0, -432486, 62 
1721051741320.00, 0, -432486, 64 
1721051741342.00, 0, -432486, 61 
1721051741362.00, -51, -432486, 59 
1721051741383.00, 0, -432486, 56 
1721051741407.00, 0, -432486, 54 
1721051741426.00, 0, -432487, 51 
1721051741447.00, 0, -432487, 46 
1721051741468.00, 0, -432488, 38 
1721051741489.00, 2, -432488, 31 
1721051741510.00, -5, -432489, 20 
1721051741531.00, 0, -432490, 6 
1721051741553.00, 0, -432491, -11 
1721051741574.00, -750, -432493, -23 
1721051741595.00, -1880, -432506, -33 
1721051741617.00, -3173, -432547, -46 
1721051741638.00, -4576, -432615, -56 
1721051741660.00, -6088, -432713, -64 
1721051741681.00, -7656, -432845, -68 
1721051741703.00, -8525, -433008, -74 
1721051741724.00, -9384, -433194, -78 
1721051741746.00, -10135, -433397, -80 
1721051741768.00, -10846, -433617, -80 
1721051741788.00, -11214, -433852, -84 
1721051741810.00, -11785, -434097, -87 
1721051741832.00, -12223, -434351, -87 
1721051741853.00, -12389, -434618, -88 
1721051741875.00, -12803, -434889, -95 
1721051741896.00, -13321, -435158, -101 
1721051741918.00, -13854, -435444, -99 
1721051741940.00, -14116, -435741, -101 
1721051741961.00, -14415, -436043, -104 
1721051741983.00, -14857, -436357, -105 
1721051742005.00, -14967, -436674, -104 
1721051742026.00, -15050, -437000, -108 
1721051742047.00, -15290, -437330, -112 
1721051742070.00, -16137, -437665, -107 
1721051742091.00, -15905, -438009, -110 
1721051742113.00, -15952, -438352, -112 
1721051742134.00, -15998, -438693, -115 
1721051742156.00, -16319, -439040, -128 
1721051742177.00, -17356, -439392, -139 
1721051742200.00, -18475, -439769, -155 
1721051742221.00, -20096, -440169, -167 
1721051742243.00, -21860, -440611, -181 
1721051742264.00, -23522, -441085, -189 
1721051742286.00, -25071, -441599, -201 
1721051742308.00, -26807, -442140, -214 
1721051742329.00, -28661, -442715, -223 
1721051742351.00, -30310, -443338, -238 
1721051742373.00, -31978, -443997, -255 
1721051742397.00, -34303, -444700, -276 
1721051742416.00, -36696, -445431, -294 
1721051742437.00, -39230, -446220, -305 
1721051742458.00, -41684, -447068, -279 
1721051742481.00, -40907, -447979, -363 
1721051742503.00, -45887, -448860, -360 
1721051742524.00, -48546, -449852, -358 
1721051742545.00, -50085, -450915, -363 
1721051742567.00, -51137, -451998, -374 
1721051742589.00, -52833, -453108, -374 
1721051742611.00, -53445, -454257, -392 
1721051742632.00, -54899, -455405, -404 
1721051742653.00, -56373, -456594, -405 
1721051742676.00, -57557, -457828, -415 
1721051742698.00, -58648, -459068, -417 
1721051742720.00, -59517, -460346, -418 
1721051742741.00, -59959, -461634, -425 
1721051742762.00, -60662, -462927, -413 
1721051742783.00, -60407, -464244, -424 
1721051742806.00, -60746, -465544, -432 
1721051742828.00, -61505, -466873, -429 
1721051742849.00, -61729, -468209, -437 
1721051742870.00, -62139, -469544, -425 
1721051742892.00, -61915, -470901, -426 
1721051742914.00, -61697, -472227, -415 
1721051742935.00, -60732, -473569, -417 
1721051742956.00, -60614, -474888, -416 
1721051742979.00, -60224, -476196, -395 
1721051743000.00, -58856, -477512, -401 
1721051743021.00, -58285, -478777, -398 
1721051743044.00, -57644, -480047, -395 
1721051743064.00, -57175, -481289, -400 
1721051743087.00, -57109, -482527, -390 
1721051743108.00, -56617, -483782, -395 
1721051743130.00, -56502, -485001, -393 
1721051743152.00, -56377, -486235, -395 
1721051743174.00, -56286, -487459, -414 
1721051743195.00, -57542, -488669, -408 
1721051743216.00, -57722, -489919, -411 
1721051743238.00, -58208, -491175, -424 
1721051743267.00, -59144, -492435, -408 
1721051743282.00, -58722, -493733, -417 
1721051743303.00, -59097, -494990, -424 
1721051743325.00, -59662, -496274, -426 
1721051743347.00, -60297, -497567, -437 
1721051743368.00, -61131, -498866, -425 
1721051743390.00, -60895, -500208, -435 
1721051743412.00, -61348, -501521, -444 
1721051743432.00, -62153, -502857, -450 
1721051743454.00, -63040, -504202, -458 
1721051743477.00, -64101, -505558, -444 
1721051743498.00, -63740, -506959, -467 
1721051743520.00, -64768, -508333, -469 
1721051743541.00, -65533, -509754, -469 
1721051743563.00, -66240, -511165, -476 
1721051743585.00, -67020, -512607, -480 
1721051743607.00, -67523, -514050, -497 
1721051743628.00, -68841, -515516, -483 
1721051743649.00, -68849, -517022, -499 
1721051743670.00, -69853, -518504, -486 
1721051743692.00, -69623, -520031, -486 
1721051743714.00, -69444, -521520, -465 
1721051743736.00, -67994, -523035, -475 
1721051743758.00, -67822, -524507, -475 
1721051743779.00, -67716, -525988, -469 
1721051743801.00, -67534, -527439, -465 
1721051743822.00, -66805, -528897, -461 
1721051743844.00, -66204, -530342, -474 
1721051743866.00, -66480, -531780, -458 
1721051743888.00, -65815, -533233, -464 
1721051743909.00, -65747, -534654, -457 
1721051743931.00, -65254, -536091, -466 
1721051743952.00, -65624, -537493, -458 
1721051743974.00, -65300, -538917, -448 
1721051743995.00, -64407, -540331, -468 
1721051744017.00, -65140, -541734, -464 
1721051744038.00, -65387, -543145, -470 
1721051744061.00, -65905, -544560, -465 
1721051744082.00, -65818, -545987, -483 
1721051744104.00, -66722, -547399, -483 
1721051744126.00, -67497, -548863, -480 
1721051744147.00, -67693, -550320, -491 
1721051744168.00, -68550, -551787, -481 
1721051744190.00, -68208, -553270, -485 
1721051744212.00, -68251, -554740, -468 
1721051744234.00, -67287, -556232, -488 
1721051744256.00, -67807, -557687, -485 
1721051744276.00, -68109, -559165, -489 
1721051744298.00, -68640, -560632, -480 
1721051744320.00, -68387, -562120, -488 
1721051744342.00, -68618, -563589, -494 
1721051744364.00, -69016, -565083, -481 
1721051744385.00, -68324, -566576, -490 
1721051744406.00, -68703, -568068, -485 
1721051744428.00, -68613, -569553, -494 
1721051744449.00, -68965, -571027, -475 
1721051744472.00, -68205, -572534, -479 
1721051744493.00, -67897, -574008, -462 
1721051744515.00, -66705, -575486, -469 
1721051744536.00, -66595, -576920, -455 
1721051744558.00, -65530, -578360, -454 
1721051744580.00, -64920, -579765, -445 
1721051744601.00, -63852, -581181, -423 
1721051744622.00, -62170, -582566, -423 
1721051744645.00, -60890, -583902, -396 
1721051744667.00, -58574, -585219, -377 
1721051744690.00, -55797, -586480, -369 
1721051744709.00, -53838, -587693, -336 
1721051744731.00, -50617, -588862, -306 
1721051744753.00, -47007, -589953, -291 
1721051744774.00, -44120, -590977, -281 
1721051744802.00, -41828, -591932, -268 
1721051744818.00, -39544, -592829, -260 
1721051744839.00, -21957, -593686, -263 
1721051744861.00, -11294, -594191, -305 
1721051744883.00, -5109, -594453, -312 
1721051744904.00, -1551, -594574, -331 
1721051744925.00, 63, -594612, -338 
1721051744947.00, 1044, -594614, -321 
1721051744969.00, 1838, -594598, -314 
1721051744990.00, 2392, -594561, -295 
1721051745012.00, 2614, -594511, -276 
1721051745035.00, 2635, -594454, -269 
1721051745056.00, 2758, -594396, -271 
1721051745077.00, 2815, -594337, -272 
1721051745099.00, 2705, -594277, -279 
1721051745120.00, 2674, -594220, -302 
1721051745141.00, 2617, -594161, -311 
1721051745163.00, 2545, -594103, -307 
1721051745185.00, 2535, -594049, -306 
1721051745207.00, 2427, -593994, -319 
1721051745232.00, 2363, -593941, -343 
1721051745249.00, 2316, -593891, -361 
1721051745272.00, 2199, -593842, -368 
1721051745293.00, 2120, -593794, -378 
1721051745315.00, 2021, -593748, -387 
1721051745336.00, 1974, -593704, -395 
1721051745358.00, 1884, -593662, -403 
1721051745379.00, 1745, -593621, -426 
1721051745401.00, 1799, -593583, -442 
1721051745423.00, 1887, -593545, -453 
1721051745445.00, 1861, -593506, -465 
1721051745466.00, 1857, -593467, -476 
1721051745488.00, 1762, -593428, -490 
1721051745509.00, 1698, -593391, -500 
1721051745531.00, 1621, -593354, -512 
1721051745553.00, 1648, -593320, -525 
1721051745574.00, 1660, -593285, -530 
1721051745596.00, 1613, -593249, -525 
1721051745618.00, 1626, -593213, -518 
1721051745639.00, 1525, -593178, -520 
1721051745661.00, 1537, -593146, -521 
1721051745683.00, 1504, -593113, -522 
1721051745704.00, 1391, -593080, -518 
1721051745726.00, 1286, -593049, -509 
1721051745748.00, 1232, -593020, -498 
1721051745769.00, 1207, -592992, -495 
1721051745791.00, 1324, -592967, -491 
1721051745812.00, 1305, -592940, -487 
1721051745834.00, 1234, -592910, -472 
1721051745856.00, 1162, -592883, -467 
1721051745877.00, 1106, -592858, -476 
1721051745899.00, 1046, -592834, -470 
1721051745921.00, 987, -592812, -463 
1721051745941.00, 936, -592790, -459 
1721051745964.00, 987, -592768, -452 
1721051745985.00, 994, -592747, -448 
1721051746007.00, 968, -592725, -452 
1721051746028.00, 930, -592704, -451 
1721051746049.00, -25363, -592689, -450 
1721051746071.00, -41953, -593186, -353 
1721051746093.00, -25135, -594057, -335 
1721051746114.00, -14482, -594622, -366 
1721051746136.00, -8124, -594948, -319 
1721051746158.00, -4197, -595131, -330 
1721051746180.00, -1896, -595233, -349 
1721051746201.00, -716, -595278, -340 
1721051746222.00, 6, -595297, -356 
1721051746244.00, 60, -595298, -357 
1721051746265.00, 59, -595298, -343 
1721051746287.00, 33, -595298, -334 
1721051746308.00, 131, -595297, -335 
1721051746332.00, 327, -595295, -337 
1721051746351.00, 495, -595291, -349 
1721051746373.00, 564, -595282, -353 
1721051746394.00, 625, -595272, -353 
1721051746416.00, 663, -595259, -343 
1721051746441.00, 676, -595245, -323 
1721051746459.00, 634, -595228, -300 
1721051746481.00, 606, -595214, -301 
1721051746502.00, 570, -595201, -316 
1721051746524.00, 680, -595191, -325 
1721051746548.00, 651, -595177, -314 
1721051746567.00, 619, -595160, -299 
1721051746588.00, 587, -595148, -309 
1721051746610.00, 603, -595133, -303 
1721051746631.00, 622, -595121, -296 
1721051746656.00, 613, -595108, -280 
1721051746674.00, 531, -595093, -274 
1721051746696.00, 524, -595082, -289 
1721051746717.00, 532, -595072, -285 
1721051746739.00, 539, -595059, -272 
1721051746761.00, 526, -595048, -271 
1721051746781.00, 514, -595036, -274 
1721051746803.00, 492, -595025, -265 
1721051746825.00, 453, -595013, -254 
1721051746847.00, 455, -595003, -252 
1721051746869.00, 441, -594994, -246 
1721051746889.00, 421, -594983, -235 
1721051746911.00, 406, -594974, -238 
1721051746932.00, 403, -594965, -239 
1721051746955.00, 374, -594956, -231 
1721051746977.00, 328, -594945, -227 
1721051746998.00, 348, -594938, -235 
1721051747020.00, 373, -594931, -237 
1721051747040.00, 416, -594923, -227 
1721051747062.00, 406, -594913, -213 
1721051747084.00, 382, -594903, -203 
1721051747105.00, 391, -594895, -194 
1721051747126.00, 392, -594886, -181 
1721051747148.00, 361, -594877, -166 
1721051747170.00, 375, -594867, -151 
1721051747191.00, 396, -594858, -135 
1721051747216.00, 387, -594848, -113 
1721051747235.00, 392, -594838, -86 
1721051747256.00, 382, -594829, -56 
1721051747278.00, 375, -594817, -18 
1721051747299.00, 377, -594807, 24 
1721051747320.00, 1909, -594797, 67 
1721051747342.00, 5346, -594753, 104 
1721051747363.00, 9714, -594638, 134 
1721051747385.00, 13792, -594433, 168 
1721051747407.00, 18422, -594123, 195 
1721051747433.00, 22554, -593725, 222 
1721051747449.00, 26913, -593238, 228 
1721051747471.00, 29676, -592665, 233 
1721051747493.00, 32056, -592029, 235 
1721051747515.00, 33290, -591337, 234 
1721051747537.00, 33659, -590621, 199 
1721051747557.00, 31744, -589902, 157 
1721051747579.00, 27914, -589217, 130 
1721051747601.00, 24271, -588607, 99 
1721051747623.00, 20297, -588080, 45 
1721051747644.00, 14512, -587646, -11 
1721051747666.00, 7572, -587323, -47 
1721051747687.00, 1355, -587151, -81 
1721051747709.00, -3877, -587117, -123 
1721051747731.00, -9650, -587187, -161 
1721051747752.00, -15702, -587393, -191 
1721051747774.00, -20930, -587725, -215 
1721051747795.00, -25375, -588177, -247 
1721051747817.00, -30210, -588731, -276 
1721051747838.00, -34503, -589373, -296 
1721051747862.00, -38506, -590116, -310 
1721051747882.00, -41506, -590945, -324 
1721051747904.00, -44284, -591848, -345 
1721051747926.00, -47166, -592800, -373 
1721051747947.00, -27989, -593816, -394 
1721051747968.00, -16606, -594454, -473 
1721051747990.00, -9640, -594822, -455 
1721051748011.00, -5375, -595040, -458 
1721051748033.00, -2909, -595162, -436 
1721051748055.00, -1546, -595228, -421 
1721051748079.00, -775, -595261, -388 
1721051748098.00, -318, -595277, -368 
1721051748120.00, -58, -595283, -349 
1721051748141.00, 0, -595285, -350 
1721051748161.00, 0, -595286, -353 
1721051748183.00, -49, -595284, -349 
1721051748205.00, 1, -595285, -342 
1721051748225.00, 0, -595284, -343 
1721051748255.00, 0, -595285, -344 
1721051748269.00, 0, -595285, -344 
1721051748290.00, -27, -595285, -331 
1721051748311.00, 0, -595285, -321 
1721051748339.00, 0, -595285, -323 
1721051748354.00, 0, -595285, -326 
1721051748375.00, 0, -595285, -327 
1721051748396.00, 1, -595285, -330 
1721051748418.00, 0, -595286, -338 
1721051748438.00, -3, -595286, -342 
1721051748460.00, 0, -595285, -339 
1721051748481.00, 0, -595285, -334 
1721051748503.00, 0, -595286, -339 
1721051748523.00, 0, -595287, -350 
1721051748545.00, 0, -595286, -356 
1721051748567.00, 0, -595287, -352 
1721051748588.00, 0, -595286, -348 
1721051748609.00, 0, -595286, -354 
1721051748630.00, 0, -595286, -362 
1721051748651.00, 0, -595288, -367 
1721051748673.00, 0, -595288, -369 
1721051748694.00, 0, -595287, -365 
1721051748715.00, 0, -595287, -367 
1721051748738.00, -9, -595287, -365 
1721051748758.00, 1, -595289, -372 
1721051748780.00, 0, -595286, -379 
1721051748801.00, 0, -595287, -377 
1721051748821.00, 0, -595288, -381 
1721051748843.00, 6, -595288, -383 
1721051748865.00, 0, -595288, -381 
1721051748886.00, 0, -595288, -382 
1721051748907.00, 0, -595288, -382 
1721051748929.00, 0, -595288, -381 
1721051748949.00, 0, -595288, -380 
1721051748971.00, -32, -595288, -379 
1721051748993.00, 0, -595288, -379 
1721051749014.00, 0, -595289, -378 
1721051749035.00, 16, -595287, -374 
1721051749059.00, 0, -595289, -373 
1721051749078.00, 0, -595287, -372 
1721051749099.00, 6, -595288, -373 
1721051749120.00, 0, -595288, -374 
1721051749142.00, 0, -595288, -374 
1721051749163.00, 14, -595288, -374 
1721051749184.00, 3, -595288, -370 
1721051749206.00, 0, -595289, -371 
1721051749227.00, 0, -595288, -372 
1721051749249.00, -45, -595288, -374 
1721051749270.00, 0, -595289, -380 
1721051749292.00, 0, -595289, -383 
1721051749313.00, 27, -595289, -389 
1721051749334.00, 0, -595289, -392 
1721051749355.00, 10, -595289, -396 
1721051749377.00, 0, -595290, -389 
1721051749398.00, 0, -595289, -378 
1721051749419.00, 0, -595290, -375 
1721051749440.00, 0, -595289, -377 
1721051749461.00, 0, -595290, -377 
1721051749483.00, 0, -595289, -379 
1721051749505.00, 0, -595289, -380 
1721051749526.00, 66, -595289, -381 
1721051749547.00, 0, -595290, -382 
1721051749568.00, -3, -595290, -389 
1721051749589.00, 0, -595290, -391 
1721051749611.00, 0, -595288, -389 
1721051749632.00, 0, -595290, -390 
1721051749654.00, 0, -595290, -390 
1721051749674.00, 0, -595288, -390 
1721051749696.00, 0, -595289, -389 
1721051749718.00, 0, -595290, -391 
1721051749739.00, 0, -595289, -393 
1721051749760.00, -38, -595290, -392 
1721051749781.00, 0, -595289, -493 
1721051749803.00, 0, -595290, -490 
1721051749829.00, 0, -595290, -485 
1721051749844.00, 0, -595290, -484 
1721051749865.00, 0, -595290, -484 
1721051749886.00, 0, -595290, -490 
1721051749908.00, 0, -595290, -491 
1721051749929.00, 0, -595290, -488 
1721051749950.00, 0, -595289, -484 
1721051749972.00, 0, -595290, -483 
1721051749993.00, 2, -595290, -481 
1721051750013.00, 0, -595290, -487 
1721051750035.00, 0, -595289, -486 
1721051750056.00, 0, -595290, -488 
1721051750077.00, 0, -595290, -492 
1721051750099.00, 0, -595290, -493 
1721051750119.00, 0, -595291, -496 
1721051750140.00, 0, -595291, -499 
1721051750161.00, 0, -595289, -496 
1721051750183.00, 0, -595290, -488 
1721051750204.00, 0, -595290, -482 
1721051750225.00, 0, -595290, -475 
1721051750246.00, 0, -595290, -473 
1721051750268.00, 0, -595290, -470 
1721051750288.00, 0, -595291, -470 
1721051750310.00, 0, -595290, -465 
1721051750330.00, 0, -595290, -463 
1721051750351.00, 0, -595291, -462 
1721051750373.00, 0, -595289, -466 
1721051750394.00, 0, -595289, -463 
1721051750415.00, 0, -595290, -459 
1721051750436.00, 0, -595289, -453 
1721051750457.00, 0, -595290, -449 
1721051750484.00, 0, -595289, -447 
1721051750500.00, 0, -595289, -447 
1721051750520.00, 0, -595290, -449 
1721051750542.00, 0, -595290, -451 
1721051750563.00, 0, -595290, -453 
1721051750584.00, 0, -595289, -453 
1721051750605.00, 0, -595289, -451 
1721051750626.00, 0, -595290, -447 
1721051750647.00, 0, -595289, -444 
1721051750668.00, 0, -595289, -447 
1721051750689.00, 0, -595289, -450 
1721051750711.00, 0, -595289, -451 
1721051750732.00, 0, -595289, -445 
1721051750753.00, 0, -595289, -443 
1721051750774.00, 0, -595290, -442 
1721051750795.00, 0, -595289, -443 
1721051750816.00, 0, -595289, -445 
1721051750837.00, 0, -595288, -445 
1721051750859.00, 0, -595289, -446 
1721051750879.00, 0, -595289, -447 
1721051750900.00, 0, -595289, -448 
1721051750922.00, 0, -595289, -447 
1721051750943.00, 0, -595289, -446 
