1720698819407.00, 524, -599207, -361 
1720698819429.00, 528, -599195, -360 
1720698819450.00, 524, -599184, -359 
1720698819472.00, 516, -599173, -357 
1720698819494.00, 482, -599162, -356 
1720698819515.00, 434, -599153, -354 
1720698819536.00, 417, -599142, -354 
1720698819557.00, 387, -599132, -354 
1720698819579.00, 394, -599124, -357 
1720698819601.00, 432, -599117, -360 
1720698819623.00, 413, -599107, -360 
1720698819644.00, 444, -599097, -357 
1720698819665.00, 457, -599088, -353 
1720698819687.00, 426, -599079, -351 
1720698819709.00, 412, -599069, -353 
1720698819730.00, 404, -599060, -356 
1720698819752.00, 371, -599053, -359 
1720698819773.00, 334, -599044, -358 
1720698819795.00, 318, -599036, -357 
1720698819816.00, 351, -599030, -357 
1720698819846.00, 318, -599024, -357 
1720698819859.00, 315, -599017, -357 
1720698819881.00, 309, -599009, -354 
1720698819902.00, 267, -599004, -352 
1720698819925.00, 263, -598996, -351 
1720698819946.00, 259, -598989, -351 
1720698819967.00, 245, -598985, -353 
1720698819989.00, 245, -598980, -354 
1720698820010.00, 261, -598975, -355 
1720698820032.00, 274, -598968, -354 
1720698820058.00, 281, -598963, -352 
1720698820075.00, 271, -598957, -350 
1720698820096.00, 247, -598951, -350 
1720698820118.00, 233, -598947, -352 
1720698820140.00, 218, -598941, -353 
1720698820165.00, 226, -598936, -354 
1720698820183.00, 231, -598931, -355 
1720698820204.00, 234, -598927, -355 
1720698820226.00, 212, -598921, -356 
1720698820248.00, 191, -598916, -356 
1720698820269.00, 197, -598911, -356 
1720698820290.00, 182, -598908, -356 
1720698820312.00, 166, -598904, -357 
1720698820333.00, 178, -598901, -359 
1720698820356.00, 229, -598897, -361 
1720698820377.00, 212, -598893, -363 
1720698820398.00, 197, -598887, -364 
1720698820418.00, 176, -598883, -365 
1720698820442.00, 153, -598880, -365 
1720698820464.00, 139, -598876, -366 
1720698820485.00, 131, -598873, -367 
1720698820507.00, 116, -598869, -367 
1720698820528.00, 108, -598867, -368 
1720698820550.00, 98, -598864, -370 
1720698820571.00, 103, -598864, -371 
1720698820593.00, 112, -598861, -371 
1720698820614.00, 117, -598858, -372 
1720698820635.00, 124, -598856, -373 
1720698820657.00, 116, -598853, -374 
1720698820679.00, 115, -598851, -375 
1720698820701.00, 118, -598849, -376 
1720698820722.00, 117, -598846, -376 
1720698820743.00, 109, -598844, -375 
1720698820765.00, 101, -598842, -373 
1720698820787.00, 94, -598839, -375 
1720698820809.00, 97, -598838, -377 
1720698820830.00, 81, -598835, -379 
1720698820852.00, 83, -598834, -379 
1720698820872.00, 81, -598832, -378 
1720698820894.00, 91, -598830, -377 
1720698820916.00, 83, -598829, -376 
1720698820936.00, 74, -598827, -378 
1720698820959.00, 70, -598825, -380 
1720698820979.00, 66, -598823, -378 
1720698821002.00, 69, -598821, -376 
1720698821023.00, 62, -598821, -376 
1720698821045.00, 62, -598820, -377 
1720698821066.00, 62, -598818, -378 
1720698821087.00, 61, -598817, -378 
1720698821109.00, 68, -598816, -380 
1720698821130.00, 74, -598813, -379 
1720698821152.00, 87, -598811, -377 
1720698821173.00, 87, -598809, -375 
1720698821194.00, 75, -598808, -373 
1720698821216.00, 61, -598806, -370 
1720698821238.00, 62, -598804, -366 
1720698821259.00, 62, -598802, -365 
1720698821280.00, 62, -598801, -366 
1720698821302.00, 48, -598800, -367 
1720698821324.00, 68, -598798, -368 
1720698821345.00, 165, -598795, -361 
1720698821367.00, 287, -598790, -297 
1720698821388.00, 355, -598781, -237 
1720698821410.00, 383, -598771, -172 
1720698821431.00, 330, -598757, -105 
1720698821452.00, 264, -598747, -58 
1720698821478.00, 147, -598740, -39 
1720698821496.00, 69, -598736, -39 
1720698821517.00, 57, -598733, -35 
1720698821539.00, 66, -598732, -34 
1720698821560.00, 50, -598730, -33 
1720698821580.00, 67, -598731, -31 
1720698821603.00, 42, -598730, -27 
1720698821624.00, 58, -598730, -26 
1720698821646.00, 58, -598728, -21 
1720698821666.00, 15, -598727, -18 
1720698821688.00, 50, -598727, -18 
1720698821709.00, -3, -598727, -17 
1720698821731.00, 0, -598726, -13 
1720698821751.00, 1, -598725, -9 
1720698821772.00, 1, -598725, -5 
1720698821793.00, 25, -598722, -5 
1720698821815.00, 57, -598724, -5 
1720698821836.00, 61, -598723, -4 
1720698821857.00, 67, -598722, 6 
1720698821879.00, 67, -598722, 5 
1720698821900.00, 40, -598721, -7 
1720698821925.00, -6, -598721, 3 
1720698821942.00, 0, -598720, 5 
1720698821964.00, 37, -598719, 14 
1720698821984.00, 1045, -598717, 38 
1720698822006.00, 2878, -598694, 54 
1720698822027.00, 4975, -598631, 70 
1720698822049.00, 7290, -598525, 88 
1720698822071.00, 9926, -598368, 108 
1720698822092.00, 12665, -598157, 125 
1720698822114.00, 15033, -597882, 140 
1720698822136.00, 17213, -597554, 159 
1720698822157.00, 19894, -597177, 176 
1720698822178.00, 22580, -596749, 197 
1720698822200.00, 25203, -596265, 214 
1720698822222.00, 27823, -595730, 229 
1720698822246.00, 30180, -595126, 263 
1720698822265.00, 33957, -594467, 299 
1720698822287.00, 38316, -593739, 318 
1720698822309.00, 41851, -592922, 323 
1720698822330.00, 43973, -592024, 343 
1720698822352.00, 46459, -591060, 367 
1720698822374.00, 49494, -590051, 364 
1720698822395.00, 51180, -588989, 360 
1720698822417.00, 51961, -587876, 370 
1720698822438.00, 52999, -586749, 370 
1720698822460.00, 53562, -585608, 365 
1720698822482.00, 53408, -584444, 386 
1720698822504.00, 54471, -583288, 396 
1720698822525.00, 55967, -582110, 383 
1720698822546.00, 55917, -580886, 463 
1720698822574.00, 60762, -579679, 456 
1720698822590.00, 62945, -578356, 484 
1720698822611.00, 66012, -576984, 494 
1720698822633.00, 68736, -575564, 486 
1720698822654.00, 69823, -574066, 537 
1720698822680.00, 73450, -572555, 577 
1720698822698.00, 77887, -570963, 571 
1720698822721.00, 80292, -569284, 580 
1720698822742.00, 81879, -567545, 631 
1720698822763.00, 85851, -565769, 640 
1720698822785.00, 88987, -563895, 627 
1720698822806.00, 89889, -561973, 665 
1720698822828.00, 92619, -560030, 688 
1720698822850.00, 95573, -558016, 687 
1720698822871.00, 97432, -555949, 690 
1720698822893.00, 98647, -553836, 705 
1720698822914.00, 100058, -551696, 742 
1720698822936.00, 103186, -549516, 760 
1720698822958.00, 106108, -547267, 769 
1720698822980.00, 108378, -544954, 791 
1720698823001.00, 110785, -542602, 808 
1720698823023.00, 113482, -540177, 820 
1720698823045.00, 115609, -537715, 818 
1720698823067.00, 116828, -535194, 818 
1720698823088.00, 117361, -532648, 854 
1720698823110.00, 119822, -530094, 853 
1720698823132.00, 121169, -527479, 843 
1720698823154.00, 121455, -524840, 834 
1720698823175.00, 121267, -522204, 845 
1720698823197.00, 121506, -519577, 838 
1720698823218.00, 121145, -516927, 833 
1720698823240.00, 120725, -514292, 826 
1720698823262.00, 119958, -511659, 810 
1720698823284.00, 118430, -509060, 788 
1720698823306.00, 116194, -506488, 774 
1720698823328.00, 113833, -503961, 763 
1720698823349.00, 111630, -501478, 738 
1720698823371.00, 109042, -499045, 719 
1720698823393.00, 106174, -496679, 703 
1720698823415.00, 103698, -494372, 690 
1720698823436.00, 101424, -492116, 676 
1720698823457.00, 99148, -489918, 660 
1720698823479.00, 96828, -487765, 652 
1720698823501.00, 94916, -485671, 631 
1720698823523.00, 92516, -483616, 640 
1720698823544.00, 91572, -481600, 642 
1720698823566.00, 91261, -479612, 627 
1720698823587.00, 90016, -477649, 636 
1720698823609.00, 90008, -475690, 621 
1720698823630.00, 88866, -473747, 621 
1720698823652.00, 88365, -471812, 633 
1720698823677.00, 88883, -469896, 630 
1720698823696.00, 88786, -467977, 639 
1720698823717.00, 89524, -466047, 623 
1720698823739.00, 88759, -464112, 623 
1720698823760.00, 88155, -462185, 619 
1720698823782.00, 87871, -460270, 619 
1720698823804.00, 87578, -458370, 626 
1720698823825.00, 87863, -456477, 627 
1720698823847.00, 88102, -454577, 637 
1720698823869.00, 88994, -452662, 626 
1720698823890.00, 88610, -450745, 623 
1720698823912.00, 88252, -448818, 603 
1720698823934.00, 86723, -446910, 583 
1720698823955.00, 84694, -445038, 563 
1720698823978.00, 82227, -443203, 542 
1720698823998.00, 79559, -441424, 518 
1720698824020.00, 76551, -439699, 494 
1720698824042.00, 73427, -438053, 485 
1720698824063.00, 70925, -436461, 463 
1720698824085.00, 68006, -434936, 438 
1720698824106.00, 64708, -433454, 404 
1720698824128.00, 60784, -432061, 375 
1720698824150.00, 34041, -430749, 342 
1720698824172.00, 18126, -429984, 339 
1720698824193.00, 8712, -429575, 324 
1720698824215.00, 3197, -429380, 286 
1720698824236.00, 1, -429305, 259 
1720698824258.00, -1469, -429299, 218 
1720698824279.00, -837, -429325, 175 
1720698824300.00, -472, -429345, 132 
1720698824322.00, -299, -429358, 85 
1720698824343.00, -204, -429370, 37 
1720698824364.00, -161, -429383, -7 
1720698824386.00, -150, -429391, -55 
1720698824407.00, -3362, -429398, -104 
1720698824429.00, -8221, -429473, -152 
1720698824450.00, -14270, -429649, -206 
1720698824472.00, -20691, -429952, -270 
1720698824493.00, -28369, -430397, -298 
1720698824515.00, -34787, -431012, -315 
1720698824537.00, -39401, -431763, -333 
1720698824558.00, -43555, -432608, -311 
1720698824580.00, -44470, -433552, -431 
1720698824602.00, -52320, -434523, -377 
1720698824623.00, -53680, -435651, -416 
1720698824645.00, -56784, -436811, -440 
1720698824667.00, -60030, -438057, -467 
1720698824688.00, -63644, -439351, -493 
1720698824710.00, -67378, -440729, -520 
1720698824731.00, -71080, -442192, -541 
1720698824753.00, -74445, -443731, -543 
1720698824775.00, -76537, -445356, -560 
1720698824797.00, -78846, -447008, -592 
1720698824818.00, -82133, -448716, -607 
1720698824840.00, -84944, -450503, -620 
1720698824862.00, -87180, -452350, -643 
1720698824883.00, -90088, -454245, -665 
1720698824904.00, -93117, -456179, -694 
1720698824926.00, -96521, -458215, -703 
1720698824948.00, -99020, -460307, -721 
1720698824969.00, -101548, -462444, -748 
1720698824991.00, -104696, -464663, -742 
1720698825013.00, -106244, -466940, -741 
1720698825034.00, -107068, -469248, -760 
1720698825057.00, -108541, -471582, -759 
1720698825078.00, -109352, -473941, -756 
1720698825100.00, -109385, -476324, -792 
1720698825121.00, -111509, -478708, -806 
1720698825144.00, -113529, -481130, -770 
1720698825165.00, -112772, -483622, -791 
1720698825187.00, -113459, -486075, -835 
1720698825214.00, -116623, -488535, -797 
1720698825231.00, -116173, -491080, -784 
1720698825252.00, -115118, -493613, -792 
1720698825274.00, -114760, -496098, -812 
1720698825295.00, -115625, -498594, -822 
1720698825317.00, -116779, -501128, -802 
1720698825339.00, -116033, -503669, -767 
1720698825361.00, -113703, -506182, -726 
1720698825383.00, -109733, -508664, -750 
1720698825404.00, -108719, -511045, -734 
1720698825426.00, -107170, -513410, -708 
1720698825447.00, -104976, -515742, -722 
1720698825469.00, -104375, -518026, -766 
1720698825492.00, -106631, -520300, -738 
1720698825513.00, -106244, -522606, -711 
1720698825534.00, -104402, -524922, -755 
1720698825556.00, -105752, -527195, -788 
1720698825578.00, -108520, -529498, -733 
1720698825600.00, -107139, -531848, -694 
1720698825622.00, -103889, -534187, -752 
1720698825644.00, -105299, -536448, -741 
1720698825664.00, -105582, -538725, -733 
1720698825687.00, -105199, -541022, -779 
1720698825708.00, -107433, -543325, -848 
1720698825730.00, -112940, -545665, -843 
1720698825751.00, -116034, -548117, -842 
1720698825773.00, -117799, -550651, -811 
1720698825795.00, -116662, -553215, -809 
1720698825816.00, -116126, -555753, -754 
1720698825838.00, -112597, -558271, -698 
1720698825862.00, -106898, -560713, -732 
1720698825882.00, -105403, -563026, -708 
1720698825903.00, -103131, -565330, -653 
1720698825926.00, -98694, -567564, -664 
1720698825947.00, -96549, -569702, -670 
1720698825969.00, -95651, -571785, -607 
1720698825990.00, -91335, -573860, -622 
1720698826012.00, -89615, -575846, -655 
1720698826034.00, -90450, -577776, -593 
1720698826055.00, -87645, -579721, -546 
1720698826077.00, -82932, -581633, -584 
1720698826098.00, -82031, -583429, -596 
1720698826120.00, -82472, -585203, -524 
1720698826142.00, -78583, -586984, -490 
1720698826164.00, -74025, -588690, -581 
1720698826188.00, -76768, -590294, -555 
1720698826206.00, -76838, -591960, -507 
1720698826228.00, -74113, -593623, -505 
1720698826250.00, -41841, -595214, -506 
1720698826271.00, -22523, -596133, -416 
1720698826296.00, -11250, -596644, -414 
1720698826315.00, -4512, -596900, -433 
1720698826336.00, -486, -597008, -426 
1720698826357.00, 1299, -597020, -355 
1720698826379.00, 2498, -596998, -235 
1720698826401.00, 3543, -596943, -182 
1720698826423.00, 3947, -596867, -107 
1720698826443.00, 4212, -596774, -24 
1720698826466.00, 4103, -596680, 33 
1720698826487.00, 6046, -596583, 95 
1720698826509.00, 11075, -596446, 145 
1720698826530.00, 16938, -596212, 192 
1720698826552.00, 23194, -595854, 244 
1720698826574.00, 29925, -595355, 300 
1720698826595.00, 37392, -594713, 338 
1720698826617.00, 44516, -593905, 377 
1720698826639.00, 50461, -592950, 495 
1720698826660.00, 61078, -591864, 524 
1720698826681.00, 69112, -590532, 541 
1720698826703.00, 74774, -589044, 555 
1720698826726.00, 78725, -587419, 589 
1720698826747.00, 83430, -585706, 605 
1720698826768.00, 86905, -583902, 622 
1720698826790.00, 90012, -582019, 664 
1720698826811.00, 94438, -580058, 673 
1720698826833.00, 97308, -578018, 679 
1720698826855.00, 99193, -575910, 713 
1720698826877.00, 102649, -573755, 742 
1720698826898.00, 106061, -571521, 763 
1720698826921.00, 109405, -569212, 775 
1720698826941.00, 111995, -566825, 810 
1720698826964.00, 115544, -564381, 848 
1720698826985.00, 119892, -561866, 856 
1720698827007.00, 122751, -559266, 853 
1720698827029.00, 124415, -556579, 873 
1720698827051.00, 126495, -553875, 904 
1720698827072.00, 129354, -551120, 908 
1720698827094.00, 131554, -548299, 918 
1720698827116.00, 133144, -545445, 926 
1720698827137.00, 134468, -542547, 921 
1720698827159.00, 134903, -539626, 919 
1720698827181.00, 135015, -536679, 933 
1720698827203.00, 135754, -533745, 942 
1720698827224.00, 136762, -530790, 964 
1720698827246.00, 138561, -527802, 968 
1720698827267.00, 139780, -524790, 987 
1720698827290.00, 141699, -521745, 993 
1720698827311.00, 143166, -518662, 991 
1720698827333.00, 143860, -515552, 997 
1720698827354.00, 144619, -512414, 978 
1720698827377.00, 143738, -509277, 965 
1720698827398.00, 142319, -506161, 959 
1720698827420.00, 141051, -503060, 950 
1720698827441.00, 139682, -499994, 938 
1720698827464.00, 137975, -496958, 912 
1720698827485.00, 135403, -493955, 907 
1720698827506.00, 133595, -491005, 896 
1720698827528.00, 131760, -488096, 873 
1720698827550.00, 129368, -485235, 857 
1720698827572.00, 127002, -482423, 858 
1720698827594.00, 125725, -479663, 848 
1720698827616.00, 124368, -476941, 854 
1720698827637.00, 123573, -474241, 843 
1720698827659.00, 122356, -471551, 811 
1720698827681.00, 119862, -468885, 790 
1720698827702.00, 117057, -466284, 763 
1720698827724.00, 113880, -463743, 708 
1720698827745.00, 108417, -461286, 670 
1720698827767.00, 102886, -458931, 628 
1720698827789.00, 96963, -456703, 595 
1720698827811.00, 91493, -454609, 569 
1720698827832.00, 86815, -452622, 547 
1720698827854.00, 82411, -450747, 528 
1720698827875.00, 78745, -448960, 509 
1720698827897.00, 75361, -447255, 486 
1720698827918.00, 72246, -445621, 471 
1720698827941.00, 69216, -444062, 477 
1720698827962.00, 67861, -442562, 486 
1720698827983.00, 67743, -441089, 494 
1720698828005.00, 68076, -439621, 491 
1720698828026.00, 67985, -438155, 471 
1720698828049.00, 66831, -436672, 436 
1720698828071.00, 64032, -435230, 424 
1720698828091.00, 61795, -433837, 411 
1720698828113.00, 59621, -432507, 394 
1720698828135.00, 33615, -431232, 361 
1720698828157.00, 17948, -430472, 350 
1720698828178.00, 8680, -430067, 328 
1720698828200.00, 3375, -429869, 307 
1720698828221.00, 57, -429794, 286 
1720698828242.00, -1328, -429788, 250 
1720698828264.00, -2491, -429809, 191 
1720698828286.00, -3168, -429861, 142 
1720698828307.00, -3377, -429933, 107 
1720698828328.00, -3571, -430007, 68 
1720698828350.00, -3566, -430088, 30 
1720698828373.00, -3708, -430169, -1 
1720698828393.00, -3661, -430251, -37 
1720698828414.00, -5733, -430334, -74 
1720698828436.00, -9277, -430457, -96 
1720698828457.00, -12494, -430654, -106 
1720698828478.00, -15219, -430926, -121 
1720698828500.00, -17449, -431256, -130 
1720698828522.00, -19339, -431638, -148 
1720698828544.00, -21493, -432054, -165 
1720698828565.00, -23793, -432514, -175 
1720698828587.00, -25762, -433027, -184 
1720698828609.00, -27442, -433583, -202 
1720698828631.00, -28033, -434180, -215 
1720698828652.00, -28889, -434793, -235 
1720698828674.00, -30433, -435418, -252 
1720698828695.00, -32336, -436076, -263 
1720698828717.00, -34542, -436777, -269 
1720698828739.00, -36144, -437530, -287 
1720698828760.00, -37881, -438317, -295 
1720698828781.00, -39416, -439136, -292 
1720698828806.00, -40211, -439987, -303 
1720698828825.00, -41249, -440863, -312 
1720698828847.00, -42393, -441767, -322 
1720698828869.00, -43855, -442681, -330 
1720698828890.00, -45344, -443635, -343 
1720698828912.00, -46771, -444620, -275 
1720698828933.00, -43612, -445636, -423 
1720698828955.00, -50640, -446584, -372 
1720698828977.00, -51823, -447678, -389 
1720698828998.00, -53343, -448791, -390 
1720698829020.00, -54701, -449949, -378 
1720698829041.00, -54427, -451144, -380 
1720698829063.00, -54484, -452322, -390 
1720698829085.00, -55021, -453497, -389 
1720698829106.00, -55274, -454699, -391 
1720698829128.00, -55530, -455881, -395 
1720698829150.00, -55910, -457090, -411 
1720698829172.00, -57063, -458312, -413 
1720698829193.00, -58300, -459542, -407 
1720698829214.00, -58260, -460807, -421 
1720698829236.00, -59166, -462063, -437 
1720698829258.00, -60503, -463336, -418 
1720698829280.00, -60196, -464657, -426 
1720698829301.00, -60712, -465953, -423 
1720698829323.00, -60549, -467280, -434 
1720698829345.00, -61111, -468586, -433 
1720698829366.00, -61461, -469908, -428 
1720698829388.00, -61334, -471251, -443 
1720698829409.00, -62179, -472566, -441 
1720698829431.00, -62462, -473921, -449 
1720698829453.00, -63042, -475273, -460 
1720698829475.00, -64149, -476650, -458 
1720698829496.00, -64671, -478039, -472 
1720698829517.00, -65799, -479434, -467 
1720698829539.00, -66045, -480863, -482 
1720698829561.00, -67268, -482287, -493 
1720698829582.00, -68698, -483760, -515 
1720698829604.00, -70980, -485245, -526 
1720698829625.00, -72745, -486784, -521 
1720698829647.00, -73367, -488346, -522 
1720698829668.00, -73933, -489943, -512 
1720698829690.00, -73546, -491543, -529 
1720698829711.00, -74312, -493146, -523 
1720698829733.00, -74394, -494751, -521 
1720698829755.00, -74253, -496361, -515 
1720698829777.00, -73776, -497971, -535 
1720698829799.00, -74848, -499580, -518 
1720698829820.00, -74426, -501200, -523 
1720698829842.00, -74342, -502818, -527 
1720698829864.00, -74457, -504424, -547 
1720698829884.00, -75896, -506036, -511 
1720698829911.00, -74616, -507684, -513 
1720698829929.00, -73843, -509304, -517 
1720698829950.00, -73529, -510910, -534 
1720698829972.00, -74572, -512501, -510 
1720698829993.00, -73623, -514111, -531 
1720698830018.00, -74227, -515709, -531 
1720698830036.00, -74545, -517333, -538 
1720698830058.00, -75219, -518949, -511 
1720698830080.00, -74008, -520578, -539 
1720698830101.00, -74882, -522179, -532 
1720698830123.00, -75055, -523810, -547 
1720698830145.00, -76258, -525440, -525 
1720698830167.00, -75544, -527093, -550 
1720698830188.00, -76557, -528724, -532 
1720698830209.00, -75986, -530381, -543 
1720698830233.00, -76401, -532034, -546 
1720698830253.00, -76653, -533695, -555 
1720698830275.00, -77517, -535354, -536 
1720698830296.00, -76985, -537036, -554 
1720698830318.00, -77689, -538698, -551 
1720698830341.00, -77892, -540378, -564 
1720698830361.00, -78754, -542074, -534 
1720698830383.00, -77471, -543776, -550 
1720698830405.00, -77477, -545450, -540 
1720698830426.00, -76998, -547122, -542 
1720698830452.00, -76653, -548802, -533 
1720698830470.00, -76009, -550467, -540 
1720698830491.00, -75979, -552117, -526 
1720698830513.00, -75176, -553755, -526 
1720698830535.00, -74813, -555393, -525 
1720698830559.00, -74549, -557014, -513 
1720698830578.00, -73490, -558628, -491 
1720698830600.00, -71693, -560220, -494 
1720698830621.00, -70685, -561772, -485 
1720698830642.00, -69618, -563292, -461 
1720698830665.00, -67680, -564801, -424 
1720698830686.00, -64094, -566269, -444 
1720698830707.00, -63181, -567657, -440 
1720698830729.00, -62436, -569033, -428 
1720698830751.00, -61299, -570374, -424 
1720698830774.00, -60224, -571697, -429 
1720698830795.00, -60311, -573006, -411 
1720698830815.00, -58824, -574313, -392 
1720698830837.00, -57086, -575596, -395 
1720698830859.00, -56198, -576818, -370 
1720698830883.00, -53957, -578033, -361 
1720698830902.00, -52125, -579205, -363 
1720698830923.00, -51199, -580330, -346 
1720698830946.00, -49718, -581448, -317 
1720698830967.00, -46851, -582526, -322 
1720698830989.00, -45760, -583545, -318 
1720698831010.00, -44773, -584535, -298 
1720698831032.00, -43138, -585506, -284 
1720698831053.00, -41168, -586430, -279 
1720698831075.00, -39713, -587329, -272 
1720698831097.00, -38294, -588192, -262 
1720698831118.00, -37100, -589025, -233 
1720698831140.00, -34702, -589825, -202 
1720698831162.00, -31392, -590573, -196 
1720698831183.00, -28882, -591258, -184 
1720698831205.00, -26797, -591888, -147 
1720698831227.00, -23425, -592468, -130 
1720698831249.00, -20639, -592977, -133 
1720698831270.00, -10665, -593420, -125 
1720698831291.00, -4781, -593666, -114 
1720698831313.00, -1337, -593783, -112 
1720698831334.00, 11, -593816, -114 
1720698831356.00, 987, -593819, -123 
1720698831377.00, 1653, -593806, -132 
1720698831400.00, 2008, -593775, -146 
1720698831421.00, 2314, -593731, -167 
1720698831443.00, 2554, -593682, -171 
1720698831464.00, 2654, -593625, -157 
1720698831486.00, 2716, -593565, -138 
1720698831507.00, 2684, -593509, -142 
1720698831530.00, 2594, -593450, -140 
1720698831551.00, 2596, -593393, -128 
1720698831572.00, 2580, -593337, -117 
1720698831594.00, 2477, -593282, -114 
1720698831616.00, 2473, -593227, -100 
1720698831637.00, 2410, -593175, -98 
1720698831659.00, 2317, -593121, -84 
1720698831680.00, 2146, -593069, -70 
1720698831702.00, 2036, -593021, -53 
1720698831724.00, 2154, -592976, -48 
1720698831745.00, 1993, -592931, -42 
1720698831766.00, 1914, -592885, -37 
1720698831788.00, 1934, -592846, -37 
1720698831810.00, 1902, -592805, -36 
1720698831831.00, 1880, -592765, -32 
1720698831853.00, 1763, -592725, -25 
1720698831874.00, 1671, -592686, -22 
1720698831895.00, 290, -592649, -19 
1720698831917.00, 0, -592643, -13 
1720698831938.00, -64, -592641, -1 
1720698831959.00, 166, -592642, 12 
1720698831981.00, 1442, -592637, 18 
1720698832002.00, 2492, -592608, 17 
1720698832024.00, 3107, -592555, 11 
1720698832045.00, 3108, -592490, 12 
1720698832067.00, 3191, -592424, 11 
1720698832088.00, 3083, -592356, 8 
1720698832110.00, 2299, -592289, 6 
1720698832131.00, 1810, -592237, -6 
1720698832152.00, 1491, -592199, -8 
1720698832174.00, 1359, -592166, -20 
1720698832196.00, 1, -592139, -14 
1720698832217.00, -33, -592136, 5 
1720698832238.00, 28, -592136, 16 
1720698832259.00, 1315, -592135, 18 
1720698832281.00, 2362, -592107, 26 
1720698832302.00, 3504, -592057, 64 
1720698832324.00, 6517, -591980, 127 
1720698832346.00, 11820, -591840, 162 
1720698832367.00, 17051, -591583, 172 
1720698832388.00, 20771, -591211, 187 
1720698832410.00, 23778, -590762, 200 
1720698832432.00, 26491, -590244, 203 
1720698832453.00, 28332, -589676, 194 
1720698832475.00, 28838, -589073, 183 
1720698832497.00, 28278, -588454, 153 
1720698832519.00, 26176, -587846, 96 
1720698832540.00, 21547, -587280, 63 
1720698832561.00, 16536, -586815, 27 
1720698832583.00, 11430, -586450, -12 
1720698832604.00, 6193, -586200, -58 
1720698832626.00, 114, -586066, -91 
1720698832648.00, -4993, -586052, -109 
1720698832670.00, -9322, -586148, -141 
1720698832690.00, -14090, -586345, -204 
1720698832713.00, -20499, -586646, -272 
1720698832734.00, -28509, -587087, -317 
1720698832755.00, -36028, -587696, -341 
1720698832777.00, -41994, -588471, -387 
1720698832799.00, -48220, -589372, -460 
1720698832820.00, -56032, -590409, -526 
1720698832842.00, -64755, -591634, -544 
1720698832864.00, -71241, -593033, -522 
1720698832885.00, -42295, -594556, -515 
1720698832907.00, -24467, -595495, -581 
1720698832929.00, -14025, -596044, -565 
1720698832950.00, -7869, -596353, -530 
1720698832972.00, -4300, -596527, -512 
1720698832993.00, -2054, -596621, -481 
1720698833015.00, -799, -596668, -438 
1720698833036.00, -41, -596682, -403 
1720698833057.00, -1, -596686, -386 
1720698833079.00, 57, -596684, -387 
1720698833101.00, 0, -596685, -373 
1720698833121.00, 0, -596683, -337 
1720698833143.00, 39, -596681, -298 
1720698833165.00, 0, -596681, -272 
1720698833185.00, 0, -596681, -264 
1720698833206.00, 0, -596680, -262 
1720698833228.00, 1, -596678, -246 
1720698833250.00, 20, -596678, -223 
1720698833271.00, 0, -596677, -206 
1720698833293.00, 0, -596677, -207 
1720698833314.00, 0, -596678, -208 
1720698833335.00, 0, -596677, -207 
1720698833356.00, -26, -596677, -197 
1720698833378.00, 0, -596677, -184 
1720698833399.00, 28, -596676, -176 
1720698833420.00, 0, -596676, -181 
1720698833441.00, 0, -596676, -180 
1720698833463.00, 0, -596675, -173 
1720698833485.00, 0, -596675, -177 
1720698833506.00, 0, -596676, -189 
1720698833527.00, -3, -596676, -187 
1720698833548.00, 0, -596676, -188 
1720698833569.00, 0, -596676, -193 
1720698833590.00, 0, -596675, -192 
1720698833611.00, 0, -596676, -190 
1720698833633.00, 0, -596677, -200 
1720698833654.00, 0, -596676, -201 
1720698833676.00, 0, -596677, -200 
1720698833697.00, -14, -596677, -211 
1720698833718.00, 0, -596677, -218 
1720698833740.00, 0, -596678, -225 
1720698833761.00, 0, -596676, -230 
1720698833782.00, 0, -596677, -235 
1720698833804.00, 3, -596678, -245 
1720698833824.00, 0, -596679, -271 
1720698833847.00, 0, -596680, -290 
1720698833868.00, 0, -596680, -295 
1720698833888.00, 0, -596681, -299 
1720698833910.00, 0, -596680, -307 
1720698833931.00, 0, -596680, -310 
1720698833957.00, 0, -596681, -309 
1720698833974.00, 0, -596681, -311 
1720698833995.00, 0, -596681, -316 
1720698834016.00, 0, -596681, -322 
1720698834038.00, 0, -596682, -326 
1720698834059.00, 0, -596682, -325 
1720698834081.00, 0, -596682, -319 
1720698834102.00, 4, -596682, -316 
1720698834123.00, 2, -596681, -313 
1720698834144.00, 0, -596682, -309 
1720698834166.00, 22, -596682, -307 
1720698834187.00, 0, -596682, -310 
1720698834209.00, -38, -596682, -311 
1720698834230.00, 0, -596681, -312 
1720698834250.00, 0, -596682, -313 
1720698834276.00, 0, -596681, -313 
1720698834294.00, 0, -596681, -317 
1720698834314.00, 0, -596681, -324 
1720698834336.00, 0, -596682, -330 
1720698834358.00, 6, -596682, -338 
1720698834378.00, 0, -596683, -344 
1720698834400.00, 0, -596682, -343 
1720698834422.00, -17, -596683, -333 
1720698834443.00, 4, -596682, -322 
1720698834464.00, -57, -596682, -315 
1720698834485.00, 0, -596683, -312 
1720698834506.00, 0, -596683, -311 
1720698834528.00, 0, -596683, -311 
1720698834549.00, 0, -596682, -313 
1720698834571.00, 0, -596683, -317 
1720698834592.00, 0, -596683, -320 
1720698834613.00, 0, -596683, -319 
1720698834634.00, 0, -596683, -318 
1720698834656.00, 0, -596683, -320 
1720698834677.00, 0, -596682, -317 
1720698834698.00, 0, -596683, -311 
1720698834719.00, 0, -596682, -307 
1720698834741.00, 0, -596682, -301 
1720698834762.00, 0, -596682, -297 
1720698834784.00, 0, -596683, -297 
1720698834805.00, 0, -596683, -300 
1720698834826.00, 0, -596682, -302 
1720698834847.00, 0, -596683, -307 
1720698834868.00, 0, -596682, -314 
1720698834890.00, 0, -596682, -317 
1720698834911.00, 0, -596682, -319 
1720698834934.00, 0, -596682, -319 
1720698834953.00, 0, -596683, -316 
1720698834974.00, 0, -596682, -310 
1720698834996.00, 0, -596682, -307 
1720698835018.00, 0, -596682, -306 
1720698835043.00, 0, -596682, -304 
1720698835061.00, 0, -596682, -303 
1720698835082.00, 0, -596683, -302 
1720698835103.00, 0, -596682, -305 
1720698835124.00, 0, -596683, -305 
1720698835149.00, 0, -596682, -303 
1720698835166.00, 0, -596681, -302 
1720698835188.00, 0, -596682, -301 
1720698835209.00, 0, -596682, -299 
1720698835230.00, 0, -596682, -297 
1720698835252.00, 0, -596683, -296 
1720698835272.00, 0, -596682, -299 
1720698835295.00, 0, -596683, -299 
1720698835315.00, 0, -596682, -299 
1720698835337.00, 0, -596682, -299 
1720698835358.00, 0, -596682, -300 
1720698835380.00, 0, -596683, -302 
1720698835401.00, 0, -596682, -303 
1720698835422.00, 0, -596682, -304 
1720698835443.00, 0, -596682, -306 
1720698835465.00, 0, -596683, -305 
1720698835486.00, 0, -596683, -304 
1720698835507.00, 0, -596682, -305 
1720698835528.00, 0, -596682, -307 
1720698835550.00, 0, -596682, -306 
1720698835571.00, 0, -596682, -304 
1720698835593.00, 0, -596682, -304 
1720698835613.00, 0, -596683, -304 
1720698835635.00, 0, -596683, -306 
1720698835656.00, 0, -596682, -305 
1720698835678.00, 0, -596683, -303 
1720698835698.00, 0, -596683, -303 
1720698835720.00, 0, -596683, -303 
1720698835742.00, 0, -596682, -303 
1720698835763.00, 0, -596682, -302 
1720698835784.00, 0, -596682, -302 
1720698835805.00, 0, -596682, -302 
1720698835827.00, 0, -596683, -302 
1720698835848.00, 0, -596683, -302 
1720698835869.00, 0, -596682, -302 
1720698835890.00, 0, -596682, -304 
1720698835917.00, 0, -596683, -305 
1720698835933.00, 0, -596682, -305 
1720698835954.00, 0, -596682, -304 
1720698835975.00, 0, -596683, -304 
1720698835996.00, 0, -596682, -303 
1720698836018.00, 0, -596683, -303 
1720698836039.00, 0, -596683, -303 
1720698836061.00, 0, -596683, -302 
1720698836082.00, 0, -596683, -302 
1720698836103.00, 0, -596683, -303 
1720698836125.00, 0, -596682, -305 
1720698836147.00, 0, -596682, -306 
1720698836167.00, 0, -596682, -305 
1720698836189.00, 0, -596682, -305 
1720698836209.00, 0, -596682, -307 
1720698836231.00, 0, -596683, -309 
1720698836255.00, 0, -596682, -308 
1720698836273.00, 0, -596682, -309 
1720698836294.00, 0, -596683, -309 
1720698836316.00, 0, -596683, -307 
1720698836339.00, 0, -596682, -304 
1720698836360.00, 0, -596683, -304 
1720698836380.00, 0, -596682, -307 
1720698836401.00, 0, -596683, -308 
1720698836423.00, 0, -596682, -307 
1720698836444.00, 0, -596682, -307 
1720698836465.00, 0, -596681, -307 
1720698836486.00, 0, -596682, -308 
1720698836508.00, 0, -596682, -307 
1720698836529.00, 0, -596684, -306 
1720698836550.00, 0, -596682, -307 
1720698836576.00, 21, -596683, -306 
1720698836600.00, -2, -596683, -307 
1720698836614.00, 0, -596682, -307 
1720698836635.00, -15, -596683, -306 
1720698836667.00, 0, -596683, -307 
1720698836682.00, 0, -596683, -308 
1720698836699.00, 0, -596683, -308 
1720698836721.00, 0, -596683, -306 
1720698836742.00, 0, -596682, -304 
1720698836763.00, 0, -596681, -303 
1720698836784.00, 0, -596682, -304 
1720698836806.00, -1, -596682, -304 
1720698836827.00, -42, -596682, -304 
1720698836848.00, 0, -596682, -304 
1720698836869.00, 0, -596682, -305 
1720698836891.00, 0, -596682, -306 
1720698836913.00, 0, -596682, -309 
1720698836934.00, 0, -596683, -311 
1720698836954.00, 0, -596683, -313 
1720698836976.00, 0, -596683, -315 
1720698836998.00, 0, -596682, -316 
1720698837019.00, 0, -596683, -317 
1720698837040.00, 0, -596682, -318 
1720698837062.00, 0, -596683, -317 
1720698837083.00, -4, -596683, -316 
1720698837104.00, -29, -596682, -315 
1720698837126.00, 0, -596683, -315 
1720698837146.00, 0, -596683, -315 
1720698837168.00, 0, -596682, -317 
1720698837189.00, 0, -596683, -319 
1720698837211.00, 0, -596683, -318 
1720698837235.00, 0, -596683, -317 
1720698837253.00, 0, -596683, -317 
1720698837274.00, 0, -596683, -316 
1720698837296.00, 0, -596683, -315 
1720698837317.00, 0, -596682, -314 
1720698837342.00, 0, -596683, -313 
1720698837359.00, 0, -596682, -314 
1720698837381.00, 0, -596683, -314 
1720698837402.00, 0, -596683, -315 
1720698837423.00, 0, -596683, -315 
1720698837445.00, 0, -596682, -314 
1720698837466.00, 0, -596683, -313 
1720698837488.00, 0, -596682, -313 
1720698837508.00, 0, -596683, -311 
1720698837529.00, 0, -596683, -310 
1720698837551.00, 0, -596681, -311 
1720698837572.00, 0, -596682, -313 
1720698837593.00, 0, -596682, -315 
1720698837615.00, 0, -596684, -318 
1720698837636.00, 0, -596682, -320 
1720698837658.00, 0, -596683, -322 
1720698837679.00, 0, -596683, -323 
1720698837700.00, 0, -596683, -321 
1720698837721.00, 0, -596682, -320 
1720698837743.00, 0, -596683, -319 
1720698837764.00, 0, -596683, -320 
1720698837785.00, 0, -596684, -320 
1720698837806.00, 0, -596683, -321 
1720698837828.00, 0, -596683, -322 
1720698837849.00, 0, -596682, -323 
1720698837870.00, 0, -596683, -323 
1720698837891.00, 0, -596683, -322 
1720698837912.00, 0, -596683, -321 
1720698837934.00, 0, -596682, -322 
1720698837956.00, 0, -596683, -325 
1720698837977.00, 0, -596683, -331 
1720698837998.00, 0, -596683, -439 
1720698838019.00, 0, -596682, -439 
1720698838041.00, 0, -596682, -438 
1720698838062.00, 0, -596681, -433 
1720698838083.00, 0, -596682, -427 
1720698838107.00, 0, -596682, -422 
1720698838125.00, 0, -596683, -421 
1720698838146.00, 0, -596683, -421 
1720698838167.00, 0, -596682, -423 
1720698838188.00, 0, -596683, -426 
1720698838210.00, 0, -596682, -429 
1720698838231.00, 0, -596682, -432 
1720698838252.00, 0, -596682, -434 
1720698838273.00, 0, -596682, -433 
1720698838294.00, 0, -596681, -433 
1720698838315.00, 0, -596683, -431 
1720698838336.00, 0, -596681, -430 
1720698838357.00, 0, -596682, -428 
1720698838379.00, 0, -596682, -425 
1720698838399.00, 0, -596682, -423 
1720698838420.00, 0, -596682, -422 
1720698838442.00, 0, -596681, -423 
1720698838463.00, 0, -596682, -428 
1720698838483.00, 0, -596683, -430 
1720698838505.00, 0, -596681, -430 
1720698838525.00, 0, -596681, -428 
1720698838547.00, 0, -596683, -426 
1720698838569.00, 0, -596682, -423 
1720698838589.00, 0, -596682, -420 
1720698838611.00, 0, -596682, -418 
1720698838632.00, 0, -596682, -418 
1720698838653.00, 0, -596682, -419 
1720698838673.00, 0, -596682, -418 
1720698838695.00, 0, -596683, -417 
1720698838716.00, 0, -596682, -417 
1720698838737.00, 0, -596682, -419 
1720698838762.00, 0, -596682, -421 
1720698838779.00, 0, -596681, -422 
1720698838800.00, 0, -596681, -422 
1720698838821.00, 0, -596683, -422 
1720698838843.00, 0, -596682, -422 
1720698838864.00, 0, -596682, -421 
1720698838886.00, 0, -596682, -421 
1720698838906.00, 0, -596682, -420 
1720698838927.00, 0, -596682, -420 
1720698838948.00, 0, -596682, -420 
1720698838970.00, 0, -596682, -419 
1720698838990.00, 0, -596682, -420 
1720698839011.00, 0, -596682, -421 
1720698839033.00, 0, -596682, -422 
1720698839055.00, 0, -596683, -424 
1720698839075.00, 0, -596681, -423 
