1718795331265.00, 0, -593709, -330 
1718795331287.00, 0, -593709, -329 
1718795331309.00, 0, -593707, -329 
1718795331330.00, 0, -593708, -330 
1718795331351.00, 0, -593707, -332 
1718795331374.00, 15, -593707, -333 
1718795331394.00, 0, -593708, -334 
1718795331415.00, 50, -593707, -336 
1718795331437.00, 0, -593709, -337 
1718795331457.00, 0, -593707, -337 
1718795331479.00, 11, -593707, -337 
1718795331500.00, -3, -593708, -336 
1718795331522.00, 1, -593707, -334 
1718795331543.00, 0, -593708, -332 
1718795331565.00, 68, -593707, -331 
1718795331586.00, 0, -593707, -331 
1718795331607.00, 0, -593706, -331 
1718795331629.00, 0, -593707, -330 
1718795331650.00, 0, -593706, -329 
1718795331671.00, 65, -593706, -328 
1718795331696.00, 41, -593706, -326 
1718795331714.00, 44, -593706, -325 
1718795331735.00, 60, -593705, -324 
1718795331757.00, -1, -593705, -323 
1718795331778.00, 65, -593705, -320 
1718795331800.00, 46, -593705, -317 
1718795331821.00, 17, -593702, -315 
1718795331843.00, 17, -593703, -314 
1718795331863.00, 42, -593702, -314 
1718795331885.00, -3, -593702, -312 
1718795331909.00, 42, -593702, -310 
1718795331928.00, -1, -593702, -310 
1718795331950.00, 0, -593701, -311 
1718795331970.00, 0, -593701, -310 
1718795331991.00, 32, -593702, -309 
1718795332014.00, -5, -593701, -308 
1718795332035.00, 0, -593700, -307 
1718795332056.00, 0, -593701, -306 
1718795332077.00, 0, -593699, -304 
1718795332099.00, 17, -593699, -304 
1718795332120.00, 7, -593699, -304 
1718795332144.00, 0, -593699, -304 
1718795332163.00, 0, -593698, -302 
1718795332183.00, 0, -593698, -300 
1718795332205.00, 0, -593699, -300 
1718795332226.00, 0, -593698, -297 
1718795332248.00, 0, -593698, -296 
1718795332269.00, 44, -593698, -295 
1718795332291.00, 0, -593698, -296 
1718795332311.00, 1, -593697, -296 
1718795332333.00, 1, -593698, -296 
1718795332355.00, 0, -593698, -294 
1718795332376.00, 0, -593697, -290 
1718795332397.00, 0, -593695, -286 
1718795332418.00, 0, -593696, -284 
1718795332440.00, 0, -593695, -283 
1718795332461.00, 0, -593695, -280 
1718795332482.00, 0, -593695, -278 
1718795332503.00, 0, -593695, -277 
1718795332525.00, 0, -593694, -274 
1718795332546.00, 24, -593695, -273 
1718795332569.00, 0, -593694, -270 
1718795332589.00, -5, -593694, -268 
1718795332610.00, 0, -593694, -266 
1718795332631.00, 0, -593693, -263 
1718795332653.00, 0, -593692, -262 
1718795332675.00, 0, -593693, -260 
1718795332695.00, 0, -593691, -257 
1718795332717.00, 67, -593692, -254 
1718795332738.00, 1, -593692, -248 
1718795332759.00, -4, -593691, -242 
1718795332780.00, 1, -593691, -237 
1718795332802.00, 10, -593690, -231 
1718795332824.00, -5, -593689, -220 
1718795332845.00, -5, -593687, -205 
1718795332867.00, 7, -593686, -189 
1718795332888.00, 44, -593684, -177 
1718795332909.00, 61, -593683, -168 
1718795332931.00, 63, -593681, -158 
1718795332952.00, 95, -593679, -147 
1718795332974.00, 116, -593677, -133 
1718795332995.00, 114, -593674, -122 
1718795333017.00, 107, -593670, -112 
1718795333038.00, 99, -593666, -89 
1718795333059.00, 91, -593662, -66 
1718795333081.00, 83, -593658, -45 
1718795333102.00, 103, -593654, -18 
1718795333124.00, 112, -593652, 18 
1718795333145.00, 1244, -593646, 45 
1718795333167.00, 3481, -593618, 63 
1718795333188.00, 6095, -593543, 78 
1718795333210.00, 8379, -593417, 101 
1718795333231.00, 11277, -593237, 122 
1718795333252.00, 13825, -592997, 129 
1718795333275.00, 15943, -592697, 127 
1718795333296.00, 16854, -592356, 133 
1718795333318.00, 17892, -591989, 136 
1718795333340.00, 18472, -591599, 126 
1718795333361.00, 18352, -591196, 105 
1718795333383.00, 16830, -590797, 79 
1718795333404.00, 14926, -590424, 67 
1718795333428.00, 12956, -590104, 69 
1718795333447.00, 11586, -589823, 73 
1718795333469.00, 11055, -589568, 65 
1718795333491.00, 10727, -589332, 48 
1718795333512.00, 9250, -589109, 27 
1718795333533.00, 7183, -588914, 2 
1718795333555.00, 4186, -588766, -31 
1718795333577.00, 272, -588679, -66 
1718795333598.00, -3501, -588669, -111 
1718795333619.00, -8650, -588736, -171 
1718795333640.00, -15552, -588922, -231 
1718795333666.00, -23464, -589251, -275 
1718795333684.00, -30553, -589747, -306 
1718795333706.00, -36870, -590402, -323 
1718795333728.00, -40849, -591197, -343 
1718795333749.00, -43067, -592078, -366 
1718795333770.00, -43598, -593008, -376 
1718795333792.00, -26112, -593952, -374 
1718795333814.00, -15601, -594543, -420 
1718795333836.00, -9256, -594889, -425 
1718795333857.00, -5411, -595092, -381 
1718795333887.00, -2985, -595211, -332 
1718795333900.00, -1623, -595275, -284 
1718795333922.00, -770, -595307, -220 
1718795333943.00, -280, -595319, -144 
1718795333964.00, 0, -595319, -54 
1718795333985.00, 0, -595314, 36 
1718795334007.00, 1950, -595305, 129 
1718795334028.00, 8844, -595264, 224 
1718795334050.00, 19073, -595072, 317 
1718795334072.00, 30161, -594671, 380 
1718795334095.00, 36613, -594028, 416 
1718795334115.00, 40616, -593235, 459 
1718795334137.00, 42947, -592361, 515 
1718795334159.00, 43942, -591428, 563 
1718795334180.00, 43706, -590473, 605 
1718795334201.00, 43690, -589523, 635 
1718795334223.00, 43698, -588581, 652 
1718795334245.00, 43716, -587633, 655 
1718795334266.00, 43744, -586681, 662 
1718795334288.00, 43904, -585737, 690 
1718795334310.00, 43554, -584791, 704 
1718795334332.00, 43512, -583848, 700 
1718795334353.00, 43716, -582901, 688 
1718795334375.00, 43631, -581961, 684 
1718795334396.00, 43433, -581009, 679 
1718795334418.00, 43910, -580054, 680 
1718795334440.00, 43663, -579114, 669 
1718795334461.00, 43535, -578169, 645 
1718795334483.00, 43700, -577224, 627 
1718795334505.00, 43617, -576287, 613 
1718795334526.00, 43733, -575346, 593 
1718795334547.00, 43816, -574400, 553 
1718795334569.00, 43602, -573449, 534 
1718795334591.00, 43355, -572505, 527 
1718795334612.00, 43534, -571561, 502 
1718795334634.00, 43719, -570615, 471 
1718795334656.00, 43573, -569677, 453 
1718795334677.00, 43680, -568736, 425 
1718795334699.00, 43707, -567790, 390 
1718795334721.00, 43472, -566846, 358 
1718795334742.00, 43548, -565908, 324 
1718795334764.00, 43491, -564962, 277 
1718795334786.00, 41330, -564019, 220 
1718795334807.00, 36643, -563131, 157 
1718795334829.00, 30228, -562343, 105 
1718795334850.00, 23070, -561687, 61 
1718795334872.00, 16198, -561180, 22 
1718795334893.00, 9714, -560825, -31 
1718795334915.00, 2888, -560611, -90 
1718795334936.00, -4270, -560549, -149 
1718795334959.00, -12238, -560630, -199 
1718795334980.00, -19986, -560890, -258 
1718795335002.00, -28367, -561320, -292 
1718795335023.00, -35337, -561930, -319 
1718795335045.00, -40783, -562690, -338 
1718795335067.00, -43761, -563560, -358 
1718795335088.00, -43766, -564506, -379 
1718795335110.00, -43683, -565464, -408 
1718795335131.00, -43532, -566413, -429 
1718795335153.00, -43520, -567360, -447 
1718795335175.00, -43793, -568309, -463 
1718795335198.00, -43838, -569253, -477 
1718795335218.00, -43640, -570195, -487 
1718795335240.00, -43591, -571138, -499 
1718795335261.00, -43638, -572091, -515 
1718795335283.00, -43721, -573037, -525 
1718795335305.00, -43734, -573986, -530 
1718795335326.00, -43816, -574936, -539 
1718795335348.00, -43651, -575885, -547 
1718795335369.00, -43562, -576824, -548 
1718795335391.00, -43726, -577763, -549 
1718795335420.00, -43837, -578711, -561 
1718795335434.00, -43640, -579657, -570 
1718795335456.00, -43698, -580603, -571 
1718795335478.00, -43740, -581557, -574 
1718795335499.00, -43546, -582504, -576 
1718795335524.00, -43577, -583447, -579 
1718795335542.00, -43780, -584388, -577 
1718795335564.00, -43762, -585341, -583 
1718795335586.00, -43887, -586280, -585 
1718795335607.00, -43727, -587226, -574 
1718795335629.00, -43538, -588173, -567 
1718795335650.00, -43508, -589122, -558 
1718795335672.00, -43659, -590060, -553 
1718795335694.00, -43637, -591002, -536 
1718795335715.00, -43714, -591955, -527 
1718795335737.00, -43746, -592896, -517 
1718795335759.00, -25255, -593833, -494 
1718795335780.00, -13864, -594406, -525 
1718795335802.00, -7185, -594723, -542 
1718795335824.00, -3231, -594881, -524 
1718795335847.00, -902, -594952, -496 
1718795335866.00, -5, -594973, -475 
1718795335888.00, 666, -594971, -460 
1718795335909.00, 1257, -594963, -443 
1718795335931.00, 1695, -594939, -429 
1718795335957.00, 1889, -594901, -427 
1718795335975.00, 1986, -594860, -423 
1718795335996.00, 2102, -594815, -416 
1718795336018.00, 2184, -594769, -410 
1718795336039.00, 2149, -594724, -405 
1718795336061.00, 2019, -594678, -400 
1718795336082.00, 2101, -594633, -390 
1718795336104.00, 1996, -594588, -383 
1718795336125.00, 1878, -594543, -376 
1718795336148.00, 1740, -594502, -367 
1718795336169.00, 1749, -594463, -358 
1718795336190.00, 1839, -594425, -345 
1718795336213.00, 1877, -594384, -327 
1718795336234.00, 1806, -594343, -305 
1718795336256.00, 1774, -594302, -283 
1718795336277.00, 1772, -594263, -259 
1718795336299.00, 1789, -594225, -240 
1718795336321.00, 1643, -594184, -218 
1718795336342.00, 1531, -594146, -201 
1718795336364.00, 1493, -594111, -183 
1718795336386.00, 1525, -594078, -162 
1718795336408.00, 1475, -594044, -144 
1718795336429.00, 1432, -594012, -133 
1718795336450.00, 1377, -593978, -125 
1718795336472.00, 1307, -593949, -116 
1718795336494.00, 1221, -593919, -104 
1718795336515.00, 1202, -593892, -96 
1718795336537.00, 1171, -593865, -90 
1718795336558.00, 1124, -593841, -82 
1718795336580.00, 1073, -593815, -72 
1718795336602.00, 1026, -593792, -62 
1718795336623.00, 987, -593768, -57 
1718795336644.00, 925, -593747, -47 
1718795336666.00, 918, -593726, -44 
1718795336687.00, 907, -593707, -45 
1718795336709.00, 926, -593687, -42 
1718795336730.00, 934, -593666, -36 
1718795336752.00, 913, -593645, -34 
1718795336773.00, 865, -593624, -28 
1718795336795.00, 806, -593605, -25 
1718795336816.00, 777, -593588, -23 
1718795336837.00, 774, -593570, -20 
1718795336859.00, 785, -593554, -20 
1718795336880.00, 738, -593537, -18 
1718795336902.00, 753, -593520, -18 
1718795336924.00, 751, -593506, -16 
1718795336945.00, 712, -593489, -17 
1718795336966.00, 706, -593475, -18 
1718795336988.00, 677, -593459, -17 
1718795337009.00, 674, -593444, -18 
1718795337031.00, 622, -593431, -19 
1718795337052.00, 579, -593418, -22 
1718795337073.00, 564, -593406, -22 
1718795337095.00, 536, -593393, -24 
1718795337116.00, 520, -593383, -24 
1718795337138.00, 524, -593371, -26 
1718795337159.00, 524, -593359, -27 
1718795337181.00, 517, -593349, -29 
1718795337202.00, 516, -593339, -31 
1718795337224.00, 492, -593328, -32 
1718795337245.00, 477, -593316, -32 
1718795337267.00, 446, -593306, -33 
1718795337288.00, 452, -593296, -33 
1718795337309.00, 446, -593287, -33 
1718795337331.00, 430, -593278, -34 
1718795337352.00, 394, -593268, -35 
1718795337374.00, 384, -593259, -36 
1718795337396.00, 383, -593251, -39 
1718795337417.00, 384, -593244, -42 
1718795337438.00, 360, -593235, -43 
1718795337460.00, 331, -593227, -45 
1718795337482.00, 349, -593220, -46 
1718795337503.00, 327, -593212, -45 
1718795337524.00, 329, -593206, -43 
1718795337546.00, 394, -593199, -42 
1718795337567.00, 386, -593191, -41 
1718795337588.00, 363, -593182, -42 
1718795337610.00, 333, -593174, -42 
1718795337632.00, 302, -593167, -41 
1718795337653.00, 273, -593161, -41 
1718795337675.00, 267, -593155, -42 
1718795337695.00, 275, -593150, -44 
1718795337723.00, 271, -593143, -46 
1718795337739.00, 270, -593138, -47 
1718795337760.00, 252, -593133, -47 
1718795337782.00, 261, -593127, -47 
1718795337803.00, 247, -593121, -49 
1718795337826.00, 235, -593117, -51 
1718795337846.00, 234, -593111, -53 
1718795337868.00, 226, -593107, -56 
1718795337888.00, 209, -593102, -58 
1718795337910.00, 195, -593099, -59 
1718795337934.00, 198, -593095, -61 
1718795337953.00, 178, -593089, -64 
1718795337975.00, 163, -593087, -66 
1718795337996.00, 163, -593083, -67 
1718795338018.00, 152, -593079, -68 
1718795338040.00, 161, -593077, -70 
1718795338061.00, 164, -593073, -73 
1718795338082.00, 155, -593069, -73 
1718795338104.00, 141, -593066, -73 
1718795338125.00, 157, -593062, -74 
1718795338147.00, 144, -593058, -73 
1718795338168.00, 149, -593055, -72 
1718795338189.00, 149, -593052, -71 
1718795338211.00, 159, -593048, -68 
1718795338233.00, 140, -593045, -63 
1718795338257.00, 122, -593042, -62 
1718795338274.00, 117, -593039, -64 
1718795338297.00, 102, -593037, -67 
1718795338318.00, 93, -593035, -73 
1718795338340.00, 83, -593034, -78 
1718795338361.00, 90, -593031, -81 
1718795338382.00, 90, -593029, -83 
1718795338404.00, 97, -593028, -85 
1718795338425.00, 108, -593026, -88 
1718795338446.00, 108, -593024, -90 
1718795338468.00, 104, -593021, -91 
1718795338489.00, 108, -593019, -89 
1718795338510.00, 106, -593018, -87 
1718795338532.00, 91, -593015, -86 
1718795338553.00, 90, -593013, -87 
1718795338575.00, 89, -593011, -90 
1718795338596.00, 95, -593009, -93 
1718795338618.00, 95, -593007, -97 
1718795338639.00, 95, -593006, -98 
1718795338661.00, 101, -593004, -98 
1718795338682.00, 97, -593001, -99 
1718795338704.00, 83, -592999, -99 
1718795338725.00, 82, -592999, -100 
1718795338746.00, 79, -592996, -101 
1718795338767.00, 77, -592994, -101 
1718795338789.00, 67, -592993, -101 
1718795338811.00, 77, -592990, -102 
1718795338832.00, 66, -592989, -103 
1718795338853.00, 69, -592988, -105 
1718795338875.00, 76, -592987, -106 
1718795338897.00, 70, -592986, -106 
1718795338918.00, 66, -592984, -105 
1718795338940.00, 62, -592983, -105 
1718795338961.00, 64, -592981, -106 
1718795338982.00, 65, -592980, -108 
1718795339004.00, 56, -592979, -109 
1718795339029.00, 59, -592978, -109 
1718795339047.00, 55, -592976, -110 
1718795339068.00, 63, -592975, -108 
1718795339089.00, 62, -592972, -107 
1718795339111.00, 68, -592973, -107 
1718795339132.00, 67, -592971, -108 
1718795339154.00, 67, -592969, -108 
1718795339175.00, 69, -592968, -109 
1718795339197.00, 62, -592966, -109 
1718795339218.00, 66, -592964, -111 
1718795339245.00, 53, -592963, -113 
1718795339261.00, 51, -592962, -112 
1718795339282.00, 63, -592962, -111 
1718795339304.00, 49, -592960, -110 
1718795339325.00, 60, -592959, -108 
1718795339347.00, 63, -592958, -108 
1718795339368.00, 34, -592957, -109 
1718795339390.00, 19, -592955, -110 
1718795339411.00, -1, -592956, -112 
1718795339432.00, -4, -592954, -112 
1718795339454.00, 1, -592954, -112 
1718795339475.00, 0, -592954, -113 
1718795339496.00, -4, -592954, -113 
1718795339517.00, 0, -592953, -112 
1718795339538.00, 0, -592953, -111 
1718795339560.00, 0, -592953, -111 
1718795339582.00, 25, -592952, -112 
1718795339603.00, 0, -592953, -112 
1718795339624.00, 0, -592953, -112 
1718795339646.00, 49, -592953, -113 
1718795339667.00, 0, -592954, -114 
1718795339688.00, 0, -592952, -113 
1718795339709.00, 0, -592952, -113 
1718795339731.00, 0, -592952, -113 
1718795339752.00, 0, -592952, -114 
1718795339773.00, 0, -592951, -115 
1718795339794.00, 0, -592952, -115 
1718795339815.00, 0, -592952, -116 
1718795339838.00, 0, -592953, -117 
1718795339860.00, 0, -592953, -117 
1718795339880.00, 27, -592952, -118 
1718795339903.00, 0, -592952, -118 
1718795339924.00, 0, -592953, -117 
1718795339945.00, 0, -592952, -117 
1718795339966.00, 0, -592952, -117 
1718795339987.00, -38, -592951, -116 
1718795340008.00, 0, -592951, -115 
1718795340030.00, 0, -592952, -114 
1718795340051.00, 0, -592951, -116 
1718795340072.00, 0, -592952, -117 
1718795340094.00, 0, -592951, -117 
1718795340115.00, 0, -592952, -117 
1718795340136.00, -3, -592951, -118 
1718795340158.00, 0, -592952, -120 
1718795340179.00, 0, -592951, -118 
1718795340200.00, 0, -592951, -110 
1718795340222.00, 0, -592949, -96 
1718795340243.00, 58, -592947, -64 
1718795340264.00, 42, -592948, -47 
1718795340286.00, 49, -592946, -28 
1718795340307.00, 61, -592943, -8 
1718795340328.00, 124, -592940, 19 
1718795340350.00, 1399, -592934, 56 
1718795340371.00, 4283, -592903, 92 
1718795340393.00, 8165, -592812, 125 
1718795340415.00, 12410, -592634, 169 
1718795340436.00, 17476, -592365, 228 
1718795340458.00, 23991, -591985, 284 
1718795340480.00, 31177, -591463, 318 
1718795340501.00, 37676, -590787, 358 
1718795340523.00, 43744, -589972, 382 
1718795340544.00, 48942, -589028, 413 
1718795340566.00, 53902, -587971, 449 
1718795340588.00, 59102, -586796, 486 
1718795340609.00, 64198, -585520, 512 
1718795340631.00, 68708, -584122, 529 
1718795340652.00, 72402, -582630, 556 
1718795340674.00, 76207, -581053, 577 
1718795340696.00, 79735, -579400, 603 
1718795340717.00, 83325, -577667, 616 
1718795340739.00, 86386, -575869, 636 
1718795340761.00, 89136, -573989, 649 
1718795340782.00, 91740, -572056, 677 
1718795340804.00, 94757, -570068, 694 
1718795340826.00, 97703, -568017, 705 
1718795340847.00, 100115, -565896, 723 
1718795340869.00, 102382, -563718, 731 
1718795340890.00, 104146, -561492, 738 
1718795340912.00, 105700, -559227, 747 
1718795340934.00, 107001, -556923, 754 
1718795340956.00, 108122, -554600, 750 
1718795340978.00, 108526, -552241, 753 
1718795340999.00, 109125, -549880, 763 
1718795341021.00, 109803, -547501, 774 
1718795341043.00, 110812, -545105, 781 
1718795341064.00, 111929, -542704, 782 
1718795341086.00, 112545, -540261, 783 
1718795341108.00, 112813, -537818, 789 
1718795341130.00, 113337, -535365, 790 
1718795341151.00, 113701, -532893, 786 
1718795341173.00, 113784, -530416, 779 
1718795341195.00, 113343, -527942, 779 
1718795341217.00, 113024, -525474, 792 
1718795341238.00, 113618, -523029, 799 
1718795341260.00, 114296, -520553, 785 
1718795341282.00, 113790, -518067, 776 
1718795341303.00, 113200, -515582, 797 
1718795341325.00, 113640, -513131, 803 
1718795341347.00, 114341, -510661, 784 
1718795341369.00, 113573, -508166, 768 
1718795341390.00, 112198, -505691, 769 
1718795341412.00, 111254, -503255, 768 
1718795341433.00, 110526, -500831, 750 
1718795341455.00, 109277, -498423, 714 
1718795341477.00, 106543, -496048, 721 
1718795341499.00, 105056, -493745, 732 
1718795341521.00, 104871, -491449, 721 
1718795341542.00, 103974, -489176, 701 
1718795341564.00, 102043, -486922, 689 
1718795341586.00, 100407, -484701, 680 
1718795341607.00, 98846, -482511, 665 
1718795341629.00, 96885, -480376, 657 
1718795341651.00, 95209, -478276, 632 
1718795341673.00, 92693, -476211, 605 
1718795341694.00, 89566, -474210, 593 
1718795341716.00, 87165, -472267, 578 
1718795341737.00, 84598, -470381, 557 
1718795341759.00, 81701, -468548, 539 
1718795341780.00, 78959, -466769, 535 
1718795341802.00, 77271, -465059, 530 
1718795341824.00, 75823, -463376, 524 
1718795341845.00, 74797, -461737, 506 
1718795341868.00, 72960, -460123, 479 
1718795341889.00, 70449, -458546, 470 
1718795341911.00, 68090, -457021, 475 
1718795341932.00, 67131, -455540, 472 
1718795341954.00, 66346, -454090, 457 
1718795341975.00, 65158, -452651, 425 
1718795341997.00, 62377, -451244, 412 
1718795342018.00, 60071, -449884, 408 
1718795342040.00, 58277, -448586, 404 
1718795342062.00, 56978, -447325, 388 
1718795342086.00, 55300, -446089, 363 
1718795342105.00, 52857, -444895, 348 
1718795342127.00, 50299, -443745, 331 
1718795342148.00, 48029, -442650, 313 
1718795342170.00, 45804, -441614, 291 
1718795342194.00, 42919, -440621, 275 
1718795342213.00, 40182, -439687, 264 
1718795342235.00, 38131, -438815, 265 
1718795342256.00, 36903, -437989, 269 
1718795342278.00, 36272, -437182, 272 
1718795342302.00, 36220, -436394, 279 
1718795342322.00, 36777, -435606, 303 
1718795342343.00, 38352, -434811, 323 
1718795342365.00, 40521, -433970, 340 
1718795342386.00, 43001, -433090, 351 
1718795342408.00, 45313, -432163, 357 
1718795342430.00, 25520, -431193, 354 
1718795342451.00, 13445, -430615, 343 
1718795342473.00, 6541, -430306, 333 
1718795342495.00, 2142, -430161, 321 
1718795342515.00, -49, -430108, 317 
1718795342537.00, -1155, -430104, 314 
1718795342558.00, -2039, -430120, 305 
1718795342580.00, -2621, -430159, 282 
1718795342601.00, -2952, -430216, 263 
1718795342623.00, -3051, -430280, 242 
1718795342644.00, -3112, -430346, 216 
1718795342665.00, -3184, -430414, 190 
1718795342687.00, -3106, -430483, 159 
1718795342709.00, -3115, -430553, 125 
1718795342733.00, -3079, -430624, 85 
1718795342751.00, -2892, -430692, 48 
1718795342773.00, -2864, -430759, 8 
1718795342794.00, -2766, -430824, -38 
1718795342815.00, -5099, -430892, -93 
1718795342837.00, -9630, -431003, -149 
1718795342859.00, -15596, -431211, -202 
1718795342880.00, -22302, -431550, -244 
1718795342902.00, -28809, -432031, -276 
1718795342924.00, -34637, -432647, -311 
1718795342945.00, -40161, -433397, -387 
1718795342967.00, -47745, -434271, -466 
1718795342989.00, -57383, -435310, -497 
1718795343010.00, -64769, -436544, -525 
1718795343032.00, -70804, -437960, -555 
1718795343054.00, -76079, -439496, -595 
1718795343077.00, -81619, -441145, -630 
1718795343097.00, -87316, -442919, -648 
1718795343119.00, -91295, -444813, -683 
1718795343140.00, -95719, -446792, -712 
1718795343162.00, -100078, -448859, -739 
1718795343184.00, -104239, -451056, -763 
1718795343206.00, -107935, -453328, -791 
1718795343227.00, -111719, -455677, -806 
1718795343249.00, -115047, -458120, -817 
1718795343271.00, -117360, -460631, -833 
1718795343295.00, -119724, -463176, -853 
1718795343314.00, -122438, -465787, -864 
1718795343336.00, -124466, -468460, -876 
1718795343357.00, -126250, -471179, -885 
1718795343379.00, -127979, -473920, -886 
1718795343401.00, -129003, -476711, -901 
1718795343423.00, -130564, -479517, -918 
1718795343444.00, -132265, -482348, -929 
1718795343466.00, -133967, -485251, -939 
1718795343488.00, -135417, -488157, -952 
1718795343509.00, -136938, -491112, -955 
1718795343531.00, -138001, -494096, -943 
1718795343553.00, -137881, -497098, -945 
1718795343575.00, -137741, -500108, -947 
1718795343596.00, -137905, -503106, -952 
1718795343623.00, -138363, -506096, -966 
1718795343639.00, -139225, -509112, -982 
1718795343662.00, -140652, -512136, -987 
1718795343683.00, -141897, -515195, -985 
1718795343705.00, -142469, -518287, -995 
1718795343728.00, -143322, -521382, -993 
1718795343749.00, -143656, -524509, -985 
1718795343770.00, -143184, -527627, -971 
1718795343792.00, -142061, -530728, -978 
1718795343814.00, -141761, -533842, -965 
1718795343839.00, -140873, -536914, -942 
1718795343857.00, -138874, -539971, -943 
1718795343879.00, -137511, -543005, -960 
1718795343901.00, -137553, -545986, -940 
1718795343922.00, -136688, -548989, -887 
1718795343945.00, -132863, -551961, -892 
1718795343966.00, -130777, -554834, -889 
1718795343987.00, -129377, -557682, -831 
1718795344010.00, -125119, -560490, -821 
1718795344031.00, -121687, -563192, -827 
1718795344055.00, -120105, -565853, -778 
1718795344075.00, -116042, -568455, -727 
1718795344096.00, -110675, -570968, -738 
1718795344118.00, -108035, -573381, -731 
1718795344140.00, -106097, -575731, -678 
1718795344163.00, -102004, -578021, -631 
1718795344183.00, -96562, -580231, -632 
1718795344205.00, -93391, -582334, -623 
1718795344226.00, -91010, -584341, -592 
1718795344248.00, -87763, -586306, -585 
1718795344270.00, -85287, -588202, -597 
1718795344291.00, -84392, -590051, -593 
1718795344313.00, -83670, -591886, -573 
1718795344334.00, -82188, -593693, -568 
1718795344356.00, -46944, -595461, -585 
1718795344383.00, -25590, -596488, -668 
1718795344399.00, -13002, -597065, -684 
1718795344421.00, -5812, -597359, -679 
1718795344442.00, -1499, -597489, -689 
1718795344464.00, 200, -597523, -665 
1718795344493.00, 1742, -597523, -615 
1718795344507.00, 2880, -597491, -599 
1718795344529.00, 3631, -597430, -607 
1718795344550.00, 4170, -597352, -593 
1718795344572.00, 4441, -597263, -558 
1718795344601.00, 4407, -597167, -528 
1718795344615.00, 4081, -597068, -506 
1718795344637.00, 4205, -596977, -482 
1718795344659.00, 4107, -596884, -443 
1718795344680.00, 4209, -596795, -399 
1718795344704.00, 3978, -596701, -351 
1718795344724.00, 4092, -596608, -292 
1718795344745.00, 3961, -596520, -229 
1718795344766.00, 4039, -596426, -157 
1718795344788.00, 3794, -596335, -69 
1718795344810.00, 3770, -596246, 13 
1718795344831.00, 4590, -596158, 125 
1718795344852.00, 11854, -596046, 305 
1718795344875.00, 26532, -595794, 475 
1718795344896.00, 45466, -595226, 612 
1718795344918.00, 65196, -594253, 668 
1718795344940.00, 80261, -592841, 717 
1718795344961.00, 92069, -591097, 747 
1718795344983.00, 100727, -589096, 826 
1718795345005.00, 110547, -586892, 891 
1718795345026.00, 120030, -584480, 931 
1718795345048.00, 128131, -581858, 960 
1718795345070.00, 134472, -579062, 981 
1718795345092.00, 139606, -576126, 986 
1718795345113.00, 142874, -573086, 993 
1718795345134.00, 145229, -569974, 1022 
1718795345156.00, 148130, -566801, 1036 
1718795345177.00, 150677, -563564, 1023 
1718795345199.00, 151293, -560263, 1016 
1718795345220.00, 151086, -556971, 1050 
1718795345243.00, 152880, -553663, 1078 
1718795345264.00, 155463, -550328, 1078 
1718795345286.00, 156857, -546925, 1070 
1718795345308.00, 157280, -543492, 1068 
1718795345330.00, 157278, -540064, 1086 
1718795345352.00, 158237, -536630, 1081 
1718795345374.00, 158373, -533163, 1065 
1718795345395.00, 157443, -529715, 1073 
1718795345417.00, 157319, -526270, 1063 
1718795345439.00, 156845, -522842, 1030 
1718795345461.00, 154289, -519422, 1031 
1718795345483.00, 152697, -516050, 1052 
1718795345505.00, 152976, -512710, 1044 
1718795345527.00, 152615, -509371, 1013 
1718795345549.00, 150575, -506052, 990 
1718795345570.00, 147818, -502774, 1006 
1718795345592.00, 147038, -499536, 1028 
1718795345614.00, 147789, -496327, 1011 
1718795345636.00, 147280, -493107, 975 
1718795345658.00, 144739, -489912, 960 
1718795345679.00, 142254, -486758, 951 
1718795345705.00, 140312, -483666, 927 
1718795345724.00, 137574, -480625, 899 
1718795345745.00, 133860, -477638, 875 
1718795345767.00, 130420, -474714, 849 
1718795345788.00, 126690, -471887, 808 
1718795345815.00, 122097, -469140, 786 
1718795345832.00, 118004, -466480, 782 
1718795345854.00, 115101, -463920, 754 
1718795345875.00, 111719, -461422, 692 
1718795345897.00, 106025, -458997, 666 
1718795345919.00, 101017, -456694, 661 
1718795345941.00, 97506, -454497, 623 
1718795345963.00, 93529, -452390, 562 
1718795345983.00, 87496, -450364, 532 
1718795346006.00, 81778, -448470, 538 
1718795346028.00, 78736, -446700, 523 
1718795346049.00, 76016, -444993, 494 
1718795346070.00, 72853, -443336, 467 
1718795346092.00, 69313, -441761, 461 
1718795346114.00, 66938, -440259, 451 
1718795346136.00, 64938, -438804, 444 
1718795346157.00, 63294, -437401, 448 
1718795346179.00, 62604, -436026, 443 
1718795346201.00, 62001, -434673, 438 
1718795346222.00, 61317, -433330, 432 
1718795346244.00, 60559, -432000, 443 
1718795346265.00, 33904, -430692, 455 
1718795346287.00, 18171, -429930, 464 
1718795346309.00, 8590, -429518, 475 
1718795346330.00, 2990, -429315, 480 
1718795346354.00, 0, -429241, 492 
1718795346373.00, -1442, -429235, 477 
1718795346394.00, -871, -429255, 438 
1718795346416.00, -555, -429272, 399 
1718795346437.00, -371, -429283, 373 
1718795346460.00, -246, -429291, 343 
1718795346479.00, -157, -429297, 309 
1718795346501.00, -139, -429300, 280 
1718795346522.00, -138, -429305, 243 
1718795346543.00, -139, -429310, 203 
1718795346565.00, -161, -429316, 160 
1718795346586.00, -165, -429323, 105 
1718795346607.00, -163, -429331, 48 
1718795346629.00, -175, -429339, -10 
1718795346651.00, -122, -429355, -80 
1718795346673.00, -4838, -429365, -151 
1718795346694.00, -12032, -429470, -198 
1718795346715.00, -18982, -429724, -234 
1718795346736.00, -25737, -430133, -288 
1718795346759.00, -32827, -430686, -378 
1718795346780.00, -42246, -431398, -510 
1718795346802.00, -55693, -432309, -537 
1718795346823.00, -65651, -433501, -544 
1718795346845.00, -71820, -434936, -599 
1718795346867.00, -78512, -436493, -682 
1718795346888.00, -87591, -438209, -718 
1718795346910.00, -95067, -440099, -740 
1718795346932.00, -100772, -442171, -781 
1718795346953.00, -106645, -444375, -810 
1718795346975.00, -111800, -446694, -831 
1718795346997.00, -115888, -449118, -848 
1718795347018.00, -119480, -451664, -856 
1718795347041.00, -121965, -454269, -856 
1718795347062.00, -123456, -456903, -872 
1718795347084.00, -125090, -459615, -891 
1718795347106.00, -127156, -462330, -900 
1718795347128.00, -129123, -465094, -893 
1718795347149.00, -129389, -467913, -898 
1718795347171.00, -130158, -470742, -912 
1718795347193.00, -131211, -473552, -913 
1718795347214.00, -132067, -476427, -915 
1718795347236.00, -132587, -479292, -935 
1718795347258.00, -133933, -482173, -961 
1718795347280.00, -136449, -485099, -978 
1718795347300.00, -138580, -488058, -997 
1718795347322.00, -140944, -491093, -1016 
1718795347343.00, -143728, -494174, -1029 
1718795347365.00, -145944, -497313, -1056 
1718795347387.00, -149011, -500517, -1092 
1718795347409.00, -152836, -503780, -1114 
1718795347431.00, -156181, -507107, -1115 
1718795347452.00, -158456, -510532, -1128 
1718795347475.00, -160408, -513984, -1139 
1718795347496.00, -162225, -517503, -1143 
1718795347518.00, -163445, -521046, -1159 
1718795347540.00, -165117, -524625, -1173 
1718795347562.00, -166832, -528226, -1175 
1718795347584.00, -167967, -531867, -1170 
1718795347605.00, -168294, -535555, -1169 
1718795347626.00, -168354, -539220, -1186 
1718795347649.00, -169458, -542907, -1192 
1718795347671.00, -170342, -546601, -1172 
1718795347692.00, -169596, -550332, -1165 
1718795347714.00, -168576, -554014, -1151 
1718795347736.00, -167050, -557695, -1112 
1718795347758.00, -163782, -561349, -1088 
1718795347779.00, -160519, -564922, -1060 
1718795347802.00, -156678, -568432, -1018 
1718795347824.00, -152007, -571825, -987 
1718795347846.00, -147147, -575141, -956 
1718795347868.00, -142337, -578320, -897 
1718795347889.00, -136153, -581408, -836 
1718795347911.00, -128749, -584361, -798 
1718795347933.00, -121871, -587146, -779 
1718795347955.00, -116903, -589794, -732 
1718795347977.00, -111136, -592326, -686 
1718795347998.00, -104679, -594722, -657 
1718795348020.00, -59512, -596975, -624 
1718795348042.00, -32416, -598280, -701 
1718795348063.00, -16405, -599006, -718 
1718795348085.00, -7258, -599376, -705 
1718795348106.00, -1716, -599536, -672 
1718795348128.00, 720, -599575, -605 
1718795348149.00, 2540, -599563, -546 
1718795348171.00, 3926, -599510, -520 
1718795348193.00, 4484, -599428, -509 
1718795348215.00, 5070, -599329, -488 
1718795348236.00, 5245, -599222, -449 
1718795348257.00, 5223, -599107, -411 
1718795348279.00, 5266, -598992, -381 
1718795348301.00, 5197, -598876, -356 
1718795348322.00, 5136, -598761, -324 
1718795348344.00, 4906, -598648, -288 
1718795348366.00, 4744, -598538, -254 
1718795348388.00, 4696, -598432, -224 
1718795348409.00, 4585, -598330, -191 
1718795348431.00, 4600, -598228, -156 
1718795348452.00, 4648, -598128, -122 
1718795348474.00, 4592, -598028, -88 
1718795348495.00, 4112, -597930, -61 
1718795348516.00, 4015, -597836, -42 
1718795348538.00, 3815, -597750, -25 
1718795348559.00, 3699, -597667, -10 
1718795348581.00, 3576, -597586, 6 
1718795348603.00, 3498, -597506, 24 
1718795348625.00, 4833, -597428, 51 
1718795348647.00, 7447, -597320, 91 
1718795348667.00, 11178, -597152, 161 
1718795348689.00, 17642, -596901, 292 
1718795348711.00, 29146, -596516, 445 
1718795348733.00, 45265, -595899, 480 
1718795348756.00, 57072, -594937, 501 
1718795348776.00, 65331, -593693, 586 
1718795348797.00, 75202, -592277, 673 
1718795348819.00, 86230, -590639, 700 
1718795348841.00, 94057, -588779, 731 
1718795348865.00, 100959, -586723, 748 
1718795348883.00, 105756, -584522, 793 
1718795348906.00, 111384, -582211, 840 
1718795348928.00, 117588, -579788, 857 
1718795348949.00, 122052, -577226, 883 
1718795348975.00, 126120, -574571, 925 
1718795348992.00, 130950, -571821, 957 
1718795349014.00, 135565, -568964, 983 
1718795349034.00, 139851, -566007, 1009 
1718795349056.00, 143916, -562951, 1017 
1718795349080.00, 146650, -559798, 1024 
1718795349100.00, 148692, -556585, 1050 
1718795349122.00, 151351, -553334, 1079 
1718795349144.00, 154606, -550015, 1093 
1718795349166.00, 157291, -546647, 1088 
1718795349188.00, 158618, -543210, 1088 
1718795349210.00, 159147, -539736, 1099 
1718795349231.00, 160116, -536262, 1111 
1718795349253.00, 161345, -532760, 1103 
1718795349275.00, 161451, -529238, 1094 
1718795349299.00, 161051, -525701, 1099 
1718795349319.00, 160960, -522191, 1115 
1718795349341.00, 161638, -518678, 1111 
1718795349362.00, 162121, -515142, 1096 
1718795349384.00, 161213, -511601, 1102 
1718795349406.00, 160779, -508072, 1111 
1718795349428.00, 160909, -504570, 1091 
1718795349450.00, 159805, -501046, 1062 
1718795349471.00, 157309, -497551, 1042 
1718795349493.00, 154725, -494125, 1019 
1718795349515.00, 151713, -490740, 1005 
1718795349537.00, 148975, -487429, 1003 
1718795349559.00, 147123, -484173, 963 
1718795349581.00, 143535, -480978, 920 
1718795349603.00, 138825, -477856, 883 
1718795349627.00, 133777, -474832, 847 
1718795349646.00, 128551, -471932, 811 
1718795349668.00, 123360, -469147, 787 
1718795349690.00, 118679, -466460, 765 
1718795349712.00, 114520, -463882, 727 
1718795349733.00, 109828, -461399, 678 
1718795349755.00, 104066, -459018, 646 
1718795349777.00, 98565, -456756, 627 
1718795349799.00, 94169, -454623, 609 
1718795349820.00, 90225, -452584, 585 
1718795349842.00, 86616, -450616, 564 
1718795349863.00, 83450, -448738, 531 
1718795349885.00, 79445, -446938, 505 
1718795349907.00, 75505, -445217, 489 
1718795349928.00, 72436, -443574, 478 
1718795349955.00, 69877, -442014, 466 
1718795349971.00, 67609, -440500, 460 
1718795349992.00, 65887, -439035, 459 
1718795350015.00, 64627, -437608, 451 
1718795350036.00, 63713, -436208, 430 
1718795350058.00, 61829, -434830, 428 
1718795350080.00, 60565, -433481, 429 
1718795350101.00, 60029, -432175, 423 
1718795350123.00, 33740, -430882, 405 
1718795350145.00, 17766, -430125, 373 
1718795350166.00, 8231, -429722, 363 
1718795350187.00, 2836, -429529, 337 
1718795350208.00, -59, -429457, 347 
1718795350230.00, -1445, -429450, 369 
1718795350252.00, -2591, -429469, 365 
1718795350273.00, -3250, -429523, 322 
1718795350296.00, -3705, -429595, 266 
1718795350316.00, -3802, -429674, 214 
1718795350338.00, -3748, -429759, 171 
1718795350359.00, -3793, -429841, 140 
1718795350380.00, -3630, -429926, 105 
1718795350404.00, -3712, -430006, 81 
1718795350424.00, -3493, -430083, 59 
1718795350445.00, -3437, -430157, 47 
1718795350466.00, -3282, -430231, 31 
1718795350487.00, -3231, -430306, 4 
1718795350509.00, -3231, -430378, -16 
1718795350530.00, -4086, -430447, -37 
1718795350552.00, -5933, -430535, -50 
1718795350573.00, -7537, -430665, -70 
1718795350595.00, -9615, -430833, -118 
1718795350617.00, -14136, -431047, -167 
1718795350638.00, -19851, -431352, -213 
1718795350660.00, -25715, -431778, -291 
1718795350681.00, -33776, -432336, -388 
1718795350703.00, -44503, -433060, -443 
1718795350726.00, -53993, -434011, -471 
1718795350746.00, -61359, -435186, -499 
1718795350768.00, -67438, -436509, -512 
1718795350789.00, -71575, -437986, -598 
1718795350811.00, -79110, -439542, -671 
1718795350836.00, -88202, -441260, -676 
1718795350854.00, -93740, -443174, -688 
1718795350876.00, -97788, -445218, -722 
1718795350898.00, -101966, -447328, -772 
1718795350920.00, -107359, -449549, -808 
1718795350941.00, -112583, -451906, -843 
1718795350963.00, -117861, -454361, -897 
1718795350985.00, -124223, -456919, -931 
1718795351006.00, -129915, -459646, -941 
1718795351028.00, -133868, -462468, -955 
1718795351050.00, -136931, -465383, -982 
1718795351070.00, -140313, -468379, -1007 
1718795351092.00, -143686, -471456, -1024 
1718795351114.00, -146725, -474589, -1035 
1718795351135.00, -149027, -477812, -1054 
1718795351158.00, -151624, -481056, -1054 
1718795351180.00, -152950, -484380, -1044 
1718795351202.00, -152900, -487724, -1054 
1718795351223.00, -153531, -491068, -1053 
1718795351245.00, -153754, -494423, -1032 
1718795351269.00, -152834, -497779, -1043 
1718795351288.00, -152686, -501114, -1049 
1718795351310.00, -152743, -504457, -1064 
1718795351332.00, -153628, -507796, -1085 
1718795351354.00, -155477, -511164, -1094 
1718795351380.00, -157081, -514539, -1076 
1718795351398.00, -157064, -517993, -1083 
1718795351419.00, -157282, -521417, -1092 
1718795351441.00, -157985, -524849, -1061 
1718795351463.00, -156319, -528303, -1090 
1718795351484.00, -156995, -531710, -1107 
1718795351507.00, -158418, -535149, -1093 
1718795351529.00, -158237, -538595, -1087 
1718795351550.00, -157792, -542067, -1091 
1718795351572.00, -157673, -545505, -1046 
1718795351594.00, -154907, -548959, -1008 
1718795351617.00, -151030, -552336, -989 
1718795351639.00, -147332, -555601, -946 
1718795351660.00, -142439, -558813, -936 
1718795351682.00, -139000, -561901, -895 
1718795351704.00, -134416, -564913, -832 
1718795351725.00, -127983, -567840, -806 
1718795351747.00, -122321, -570606, -794 
1718795351769.00, -118322, -573266, -759 
1718795351790.00, -113873, -575841, -744 
1718795351813.00, -110293, -578305, -728 
1718795351834.00, -107194, -580700, -712 
1718795351856.00, -104233, -583036, -710 
1718795351877.00, -102700, -585307, -704 
1718795351899.00, -101153, -587523, -694 
1718795351924.00, -99729, -589727, -695 
1718795351943.00, -99070, -591897, -711 
1718795351964.00, -99403, -594035, -708 
1718795351986.00, -56886, -596164, -695 
1718795352008.00, -31250, -597407, -778 
1718795352029.00, -16303, -598111, -712 
1718795352051.00, -7405, -598483, -750 
1718795352072.00, -2089, -598650, -720 
1718795352094.00, 131, -598697, -646 
1718795352116.00, 1845, -598698, -607 
1718795352137.00, 3018, -598664, -583 
1718795352159.00, 3821, -598599, -558 
1718795352180.00, 4148, -598518, -541 
1718795352202.00, 4401, -598425, -515 
1718795352224.00, 4498, -598328, -477 
1718795352246.00, 4545, -598227, -443 
1718795352267.00, 4370, -598128, -423 
1718795352288.00, 4227, -598032, -423 
1718795352310.00, 4120, -597939, -424 
1718795352332.00, 3881, -597850, -417 
1718795352353.00, 3575, -597762, -410 
1718795352375.00, 3624, -597681, -402 
1718795352397.00, 3615, -597605, -409 
1718795352418.00, 3675, -597525, -398 
1718795352440.00, 3656, -597445, -378 
1718795352462.00, 3643, -597365, -357 
1718795352483.00, 3579, -597289, -346 
1718795352505.00, 3471, -597211, -341 
1718795352527.00, 3286, -597136, -337 
1718795352548.00, 3080, -597066, -332 
1718795352570.00, 3002, -596999, -327 
1718795352592.00, 2856, -596935, -326 
1718795352613.00, 2845, -596872, -326 
1718795352635.00, 2768, -596812, -327 
1718795352658.00, 2732, -596754, -326 
1718795352678.00, 2608, -596693, -321 
1718795352699.00, 2595, -596637, -320 
1718795352721.00, 2579, -596582, -321 
1718795352743.00, 2508, -596528, -319 
1718795352765.00, 2490, -596474, -315 
1718795352786.00, 2407, -596420, -310 
1718795352808.00, 2274, -596369, -305 
1718795352829.00, 2106, -596317, -302 
1718795352851.00, 2019, -596270, -306 
1718795352873.00, 2031, -596229, -306 
1718795352895.00, 1924, -596188, -300 
1718795352917.00, 1838, -596144, -293 
1718795352937.00, 1730, -596105, -290 
1718795352959.00, 1847, -596065, -292 
1718795352981.00, 1830, -596029, -292 
1718795353003.00, 1716, -595990, -296 
1718795353024.00, 1626, -595952, -294 
1718795353046.00, 1635, -595916, -292 
1718795353068.00, 1585, -595880, -282 
1718795353089.00, 1565, -595849, -303 
1718795353111.00, 1585, -595814, -294 
1718795353132.00, 1484, -595782, -294 
1718795353154.00, 1429, -595749, -296 
1718795353176.00, 1396, -595720, -297 
1718795353198.00, 1419, -595688, -297 
1718795353219.00, 1445, -595659, -303 
1718795353243.00, 1359, -595627, -308 
1718795353262.00, 1238, -595598, -310 
1718795353284.00, 1186, -595572, -312 
1718795353306.00, 1148, -595546, -317 
1718795353327.00, 1110, -595523, -321 
1718795353354.00, 1104, -595498, -322 
1718795353370.00, 1047, -595473, -321 
1718795353392.00, 984, -595451, -320 
1718795353414.00, 1017, -595429, -324 
1718795353435.00, 987, -595410, -329 
1718795353459.00, 902, -595388, -330 
1718795353478.00, 872, -595367, -330 
1718795353500.00, 873, -595348, -334 
1718795353521.00, 883, -595330, -337 
1718795353543.00, 897, -595311, -338 
1718795353565.00, 871, -595291, -338 
1718795353586.00, 820, -595274, -338 
1718795353607.00, 751, -595256, -342 
1718795353629.00, 743, -595239, -346 
1718795353651.00, 791, -595223, -346 
1718795353672.00, 757, -595207, -343 
1718795353694.00, 749, -595189, -342 
1718795353715.00, 743, -595174, -344 
1718795353737.00, 737, -595157, -345 
1718795353759.00, 710, -595142, -347 
1718795353780.00, 689, -595126, -347 
1718795353802.00, 653, -595113, -348 
1718795353823.00, 657, -595096, -347 
1718795353844.00, 635, -595083, -347 
1718795353866.00, 610, -595069, -348 
1718795353888.00, 605, -595057, -347 
1718795353909.00, 593, -595043, -347 
1718795353931.00, 560, -595031, -348 
1718795353952.00, 555, -595019, -348 
1718795353973.00, 552, -595007, -351 
1718795353996.00, 533, -594995, -350 
1718795354016.00, 549, -594983, -346 
1718795354038.00, 523, -594972, -346 
1718795354060.00, 495, -594961, -344 
1718795354082.00, 494, -594948, -342 
1718795354103.00, 507, -594939, -344 
1718795354125.00, 489, -594929, -343 
1718795354146.00, 475, -594917, -341 
1718795354167.00, 449, -594908, -342 
1718795354189.00, 423, -594897, -342 
1718795354211.00, 384, -594888, -340 
1718795354232.00, 372, -594880, -340 
1718795354254.00, 354, -594871, -339 
1718795354275.00, 355, -594864, -339 
1718795354297.00, 329, -594857, -338 
1718795354319.00, 351, -594850, -338 
1718795354340.00, 382, -594842, -339 
1718795354362.00, 343, -594833, -338 
1718795354383.00, 319, -594826, -337 
1718795354405.00, 290, -594819, -338 
1718795354426.00, 282, -594812, -338 
1718795354448.00, 295, -594807, -339 
1718795354469.00, 297, -594800, -340 
1718795354490.00, 281, -594794, -340 
1718795354512.00, 282, -594789, -339 
1718795354534.00, 282, -594782, -341 
1718795354556.00, 262, -594776, -341 
1718795354577.00, 278, -594770, -339 
1718795354598.00, 264, -594764, -340 
1718795354620.00, 234, -594758, -337 
1718795354642.00, 240, -594752, -338 
1718795354666.00, 258, -594748, -340 
1718795354684.00, 225, -594743, -338 
1718795354706.00, 229, -594738, -340 
1718795354728.00, 219, -594734, -343 
1718795354749.00, 211, -594730, -341 
1718795354773.00, 197, -594724, -340 
1718795354792.00, 189, -594720, -339 
1718795354813.00, 174, -594717, -338 
1718795354835.00, 175, -594712, -340 
1718795354857.00, 175, -594709, -342 
1718795354879.00, 164, -594706, -341 
1718795354900.00, 166, -594702, -338 
1718795354922.00, 163, -594697, -337 
1718795354943.00, 158, -594694, -337 
1718795354965.00, 149, -594691, -339 
1718795354986.00, 147, -594689, -340 
1718795355008.00, 149, -594685, -341 
1718795355030.00, 147, -594682, -339 
1718795355051.00, 143, -594680, -340 
1718795355073.00, 125, -594677, -339 
1718795355094.00, 124, -594674, -337 
1718795355116.00, 123, -594671, -339 
1718795355137.00, 113, -594669, -339 
1718795355159.00, 114, -594666, -337 
1718795355180.00, 99, -594663, -341 
1718795355203.00, 104, -594662, -342 
1718795355224.00, 99, -594659, -340 
1718795355244.00, 98, -594657, -339 
1718795355267.00, 101, -594655, -340 
1718795355288.00, 90, -594652, -340 
1718795355310.00, 105, -594650, -339 
1718795355331.00, 112, -594649, -339 
1718795355352.00, 89, -594646, -337 
1718795355374.00, 95, -594643, -337 
1718795355395.00, 76, -594642, -338 
1718795355416.00, 80, -594639, -336 
1718795355438.00, 83, -594638, -338 
1718795355459.00, 80, -594636, -339 
1718795355480.00, 75, -594634, -340 
1718795355502.00, 70, -594633, -339 
1718795355524.00, 79, -594631, -337 
1718795355545.00, 67, -594629, -337 
1718795355567.00, 71, -594628, -336 
1718795355588.00, 83, -594627, -338 
1718795355609.00, 80, -594624, -337 
1718795355631.00, 84, -594623, -335 
1718795355657.00, 94, -594621, -335 
1718795355676.00, 70, -594621, -336 
1718795355696.00, 74, -594618, -338 
1718795355717.00, 67, -594617, -338 
1718795355739.00, 64, -594616, -337 
1718795355764.00, 70, -594613, -336 
1718795355782.00, 55, -594611, -334 
1718795355802.00, 68, -594610, -334 
1718795355825.00, 67, -594608, -334 
1718795355846.00, 62, -594607, -334 
1718795355868.00, 64, -594606, -334 
1718795355888.00, 62, -594605, -333 
1718795355910.00, 67, -594603, -334 
1718795355932.00, 76, -594603, -335 
1718795355953.00, 60, -594601, -335 
1718795355976.00, 64, -594599, -335 
1718795355996.00, 40, -594597, -334 
1718795356018.00, 41, -594597, -333 
1718795356039.00, 62, -594596, -332 
1718795356060.00, 40, -594594, -330 
1718795356082.00, 22, -594593, -330 
1718795356103.00, -2, -594593, -331 
1718795356125.00, 32, -594592, -333 
1718795356146.00, 57, -594592, -332 
1718795356168.00, -1, -594590, -332 
1718795356189.00, 24, -594590, -332 
1718795356210.00, 0, -594589, -333 
1718795356232.00, 0, -594589, -334 
1718795356253.00, 0, -594589, -333 
1718795356274.00, 28, -594588, -332 
1718795356296.00, 0, -594588, -330 
1718795356317.00, 0, -594589, -330 
1718795356338.00, -2, -594587, -330 
1718795356360.00, 16, -594588, -330 
1718795356381.00, 0, -594588, -332 
1718795356402.00, 0, -594588, -332 
1718795356423.00, 0, -594589, -331 
1718795356445.00, 58, -594587, -330 
1718795356466.00, 0, -594586, -330 
1718795356487.00, 0, -594588, -330 
1718795356509.00, 0, -594587, -331 
1718795356530.00, 0, -594586, -331 
1718795356551.00, 0, -594588, -331 
1718795356573.00, 0, -594587, -332 
1718795356594.00, -7, -594587, -332 
1718795356615.00, 7, -594587, -332 
1718795356637.00, -1, -594587, -331 
1718795356658.00, -16, -594587, -332 
1718795356679.00, 0, -594586, -334 
1718795356701.00, 0, -594587, -334 
1718795356722.00, 0, -594587, -335 
1718795356746.00, 0, -594586, -334 
1718795356764.00, 0, -594586, -334 
1718795356785.00, 0, -594586, -336 
1718795356807.00, -3, -594587, -339 
1718795356829.00, 0, -594586, -341 
1718795356850.00, 0, -594587, -343 
1718795356871.00, 0, -594586, -344 
1718795356892.00, 0, -594587, -346 
1718795356913.00, 0, -594587, -349 
1718795356935.00, 0, -594587, -350 
1718795356956.00, -8, -594586, -352 
1718795356977.00, 16, -594586, -354 
1718795356999.00, 0, -594587, -355 
1718795357020.00, 0, -594587, -356 
1718795357042.00, 0, -594587, -357 
1718795357063.00, -21, -594586, -359 
1718795357084.00, 1, -594587, -361 
1718795357104.00, -2, -594587, -363 
1718795357127.00, -31, -594587, -365 
1718795357148.00, 0, -594588, -368 
1718795357170.00, 0, -594587, -558 
1718795357191.00, 0, -594588, -562 
1718795357212.00, 0, -594588, -567 
1718795357232.00, 0, -594588, -572 
1718795357254.00, 0, -594589, -575 
1718795357275.00, 0, -594589, -579 
1718795357296.00, 0, -594589, -580 
1718795357317.00, 0, -594589, -579 
1718795357339.00, 20, -594590, -579 
1718795357360.00, 0, -594589, -578 
1718795357381.00, -10, -594589, -577 
1718795357403.00, 2, -594589, -578 
1718795357424.00, -1, -594589, -579 
1718795357444.00, 0, -594589, -578 
1718795357465.00, 0, -594589, -576 
1718795357487.00, 0, -594588, -574 
1718795357508.00, 0, -594588, -572 
1718795357528.00, 0, -594589, -569 
1718795357550.00, 0, -594589, -570 
1718795357571.00, 0, -594589, -571 
1718795357592.00, 0, -594589, -570 
1718795357614.00, 0, -594589, -568 
1718795357634.00, 0, -594589, -566 
1718795357656.00, 0, -594589, -566 
1718795357677.00, 0, -594589, -565 
1718795357697.00, 0, -594589, -563 
1718795357725.00, 0, -594589, -561 
1718795357740.00, 0, -594588, -559 
1718795357761.00, 0, -594588, -558 
1718795357782.00, 0, -594588, -557 
1718795357803.00, 0, -594588, -556 
1718795357826.00, 0, -594588, -555 
1718795357846.00, 0, -594588, -555 
1718795357866.00, -16, -594588, -554 
1718795357888.00, 0, -594589, -552 
1718795357909.00, 0, -594588, -552 
1718795357930.00, 0, -594588, -552 
1718795357951.00, 0, -594588, -551 
1718795357972.00, 0, -594588, -548 
1718795357993.00, 0, -594587, -547 
1718795358014.00, 0, -594589, -548 
1718795358035.00, 0, -594589, -549 
1718795358057.00, 0, -594588, -550 
1718795358078.00, 0, -594588, -549 
1718795358099.00, 0, -594588, -545 
1718795358120.00, 0, -594588, -545 
1718795358141.00, 0, -594587, -546 
1718795358162.00, 0, -594588, -547 
1718795358183.00, 0, -594588, -547 
1718795358205.00, 0, -594588, -546 
1718795358226.00, 0, -594588, -545 
1718795358247.00, 0, -594588, -544 
1718795358268.00, 0, -594588, -542 
1718795358289.00, 0, -594588, -542 
1718795358310.00, 0, -594588, -543 
1718795358331.00, 0, -594588, -544 
1718795358352.00, 0, -594588, -544 
1718795358376.00, 0, -594588, -543 
1718795358395.00, 0, -594588, -541 
1718795358416.00, 0, -594588, -541 
1718795358436.00, 0, -594588, -542 
1718795358458.00, 0, -594587, -542 
1718795358479.00, 0, -594588, -540 
1718795358500.00, 0, -594587, -539 
1718795358521.00, 0, -594588, -538 
1718795358542.00, 0, -594588, -537 
1718795358563.00, 0, -594588, -538 
1718795358585.00, 0, -594588, -538 
1718795358607.00, 0, -594588, -539 
1718795358627.00, 0, -594588, -540 
1718795358648.00, 0, -594587, -537 
1718795358669.00, 0, -594588, -536 
1718795358690.00, 0, -594588, -536 
1718795358711.00, 0, -594587, -537 
1718795358733.00, 0, -594587, -537 
1718795358754.00, 0, -594589, -536 
1718795358775.00, 0, -594589, -535 
1718795358796.00, 0, -594588, -535 
